date,volume,open,close,high,low,adjclose
2019-04-18,1931400,12.869999885559082,12.789999961853027,13.0600004196167,12.699999809265137,12.789999961853027
2019-04-17,2568400,12.989999771118164,12.970000267028809,13.0,12.739999771118164,12.970000267028809
2019-04-16,2453700,12.930000305175781,13.010000228881836,13.210000038146973,12.869999885559082,13.010000228881836
2019-04-15,2083500,12.710000038146973,13.079999923706055,13.140000343322754,12.670000076293945,13.079999923706055
2019-04-12,1716100,13.069999694824219,12.989999771118164,13.130000114440918,12.9399995803833,12.989999771118164
2019-04-11,2186200,13.170000076293945,13.180000305175781,13.390000343322754,13.039999961853027,13.180000305175781
2019-04-10,2315300,13.710000038146973,13.460000038146973,13.789999961853027,13.390000343322754,13.460000038146973
2019-04-09,2544700,13.869999885559082,13.880000114440918,13.90999984741211,13.720000267028809,13.880000114440918
2019-04-08,1877400,13.680000305175781,13.600000381469727,13.680000305175781,13.449999809265137,13.600000381469727
2019-04-05,2255000,13.289999961853027,13.350000381469727,13.430000305175781,13.140000343322754,13.350000381469727
2019-04-04,2450300,12.989999771118164,13.350000381469727,13.430000305175781,12.84000015258789,13.350000381469727
2019-04-03,2470300,12.899999618530273,13.020000457763672,13.140000343322754,12.880000114440918,13.020000457763672
2019-04-02,2421400,12.890000343322754,12.84000015258789,12.949999809265137,12.75,12.84000015258789
2019-04-01,2883800,13.199999809265137,12.680000305175781,13.229999542236328,12.529999732971191,12.680000305175781
2019-03-29,3225900,13.229999542236328,13.100000381469727,13.369999885559082,13.09000015258789,13.100000381469727
2019-03-28,3942300,13.40999984741211,12.890000343322754,13.40999984741211,12.800000190734863,12.890000343322754
2019-03-27,2805300,14.109999656677246,13.710000038146973,14.15999984741211,13.640000343322754,13.710000038146973
2019-03-26,2640400,14.34000015258789,14.25,14.350000381469727,14.079999923706055,14.25
2019-03-25,3119100,14.130000114440918,14.470000267028809,14.5600004196167,14.100000381469727,14.470000267028809
2019-03-22,3965900,14.210000038146973,14.4399995803833,14.460000038146973,14.109999656677246,14.4399995803833
2019-03-21,2668000,13.760000228881836,14.0,14.0,13.649999618530273,14.0
2019-03-20,3506900,13.4399995803833,13.800000190734863,13.869999885559082,13.170000076293945,13.732000350952148
2019-03-19,3901600,13.989999771118164,13.359999656677246,13.989999771118164,13.329999923706055,13.294168472290039
2019-03-18,4354200,13.739999771118164,13.430000305175781,13.880000114440918,13.369999885559082,13.363823890686035
2019-03-15,33018000,13.319999694824219,13.600000381469727,13.770000457763672,13.260000228881836,13.53298568725586
2019-03-14,6844900,12.880000114440918,13.140000343322754,13.170000076293945,12.779999732971191,13.075252532958984
2019-03-13,9804800,12.949999809265137,13.130000114440918,13.140000343322754,12.819999694824219,13.065301895141602
2019-03-12,8499700,12.970000267028809,12.829999923706055,13.020000457763672,12.579999923706055,12.766779899597168
2019-03-11,9786600,13.199999809265137,12.8100004196167,13.270000457763672,12.359999656677246,12.746878623962402
2019-03-08,3938000,13.430000305175781,13.399999618530273,13.510000228881836,13.050000190734863,13.33397102355957
2019-03-07,3054500,12.930000305175781,13.0,13.09000015258789,12.880000114440918,12.935942649841309
2019-03-06,2824800,13.359999656677246,12.949999809265137,13.399999618530273,12.90999984741211,12.886188507080078
2019-03-05,3325500,13.260000228881836,13.350000381469727,13.350000381469727,13.039999961853027,13.284217834472656
2019-03-04,3704200,13.40999984741211,13.430000305175781,13.4399995803833,13.020000457763672,13.363823890686035
2019-03-01,3137000,13.989999771118164,13.630000114440918,14.100000381469727,13.609999656677246,13.562837600708008
2019-02-28,3581200,14.449999809265137,14.170000076293945,14.539999961853027,14.109999656677246,14.100176811218262
2019-02-27,1789100,14.579999923706055,14.510000228881836,14.800000190734863,14.40999984741211,14.438502311706543
2019-02-26,3159000,14.40999984741211,14.640000343322754,14.670000076293945,14.3100004196167,14.567861557006836
2019-02-25,4184800,14.510000228881836,14.4399995803833,14.789999961853027,14.40999984741211,14.36884593963623
2019-02-22,4162800,14.920000076293945,14.850000381469727,15.140000343322754,14.699999809265137,14.776826858520508
2019-02-21,4995200,15.319999694824219,15.0,15.399999618530273,14.770000457763672,14.926087379455566
2019-02-20,6409800,15.640000343322754,15.510000228881836,15.859999656677246,15.350000381469727,15.433574676513672
2019-02-19,4748700,13.800000190734863,14.979999542236328,15.079999923706055,13.75,14.906185150146484
2019-02-15,2234900,13.779999732971191,13.579999923706055,13.789999961853027,13.40999984741211,13.513084411621094
2019-02-14,2522700,13.390000343322754,13.680000305175781,13.699999809265137,13.369999885559082,13.612591743469238
2019-02-13,2514600,13.319999694824219,13.430000305175781,13.640000343322754,13.25,13.363823890686035
2019-02-12,2191100,13.350000381469727,13.4399995803833,13.5,13.329999923706055,13.373773574829102
2019-02-11,1585700,13.119999885559082,13.25,13.420000076293945,13.079999923706055,13.184710502624512
2019-02-08,2851900,13.5,13.5,13.5600004196167,13.399999618530273,13.433478355407715
2019-02-07,2094200,13.529999732971191,13.59000015258789,13.739999771118164,13.520000457763672,13.523035049438477
2019-02-06,2965300,13.359999656677246,13.520000457763672,13.869999885559082,13.3100004196167,13.453380584716797
2019-02-05,1708200,13.510000228881836,13.649999618530273,13.65999984741211,13.380000114440918,13.582738876342773
2019-02-04,3981800,13.109999656677246,13.609999656677246,13.619999885559082,13.100000381469727,13.542936325073242
2019-02-01,3349400,14.170000076293945,14.300000190734863,14.319999694824219,13.869999885559082,14.229537010192871
2019-01-31,3176500,14.039999961853027,14.289999961853027,14.3100004196167,13.920000076293945,14.219585418701172
2019-01-30,4364400,13.739999771118164,13.829999923706055,14.029999732971191,13.5,13.761852264404297
2019-01-29,3861600,13.739999771118164,13.609999656677246,13.760000228881836,13.4399995803833,13.542936325073242
2019-01-28,3322200,13.210000038146973,13.539999961853027,13.539999961853027,13.210000038146973,13.473281860351562
2019-01-25,3135400,13.020000457763672,13.109999656677246,13.199999809265137,12.979999542236328,13.04539966583252
2019-01-24,2037900,12.600000381469727,12.65999984741211,12.729999542236328,12.579999923706055,12.597617149353027
2019-01-23,1728800,12.279999732971191,12.5,12.5600004196167,12.220000267028809,12.438405990600586
2019-01-22,3399200,12.279999732971191,12.260000228881836,12.449999809265137,11.949999809265137,12.199588775634766
2019-01-18,4645800,12.359999656677246,12.069999694824219,12.430000305175781,12.0,12.01052474975586
2019-01-17,2528900,12.579999923706055,12.510000228881836,12.710000038146973,12.479999542236328,12.448356628417969
2019-01-16,3218500,12.420000076293945,12.470000267028809,12.550000190734863,12.279999732971191,12.408554077148438
2019-01-15,3266900,12.479999542236328,12.3100004196167,12.59000015258789,12.149999618530273,12.249342918395996
2019-01-14,3057700,12.899999618530273,12.489999771118164,12.90999984741211,12.390000343322754,12.428455352783203
2019-01-11,2881100,12.680000305175781,12.59000015258789,12.930000305175781,12.569999694824219,12.527962684631348
2019-01-10,3290400,12.899999618530273,12.510000228881836,12.90999984741211,12.449999809265137,12.448356628417969
2019-01-09,3856900,12.529999732971191,12.930000305175781,12.9399995803833,12.489999771118164,12.866287231445312
2019-01-08,4237500,12.420000076293945,12.609999656677246,12.6899995803833,12.180000305175781,12.547863960266113
2019-01-07,3538500,13.09000015258789,12.539999961853027,13.100000381469727,12.460000038146973,12.478208541870117
2019-01-04,3896700,13.010000228881836,12.800000190734863,13.010000228881836,12.619999885559082,12.73692798614502
2019-01-03,4350200,13.0,13.210000038146973,13.270000457763672,12.930000305175781,13.14490795135498
2019-01-02,2083000,12.619999885559082,12.729999542236328,12.8100004196167,12.550000190734863,12.667272567749023
2018-12-31,2579800,12.4399995803833,12.550000190734863,12.569999694824219,12.130000114440918,12.488160133361816
2018-12-28,2160900,12.539999961853027,12.300000190734863,12.539999961853027,12.220000267028809,12.239391326904297
2018-12-27,2332300,12.430000305175781,12.510000228881836,12.520000457763672,12.289999961853027,12.448356628417969
2018-12-26,2424400,12.84000015258789,12.359999656677246,12.90999984741211,12.149999618530273,12.299095153808594
2018-12-24,2298600,12.520000457763672,12.699999809265137,12.739999771118164,12.40999984741211,12.637420654296875
2018-12-21,8654900,12.260000228881836,12.239999771118164,12.34000015258789,12.020000457763672,12.179686546325684
2018-12-20,5461200,12.520000457763672,12.270000457763672,12.630000114440918,12.149999618530273,12.209539413452148
2018-12-19,5552200,12.460000038146973,11.789999961853027,12.720000267028809,11.779999732971191,11.731904983520508
2018-12-18,4523100,12.100000381469727,12.479999542236328,12.5600004196167,12.079999923706055,12.418503761291504
2018-12-17,2902000,11.9399995803833,12.109999656677246,12.130000114440918,11.890000343322754,12.05032730102539
2018-12-14,2814400,11.739999771118164,11.850000381469727,11.960000038146973,11.6899995803833,11.791609764099121
2018-12-13,3518100,11.90999984741211,11.970000267028809,12.029999732971191,11.880000114440918,11.911018371582031
2018-12-12,3845600,11.649999618530273,11.779999732971191,11.869999885559082,11.550000190734863,11.721953392028809
2018-12-11,3249100,11.34000015258789,11.420000076293945,11.489999771118164,11.229999542236328,11.363727569580078
2018-12-10,3190500,11.210000038146973,11.100000381469727,11.449999809265137,10.970000267028809,11.045305252075195
2018-12-07,4425900,10.930000305175781,11.279999732971191,11.390000343322754,10.84000015258789,11.224417686462402
2018-12-06,4524600,10.920000076293945,10.850000381469727,10.920000076293945,10.619999885559082,10.796536445617676
2018-12-04,3542200,10.329999923706055,10.5,10.609999656677246,10.329999923706055,10.448261260986328
2018-12-03,1756300,10.199999809265137,10.1899995803833,10.229999542236328,9.979999542236328,10.139788627624512
2018-11-30,1956300,10.100000381469727,9.920000076293945,10.100000381469727,9.880000114440918,9.871119499206543
2018-11-29,1727100,10.270000457763672,10.079999923706055,10.289999961853027,10.039999961853027,10.030330657958984
2018-11-28,1931900,9.890000343322754,10.1899995803833,10.270000457763672,9.880000114440918,10.139788627624512
2018-11-27,2699300,9.90999984741211,9.890000343322754,10.029999732971191,9.84000015258789,9.841267585754395
2018-11-26,1805100,10.119999885559082,10.069999694824219,10.229999542236328,10.0600004196167,10.020380020141602
2018-11-23,1420700,10.210000038146973,10.050000190734863,10.289999961853027,10.050000190734863,10.000478744506836
2018-11-21,3054800,10.010000228881836,10.25,10.270000457763672,10.0,10.199493408203125
2018-11-20,1874900,9.979999542236328,9.819999694824219,10.0,9.65999984741211,9.771611213684082
2018-11-19,2643200,9.850000381469727,9.869999885559082,9.989999771118164,9.789999961853027,9.821365356445312
2018-11-16,1524200,9.920000076293945,9.779999732971191,9.920000076293945,9.680000305175781,9.73180866241455
2018-11-15,1920400,9.579999923706055,9.649999618530273,9.720000267028809,9.550000190734863,9.602449417114258
2018-11-14,2821800,9.40999984741211,9.460000038146973,9.65999984741211,9.300000190734863,9.413385391235352
2018-11-13,2926500,9.390000343322754,9.3100004196167,9.489999771118164,9.170000076293945,9.264124870300293
2018-11-12,2914900,9.430000305175781,9.460000038146973,9.609999656677246,9.40999984741211,9.413385391235352
2018-11-09,5097500,9.699999809265137,9.579999923706055,9.720000267028809,9.4399995803833,9.532793998718262
2018-11-08,2876900,9.970000267028809,9.9399995803833,10.029999732971191,9.850000381469727,9.891019821166992
2018-11-07,2972000,9.949999809265137,9.979999542236328,10.09000015258789,9.899999618530273,9.93082332611084
2018-11-06,4221900,10.260000228881836,9.880000114440918,10.279999732971191,9.800000190734863,9.831315994262695
2018-11-05,5042100,10.239999771118164,10.430000305175781,10.470000267028809,10.079999923706055,10.378605842590332
2018-11-02,3122500,9.75,9.970000267028809,9.989999771118164,9.710000038146973,9.920872688293457
2018-11-01,4058800,9.579999923706055,9.859999656677246,9.859999656677246,9.569999694824219,9.81141471862793
2018-10-31,3671700,9.710000038146973,9.40999984741211,9.75,9.34000015258789,9.363632202148438
2018-10-30,1708800,9.600000381469727,9.829999923706055,9.850000381469727,9.600000381469727,9.781562805175781
2018-10-29,2421300,9.770000457763672,9.600000381469727,9.800000190734863,9.59000015258789,9.552696228027344
2018-10-26,4383800,9.9399995803833,9.729999542236328,10.010000228881836,9.670000076293945,9.68205451965332
2018-10-25,6691800,10.069999694824219,9.65999984741211,10.140000343322754,9.619999885559082,9.61240005493164
2018-10-24,2739000,9.930000305175781,9.800000190734863,10.020000457763672,9.779999732971191,9.751710891723633
2018-10-23,3104100,10.229999542236328,9.979999542236328,10.289999961853027,9.859999656677246,9.93082332611084
2018-10-22,1862900,9.770000457763672,9.760000228881836,9.90999984741211,9.630000114440918,9.711907386779785
2018-10-19,2526800,9.890000343322754,9.789999961853027,9.930000305175781,9.6899995803833,9.741759300231934
2018-10-18,3762700,9.819999694824219,9.8100004196167,10.020000457763672,9.739999771118164,9.761661529541016
2018-10-17,3581700,9.8100004196167,9.5600004196167,9.869999885559082,9.479999542236328,9.512893676757812
2018-10-16,3199800,9.949999809265137,9.829999923706055,10.039999961853027,9.720000267028809,9.781562805175781
2018-10-15,5498100,10.020000457763672,9.899999618530273,10.260000228881836,9.760000228881836,9.851217269897461
2018-10-12,4058200,9.75,9.699999809265137,9.75,9.369999885559082,9.652202606201172
2018-10-11,8948900,9.079999923706055,9.680000305175781,9.739999771118164,9.039999961853027,9.632302284240723
2018-10-10,2936200,8.569999694824219,8.819999694824219,8.859999656677246,8.479999542236328,8.776538848876953
2018-10-09,1709200,8.420000076293945,8.489999771118164,8.5600004196167,8.380000114440918,8.448164939880371
2018-10-08,2017300,8.210000038146973,8.449999809265137,8.479999542236328,8.1899995803833,8.40836238861084
2018-10-05,1617900,8.479999542236328,8.489999771118164,8.569999694824219,8.4399995803833,8.448164939880371
2018-10-04,3165700,8.520000457763672,8.420000076293945,8.609999656677246,8.399999618530273,8.378510475158691
2018-10-03,1987600,8.819999694824219,8.59000015258789,8.869999885559082,8.569999694824219,8.547673225402832
2018-10-02,3545400,8.630000114440918,8.850000381469727,8.869999885559082,8.630000114440918,8.806391716003418
2018-10-01,1907300,8.649999618530273,8.550000190734863,8.680000305175781,8.510000228881836,8.507869720458984
2018-09-28,2515100,8.640000343322754,8.579999923706055,8.770000457763672,8.5600004196167,8.537721633911133
2018-09-27,2965500,8.710000038146973,8.619999885559082,8.720000267028809,8.5600004196167,8.57752513885498
2018-09-26,3293300,8.770000457763672,8.739999771118164,8.949999809265137,8.720000267028809,8.69693374633789
2018-09-25,3011700,8.720000267028809,8.890000343322754,8.989999771118164,8.720000267028809,8.84619426727295
2018-09-24,2755800,8.890000343322754,8.859999656677246,8.989999771118164,8.84000015258789,8.816341400146484
2018-09-21,8791500,8.720000267028809,8.8100004196167,8.829999923706055,8.619999885559082,8.766589164733887
2018-09-20,3499200,8.65999984741211,8.739999771118164,8.819999694824219,8.649999618530273,8.69693374633789
2018-09-19,3572300,8.550000190734863,8.720000267028809,8.779999732971191,8.489999771118164,8.677032470703125
2018-09-18,3644600,8.270000457763672,8.460000038146973,8.5600004196167,8.229999542236328,8.418313026428223
2018-09-17,4053500,8.050000190734863,8.34000015258789,8.390000343322754,7.980000019073486,8.298904418945312
2018-09-14,2367800,7.989999771118164,8.039999961853027,8.119999885559082,7.909999847412109,8.000382423400879
2018-09-13,2664700,8.069999694824219,8.010000228881836,8.130000114440918,7.920000076293945,7.970530986785889
2018-09-12,3606800,7.710000038146973,8.010000228881836,8.079999923706055,7.679999828338623,7.970530986785889
2018-09-11,2540100,7.619999885559082,7.78000020980835,7.860000133514404,7.590000152587891,7.741663932800293
2018-09-10,2450900,7.849999904632568,7.800000190734863,7.880000114440918,7.789999961853027,7.761565685272217
2018-09-07,2512400,7.800000190734863,7.829999923706055,7.880000114440918,7.710000038146973,7.791417598724365
2018-09-06,2874900,7.670000076293945,7.760000228881836,7.809999942779541,7.650000095367432,7.721762657165527
2018-09-05,2475700,7.710000038146973,7.659999847412109,7.739999771118164,7.579999923706055,7.622254848480225
2018-09-04,2755300,7.75,7.769999980926514,7.840000152587891,7.690000057220459,7.73171329498291
2018-08-31,1959800,7.96999979019165,7.909999847412109,8.09000015258789,7.820000171661377,7.871023178100586
2018-08-30,2559300,7.849999904632568,7.849999904632568,7.900000095367432,7.78000020980835,7.811318874359131
2018-08-29,2135000,7.909999847412109,7.960000038146973,8.0600004196167,7.860000133514404,7.920776844024658
2018-08-28,2870700,8.130000114440918,7.860000133514404,8.170000076293945,7.730000019073486,7.821269989013672
2018-08-27,2142800,7.889999866485596,8.020000457763672,8.0600004196167,7.860000133514404,7.9804816246032715
2018-08-24,3736100,7.739999771118164,7.820000171661377,7.929999828338623,7.659999847412109,7.781466960906982
2018-08-23,2956800,7.670000076293945,7.630000114440918,7.679999828338623,7.599999904632568,7.592402935028076
2018-08-22,2481600,7.599999904632568,7.710000038146973,7.710000038146973,7.559999942779541,7.672008991241455
2018-08-21,2967200,7.449999809265137,7.539999961853027,7.590000152587891,7.429999828338623,7.502846717834473
2018-08-20,3299900,7.420000076293945,7.349999904632568,7.5,7.21999979019165,7.313782691955566
2018-08-17,7502000,7.21999979019165,7.239999771118164,7.46999979019165,7.079999923706055,7.204324722290039
2018-08-16,4685800,7.519999980926514,7.159999847412109,7.599999904632568,7.110000133514404,7.12471866607666
2018-08-15,7934800,7.900000095367432,7.489999771118164,7.940000057220459,7.420000076293945,7.453092575073242
2018-08-14,2057600,8.289999961853027,8.1899995803833,8.390000343322754,8.180000305175781,8.149642944335938
2018-08-13,3443100,8.520000457763672,8.3100004196167,8.539999961853027,8.25,8.269052505493164
2018-08-10,1790800,8.479999542236328,8.550000190734863,8.630000114440918,8.470000267028809,8.507869720458984
2018-08-09,1685500,8.529999732971191,8.569999694824219,8.729999542236328,8.529999732971191,8.52777099609375
2018-08-08,1354100,8.569999694824219,8.529999732971191,8.600000381469727,8.390000343322754,8.487968444824219
2018-08-07,1254700,8.609999656677246,8.479999542236328,8.640000343322754,8.479999542236328,8.438214302062988
2018-08-06,1889100,8.59000015258789,8.479999542236328,8.630000114440918,8.479999542236328,8.438214302062988
2018-08-03,1692200,8.760000228881836,8.75,8.850000381469727,8.6899995803833,8.706884384155273
2018-08-02,1954100,8.760000228881836,8.779999732971191,8.850000381469727,8.680000305175781,8.736736297607422
2018-08-01,1718500,8.800000190734863,8.670000076293945,8.800000190734863,8.619999885559082,8.627278327941895
2018-07-31,2247400,8.739999771118164,8.890000343322754,8.949999809265137,8.710000038146973,8.84619426727295
2018-07-30,2518000,8.630000114440918,8.6899995803833,8.770000457763672,8.609999656677246,8.64717960357666
2018-07-27,1499100,8.420000076293945,8.5,8.5600004196167,8.399999618530273,8.45811653137207
2018-07-26,4353600,8.380000114440918,8.369999885559082,8.5600004196167,8.3100004196167,8.328756332397461
2018-07-25,3497800,8.300000190734863,8.319999694824219,8.350000381469727,8.229999542236328,8.279003143310547
2018-07-24,4209300,8.069999694824219,8.229999542236328,8.289999961853027,8.020000457763672,8.189446449279785
2018-07-23,3626000,7.980000019073486,7.96999979019165,8.0600004196167,7.929999828338623,7.930727481842041
2018-07-20,5464100,8.069999694824219,8.079999923706055,8.15999984741211,7.96999979019165,8.040185928344727
2018-07-19,4959900,8.0,8.109999656677246,8.25,7.980000019073486,8.070037841796875
2018-07-18,5309400,8.3100004196167,8.300000190734863,8.369999885559082,8.210000038146973,8.259101867675781
2018-07-17,4502600,8.470000267028809,8.470000267028809,8.569999694824219,8.380000114440918,8.428264617919922
2018-07-16,3229500,8.460000038146973,8.5600004196167,8.569999694824219,8.319999694824219,8.517821311950684
2018-07-13,1920000,8.5,8.5,8.600000381469727,8.460000038146973,8.45811653137207
2018-07-12,1480100,8.640000343322754,8.59000015258789,8.800000190734863,8.579999923706055,8.547673225402832
2018-07-11,2217900,8.670000076293945,8.619999885559082,8.779999732971191,8.609999656677246,8.57752513885498
2018-07-10,1730600,8.729999542236328,8.859999656677246,8.890000343322754,8.720000267028809,8.816341400146484
2018-07-09,1911100,8.930000305175781,8.729999542236328,8.9399995803833,8.720000267028809,8.686982154846191
2018-07-06,3827000,8.5600004196167,8.710000038146973,8.800000190734863,8.449999809265137,8.667081832885742
2018-07-05,3203400,8.720000267028809,8.510000228881836,8.729999542236328,8.470000267028809,8.468067169189453
2018-07-03,1836900,8.350000381469727,8.289999961853027,8.510000228881836,8.270000457763672,8.249151229858398
2018-07-02,1892700,8.149999618530273,8.220000267028809,8.270000457763672,8.140000343322754,8.179495811462402
2018-06-29,3445900,7.949999809265137,8.210000038146973,8.270000457763672,7.940000057220459,8.16954517364502
2018-06-28,3851200,7.920000076293945,7.860000133514404,7.940000057220459,7.809999942779541,7.821269989013672
2018-06-27,4647300,7.96999979019165,7.96999979019165,8.100000381469727,7.900000095367432,7.930727481842041
2018-06-26,2344600,8.119999885559082,8.180000305175781,8.220000267028809,8.020000457763672,8.139693260192871
2018-06-25,2235200,8.239999771118164,8.229999542236328,8.300000190734863,8.170000076293945,8.189446449279785
2018-06-22,2460300,8.279999732971191,8.260000228881836,8.369999885559082,8.229999542236328,8.21929931640625
2018-06-21,2193100,8.180000305175781,8.229999542236328,8.279999732971191,8.149999618530273,8.189446449279785
2018-06-20,4471000,8.119999885559082,8.220000267028809,8.260000228881836,8.109999656677246,8.179495811462402
2018-06-19,3893900,8.029999732971191,8.100000381469727,8.140000343322754,8.0,8.060087203979492
2018-06-18,5842700,8.119999885559082,8.119999885559082,8.300000190734863,8.109999656677246,8.079988479614258
2018-06-15,45859100,8.4399995803833,8.149999618530273,8.479999542236328,7.900000095367432,8.109840393066406
2018-06-14,9870700,8.6899995803833,8.680000305175781,8.829999923706055,8.65999984741211,8.637229919433594
2018-06-13,9584100,8.5600004196167,8.640000343322754,8.680000305175781,8.470000267028809,8.597426414489746
2018-06-12,6557700,8.5,8.579999923706055,8.630000114440918,8.489999771118164,8.537721633911133
2018-06-11,11983800,8.25,8.579999923706055,8.699999809265137,8.130000114440918,8.537721633911133
2018-06-08,3110600,8.569999694824219,8.649999618530273,8.680000305175781,8.5,8.607377052307129
2018-06-07,4275300,8.59000015258789,8.579999923706055,8.619999885559082,8.529999732971191,8.537721633911133
2018-06-06,3885900,8.710000038146973,8.640000343322754,8.829999923706055,8.609999656677246,8.597426414489746
2018-06-05,4325200,8.569999694824219,8.770000457763672,8.890000343322754,8.479999542236328,8.726786613464355
2018-06-04,3267600,8.699999809265137,8.680000305175781,8.729999542236328,8.630000114440918,8.637229919433594
2018-06-01,2858500,8.5600004196167,8.699999809265137,8.75,8.529999732971191,8.657130241394043
2018-05-31,2566000,8.579999923706055,8.619999885559082,8.699999809265137,8.510000228881836,8.57752513885498
2018-05-30,2708500,8.510000228881836,8.59000015258789,8.640000343322754,8.4399995803833,8.547673225402832
2018-05-29,2483900,8.369999885559082,8.460000038146973,8.569999694824219,8.369999885559082,8.418313026428223
2018-05-25,3139800,8.3100004196167,8.449999809265137,8.510000228881836,8.260000228881836,8.40836238861084
2018-05-24,4449200,8.239999771118164,8.510000228881836,8.539999961853027,8.199999809265137,8.468067169189453
2018-05-23,3794800,8.100000381469727,8.289999961853027,8.300000190734863,8.020000457763672,8.249151229858398
2018-05-22,3529800,8.270000457763672,8.229999542236328,8.289999961853027,8.149999618530273,8.189446449279785
2018-05-21,2442700,8.140000343322754,8.270000457763672,8.289999961853027,8.09000015258789,8.229249954223633
2018-05-18,2821300,8.210000038146973,8.229999542236328,8.289999961853027,8.109999656677246,8.189446449279785
2018-05-17,5212000,8.470000267028809,8.3100004196167,8.470000267028809,8.199999809265137,8.269052505493164
2018-05-16,3580100,8.630000114440918,8.520000457763672,8.640000343322754,8.449999809265137,8.478017807006836
2018-05-15,3553300,8.65999984741211,8.640000343322754,8.6899995803833,8.550000190734863,8.597426414489746
2018-05-14,1574700,9.029999732971191,8.960000038146973,9.069999694824219,8.899999618530273,8.915849685668945
2018-05-11,2394300,9.0600004196167,9.020000457763672,9.170000076293945,9.010000228881836,8.975554466247559
2018-05-10,2227800,8.960000038146973,8.970000267028809,9.039999961853027,8.890000343322754,8.925800323486328
2018-05-09,2748000,8.90999984741211,8.899999618530273,9.069999694824219,8.859999656677246,8.856144905090332
2018-05-08,3966600,8.75,8.8100004196167,8.859999656677246,8.640000343322754,8.766589164733887
2018-05-07,4174800,8.859999656677246,8.5600004196167,8.880000114440918,8.5,8.517821311950684
2018-05-04,4227900,8.819999694824219,8.899999618530273,8.930000305175781,8.739999771118164,8.856144905090332
2018-05-03,5828000,9.270000457763672,8.899999618530273,9.289999961853027,8.880000114440918,8.856144905090332
2018-05-02,5078400,9.140000343322754,9.15999984741211,9.380000114440918,9.100000381469727,9.114863395690918
2018-05-01,2432400,8.989999771118164,9.029999732971191,9.0600004196167,8.890000343322754,8.985504150390625
2018-04-30,2838000,8.979999542236328,8.979999542236328,9.09000015258789,8.9399995803833,8.935750007629395
2018-04-27,1516700,9.100000381469727,9.130000114440918,9.15999984741211,9.09000015258789,9.08501148223877
2018-04-26,1717100,9.15999984741211,9.079999923706055,9.180000305175781,9.020000457763672,9.035258293151855
2018-04-25,2135800,8.949999809265137,9.010000228881836,9.0600004196167,8.90999984741211,8.96560287475586
2018-04-24,2360500,9.109999656677246,9.119999885559082,9.180000305175781,9.039999961853027,9.075060844421387
2018-04-23,2091700,9.050000190734863,9.050000190734863,9.119999885559082,8.930000305175781,9.005406379699707
2018-04-20,2639800,9.180000305175781,9.15999984741211,9.220000267028809,9.050000190734863,9.114863395690918
2018-04-19,2981000,9.390000343322754,9.220000267028809,9.449999809265137,9.130000114440918,9.174568176269531
2018-04-18,4180200,9.210000038146973,9.15999984741211,9.4399995803833,9.119999885559082,9.114863395690918
2018-04-17,3631200,8.970000267028809,9.039999961853027,9.149999618530273,8.890000343322754,8.995454788208008
2018-04-16,2799900,9.300000190734863,9.170000076293945,9.369999885559082,9.050000190734863,9.124814987182617
2018-04-13,2447300,9.329999923706055,9.359999656677246,9.449999809265137,9.300000190734863,9.313878059387207
2018-04-12,2804600,9.359999656677246,9.1899995803833,9.399999618530273,9.180000305175781,9.144715309143066
2018-04-11,5242300,9.569999694824219,9.470000267028809,9.760000228881836,9.390000343322754,9.42333698272705
2018-04-10,2356300,9.3100004196167,9.220000267028809,9.34000015258789,9.220000267028809,9.174568176269531
2018-04-09,1707400,9.350000381469727,9.25,9.369999885559082,9.210000038146973,9.20442008972168
2018-04-06,1924800,9.34000015258789,9.289999961853027,9.399999618530273,9.25,9.244223594665527
2018-04-05,3083500,9.149999618530273,9.260000228881836,9.279999732971191,9.130000114440918,9.214371681213379
2018-04-04,2217500,9.489999771118164,9.329999923706055,9.520000457763672,9.300000190734863,9.284026145935059
2018-04-03,2204400,9.600000381469727,9.489999771118164,9.649999618530273,9.460000038146973,9.4432373046875
2018-04-02,2201000,9.649999618530273,9.75,9.859999656677246,9.5600004196167,9.701956748962402
2018-03-29,2204700,9.40999984741211,9.489999771118164,9.600000381469727,9.390000343322754,9.4432373046875
2018-03-28,2679700,9.569999694824219,9.420000076293945,9.609999656677246,9.380000114440918,9.37358283996582
2018-03-27,3695200,9.529999732971191,9.710000038146973,9.890000343322754,9.489999771118164,9.662154197692871
2018-03-26,3611900,9.600000381469727,9.850000381469727,9.899999618530273,9.5600004196167,9.801464080810547
2018-03-23,5378800,9.550000190734863,9.649999618530273,9.819999694824219,9.529999732971191,9.602449417114258
2018-03-22,1979000,9.100000381469727,9.109999656677246,9.260000228881836,9.09000015258789,9.065110206604004
2018-03-21,3861100,9.0,9.229999542236328,9.289999961853027,8.890000343322754,9.1251859664917
2018-03-20,2074600,8.970000267028809,8.930000305175781,9.029999732971191,8.880000114440918,8.828593254089355
2018-03-19,2493100,9.0,9.039999961853027,9.109999656677246,8.880000114440918,8.93734359741211
2018-03-16,6582400,9.270000457763672,8.970000267028809,9.270000457763672,8.970000267028809,8.868139266967773
2018-03-15,2987700,9.220000267028809,9.119999885559082,9.279999732971191,9.0600004196167,9.016435623168945
2018-03-14,2482100,9.380000114440918,9.329999923706055,9.4399995803833,9.279999732971191,9.22404956817627
2018-03-13,3540100,9.569999694824219,9.369999885559082,9.579999923706055,9.319999694824219,9.263595581054688
2018-03-12,3544100,9.600000381469727,9.630000114440918,9.649999618530273,9.5,9.52064323425293
2018-03-09,1423300,9.699999809265137,9.6899995803833,9.859999656677246,9.670000076293945,9.579961776733398
2018-03-08,1987800,9.649999618530273,9.729999542236328,9.789999961853027,9.569999694824219,9.619507789611816
2018-03-07,2318400,9.770000457763672,9.600000381469727,9.8100004196167,9.520000457763672,9.490983963012695
2018-03-06,2788700,9.720000267028809,9.760000228881836,9.9399995803833,9.710000038146973,9.64916706085205
2018-03-05,2076900,9.319999694824219,9.420000076293945,9.460000038146973,9.319999694824219,9.313028335571289
2018-03-02,2857400,9.420000076293945,9.359999656677246,9.460000038146973,9.239999771118164,9.253708839416504
2018-03-01,3583300,9.15999984741211,9.380000114440918,9.449999809265137,9.020000457763672,9.273482322692871
2018-02-28,3261100,9.260000228881836,9.34000015258789,9.510000228881836,9.25,9.233936309814453
2018-02-27,4442600,9.649999618530273,9.359999656677246,9.670000076293945,9.15999984741211,9.253708839416504
2018-02-26,2423600,9.8100004196167,9.819999694824219,9.899999618530273,9.720000267028809,9.70848560333252
2018-02-23,1705500,9.819999694824219,9.880000114440918,9.9399995803833,9.760000228881836,9.767804145812988
2018-02-22,2025100,9.880000114440918,9.949999809265137,10.050000190734863,9.850000381469727,9.83700942993164
2018-02-21,2978700,9.970000267028809,9.90999984741211,10.229999542236328,9.890000343322754,9.797463417053223
2018-02-20,3750600,9.949999809265137,9.899999618530273,10.130000114440918,9.890000343322754,9.787576675415039
2018-02-16,3144200,10.550000190734863,10.449999809265137,10.770000457763672,10.319999694824219,10.331331253051758
2018-02-15,3255900,10.479999542236328,10.739999771118164,10.829999923706055,10.479999542236328,10.618038177490234
2018-02-14,6172200,10.239999771118164,10.720000267028809,10.779999732971191,10.210000038146973,10.598265647888184
2018-02-13,1568400,10.260000228881836,10.199999809265137,10.279999732971191,10.109999656677246,10.0841703414917
2018-02-12,4229600,9.739999771118164,10.220000267028809,10.3100004196167,9.739999771118164,10.103943824768066
2018-02-09,4762100,9.890000343322754,9.65999984741211,9.949999809265137,9.4399995803833,9.550302505493164
2018-02-08,3933000,10.199999809265137,9.960000038146973,10.239999771118164,9.9399995803833,9.846896171569824
2018-02-07,2745600,10.359999656677246,10.25,10.550000190734863,10.229999542236328,10.1336030960083
2018-02-06,3426000,10.520000457763672,10.350000381469727,10.609999656677246,10.34000015258789,10.232467651367188
2018-02-05,4719900,10.760000228881836,10.489999771118164,10.8100004196167,10.329999923706055,10.370877265930176
2018-02-02,3785400,10.899999618530273,10.670000076293945,10.90999984741211,10.640000343322754,10.548833847045898
2018-02-01,2906100,10.989999771118164,11.239999771118164,11.34000015258789,10.949999809265137,11.112360954284668
2018-01-31,2933400,11.119999885559082,11.279999732971191,11.369999885559082,10.979999542236328,11.15190601348877
2018-01-30,3402300,11.100000381469727,11.119999885559082,11.1899995803833,10.970000267028809,10.99372386932373
2018-01-29,2937000,11.600000381469727,11.239999771118164,11.640000343322754,11.220000267028809,11.112360954284668
2018-01-26,2299900,11.609999656677246,11.699999809265137,11.75,11.479999542236328,11.567136764526367
2018-01-25,5260900,11.699999809265137,11.729999542236328,12.0,11.569999694824219,11.596796035766602
2018-01-24,4437600,11.399999618530273,11.680000305175781,11.789999961853027,11.34000015258789,11.547364234924316
2018-01-23,3307800,10.890000343322754,11.289999961853027,11.359999656677246,10.800000190734863,11.161792755126953
2018-01-22,1535300,10.9399995803833,11.0,11.020000457763672,10.869999885559082,10.875086784362793
2018-01-19,1637400,10.920000076293945,10.90999984741211,10.979999542236328,10.859999656677246,10.786108016967773
2018-01-18,3373900,11.0,10.850000381469727,11.109999656677246,10.760000228881836,10.726790428161621
2018-01-17,4022100,11.029999732971191,11.039999961853027,11.25,10.989999771118164,10.914631843566895
2018-01-16,3032200,11.15999984741211,11.119999885559082,11.199999809265137,10.890000343322754,10.99372386932373
2018-01-12,3906300,10.84000015258789,11.069999694824219,11.100000381469727,10.739999771118164,10.944291114807129
2018-01-11,2601300,10.760000228881836,10.630000114440918,10.800000190734863,10.619999885559082,10.50928783416748
2018-01-10,3309100,10.710000038146973,10.670000076293945,10.829999923706055,10.619999885559082,10.548833847045898
2018-01-09,2420400,10.470000267028809,10.430000305175781,10.59000015258789,10.359999656677246,10.311559677124023
2018-01-08,1490300,10.680000305175781,10.5600004196167,10.699999809265137,10.479999542236328,10.440082550048828
2018-01-05,2144900,10.510000228881836,10.670000076293945,10.789999961853027,10.479999542236328,10.548833847045898
2018-01-04,3077300,10.539999961853027,10.609999656677246,10.619999885559082,10.40999984741211,10.48951530456543
2018-01-03,3575800,10.729999542236328,10.600000381469727,10.75,10.380000114440918,10.479628562927246
2018-01-02,3405900,10.4399995803833,10.520000457763672,10.529999732971191,10.34000015258789,10.400537490844727
2017-12-29,2519500,10.380000114440918,10.1899995803833,10.40999984741211,10.170000076293945,10.074284553527832
2017-12-28,2515900,10.34000015258789,10.229999542236328,10.390000343322754,10.149999618530273,10.113829612731934
2017-12-27,3494300,10.15999984741211,10.130000114440918,10.210000038146973,9.989999771118164,10.014966011047363
2017-12-26,2211600,9.859999656677246,10.029999732971191,10.09000015258789,9.829999923706055,9.91610050201416
2017-12-22,1853900,9.670000076293945,9.8100004196167,9.859999656677246,9.670000076293945,9.698599815368652
2017-12-21,1834100,9.489999771118164,9.630000114440918,9.670000076293945,9.399999618530273,9.52064323425293
2017-12-20,3274200,9.4399995803833,9.619999885559082,9.640000343322754,9.380000114440918,9.510757446289062
2017-12-19,2592000,9.220000267028809,9.25,9.3100004196167,9.15999984741211,9.14495849609375
2017-12-18,2684200,9.430000305175781,9.40999984741211,9.489999771118164,9.300000190734863,9.303141593933105
2017-12-15,5415400,9.229999542236328,9.260000228881836,9.289999961853027,9.130000114440918,9.154845237731934
2017-12-14,4916500,8.960000038146973,9.15999984741211,9.229999542236328,8.859999656677246,9.055980682373047
2017-12-13,3977900,8.960000038146973,9.430000305175781,9.510000228881836,8.960000038146973,9.322915077209473
2017-12-12,2917000,9.170000076293945,8.979999542236328,9.170000076293945,8.9399995803833,8.878024101257324
2017-12-11,2514100,9.279999732971191,9.09000015258789,9.390000343322754,9.029999732971191,8.986776351928711
2017-12-08,2813700,9.199999809265137,9.15999984741211,9.229999542236328,9.140000343322754,9.055980682373047
2017-12-07,3081800,9.100000381469727,9.229999542236328,9.329999923706055,9.079999923706055,9.1251859664917
2017-12-06,7155900,9.350000381469727,9.140000343322754,9.4399995803833,9.119999885559082,9.036208152770996
2017-12-05,3992600,9.600000381469727,9.75,9.800000190734863,9.579999923706055,9.639280319213867
2017-12-04,3100700,9.930000305175781,9.899999618530273,10.0,9.850000381469727,9.787576675415039
2017-12-01,2510600,10.270000457763672,10.350000381469727,10.59000015258789,10.1899995803833,10.232467651367188
2017-11-30,3235500,10.420000076293945,10.449999809265137,10.630000114440918,10.380000114440918,10.331331253051758
2017-11-29,2155700,10.3100004196167,10.40999984741211,10.479999542236328,10.270000457763672,10.29178524017334
2017-11-28,1957300,10.520000457763672,10.479999542236328,10.579999923706055,10.369999885559082,10.360990524291992
2017-11-27,2190300,10.270000457763672,10.520000457763672,10.520000457763672,10.180000305175781,10.400537490844727
2017-11-24,1236100,10.180000305175781,10.170000076293945,10.300000190734863,10.149999618530273,10.054511070251465
2017-11-22,3748300,10.180000305175781,10.180000305175781,10.260000228881836,10.100000381469727,10.064397811889648
2017-11-21,2748200,9.65999984741211,9.829999923706055,9.869999885559082,9.630000114440918,9.718372344970703
2017-11-20,2918400,9.670000076293945,9.819999694824219,9.90999984741211,9.529999732971191,9.70848560333252
2017-11-17,2474500,9.880000114440918,9.989999771118164,10.0600004196167,9.829999923706055,9.876554489135742
2017-11-16,1179400,9.779999732971191,9.850000381469727,9.859999656677246,9.729999542236328,9.73814582824707
2017-11-15,2433800,9.920000076293945,9.739999771118164,9.930000305175781,9.619999885559082,9.62939453125
2017-11-14,2077000,9.670000076293945,9.6899995803833,9.739999771118164,9.550000190734863,9.579961776733398
2017-11-13,3206200,9.979999542236328,9.729999542236328,9.989999771118164,9.699999809265137,9.619507789611816
2017-11-10,1315600,9.789999961853027,9.670000076293945,9.819999694824219,9.619999885559082,9.560189247131348
2017-11-09,2065900,9.899999618530273,9.770000457763672,9.9399995803833,9.720000267028809,9.65905475616455
2017-11-08,2262300,9.859999656677246,9.779999732971191,9.920000076293945,9.680000305175781,9.668939590454102
2017-11-07,3309800,9.6899995803833,9.670000076293945,9.8100004196167,9.579999923706055,9.560189247131348
2017-11-06,3134200,9.369999885559082,9.470000267028809,9.59000015258789,9.34000015258789,9.36246109008789
2017-11-03,2916800,9.329999923706055,9.239999771118164,9.369999885559082,9.079999923706055,9.135071754455566
2017-11-02,2340100,9.390000343322754,9.390000343322754,9.470000267028809,9.270000457763672,9.283369064331055
2017-11-01,2510200,9.510000228881836,9.390000343322754,9.609999656677246,9.319999694824219,9.283369064331055
2017-10-31,2017000,9.399999618530273,9.300000190734863,9.40999984741211,9.239999771118164,9.194390296936035
2017-10-30,1926500,9.359999656677246,9.539999961853027,9.59000015258789,9.3100004196167,9.431665420532227
2017-10-27,2928100,9.279999732971191,9.4399995803833,9.479999542236328,9.220000267028809,9.33280086517334
2017-10-26,3968200,9.630000114440918,9.420000076293945,9.630000114440918,9.329999923706055,9.313028335571289
2017-10-25,3217000,9.350000381469727,9.5600004196167,9.609999656677246,9.329999923706055,9.451438903808594
2017-10-24,2637700,9.489999771118164,9.40999984741211,9.5,9.359999656677246,9.303141593933105
2017-10-23,2832600,9.479999542236328,9.6899995803833,9.699999809265137,9.479999542236328,9.579961776733398
2017-10-20,1961600,9.4399995803833,9.5,9.510000228881836,9.359999656677246,9.392120361328125
2017-10-19,3015600,9.520000457763672,9.470000267028809,9.640000343322754,9.399999618530273,9.36246109008789
2017-10-18,3180600,9.25,9.279999732971191,9.329999923706055,9.170000076293945,9.174617767333984
2017-10-17,2750200,9.359999656677246,9.359999656677246,9.420000076293945,9.220000267028809,9.253708839416504
2017-10-16,2982700,9.869999885559082,9.550000190734863,9.869999885559082,9.510000228881836,9.44155216217041
2017-10-13,1464000,9.510000228881836,9.449999809265137,9.569999694824219,9.359999656677246,9.342686653137207
2017-10-12,2084100,9.460000038146973,9.4399995803833,9.489999771118164,9.350000381469727,9.33280086517334
2017-10-11,3022000,9.479999542236328,9.489999771118164,9.520000457763672,9.239999771118164,9.382232666015625
2017-10-10,1692200,9.720000267028809,9.430000305175781,9.720000267028809,9.399999618530273,9.322915077209473
2017-10-09,1514700,9.600000381469727,9.65999984741211,9.699999809265137,9.579999923706055,9.550302505493164
2017-10-06,2195400,9.390000343322754,9.5600004196167,9.630000114440918,9.289999961853027,9.451438903808594
2017-10-05,1978800,9.5600004196167,9.510000228881836,9.59000015258789,9.4399995803833,9.402006149291992
2017-10-04,1817200,9.510000228881836,9.539999961853027,9.600000381469727,9.470000267028809,9.431665420532227
2017-10-03,1979100,9.350000381469727,9.470000267028809,9.5,9.319999694824219,9.36246109008789
2017-10-02,1828400,9.279999732971191,9.300000190734863,9.380000114440918,9.260000228881836,9.194390296936035
2017-09-29,2238900,9.4399995803833,9.289999961853027,9.489999771118164,9.270000457763672,9.184504508972168
2017-09-28,2769700,9.279999732971191,9.369999885559082,9.380000114440918,9.270000457763672,9.263595581054688
2017-09-27,1787500,9.210000038146973,9.3100004196167,9.380000114440918,9.180000305175781,9.204277992248535
2017-09-26,2237700,9.430000305175781,9.359999656677246,9.529999732971191,9.319999694824219,9.253708839416504
2017-09-25,2295300,9.40999984741211,9.640000343322754,9.680000305175781,9.369999885559082,9.530529975891113
2017-09-22,2344200,9.239999771118164,9.470000267028809,9.479999542236328,9.220000267028809,9.36246109008789
2017-09-21,2837200,9.15999984741211,9.1899995803833,9.34000015258789,9.100000381469727,9.085639953613281
2017-09-20,4229400,9.550000190734863,9.319999694824219,9.720000267028809,9.210000038146973,9.214163780212402
2017-09-19,2245800,9.4399995803833,9.5,9.529999732971191,9.350000381469727,9.392120361328125
2017-09-18,3580000,9.640000343322754,9.5,9.65999984741211,9.40999984741211,9.392120361328125
2017-09-15,3158200,9.90999984741211,9.9399995803833,10.029999732971191,9.859999656677246,9.827122688293457
2017-09-14,4228200,9.539999961853027,9.770000457763672,9.789999961853027,9.539999961853027,9.65905475616455
2017-09-13,3979200,9.649999618530273,9.479999542236328,9.65999984741211,9.430000305175781,9.372345924377441
2017-09-12,4218200,9.699999809265137,9.779999732971191,9.8100004196167,9.619999885559082,9.668939590454102
2017-09-11,6560300,10.210000038146973,9.789999961853027,10.239999771118164,9.739999771118164,9.678826332092285
2017-09-08,3750400,10.84000015258789,10.609999656677246,10.859999656677246,10.529999732971191,10.48951530456543
2017-09-07,5328800,10.470000267028809,10.779999732971191,10.819999694824219,10.470000267028809,10.657584190368652
2017-09-06,3193200,10.210000038146973,10.279999732971191,10.40999984741211,10.0600004196167,10.163262367248535
2017-09-05,3661800,10.279999732971191,10.399999618530273,10.420000076293945,10.229999542236328,10.281899452209473
2017-09-01,2327900,10.1899995803833,10.140000343322754,10.229999542236328,10.029999732971191,10.02485179901123
2017-08-31,4058200,10.069999694824219,10.140000343322754,10.180000305175781,10.0,10.02485179901123
2017-08-30,3199300,9.920000076293945,9.920000076293945,10.0600004196167,9.890000343322754,9.807351112365723
2017-08-29,8207800,9.899999618530273,9.850000381469727,10.069999694824219,9.75,9.73814582824707
2017-08-28,4591200,9.140000343322754,9.479999542236328,9.529999732971191,9.140000343322754,9.372345924377441
2017-08-25,2924500,8.960000038146973,8.9399995803833,9.0600004196167,8.890000343322754,8.838479042053223
2017-08-24,3148200,9.09000015258789,9.0600004196167,9.149999618530273,9.010000228881836,8.957117080688477
2017-08-23,4393800,9.15999984741211,9.130000114440918,9.25,9.010000228881836,9.026321411132812
2017-08-22,7634400,9.470000267028809,9.15999984741211,9.529999732971191,9.0,9.055980682373047
2017-08-21,3081000,9.880000114440918,9.8100004196167,9.9399995803833,9.729999542236328,9.698599815368652
2017-08-18,4091200,10.100000381469727,9.819999694824219,10.180000305175781,9.789999961853027,9.70848560333252
2017-08-17,2113900,9.84000015258789,9.829999923706055,9.949999809265137,9.760000228881836,9.718372344970703
2017-08-16,2739500,9.609999656677246,9.84000015258789,9.9399995803833,9.609999656677246,9.72825813293457
2017-08-15,2951900,9.670000076293945,9.670000076293945,9.779999732971191,9.619999885559082,9.560189247131348
2017-08-14,4997000,9.770000457763672,9.770000457763672,9.970000267028809,9.699999809265137,9.65905475616455
2017-08-11,5721300,9.800000190734863,9.710000038146973,9.880000114440918,9.569999694824219,9.599735260009766
2017-08-10,8507300,9.59000015258789,9.579999923706055,9.84000015258789,9.510000228881836,9.471211433410645
2017-08-09,3487400,9.399999618530273,9.229999542236328,9.449999809265137,9.210000038146973,9.1251859664917
2017-08-08,3294000,9.260000228881836,9.1899995803833,9.390000343322754,9.140000343322754,9.085639953613281
2017-08-07,2316500,9.140000343322754,9.100000381469727,9.239999771118164,9.079999923706055,8.996662139892578
2017-08-04,4364400,9.15999984741211,9.140000343322754,9.180000305175781,8.930000305175781,9.036208152770996
2017-08-03,3969100,9.579999923706055,9.34000015258789,9.600000381469727,9.300000190734863,9.233936309814453
2017-08-02,3903200,9.649999618530273,9.579999923706055,9.729999542236328,9.529999732971191,9.471211433410645
2017-08-01,3328100,9.949999809265137,9.949999809265137,10.119999885559082,9.930000305175781,9.83700942993164
2017-07-31,1846200,10.069999694824219,10.020000457763672,10.15999984741211,10.0,9.906214714050293
2017-07-28,3221700,9.930000305175781,10.130000114440918,10.180000305175781,9.899999618530273,10.014966011047363
2017-07-27,3730900,9.899999618530273,9.739999771118164,9.90999984741211,9.739999771118164,9.62939453125
2017-07-26,3538000,9.619999885559082,9.859999656677246,10.020000457763672,9.529999732971191,9.748031616210938
2017-07-25,3662700,9.479999542236328,9.579999923706055,9.619999885559082,9.399999618530273,9.471211433410645
2017-07-24,2247500,9.680000305175781,9.449999809265137,9.729999542236328,9.420000076293945,9.342686653137207
2017-07-21,2650200,9.550000190734863,9.680000305175781,9.760000228881836,9.550000190734863,9.570075988769531
2017-07-20,3291200,9.550000190734863,9.550000190734863,9.609999656677246,9.4399995803833,9.44155216217041
2017-07-19,2579500,9.710000038146973,9.65999984741211,9.789999961853027,9.630000114440918,9.550302505493164
2017-07-18,2548300,9.829999923706055,9.800000190734863,9.899999618530273,9.75,9.688713073730469
2017-07-17,2715500,9.8100004196167,9.739999771118164,9.880000114440918,9.6899995803833,9.62939453125
2017-07-14,3721900,10.039999961853027,9.8100004196167,10.130000114440918,9.789999961853027,9.698599815368652
2017-07-13,2241900,10.010000228881836,9.800000190734863,10.069999694824219,9.770000457763672,9.688713073730469
2017-07-12,2420200,10.050000190734863,10.020000457763672,10.130000114440918,9.979999542236328,9.906214714050293
2017-07-11,2166900,9.699999809265137,9.880000114440918,9.930000305175781,9.680000305175781,9.767804145812988
2017-07-10,2861600,9.520000457763672,9.8100004196167,9.890000343322754,9.4399995803833,9.698599815368652
2017-07-07,3103900,9.569999694824219,9.510000228881836,9.59000015258789,9.40999984741211,9.402006149291992
2017-07-06,2758800,9.930000305175781,9.760000228881836,9.979999542236328,9.75,9.64916706085205
2017-07-05,3140000,9.520000457763672,9.84000015258789,9.859999656677246,9.470000267028809,9.72825813293457
2017-07-03,1881600,9.479999542236328,9.470000267028809,9.520000457763672,9.350000381469727,9.36246109008789
2017-06-30,3308100,9.6899995803833,9.720000267028809,9.829999923706055,9.640000343322754,9.609621047973633
2017-06-29,3841700,9.75,9.760000228881836,9.90999984741211,9.729999542236328,9.64916706085205
2017-06-28,3503700,10.319999694824219,10.109999656677246,10.350000381469727,9.989999771118164,9.99519157409668
2017-06-27,3196200,10.609999656677246,10.420000076293945,10.710000038146973,10.390000343322754,10.30167293548584
2017-06-26,2038400,10.34000015258789,10.5,10.59000015258789,10.289999961853027,10.38076400756836
2017-06-23,2489500,10.609999656677246,10.59000015258789,10.680000305175781,10.520000457763672,10.469741821289062
2017-06-22,3908800,10.390000343322754,10.479999542236328,10.680000305175781,10.359999656677246,10.360990524291992
2017-06-21,2348200,9.960000038146973,10.15999984741211,10.1899995803833,9.9399995803833,10.044625282287598
2017-06-20,2445400,10.039999961853027,9.960000038146973,10.0600004196167,9.850000381469727,9.846896171569824
2017-06-19,6635900,10.25,10.09000015258789,10.279999732971191,9.979999542236328,9.975419998168945
2017-06-16,4940100,10.65999984741211,10.300000190734863,10.670000076293945,10.279999732971191,10.183034896850586
2017-06-15,4416300,10.880000114440918,10.630000114440918,10.90999984741211,10.550000190734863,10.50928783416748
2017-06-14,4282900,11.729999542236328,11.0600004196167,11.779999732971191,11.010000228881836,10.934405326843262
2017-06-13,4382800,11.319999694824219,11.399999618530273,11.489999771118164,11.239999771118164,11.270543098449707
2017-06-12,5106800,11.850000381469727,11.489999771118164,11.920000076293945,11.489999771118164,11.35952091217041
2017-06-09,3740500,11.869999885559082,11.949999809265137,12.119999885559082,11.850000381469727,11.814297676086426
2017-06-08,4260100,12.109999656677246,12.15999984741211,12.199999809265137,11.779999732971191,12.021913528442383
2017-06-07,4588900,12.170000076293945,12.140000343322754,12.270000457763672,11.920000076293945,12.002140045166016
2017-06-06,6125600,11.770000457763672,12.390000343322754,12.399999618530273,11.770000457763672,12.24930191040039
2017-06-05,3332900,11.260000228881836,11.520000457763672,11.539999961853027,11.260000228881836,11.389181137084961
2017-06-02,4655400,11.229999542236328,11.15999984741211,11.380000114440918,11.100000381469727,11.033268928527832
2017-06-01,5477800,11.029999732971191,11.3100004196167,11.359999656677246,11.0,11.18156623840332
2017-05-31,2484900,11.34000015258789,11.390000343322754,11.5,11.180000305175781,11.26065731048584
2017-05-30,2165600,11.279999732971191,11.329999923706055,11.460000038146973,11.25,11.201337814331055
2017-05-26,2773900,11.460000038146973,11.640000343322754,11.710000038146973,11.460000038146973,11.507818222045898
2017-05-25,4014700,11.609999656677246,11.380000114440918,11.65999984741211,11.239999771118164,11.250771522521973
2017-05-24,4916500,11.8100004196167,11.850000381469727,11.979999542236328,11.489999771118164,11.715434074401855
2017-05-23,5579400,12.069999694824219,11.84000015258789,12.289999961853027,11.8100004196167,11.705547332763672
2017-05-22,2542800,11.710000038146973,11.8100004196167,11.890000343322754,11.710000038146973,11.675888061523438
2017-05-19,4910400,11.569999694824219,11.59000015258789,11.789999961853027,11.529999732971191,11.458386421203613
2017-05-18,4842600,11.720000267028809,11.300000190734863,11.720000267028809,11.270000457763672,11.171679496765137
2017-05-17,4762100,11.680000305175781,11.6899995803833,11.890000343322754,11.569999694824219,11.557250022888184
2017-05-16,3165000,11.229999542236328,11.229999542236328,11.3100004196167,11.180000305175781,11.102474212646484
2017-05-15,3891900,11.460000038146973,11.239999771118164,11.470000267028809,11.029999732971191,11.112360954284668
2017-05-12,4384000,11.359999656677246,11.3100004196167,11.489999771118164,11.270000457763672,11.18156623840332
2017-05-11,3185000,11.050000190734863,11.260000228881836,11.3100004196167,11.050000190734863,11.132133483886719
2017-05-10,4759300,10.859999656677246,10.930000305175781,11.039999961853027,10.850000381469727,10.80588150024414
2017-05-09,5727000,10.260000228881836,10.600000381469727,10.630000114440918,10.260000228881836,10.479628562927246
2017-05-08,3905600,10.800000190734863,10.859999656677246,10.979999542236328,10.779999732971191,10.736675262451172
2017-05-05,4963000,10.859999656677246,11.1899995803833,11.279999732971191,10.829999923706055,11.062928199768066
2017-05-04,4334600,11.109999656677246,10.84000015258789,11.119999885559082,10.800000190734863,10.716903686523438
2017-05-03,5735800,11.380000114440918,11.319999694824219,11.760000228881836,11.319999694824219,11.191452026367188
2017-05-02,4261500,11.119999885559082,11.369999885559082,11.430000305175781,11.119999885559082,11.240883827209473
2017-05-01,3498000,11.380000114440918,11.050000190734863,11.539999961853027,10.9399995803833,10.924518585205078
2017-04-28,5378100,11.260000228881836,11.430000305175781,11.479999542236328,11.199999809265137,11.300203323364258
2017-04-27,3825500,11.430000305175781,11.229999542236328,11.460000038146973,11.100000381469727,11.102474212646484
2017-04-26,5711800,11.430000305175781,11.430000305175781,11.5,11.0600004196167,11.300203323364258
2017-04-25,6058100,11.720000267028809,11.579999923706055,11.720000267028809,11.4399995803833,11.44849967956543
2017-04-24,4793300,11.930000305175781,11.720000267028809,12.09000015258789,11.699999809265137,11.586909294128418
2017-04-21,4818400,12.489999771118164,12.430000305175781,12.579999923706055,12.329999923706055,12.288847923278809
2017-04-20,3444100,12.4399995803833,12.510000228881836,12.5600004196167,12.380000114440918,12.367938995361328
2017-04-19,4481100,12.869999885559082,12.649999618530273,12.960000038146973,12.470000267028809,12.506348609924316
2017-04-18,6198000,13.279999732971191,13.0600004196167,13.3100004196167,12.84000015258789,12.911693572998047
2017-04-17,2567300,12.970000267028809,12.930000305175781,13.0600004196167,12.829999923706055,12.783169746398926
2017-04-13,5288000,13.170000076293945,12.989999771118164,13.210000038146973,12.9399995803833,12.842488288879395
2017-04-12,4433700,12.760000228881836,12.84000015258789,12.84000015258789,12.539999961853027,12.694191932678223
2017-04-11,4796400,12.34000015258789,12.510000228881836,12.680000305175781,12.319999694824219,12.367938995361328
2017-04-10,3961900,12.010000228881836,12.140000343322754,12.15999984741211,11.930000305175781,12.002140045166016
2017-04-07,4295300,12.329999923706055,11.9399995803833,12.359999656677246,11.819999694824219,11.804410934448242
2017-04-06,2188400,11.9399995803833,11.850000381469727,11.970000267028809,11.720000267028809,11.715434074401855
2017-04-05,4412400,11.619999885559082,11.850000381469727,11.989999771118164,11.59000015258789,11.715434074401855
2017-04-04,2691000,11.640000343322754,11.649999618530273,11.649999618530273,11.470000267028809,11.517704963684082
2017-04-03,5214300,10.829999923706055,11.380000114440918,11.460000038146973,10.8100004196167,11.250771522521973
2017-03-31,2660300,10.670000076293945,10.770000457763672,10.920000076293945,10.579999923706055,10.647698402404785
2017-03-30,3085600,10.800000190734863,10.619999885559082,10.920000076293945,10.600000381469727,10.499401092529297
2017-03-29,2020100,11.010000228881836,11.119999885559082,11.180000305175781,10.9399995803833,10.99372386932373
2017-03-28,2863300,11.430000305175781,11.050000190734863,11.449999809265137,10.880000114440918,10.924518585205078
2017-03-27,2833600,11.5,11.390000343322754,11.569999694824219,11.329999923706055,11.26065731048584
2017-03-24,2312500,11.039999961853027,11.100000381469727,11.239999771118164,11.010000228881836,10.973950386047363
2017-03-23,2904300,11.09000015258789,11.039999961853027,11.130000114440918,10.770000457763672,10.914631843566895
2017-03-22,4154800,11.199999809265137,11.069999694824219,11.289999961853027,11.029999732971191,10.944291114807129
2017-03-21,3799000,11.100000381469727,11.300000190734863,11.40999984741211,11.09000015258789,11.073653221130371
2017-03-20,2812400,10.890000343322754,11.09000015258789,11.130000114440918,10.84000015258789,10.867859840393066
2017-03-17,5142800,10.930000305175781,10.8100004196167,11.0,10.670000076293945,10.59346866607666
2017-03-16,4199500,10.930000305175781,10.84000015258789,11.010000228881836,10.800000190734863,10.622867584228516
2017-03-15,5166100,9.989999771118164,10.789999961853027,10.880000114440918,9.970000267028809,10.573868751525879
2017-03-14,3801600,9.960000038146973,9.84000015258789,10.210000038146973,9.760000228881836,9.642897605895996
2017-03-13,3374100,9.979999542236328,10.039999961853027,10.199999809265137,9.880000114440918,9.838891983032227
2017-03-10,4355600,9.779999732971191,10.010000228881836,10.119999885559082,9.6899995803833,9.809493064880371
2017-03-09,3938500,9.8100004196167,9.739999771118164,9.920000076293945,9.670000076293945,9.544900894165039
2017-03-08,3249700,9.90999984741211,10.039999961853027,10.199999809265137,9.890000343322754,9.838891983032227
2017-03-07,2974700,10.069999694824219,10.140000343322754,10.34000015258789,9.979999542236328,9.936888694763184
2017-03-06,3312500,10.430000305175781,10.220000267028809,10.449999809265137,10.079999923706055,10.015286445617676
2017-03-03,5122100,10.380000114440918,10.600000381469727,10.75,10.289999961853027,10.387674331665039
2017-03-02,3666800,10.729999542236328,10.569999694824219,10.899999618530273,10.510000228881836,10.358274459838867
2017-03-01,3878900,10.84000015258789,11.079999923706055,11.180000305175781,10.760000228881836,10.858059883117676
2017-02-28,5251200,11.15999984741211,11.020000457763672,11.289999961853027,10.90999984741211,10.799262046813965
2017-02-27,5036700,11.5,10.989999771118164,11.989999771118164,10.90999984741211,10.769862174987793
2017-02-24,3769900,11.930000305175781,11.59000015258789,11.949999809265137,11.5,11.357844352722168
2017-02-23,4795000,12.119999885559082,11.829999923706055,12.199999809265137,11.829999923706055,11.593036651611328
2017-02-22,5595800,11.970000267028809,11.8100004196167,12.119999885559082,11.5600004196167,11.573437690734863
2017-02-21,4614700,12.630000114440918,12.539999961853027,12.649999618530273,12.40999984741211,12.28881549835205
2017-02-17,3691800,13.25,12.899999618530273,13.289999961853027,12.890000343322754,12.641603469848633
2017-02-16,2993700,13.239999771118164,13.289999961853027,13.350000381469727,13.15999984741211,13.023791313171387
2017-02-15,2900600,13.119999885559082,13.220000267028809,13.270000457763672,13.029999732971191,12.955195426940918
2017-02-14,3634900,13.40999984741211,13.170000076293945,13.420000076293945,12.979999542236328,12.906195640563965
2017-02-13,2573900,13.260000228881836,13.180000305175781,13.279999732971191,13.069999694824219,12.915996551513672
2017-02-10,3210600,13.010000228881836,13.390000343322754,13.399999618530273,12.979999542236328,13.121789932250977
2017-02-09,4526300,13.520000457763672,13.140000343322754,13.680000305175781,13.100000381469727,12.87679672241211
2017-02-08,4756700,13.380000114440918,13.520000457763672,13.649999618530273,13.289999961853027,13.249184608459473
2017-02-07,3437400,13.220000267028809,13.140000343322754,13.3100004196167,13.0,12.87679672241211
2017-02-06,3479900,13.300000190734863,13.34000015258789,13.34000015258789,13.0,13.07279109954834
2017-02-03,4351900,13.239999771118164,13.029999732971191,13.270000457763672,12.869999885559082,12.769000053405762
2017-02-02,6036400,13.460000038146973,13.0,13.460000038146973,12.869999885559082,12.739601135253906
2017-02-01,3576900,12.550000190734863,12.539999961853027,12.710000038146973,12.350000381469727,12.28881549835205
2017-01-31,5507400,12.579999923706055,12.710000038146973,12.75,12.510000228881836,12.45541000366211
2017-01-30,3858700,12.1899995803833,12.0,12.359999656677246,11.90999984741211,11.759632110595703
2017-01-27,2997000,11.729999542236328,12.0,12.020000457763672,11.699999809265137,11.759632110595703
2017-01-26,3012800,11.899999618530273,11.739999771118164,12.029999732971191,11.739999771118164,11.504839897155762
2017-01-25,3926100,12.149999618530273,12.15999984741211,12.239999771118164,11.949999809265137,11.916426658630371
2017-01-24,4555700,12.479999542236328,12.460000038146973,12.779999732971191,12.300000190734863,12.210417747497559
2017-01-23,4171800,12.399999618530273,12.479999542236328,12.529999732971191,12.279999732971191,12.230015754699707
2017-01-20,3045900,12.029999732971191,12.0600004196167,12.300000190734863,11.890000343322754,11.818429946899414
2017-01-19,2807600,12.010000228881836,12.09000015258789,12.220000267028809,11.920000076293945,11.847829818725586
2017-01-18,3614300,12.369999885559082,12.140000343322754,12.510000228881836,11.960000038146973,11.89682674407959
2017-01-17,5437200,12.619999885559082,12.40999984741211,12.720000267028809,12.390000343322754,12.161417961120605
2017-01-13,4986100,11.770000457763672,12.029999732971191,12.069999694824219,11.720000267028809,11.789031028747559
2017-01-12,6599000,12.029999732971191,11.890000343322754,12.220000267028809,11.720000267028809,11.651835441589355
2017-01-11,3753900,11.390000343322754,11.460000038146973,11.65999984741211,11.199999809265137,11.230448722839355
2017-01-10,4305600,11.510000228881836,11.5,11.739999771118164,11.369999885559082,11.269647598266602
2017-01-09,4783000,11.460000038146973,11.329999923706055,11.600000381469727,11.25,11.103052139282227
2017-01-06,4706900,11.75,11.390000343322754,11.800000190734863,11.15999984741211,11.161850929260254
2017-01-05,5576200,11.539999961853027,11.989999771118164,12.149999618530273,11.510000228881836,11.749831199645996
2017-01-04,4673900,11.34000015258789,11.25,11.390000343322754,11.069999694824219,11.024654388427734
2017-01-03,3746000,10.789999961853027,11.09000015258789,11.109999656677246,10.680000305175781,10.867859840393066
2016-12-30,3762400,11.119999885559082,10.510000228881836,11.289999961853027,10.5,10.299477577209473
2016-12-29,5468900,10.550000190734863,11.029999732971191,11.050000190734863,10.5,10.809060096740723
2016-12-28,2641600,10.109999656677246,10.279999732971191,10.350000381469727,10.0600004196167,10.074084281921387
2016-12-27,1992400,10.050000190734863,10.100000381469727,10.1899995803833,9.880000114440918,9.897690773010254
2016-12-23,2245200,9.770000457763672,9.880000114440918,9.9399995803833,9.729999542236328,9.682096481323242
2016-12-22,2399400,9.680000305175781,9.710000038146973,10.0,9.550000190734863,9.515501976013184
2016-12-21,1894100,9.989999771118164,9.829999923706055,10.050000190734863,9.819999694824219,9.633098602294922
2016-12-20,4759300,9.380000114440918,9.819999694824219,9.869999885559082,9.319999694824219,9.623297691345215
2016-12-19,4766900,9.5600004196167,9.5600004196167,9.859999656677246,9.5,9.36850643157959
2016-12-16,6415000,9.6899995803833,9.510000228881836,9.819999694824219,9.420000076293945,9.31950855255127
2016-12-15,7198800,9.649999618530273,9.539999961853027,9.720000267028809,9.279999732971191,9.348907470703125
2016-12-14,6987500,10.789999961853027,10.079999923706055,10.869999885559082,10.0600004196167,9.878090858459473
2016-12-13,3201300,10.649999618530273,10.8100004196167,10.890000343322754,10.489999771118164,10.59346866607666
2016-12-12,5293900,10.640000343322754,10.59000015258789,10.75,10.369999885559082,10.377875328063965
2016-12-09,3786900,11.0,10.670000076293945,11.020000457763672,10.579999923706055,10.45627212524414
2016-12-08,2609300,11.100000381469727,11.079999923706055,11.149999618530273,10.970000267028809,10.858059883117676
2016-12-07,3864200,11.039999961853027,11.149999618530273,11.390000343322754,11.010000228881836,10.926657676696777
2016-12-06,3208100,10.890000343322754,10.829999923706055,11.079999923706055,10.710000038146973,10.613067626953125
2016-12-05,7399900,11.149999618530273,11.0,11.25,10.8100004196167,10.7796630859375
2016-12-02,4360900,11.15999984741211,11.449999809265137,11.609999656677246,11.149999618530273,11.220647811889648
2016-12-01,3564700,10.649999618530273,10.890000343322754,11.199999809265137,10.550000190734863,10.671866416931152
2016-11-30,3637600,11.079999923706055,10.9399995803833,11.140000343322754,10.850000381469727,10.720863342285156
2016-11-29,3006900,10.949999809265137,11.100000381469727,11.300000190734863,10.880000114440918,10.87765884399414
2016-11-28,4915000,11.239999771118164,11.279999732971191,11.5,11.119999885559082,11.05405330657959
2016-11-25,2186000,10.979999542236328,10.880000114440918,11.0600004196167,10.800000190734863,10.662067413330078
2016-11-23,5254500,10.739999771118164,10.59000015258789,10.789999961853027,10.449999809265137,10.377875328063965
2016-11-22,3531300,11.460000038146973,11.220000267028809,11.539999961853027,10.90999984741211,10.995255470275879
2016-11-21,3246800,11.6899995803833,11.420000076293945,11.720000267028809,11.369999885559082,11.19124984741211
2016-11-18,3839000,11.510000228881836,11.430000305175781,11.569999694824219,11.199999809265137,11.2010498046875
2016-11-17,5111600,11.869999885559082,11.460000038146973,12.09000015258789,11.25,11.230448722839355
2016-11-16,6578200,11.720000267028809,11.779999732971191,11.829999923706055,11.40999984741211,11.544037818908691
2016-11-15,5019500,11.470000267028809,11.949999809265137,12.029999732971191,11.430000305175781,11.71063232421875
2016-11-14,4952400,11.4399995803833,11.720000267028809,12.069999694824219,10.960000038146973,11.48523998260498
2016-11-11,10332700,12.210000038146973,11.210000038146973,12.3100004196167,11.170000076293945,10.985455513000488
2016-11-10,6195100,13.4399995803833,12.460000038146973,13.460000038146973,12.390000343322754,12.210417747497559
2016-11-09,7134500,14.350000381469727,13.510000228881836,14.369999885559082,13.149999618530273,13.239385604858398
2016-11-08,4147300,13.319999694824219,13.140000343322754,13.649999618530273,12.890000343322754,12.87679672241211
2016-11-07,3001300,13.579999923706055,13.399999618530273,13.59000015258789,13.25,13.131587982177734
2016-11-04,3500900,14.430000305175781,14.180000305175781,14.5,13.960000038146973,13.895965576171875
2016-11-03,3679600,14.430000305175781,14.579999923706055,14.75,14.34000015258789,14.287952423095703
2016-11-02,4994500,14.5,14.100000381469727,14.770000457763672,13.859999656677246,13.817567825317383
2016-11-01,5316600,13.970000267028809,14.270000457763672,14.489999771118164,13.90999984741211,13.984162330627441
2016-10-31,2935500,13.369999885559082,13.739999771118164,13.739999771118164,13.270000457763672,13.464777946472168
2016-10-28,4619900,13.149999618530273,13.520000457763672,13.8100004196167,13.149999618530273,13.249184608459473
2016-10-27,2920400,13.600000381469727,13.359999656677246,13.6899995803833,13.149999618530273,13.092389106750488
2016-10-26,2401400,13.760000228881836,13.510000228881836,13.84000015258789,13.279999732971191,13.239385604858398
2016-10-25,3449500,13.550000190734863,13.829999923706055,14.069999694824219,13.5,13.55297565460205
2016-10-24,3098500,13.949999809265137,13.510000228881836,13.989999771118164,13.40999984741211,13.239385604858398
2016-10-21,2155500,13.979999542236328,13.880000114440918,14.140000343322754,13.850000381469727,13.601974487304688
2016-10-20,4092500,14.079999923706055,14.039999961853027,14.220000267028809,13.8100004196167,13.758769035339355
2016-10-19,4102700,14.300000190734863,14.3100004196167,14.460000038146973,14.029999732971191,14.023361206054688
2016-10-18,4962500,13.59000015258789,14.130000114440918,14.15999984741211,13.539999961853027,13.846965789794922
2016-10-17,3818200,13.3100004196167,13.359999656677246,13.4399995803833,13.140000343322754,13.092389106750488
2016-10-14,4300300,13.40999984741211,13.380000114440918,13.529999732971191,13.260000228881836,13.111989974975586
2016-10-13,5507400,13.25,13.640000343322754,14.0600004196167,13.149999618530273,13.366782188415527
2016-10-12,4550400,12.949999809265137,13.289999961853027,13.529999732971191,12.920000076293945,13.023791313171387
2016-10-11,3911700,13.15999984741211,12.960000038146973,13.319999694824219,12.960000038146973,12.700403213500977
2016-10-10,2960200,13.479999542236328,13.430000305175781,13.59000015258789,13.260000228881836,13.160987854003906
2016-10-07,5413600,13.829999923706055,13.430000305175781,14.029999732971191,13.149999618530273,13.160987854003906
2016-10-06,4205900,13.59000015258789,13.59000015258789,13.920000076293945,13.4399995803833,13.31778335571289
2016-10-05,4009100,14.229999542236328,14.130000114440918,14.289999961853027,13.720000267028809,13.846965789794922
2016-10-04,5219400,15.010000228881836,14.199999809265137,15.039999961853027,14.130000114440918,13.915563583374023
2016-10-03,2197200,15.859999656677246,15.710000038146973,15.920000076293945,15.539999961853027,15.395317077636719
2016-09-30,2721400,16.309999465942383,15.920000076293945,16.3700008392334,15.8100004196167,15.60111141204834
2016-09-29,3536700,16.149999618530273,16.139999389648438,16.280000686645508,15.829999923706055,15.816702842712402
2016-09-28,3955000,16.030000686645508,16.209999084472656,16.290000915527344,15.5600004196167,15.885300636291504
2016-09-27,3541600,16.139999389648438,16.170000076293945,16.3700008392334,15.979999542236328,15.846104621887207
2016-09-26,2213700,16.239999771118164,15.9399995803833,16.420000076293945,15.90999984741211,15.620709419250488
2016-09-23,2816700,16.59000015258789,16.200000762939453,16.760000228881836,16.030000686645508,15.875503540039062
2016-09-22,5220700,17.010000228881836,16.559999465942383,17.229999542236328,16.34000015258789,16.22829246520996
2016-09-21,6530800,15.739999771118164,16.68000030517578,16.719999313354492,15.710000038146973,16.34588623046875
2016-09-20,2604300,15.25,15.109999656677246,15.3100004196167,15.0,14.80733585357666
2016-09-19,2244200,15.600000381469727,15.289999961853027,15.619999885559082,15.229999542236328,14.98373031616211
2016-09-16,4199500,15.369999885559082,15.25,15.479999542236328,15.020000457763672,14.944531440734863
2016-09-15,2905700,15.569999694824219,15.529999732971191,15.829999923706055,15.289999961853027,15.21892261505127
2016-09-14,3497300,15.630000114440918,15.720000267028809,16.049999237060547,15.609999656677246,15.405118942260742
2016-09-13,4404300,15.970000267028809,15.609999656677246,16.040000915527344,15.300000190734863,15.297320365905762
2016-09-12,4540500,15.90999984741211,16.459999084472656,16.700000762939453,15.859999656677246,16.130292892456055
2016-09-09,4282800,16.850000381469727,16.15999984741211,16.90999984741211,16.1200008392334,15.836304664611816
2016-09-08,3820900,17.649999618530273,17.170000076293945,17.81999969482422,17.049999237060547,16.826074600219727
2016-09-07,4456100,17.729999542236328,17.59000015258789,17.860000610351562,17.059999465942383,17.237659454345703
2016-09-06,5260600,16.93000030517578,17.760000228881836,17.760000228881836,16.899999618530273,17.404254913330078
2016-09-02,3606800,17.030000686645508,17.040000915527344,17.18000030517578,16.610000610351562,16.69867706298828
2016-09-01,4749200,16.040000915527344,16.6200008392334,16.68000030517578,15.949999809265137,16.287092208862305
2016-08-31,4672800,16.459999084472656,16.09000015258789,16.6299991607666,16.06999969482422,15.767705917358398
2016-08-30,3563500,17.219999313354492,16.639999389648438,17.40999984741211,16.5,16.30668830871582
2016-08-29,2638300,17.399999618530273,17.520000457763672,17.700000762939453,17.309999465942383,17.1690616607666
2016-08-26,4425500,18.309999465942383,17.729999542236328,18.6200008392334,17.530000686645508,17.374855041503906
2016-08-25,3483100,17.690000534057617,17.799999237060547,18.139999389648438,17.360000610351562,17.443452835083008
2016-08-24,4767800,18.299999237060547,17.579999923706055,18.3799991607666,17.549999237060547,17.227861404418945
2016-08-23,2979100,18.6200008392334,18.200000762939453,18.68000030517578,18.15999984741211,17.83544158935547
2016-08-22,3427400,18.530000686645508,18.540000915527344,18.649999618530273,18.350000381469727,18.16863250732422
2016-08-19,2448900,19.239999771118164,19.170000076293945,19.469999313354492,19.079999923706055,18.786012649536133
2016-08-18,2264400,19.81999969482422,19.780000686645508,19.93000030517578,19.489999771118164,19.383792877197266
2016-08-17,4862800,19.770000457763672,19.559999465942383,19.799999237060547,19.030000686645508,19.16819953918457
2016-08-16,4039800,19.93000030517578,20.15999984741211,20.389999389648438,19.8799991607666,19.756181716918945
2016-08-15,3883900,21.1200008392334,20.760000228881836,21.579999923706055,20.700000762939453,20.34416389465332
2016-08-12,2364300,22.25,21.90999984741211,22.360000610351562,21.799999237060547,21.471128463745117
2016-08-11,2065400,21.84000015258789,22.030000686645508,22.530000686645508,21.81999969482422,21.58872413635254
2016-08-10,2472500,22.200000762939453,22.190000534057617,22.360000610351562,22.010000228881836,21.745519638061523
2016-08-09,2119500,21.6200008392334,21.670000076293945,21.75,21.43000030517578,21.23593521118164
2016-08-08,2393100,21.459999084472656,21.479999542236328,21.81999969482422,21.399999618530273,21.049739837646484
2016-08-05,3431800,21.90999984741211,21.670000076293945,21.959999084472656,21.3700008392334,21.23593521118164
2016-08-04,2763100,22.520000457763672,22.649999618530273,22.90999984741211,22.290000915527344,22.196304321289062
2016-08-03,2376400,22.1200008392334,21.799999237060547,22.1200008392334,21.579999923706055,21.363330841064453
2016-08-02,3237300,22.510000228881836,22.25,22.719999313354492,22.209999084472656,21.804317474365234
2016-08-01,1995700,21.93000030517578,22.360000610351562,22.420000076293945,21.75,21.912113189697266
2016-07-29,2699000,21.790000915527344,21.90999984741211,22.100000381469727,21.6299991607666,21.471128463745117
2016-07-28,3136200,21.729999542236328,21.579999923706055,21.829999923706055,21.15999984741211,21.147737503051758
2016-07-27,2973700,21.010000228881836,21.690000534057617,21.93000030517578,20.639999389648438,21.255535125732422
2016-07-26,2387700,20.579999923706055,20.889999389648438,21.1200008392334,20.469999313354492,20.4715576171875
2016-07-25,3382200,20.739999771118164,20.219999313354492,20.75,19.920000076293945,19.814977645874023
2016-07-22,3078500,21.079999923706055,21.049999237060547,21.309999465942383,20.920000076293945,20.628353118896484
2016-07-21,4896400,20.3700008392334,21.139999389648438,21.18000030517578,20.360000610351562,20.716548919677734
2016-07-20,4120100,20.739999771118164,19.920000076293945,20.799999237060547,19.850000381469727,19.5209903717041
2016-07-19,4005500,21.1200008392334,21.110000610351562,21.34000015258789,20.93000030517578,20.687150955200195
2016-07-18,3729200,20.81999969482422,20.780000686645508,21.010000228881836,20.459999084472656,20.3637638092041
2016-07-15,2487800,20.75,21.0,21.25,20.75,20.579355239868164
2016-07-14,3963700,20.709999084472656,21.079999923706055,21.170000076293945,20.3700008392334,20.65775489807129
2016-07-13,3681300,20.989999771118164,21.260000228881836,21.420000076293945,20.65999984741211,20.834148406982422
2016-07-12,4309500,20.8700008392334,20.3799991607666,21.18000030517578,20.34000015258789,19.97177505493164
2016-07-11,5083300,20.889999389648438,21.280000686645508,21.350000381469727,20.829999923706055,20.85374641418457
2016-07-08,4020700,20.1299991607666,20.84000015258789,20.940000534057617,19.940000534057617,20.422561645507812
2016-07-07,5825100,20.18000030517578,20.0,20.34000015258789,19.780000686645508,19.59938621520996
2016-07-06,6870400,20.15999984741211,20.350000381469727,20.549999237060547,19.989999771118164,19.94237518310547
2016-07-05,4449900,19.43000030517578,19.219999313354492,19.489999771118164,18.90999984741211,18.83500862121582
2016-07-01,4669500,18.969999313354492,19.040000915527344,19.079999923706055,18.709999084472656,18.65861701965332
2016-06-30,4243300,18.1200008392334,18.059999465942383,18.489999771118164,17.899999618530273,17.698244094848633
2016-06-29,4706800,17.790000915527344,17.899999618530273,18.209999084472656,17.690000534057617,17.54144859313965
2016-06-28,4600100,17.40999984741211,17.190000534057617,17.579999923706055,17.1299991607666,16.845672607421875
2016-06-27,7156400,17.399999618530273,17.450000762939453,17.530000686645508,16.920000076293945,17.1004638671875
2016-06-24,5020300,17.299999237060547,16.770000457763672,17.59000015258789,16.68000030517578,16.434085845947266
2016-06-23,3085300,15.859999656677246,15.779999732971191,16.110000610351562,15.569999694824219,15.46391487121582
2016-06-22,3975300,15.6899995803833,15.859999656677246,15.899999618530273,15.470000267028809,15.542312622070312
2016-06-21,3121700,15.579999923706055,15.779999732971191,16.06999969482422,15.479999542236328,15.46391487121582
2016-06-20,3605200,15.34000015258789,15.850000381469727,15.989999771118164,15.289999961853027,15.532513618469238
2016-06-17,15329700,16.299999237060547,16.030000686645508,16.31999969482422,15.630000114440918,15.708909034729004
2016-06-16,6165800,17.260000228881836,15.819999694824219,17.31999969482422,15.819999694824219,15.503113746643066
2016-06-15,4155600,16.1299991607666,16.770000457763672,17.049999237060547,15.880000114440918,16.434085845947266
2016-06-14,3682500,16.270000457763672,16.079999923706055,16.40999984741211,15.869999885559082,15.757906913757324
2016-06-13,4430200,16.979999542236328,16.219999313354492,17.030000686645508,15.9399995803833,15.895100593566895
2016-06-10,3666500,16.979999542236328,16.65999984741211,17.389999389648438,16.489999771118164,16.3262882232666
2016-06-09,2938000,16.56999969482422,16.950000762939453,16.989999771118164,16.43000030517578,16.6104793548584
2016-06-08,3791000,16.700000762939453,16.6200008392334,17.030000686645508,16.469999313354492,16.287092208862305
2016-06-07,2660900,15.970000267028809,15.8100004196167,16.149999618530273,15.65999984741211,15.493315696716309
2016-06-06,2956200,15.829999923706055,15.90999984741211,15.989999771118164,15.479999542236328,15.591312408447266
2016-06-03,5698900,14.960000038146973,15.890000343322754,15.960000038146973,14.960000038146973,15.571712493896484
2016-06-02,3735500,13.850000381469727,13.930000305175781,14.1899995803833,13.779999732971191,13.650973320007324
2016-06-01,3843300,13.760000228881836,13.729999542236328,14.0600004196167,13.430000305175781,13.454978942871094
2016-05-31,5546100,13.279999732971191,13.430000305175781,13.670000076293945,13.170000076293945,13.160987854003906
2016-05-27,3134300,13.710000038146973,13.380000114440918,13.859999656677246,13.329999923706055,13.111989974975586
2016-05-26,2870700,14.029999732971191,13.800000190734863,14.079999923706055,13.619999885559082,13.523576736450195
2016-05-25,5244900,13.449999809265137,13.8100004196167,13.949999809265137,13.180000305175781,13.53337574005127
2016-05-24,4715600,14.079999923706055,13.529999732971191,14.449999809265137,13.5,13.258984565734863
2016-05-23,3126800,14.0600004196167,14.380000114440918,14.739999771118164,14.0,14.091958999633789
2016-05-20,3601200,14.350000381469727,14.460000038146973,14.460000038146973,14.0,14.170356750488281
2016-05-19,5041000,13.420000076293945,14.289999961853027,14.510000228881836,13.40999984741211,14.003761291503906
2016-05-18,5257900,14.640000343322754,13.899999618530273,14.949999809265137,13.859999656677246,13.621573448181152
2016-05-17,5306500,15.050000190734863,14.989999771118164,15.34000015258789,14.770000457763672,14.689740180969238
2016-05-16,3793600,15.350000381469727,15.130000114440918,15.539999961853027,14.9399995803833,14.826935768127441
2016-05-13,4600300,15.470000267028809,15.149999618530273,15.670000076293945,15.069999694824219,14.846534729003906
2016-05-12,3746300,15.479999542236328,15.010000228881836,15.550000190734863,15.0,14.709339141845703
2016-05-11,5205200,14.899999618530273,15.270000457763672,15.3100004196167,14.729999542236328,14.964131355285645
2016-05-10,3184800,13.989999771118164,14.510000228881836,14.720000267028809,13.869999885559082,14.219355583190918
2016-05-09,5255700,14.8100004196167,14.109999656677246,15.069999694824219,14.050000190734863,13.827366828918457
2016-05-06,5945300,15.930000305175781,16.3700008392334,16.479999542236328,15.899999618530273,16.042097091674805
2016-05-05,4281900,14.989999771118164,15.6899995803833,15.880000114440918,14.949999809265137,15.375718116760254
2016-05-04,3934600,15.180000305175781,14.890000343322754,15.579999923706055,14.850000381469727,14.591743469238281
2016-05-03,3256800,15.920000076293945,15.470000267028809,16.040000915527344,15.350000381469727,15.160125732421875
2016-05-02,3519200,16.510000228881836,16.030000686645508,16.6299991607666,15.869999885559082,15.708909034729004
2016-04-29,7068200,15.819999694824219,16.450000762939453,16.450000762939453,15.65999984741211,16.120494842529297
2016-04-28,5417600,15.180000305175781,15.489999771118164,15.600000381469727,15.09000015258789,15.17972469329834
2016-04-27,3785900,14.460000038146973,14.529999732971191,14.770000457763672,14.239999771118164,14.238954544067383
2016-04-26,4730100,14.550000190734863,14.420000076293945,14.630000114440918,14.1899995803833,14.131157875061035
2016-04-25,2675200,14.75,14.600000381469727,14.880000114440918,14.529999732971191,14.3075532913208
2016-04-22,3519600,15.039999961853027,14.710000038146973,15.369999885559082,14.630000114440918,14.415348052978516
2016-04-21,4562400,15.289999961853027,15.109999656677246,15.369999885559082,14.729999542236328,14.80733585357666
2016-04-20,4513000,15.260000228881836,14.970000267028809,15.770000457763672,14.800000190734863,14.670141220092773
2016-04-19,5694500,15.430000305175781,15.289999961853027,15.5,14.899999618530273,14.98373031616211
2016-04-18,2377000,14.970000267028809,14.859999656677246,15.109999656677246,14.649999618530273,14.56234359741211
2016-04-15,3687700,14.649999618530273,14.960000038146973,15.25,14.529999732971191,14.660341262817383
2016-04-14,3986700,15.109999656677246,14.609999656677246,15.329999923706055,14.420000076293945,14.317351341247559
2016-04-13,4168700,15.25,15.229999542236328,15.760000228881836,15.170000076293945,14.924932479858398
2016-04-12,3704800,15.699999809265137,15.789999961853027,15.960000038146973,15.350000381469727,15.473715782165527
2016-04-11,5722500,15.369999885559082,15.569999694824219,15.59000015258789,15.140000343322754,15.258122444152832
2016-04-08,4543200,14.0600004196167,14.5600004196167,14.680000305175781,14.039999961853027,14.268352508544922
2016-04-07,5592600,14.100000381469727,14.210000038146973,14.5600004196167,14.100000381469727,13.925363540649414
2016-04-06,4436500,13.829999923706055,13.890000343322754,13.970000267028809,13.619999885559082,13.611773490905762
2016-04-05,5048400,13.550000190734863,13.75,13.859999656677246,13.270000457763672,13.474577903747559
2016-04-04,2588400,13.59000015258789,13.260000228881836,13.600000381469727,13.210000038146973,12.994393348693848
2016-04-01,3731500,13.359999656677246,13.739999771118164,13.760000228881836,13.239999771118164,13.464777946472168
2016-03-31,3303100,13.9399995803833,13.6899995803833,13.979999542236328,13.619999885559082,13.415779113769531
2016-03-30,4723400,13.75,13.75,14.0,13.460000038146973,13.474577903747559
2016-03-29,6216700,13.140000343322754,13.949999809265137,13.949999809265137,12.970000267028809,13.670572280883789
2016-03-28,2616700,13.079999923706055,13.050000190734863,13.170000076293945,12.829999923706055,12.788599967956543
2016-03-24,4064200,12.699999809265137,13.050000190734863,13.15999984741211,12.699999809265137,12.788599967956543
2016-03-23,5759600,13.119999885559082,12.850000381469727,13.460000038146973,12.760000228881836,12.592605590820312
2016-03-22,5121200,14.0600004196167,13.609999656677246,14.069999694824219,13.430000305175781,13.337382316589355
2016-03-21,4794400,13.460000038146973,13.4399995803833,13.680000305175781,13.260000228881836,13.17078685760498
2016-03-18,13315400,13.390000343322754,13.579999923706055,13.850000381469727,13.25,13.3079833984375
2016-03-17,6467400,14.0,13.260000228881836,14.09000015258789,13.15999984741211,12.994393348693848
2016-03-16,6547200,12.899999618530273,13.899999618530273,13.970000267028809,12.760000228881836,13.621573448181152
2016-03-15,5895100,12.65999984741211,13.079999923706055,13.119999885559082,12.390000343322754,12.817998886108398
2016-03-14,7137800,13.649999618530273,12.65999984741211,13.720000267028809,12.550000190734863,12.406411170959473
2016-03-11,7640400,13.779999732971191,13.470000267028809,13.859999656677246,13.369999885559082,13.200187683105469
2016-03-10,7137000,13.369999885559082,13.649999618530273,13.880000114440918,13.25,13.376581192016602
2016-03-09,7557800,12.90999984741211,13.149999618530273,13.430000305175781,12.520000457763672,12.8865966796875
2016-03-08,7746300,13.460000038146973,12.90999984741211,13.609999656677246,12.600000381469727,12.651403427124023
2016-03-07,8140200,13.350000381469727,13.399999618530273,13.770000457763672,13.0,13.131587982177734
2016-03-04,11853000,13.699999809265137,12.920000076293945,14.3100004196167,12.819999694824219,12.661203384399414
2016-03-03,7230900,12.65999984741211,13.279999732971191,13.579999923706055,12.65999984741211,13.013991355895996
2016-03-02,5284500,12.420000076293945,12.760000228881836,12.890000343322754,12.220000267028809,12.504408836364746
2016-03-01,7424100,13.079999923706055,12.1899995803833,13.119999885559082,12.130000114440918,11.945825576782227
2016-02-29,6151100,12.350000381469727,13.020000457763672,13.029999732971191,12.350000381469727,12.759200096130371
2016-02-26,6178800,12.039999961853027,12.149999618530273,12.5,11.770000457763672,11.90662670135498
2016-02-25,5509200,12.109999656677246,12.630000114440918,12.869999885559082,12.100000381469727,12.377012252807617
2016-02-24,7843400,12.199999809265137,12.050000190734863,12.739999771118164,11.850000381469727,11.808629989624023
2016-02-23,5300400,11.609999656677246,11.989999771118164,12.09000015258789,11.600000381469727,11.749831199645996
2016-02-22,5142400,10.850000381469727,11.34000015258789,11.609999656677246,10.680000305175781,11.112853050231934
2016-02-19,6892500,10.859999656677246,10.880000114440918,11.289999961853027,10.670000076293945,10.662067413330078
2016-02-18,8711500,10.329999923706055,11.260000228881836,11.279999732971191,9.859999656677246,11.034454345703125
2016-02-17,4167700,10.75,10.699999809265137,10.779999732971191,10.380000114440918,10.485671997070312
2016-02-16,5211200,11.0600004196167,10.489999771118164,11.319999694824219,10.4399995803833,10.279877662658691
2016-02-12,6046800,11.119999885559082,11.699999809265137,11.75,11.0600004196167,11.465641021728516
2016-02-11,8478100,11.460000038146973,11.40999984741211,11.699999809265137,10.789999961853027,11.181449890136719
2016-02-10,6366600,10.40999984741211,10.770000457763672,10.800000190734863,9.9399995803833,10.554269790649414
2016-02-09,5893700,10.899999618530273,10.40999984741211,11.229999542236328,10.380000114440918,10.2014799118042
2016-02-08,7526800,10.859999656677246,10.899999618530273,11.329999923706055,10.329999923706055,10.681665420532227
2016-02-05,8009300,9.510000228881836,10.729999542236328,10.739999771118164,9.329999923706055,10.515070915222168
2016-02-04,7873100,9.9399995803833,9.65999984741211,10.279999732971191,9.529999732971191,9.466504096984863
2016-02-03,7143900,8.739999771118164,9.470000267028809,9.489999771118164,8.729999542236328,9.280309677124023
2016-02-02,2902400,8.649999618530273,8.640000343322754,8.789999961853027,8.369999885559082,8.466935157775879
2016-02-01,3617600,8.529999732971191,8.670000076293945,8.84000015258789,8.5,8.496334075927734
2016-01-29,2869900,8.220000267028809,8.479999542236328,8.529999732971191,8.180000305175781,8.310139656066895
2016-01-28,4938400,8.460000038146973,8.239999771118164,8.470000267028809,7.96999979019165,8.074947357177734
2016-01-27,4584800,8.720000267028809,8.850000381469727,8.850000381469727,8.600000381469727,8.672728538513184
2016-01-26,5812900,8.829999923706055,8.760000228881836,9.0,8.630000114440918,8.5845308303833
2016-01-25,4300500,8.069999694824219,8.229999542236328,8.34000015258789,8.0600004196167,8.065146446228027
2016-01-22,2933800,7.960000038146973,7.849999904632568,8.09000015258789,7.739999771118164,7.692758560180664
2016-01-21,4755100,8.010000228881836,8.050000190734863,8.069999694824219,7.690000057220459,7.888753414154053
2016-01-20,6112600,7.630000114440918,7.929999828338623,8.050000190734863,7.619999885559082,7.771156311035156
2016-01-19,5190700,7.610000133514404,7.440000057220459,7.650000095367432,7.090000152587891,7.290971755981445
2016-01-15,6085700,8.140000343322754,7.329999923706055,8.140000343322754,7.260000228881836,7.1831746101379395
2016-01-14,4585600,7.880000114440918,7.420000076293945,7.909999847412109,7.25,7.271372318267822
2016-01-13,2944900,7.769999980926514,7.860000133514404,7.960000038146973,7.710000038146973,7.702559471130371
2016-01-12,4186500,8.029999732971191,7.829999923706055,8.050000190734863,7.619999885559082,7.673159599304199
2016-01-11,4286300,8.1899995803833,7.909999847412109,8.380000114440918,7.789999961853027,7.751556873321533
2016-01-08,2825400,7.679999828338623,7.900000095367432,7.940000057220459,7.670000076293945,7.741757392883301
2016-01-07,3467900,7.829999923706055,7.880000114440918,8.029999732971191,7.590000152587891,7.722158432006836
2016-01-06,2438100,7.53000020980835,7.71999979019165,7.739999771118164,7.460000038146973,7.565362453460693
2016-01-05,1626600,7.489999771118164,7.360000133514404,7.489999771118164,7.269999980926514,7.212574481964111
2016-01-04,2395500,7.239999771118164,7.460000038146973,7.570000171661377,7.190000057220459,7.310571193695068
2015-12-31,1834800,7.03000020980835,7.099999904632568,7.110000133514404,6.949999809265137,6.957781791687012
2015-12-30,1475700,6.949999809265137,7.03000020980835,7.079999923706055,6.940000057220459,6.88918399810791
2015-12-29,1217500,7.21999979019165,7.210000038146973,7.289999961853027,7.099999904632568,7.065578937530518
2015-12-28,1200000,7.230000019073486,7.079999923706055,7.260000228881836,7.019999980926514,6.938182830810547
2015-12-24,912400,7.269999980926514,7.46999979019165,7.539999961853027,7.269999980926514,7.320370674133301
2015-12-23,1947500,7.119999885559082,7.340000152587891,7.360000133514404,7.110000133514404,7.1929755210876465
2015-12-22,1757400,6.989999771118164,6.980000019073486,7.099999904632568,6.889999866485596,6.840185642242432
2015-12-21,2553000,7.139999866485596,7.099999904632568,7.21999979019165,7.039999961853027,6.957781791687012
2015-12-18,4703100,6.739999771118164,6.800000190734863,6.920000076293945,6.630000114440918,6.663791179656982
2015-12-17,3440800,6.820000171661377,6.449999809265137,6.820000171661377,6.380000114440918,6.320801734924316
2015-12-16,4110600,6.96999979019165,7.099999904632568,7.199999809265137,6.880000114440918,6.957781791687012
2015-12-15,3528700,6.840000152587891,6.829999923706055,7.059999942779541,6.78000020980835,6.693190574645996
2015-12-14,6116100,6.960000038146973,6.489999771118164,7.03000020980835,6.340000152587891,6.3600006103515625
2015-12-11,4735700,6.989999771118164,7.239999771118164,7.510000228881836,6.940000057220459,7.094977378845215
2015-12-10,5220800,6.960000038146973,7.210000038146973,7.329999923706055,6.960000038146973,7.065578937530518
2015-12-09,2995300,6.619999885559082,6.610000133514404,6.739999771118164,6.510000228881836,6.477597713470459
2015-12-08,2772800,6.510000228881836,6.409999847412109,6.559999942779541,6.289999961853027,6.28160285949707
2015-12-07,2754700,6.659999847412109,6.510000228881836,6.769999980926514,6.449999809265137,6.3796000480651855
2015-12-04,5225100,6.260000228881836,6.840000152587891,6.840000152587891,6.25,6.702990531921387
2015-12-03,2602400,6.46999979019165,6.460000038146973,6.579999923706055,6.320000171661377,6.330601692199707
2015-12-02,2859700,6.409999847412109,6.360000133514404,6.46999979019165,6.199999809265137,6.232605457305908
2015-12-01,3376700,6.400000095367432,6.590000152587891,6.619999885559082,6.329999923706055,6.457998275756836
2015-11-30,2938200,6.289999961853027,6.400000095367432,6.46999979019165,6.25,6.271803855895996
2015-11-27,2417200,6.309999942779541,6.269999980926514,6.380000114440918,6.239999771118164,6.144407749176025
2015-11-25,2674600,6.579999923706055,6.579999923706055,6.679999828338623,6.480000019073486,6.448197841644287
2015-11-24,3390100,6.769999980926514,6.809999942779541,6.949999809265137,6.730000019073486,6.673590660095215
2015-11-23,2417500,6.579999923706055,6.539999961853027,6.650000095367432,6.519999980926514,6.408999443054199
2015-11-20,2649100,7.070000171661377,6.659999847412109,7.079999923706055,6.590000152587891,6.526595592498779
2015-11-19,3564000,6.960000038146973,6.980000019073486,7.070000171661377,6.75,6.840185642242432
2015-11-18,3433400,6.46999979019165,6.659999847412109,6.71999979019165,6.309999942779541,6.526595592498779
2015-11-17,3674900,6.670000076293945,6.480000019073486,6.690000057220459,6.440000057220459,6.350201606750488
2015-11-16,3395200,6.829999923706055,6.820000171661377,6.949999809265137,6.730000019073486,6.683391094207764
2015-11-13,3330600,6.619999885559082,6.889999866485596,6.949999809265137,6.610000133514404,6.751988410949707
2015-11-12,3824700,6.710000038146973,6.789999961853027,7.059999942779541,6.679999828338623,6.65399169921875
2015-11-11,2986500,6.75,7.039999961853027,7.110000133514404,6.710000038146973,6.898983955383301
2015-11-10,3215600,6.960000038146973,6.940000057220459,7.090000152587891,6.860000133514404,6.800987243652344
2015-11-09,4383000,6.920000076293945,7.110000133514404,7.119999885559082,6.800000190734863,6.9675822257995605
2015-11-06,4422300,7.190000057220459,7.059999942779541,7.230000019073486,6.760000228881836,6.918583393096924
2015-11-05,5133700,7.760000228881836,7.570000171661377,7.789999961853027,7.510000228881836,7.418368339538574
2015-11-04,8483400,8.5,7.840000152587891,8.529999732971191,7.829999923706055,7.68295955657959
2015-11-03,4163200,8.380000114440918,8.449999809265137,8.539999961853027,8.239999771118164,8.280740737915039
2015-11-02,3194900,8.40999984741211,8.550000190734863,8.680000305175781,8.229999542236328,8.378738403320312
2015-10-30,3643500,8.300000190734863,8.4399995803833,8.760000228881836,8.289999961853027,8.270939826965332
2015-10-29,6496700,8.630000114440918,8.279999732971191,8.729999542236328,8.270000457763672,8.11414623260498
2015-10-28,6489400,9.010000228881836,8.739999771118164,9.270000457763672,8.460000038146973,8.564931869506836
2015-10-27,2578200,8.699999809265137,8.859999656677246,8.9399995803833,8.630000114440918,8.682527542114258
2015-10-26,2520400,9.140000343322754,8.789999961853027,9.140000343322754,8.760000228881836,8.613930702209473
2015-10-23,6701500,9.050000190734863,9.039999961853027,9.100000381469727,8.75,8.858922958374023
2015-10-22,3018500,8.720000267028809,8.869999885559082,8.989999771118164,8.699999809265137,8.692327499389648
2015-10-21,2870000,9.0,8.569999694824219,9.010000228881836,8.5,8.398336410522461
2015-10-20,5549100,8.90999984741211,9.079999923706055,9.15999984741211,8.890000343322754,8.89812183380127
2015-10-19,3678500,9.270000457763672,8.779999732971191,9.270000457763672,8.710000038146973,8.604129791259766
2015-10-16,3484800,9.729999542236328,9.34000015258789,9.739999771118164,9.3100004196167,9.152913093566895
2015-10-15,7913700,9.670000076293945,9.720000267028809,9.8100004196167,9.5600004196167,9.525300979614258
2015-10-14,10360700,9.5,9.930000305175781,9.949999809265137,9.359999656677246,9.731096267700195
2015-10-13,2483600,9.319999694824219,9.220000267028809,9.619999885559082,9.199999809265137,9.035316467285156
2015-10-12,5649900,9.8100004196167,9.479999542236328,9.880000114440918,9.34000015258789,9.290107727050781
2015-10-09,4501900,9.5,9.550000190734863,9.579999923706055,9.399999618530273,9.3587064743042
2015-10-08,8937200,9.0,9.0600004196167,9.380000114440918,8.899999618530273,8.878522872924805
2015-10-07,4885800,9.180000305175781,8.75,9.239999771118164,8.710000038146973,8.574731826782227
2015-10-06,4866300,8.949999809265137,9.050000190734863,9.140000343322754,8.75,8.868722915649414
2015-10-05,7955100,8.479999542236328,8.529999732971191,8.59000015258789,8.380000114440918,8.359138488769531
2015-10-02,7135700,8.270000457763672,8.399999618530273,8.449999809265137,8.210000038146973,8.231741905212402
2015-10-01,3924600,8.270000457763672,7.96999979019165,8.350000381469727,7.940000057220459,7.810354709625244
2015-09-30,3940100,7.570000171661377,8.1899995803833,8.220000267028809,7.570000171661377,8.025948524475098
2015-09-29,2800600,7.550000190734863,7.699999809265137,7.920000076293945,7.539999961853027,7.5457634925842285
2015-09-28,4096300,7.760000228881836,7.380000114440918,7.769999980926514,7.320000171661377,7.232173442840576
2015-09-25,3932200,8.199999809265137,8.0600004196167,8.229999542236328,7.820000171661377,7.898552894592285
2015-09-24,3681900,8.079999923706055,8.380000114440918,8.449999809265137,8.0600004196167,8.212142944335938
2015-09-23,2386800,8.180000305175781,7.849999904632568,8.239999771118164,7.820000171661377,7.692758560180664
2015-09-22,2809000,8.09000015258789,8.15999984741211,8.329999923706055,7.989999771118164,7.996549606323242
2015-09-21,3400200,8.239999771118164,8.369999885559082,8.5600004196167,8.170000076293945,8.202342987060547
2015-09-18,6114400,8.449999809265137,8.5,8.600000381469727,8.289999961853027,8.329739570617676
2015-09-17,6813300,7.989999771118164,8.25,8.3100004196167,7.849999904632568,8.084746360778809
2015-09-16,5822000,7.739999771118164,7.949999809265137,8.010000228881836,7.739999771118164,7.790755748748779
2015-09-15,3431800,7.329999923706055,7.539999961853027,7.730000019073486,7.320000171661377,7.388968467712402
2015-09-14,2862100,7.369999885559082,7.340000152587891,7.559999942779541,7.179999828338623,7.1929755210876465
2015-09-11,4712000,7.340000152587891,7.380000114440918,7.409999847412109,6.829999923706055,7.232173442840576
2015-09-10,3356200,7.610000133514404,7.619999885559082,7.809999942779541,7.550000190734863,7.467365741729736
2015-09-09,2921700,7.659999847412109,7.510000228881836,7.800000190734863,7.429999828338623,7.359569072723389
2015-09-08,3576400,7.599999904632568,7.800000190734863,7.949999809265137,7.5,7.643761157989502
2015-09-04,2203100,7.510000228881836,7.599999904632568,7.71999979019165,7.340000152587891,7.4477667808532715
2015-09-03,3379700,7.449999809265137,7.670000076293945,8.020000457763672,7.429999828338623,7.516364574432373
2015-09-02,2708700,7.599999904632568,7.610000133514404,7.730000019073486,7.380000114440918,7.457566738128662
2015-09-01,4170800,8.25,7.610000133514404,8.369999885559082,7.579999923706055,7.457566738128662
2015-08-31,4495500,7.840000152587891,8.119999885559082,8.15999984741211,7.590000152587891,7.957351207733154
2015-08-28,5496500,7.739999771118164,8.119999885559082,8.199999809265137,7.670000076293945,7.957351207733154
2015-08-27,7191400,7.170000076293945,7.610000133514404,7.630000114440918,7.119999885559082,7.457566738128662
2015-08-26,5561700,7.570000171661377,7.179999828338623,7.599999904632568,7.119999885559082,7.036179542541504
2015-08-25,5939600,8.449999809265137,7.699999809265137,8.460000038146973,7.639999866485596,7.5457634925842285
2015-08-24,12711000,8.0,8.300000190734863,8.3100004196167,7.940000057220459,8.133745193481445
2015-08-21,7799400,8.819999694824219,8.130000114440918,8.880000114440918,8.0,7.967150688171387
2015-08-20,8409000,7.900000095367432,8.289999961853027,8.569999694824219,7.849999904632568,8.123946189880371
2015-08-19,6173200,6.860000133514404,7.46999979019165,7.570000171661377,6.860000133514404,7.320370674133301
2015-08-18,2814100,6.619999885559082,6.75,6.840000152587891,6.559999942779541,6.614792823791504
2015-08-17,3716300,6.599999904632568,6.730000019073486,6.800000190734863,6.519999980926514,6.595193386077881
2015-08-14,2005800,6.489999771118164,6.25,6.559999942779541,6.230000019073486,6.124808311462402
2015-08-13,3762600,6.579999923706055,6.300000190734863,6.699999809265137,6.260000228881836,6.173806667327881
2015-08-12,5458000,6.489999771118164,6.949999809265137,6.989999771118164,6.489999771118164,6.810786724090576
2015-08-11,3417700,6.289999961853027,6.380000114440918,6.400000095367432,6.070000171661377,6.252204418182373
2015-08-10,3495200,5.78000020980835,6.289999961853027,6.300000190734863,5.710000038146973,6.16400671005249
2015-08-07,2963300,5.889999866485596,5.730000019073486,6.059999942779541,5.679999828338623,5.615224361419678
2015-08-06,2941700,5.739999771118164,5.829999923706055,5.989999771118164,5.679999828338623,5.713221073150635
2015-08-05,2248500,5.880000114440918,5.679999828338623,5.960000038146973,5.639999866485596,5.566225528717041
2015-08-04,2949100,5.920000076293945,5.78000020980835,6.0,5.670000076293945,5.664222240447998
2015-08-03,3128000,6.0,5.909999847412109,6.019999980926514,5.849999904632568,5.791618347167969
2015-07-31,3015600,6.260000228881836,6.119999885559082,6.329999923706055,6.03000020980835,5.997411727905273
2015-07-30,4411100,6.170000076293945,6.070000171661377,6.300000190734863,6.039999961853027,5.948413372039795
2015-07-29,4064200,6.199999809265137,6.46999979019165,6.550000190734863,6.099999904632568,6.340400695800781
2015-07-28,3311600,6.389999866485596,6.320000171661377,6.5,6.260000228881836,6.193406105041504
2015-07-27,5307900,6.650000095367432,6.360000133514404,6.840000152587891,6.289999961853027,6.232605457305908
2015-07-24,7682100,6.199999809265137,6.78000020980835,6.800000190734863,6.119999885559082,6.644192218780518
2015-07-23,3974800,6.880000114440918,6.550000190734863,6.960000038146973,6.46999979019165,6.418798923492432
2015-07-22,3482600,6.670000076293945,6.75,6.869999885559082,6.599999904632568,6.614792823791504
2015-07-21,3150400,6.869999885559082,6.829999923706055,7.010000228881836,6.730000019073486,6.693190574645996
2015-07-20,5814700,6.960000038146973,6.739999771118164,7.079999923706055,6.699999809265137,6.604992866516113
2015-07-17,3993900,7.880000114440918,7.489999771118164,7.920000076293945,7.460000038146973,7.339969635009766
2015-07-16,1342300,7.989999771118164,7.96999979019165,8.100000381469727,7.940000057220459,7.810354709625244
2015-07-15,2017300,8.260000228881836,8.109999656677246,8.369999885559082,8.079999923706055,7.947550296783447
2015-07-14,1883700,8.279999732971191,8.270000457763672,8.390000343322754,8.239999771118164,8.10434627532959
2015-07-13,2145300,8.010000228881836,8.109999656677246,8.149999618530273,7.869999885559082,7.947550296783447
2015-07-10,1751400,8.199999809265137,8.100000381469727,8.260000228881836,8.039999961853027,7.937751770019531
2015-07-09,1384500,8.25,8.1899995803833,8.329999923706055,8.09000015258789,8.025948524475098
2015-07-08,2704000,8.460000038146973,8.069999694824219,8.5600004196167,8.029999732971191,7.908351421356201
2015-07-07,3402300,8.609999656677246,8.40999984741211,8.670000076293945,8.350000381469727,8.241541862487793
2015-07-06,2442600,8.65999984741211,8.850000381469727,8.970000267028809,8.630000114440918,8.672728538513184
2015-07-02,3097500,8.430000305175781,8.8100004196167,8.829999923706055,8.40999984741211,8.633530616760254
2015-07-01,2524400,8.829999923706055,8.449999809265137,8.829999923706055,8.369999885559082,8.280740737915039
2015-06-30,2885500,8.979999542236328,8.949999809265137,9.210000038146973,8.890000343322754,8.770724296569824
2015-06-29,1516800,9.15999984741211,9.130000114440918,9.279999732971191,9.09000015258789,8.94711971282959
2015-06-26,1754200,8.979999542236328,9.109999656677246,9.180000305175781,8.970000267028809,8.927519798278809
2015-06-25,1545900,9.039999961853027,9.020000457763672,9.130000114440918,8.960000038146973,8.839323043823242
2015-06-24,1907100,8.949999809265137,8.960000038146973,9.039999961853027,8.859999656677246,8.780525207519531
2015-06-23,2652000,8.920000076293945,8.9399995803833,9.109999656677246,8.880000114440918,8.76092529296875
2015-06-22,2865700,9.170000076293945,8.979999542236328,9.210000038146973,8.970000267028809,8.800124168395996
2015-06-19,8862700,9.6899995803833,9.270000457763672,9.75,9.239999771118164,9.08431625366211
2015-06-18,3961100,9.399999618530273,9.600000381469727,9.789999961853027,9.399999618530273,9.407705307006836
2015-06-17,3075800,8.880000114440918,9.1899995803833,9.220000267028809,8.770000457763672,9.0059175491333
2015-06-16,2282900,8.930000305175781,8.90999984741211,9.050000190734863,8.829999923706055,8.731526374816895
2015-06-15,3650500,8.899999618530273,9.020000457763672,9.100000381469727,8.760000228881836,8.839323043823242
2015-06-12,2487400,9.1899995803833,9.0600004196167,9.270000457763672,9.0600004196167,8.878522872924805
2015-06-11,2308600,9.4399995803833,9.0,9.449999809265137,8.979999542236328,8.819724082946777
2015-06-10,3063500,9.65999984741211,9.449999809265137,9.670000076293945,9.359999656677246,9.260709762573242
2015-06-09,4979100,9.579999923706055,9.300000190734863,9.65999984741211,9.239999771118164,9.113714218139648
2015-06-08,2744600,8.699999809265137,8.720000267028809,8.720000267028809,8.430000305175781,8.545332908630371
2015-06-05,2144000,8.649999618530273,8.720000267028809,8.869999885559082,8.619999885559082,8.545332908630371
2015-06-04,5443800,8.880000114440918,8.850000381469727,8.979999542236328,8.710000038146973,8.672728538513184
2015-06-03,2663400,9.380000114440918,9.210000038146973,9.380000114440918,9.119999885559082,9.025517463684082
2015-06-02,1979200,9.369999885559082,9.399999618530273,9.510000228881836,9.300000190734863,9.211711883544922
2015-06-01,2210800,9.65999984741211,9.369999885559082,9.720000267028809,9.279999732971191,9.18231201171875
2015-05-29,1863500,9.640000343322754,9.579999923706055,9.729999542236328,9.529999732971191,9.388106346130371
2015-05-28,3252600,9.34000015258789,9.600000381469727,9.640000343322754,9.329999923706055,9.407705307006836
2015-05-27,3143700,9.380000114440918,9.420000076293945,9.520000457763672,9.319999694824219,9.231311798095703
2015-05-26,2997800,9.720000267028809,9.600000381469727,9.720000267028809,9.520000457763672,9.407705307006836
2015-05-22,2506400,10.260000228881836,9.960000038146973,10.279999732971191,9.880000114440918,9.76049518585205
2015-05-21,1871200,10.319999694824219,10.239999771118164,10.430000305175781,10.220000267028809,10.03488540649414
2015-05-20,2286500,10.460000038146973,10.350000381469727,10.529999732971191,10.319999694824219,10.142683029174805
2015-05-19,3469700,10.579999923706055,10.420000076293945,10.680000305175781,10.399999618530273,10.211280822753906
2015-05-18,2198000,11.029999732971191,10.920000076293945,11.09000015258789,10.829999923706055,10.701265335083008
2015-05-15,3877700,10.9399995803833,10.979999542236328,11.270000457763672,10.899999618530273,10.760062217712402
2015-05-14,2707600,11.319999694824219,11.380000114440918,11.739999771118164,11.270000457763672,11.152050971984863
2015-05-13,4036400,11.329999923706055,11.199999809265137,11.399999618530273,11.15999984741211,10.975655555725098
2015-05-12,2648500,11.109999656677246,11.119999885559082,11.239999771118164,10.979999542236328,10.897258758544922
2015-05-11,3032900,11.40999984741211,11.140000343322754,11.579999923706055,10.960000038146973,10.916858673095703
2015-05-08,3191800,11.100000381469727,11.260000228881836,11.449999809265137,10.979999542236328,11.034454345703125
2015-05-07,4489200,10.779999732971191,11.239999771118164,11.25,10.760000228881836,11.01485538482666
2015-05-06,2773900,11.640000343322754,11.15999984741211,11.6899995803833,11.100000381469727,10.936457633972168
2015-05-05,2287900,11.729999542236328,11.489999771118164,11.800000190734863,11.369999885559082,11.259846687316895
2015-05-04,2490000,11.579999923706055,11.470000267028809,11.729999542236328,11.420000076293945,11.24024772644043
2015-05-01,2066200,11.079999923706055,11.430000305175781,11.489999771118164,11.069999694824219,11.2010498046875
2015-04-30,3263600,11.170000076293945,11.329999923706055,11.399999618530273,10.989999771118164,11.103052139282227
2015-04-29,3288200,11.420000076293945,11.619999885559082,11.800000190734863,11.289999961853027,11.387243270874023
2015-04-28,4443500,11.199999809265137,11.430000305175781,11.489999771118164,11.149999618530273,11.2010498046875
2015-04-27,4398000,10.979999542236328,10.930000305175781,11.270000457763672,10.859999656677246,10.711064338684082
2015-04-24,4087900,10.880000114440918,10.649999618530273,10.970000267028809,10.609999656677246,10.436673164367676
2015-04-23,2920300,11.029999732971191,11.119999885559082,11.260000228881836,10.899999618530273,10.897258758544922
2015-04-22,2998400,11.390000343322754,11.079999923706055,11.510000228881836,11.069999694824219,10.858059883117676
2015-04-21,2972700,11.34000015258789,11.539999961853027,11.640000343322754,11.3100004196167,11.308845520019531
2015-04-20,9859800,11.3100004196167,11.539999961853027,11.579999923706055,11.270000457763672,11.308845520019531
2015-04-17,3539700,11.220000267028809,11.40999984741211,11.520000457763672,11.1899995803833,11.181449890136719
2015-04-16,4879500,11.510000228881836,11.279999732971191,11.510000228881836,11.039999961853027,11.05405330657959
2015-04-15,5253300,10.819999694824219,11.420000076293945,11.460000038146973,10.8100004196167,11.19124984741211
2015-04-14,3808000,10.449999809265137,10.880000114440918,10.930000305175781,10.430000305175781,10.662067413330078
2015-04-13,2517900,10.34000015258789,10.319999694824219,10.479999542236328,10.210000038146973,10.113283157348633
2015-04-10,3106400,9.819999694824219,10.239999771118164,10.239999771118164,9.770000457763672,10.03488540649414
2015-04-09,1980300,9.59000015258789,9.520000457763672,9.710000038146973,9.5,9.32930850982666
2015-04-08,3417600,10.010000228881836,9.75,10.149999618530273,9.6899995803833,9.55470085144043
2015-04-07,4179400,10.079999923706055,9.920000076293945,10.260000228881836,9.880000114440918,9.721296310424805
2015-04-06,3876000,9.770000457763672,10.0600004196167,10.149999618530273,9.739999771118164,9.858490943908691
2015-04-02,4319900,9.819999694824219,9.420000076293945,9.859999656677246,9.40999984741211,9.231311798095703
2015-04-01,3841300,9.4399995803833,9.65999984741211,9.770000457763672,9.40999984741211,9.466504096984863
2015-03-31,2704600,9.609999656677246,9.34000015258789,9.789999961853027,9.279999732971191,9.152913093566895
2015-03-30,2710100,9.600000381469727,9.479999542236328,9.680000305175781,9.460000038146973,9.290107727050781
2015-03-27,2468000,9.859999656677246,9.859999656677246,10.0600004196167,9.680000305175781,9.662497520446777
2015-03-26,4039600,10.430000305175781,10.100000381469727,10.510000228881836,9.880000114440918,9.897690773010254
2015-03-25,2428600,10.109999656677246,9.9399995803833,10.210000038146973,9.920000076293945,9.740894317626953
2015-03-24,2786800,10.039999961853027,9.960000038146973,10.149999618530273,9.850000381469727,9.76049518585205
2015-03-23,3350900,9.859999656677246,9.989999771118164,10.079999923706055,9.850000381469727,9.789892196655273
2015-03-20,6866100,9.529999732971191,9.84000015258789,9.989999771118164,9.510000228881836,9.642897605895996
2015-03-19,2808000,9.479999542236328,9.399999618530273,9.520000457763672,9.140000343322754,9.211711883544922
2015-03-18,4311000,8.880000114440918,9.569999694824219,9.65999984741211,8.859999656677246,9.37830638885498
2015-03-17,2635400,8.699999809265137,8.859999656677246,9.039999961853027,8.609999656677246,8.682527542114258
2015-03-16,3019900,8.670000076293945,8.800000190734863,8.890000343322754,8.550000190734863,8.623729705810547
2015-03-13,3043300,8.869999885559082,8.640000343322754,8.930000305175781,8.4399995803833,8.466935157775879
2015-03-12,2278500,9.239999771118164,9.050000190734863,9.279999732971191,8.930000305175781,8.868722915649414
2015-03-11,2732100,9.0,9.329999923706055,9.359999656677246,8.850000381469727,9.14311408996582
2015-03-10,3402500,8.979999542236328,8.970000267028809,9.359999656677246,8.890000343322754,8.790325164794922
2015-03-09,3318400,9.59000015258789,9.130000114440918,9.630000114440918,9.100000381469727,8.94711971282959
2015-03-06,4192100,9.989999771118164,9.5600004196167,10.020000457763672,9.529999732971191,9.36850643157959
2015-03-05,1560300,10.479999542236328,10.289999961853027,10.640000343322754,10.270000457763672,10.083884239196777
2015-03-04,2128500,10.710000038146973,10.489999771118164,10.739999771118164,10.40999984741211,10.279877662658691
2015-03-03,2461700,11.010000228881836,10.600000381469727,11.09000015258789,10.5600004196167,10.387674331665039
2015-03-02,2519200,11.289999961853027,10.899999618530273,11.369999885559082,10.819999694824219,10.681665420532227
2015-02-27,2140500,11.319999694824219,11.270000457763672,11.470000267028809,11.229999542236328,11.044254302978516
2015-02-26,3021700,11.359999656677246,11.15999984741211,11.369999885559082,11.140000343322754,10.936457633972168
2015-02-25,2548500,11.369999885559082,11.1899995803833,11.40999984741211,11.100000381469727,10.965856552124023
2015-02-24,2864200,11.15999984741211,11.109999656677246,11.420000076293945,11.069999694824219,10.887458801269531
2015-02-23,3211500,11.289999961853027,11.350000381469727,11.630000114440918,11.100000381469727,11.122652053833008
2015-02-20,3269000,11.710000038146973,11.470000267028809,11.890000343322754,11.460000038146973,11.24024772644043
2015-02-19,3688600,12.020000457763672,11.569999694824219,12.039999961853027,11.520000457763672,11.338245391845703
2015-02-18,3399900,11.739999771118164,12.010000228881836,12.109999656677246,11.630000114440918,11.769432067871094
2015-02-17,2687200,11.930000305175781,11.819999694824219,12.0,11.760000228881836,11.583236694335938
2015-02-13,3509400,12.220000267028809,12.329999923706055,12.4399995803833,12.15999984741211,12.08302116394043
2015-02-12,4729200,12.050000190734863,11.970000267028809,12.140000343322754,11.800000190734863,11.730232238769531
2015-02-11,2714300,12.109999656677246,11.869999885559082,12.180000305175781,11.84000015258789,11.632235527038574
2015-02-10,2636600,12.100000381469727,12.220000267028809,12.329999923706055,11.9399995803833,11.975224494934082
2015-02-09,3395600,12.239999771118164,12.430000305175781,12.489999771118164,12.220000267028809,12.181018829345703
2015-02-06,4059600,12.119999885559082,12.260000228881836,12.529999732971191,12.069999694824219,12.014425277709961
2015-02-05,2056700,12.65999984741211,12.989999771118164,13.0,12.630000114440918,12.729801177978516
2015-02-04,5070100,12.630000114440918,12.760000228881836,12.880000114440918,12.430000305175781,12.504408836364746
2015-02-03,5496300,12.90999984741211,12.789999961853027,13.119999885559082,12.59000015258789,12.533807754516602
2015-02-02,5484600,12.029999732971191,12.770000457763672,12.880000114440918,11.949999809265137,12.51420783996582
2015-01-30,5673800,11.680000305175781,12.380000114440918,12.380000114440918,11.579999923706055,12.132020950317383
2015-01-29,3267200,11.25,11.4399995803833,11.5,11.119999885559082,11.210847854614258
2015-01-28,4245600,11.329999923706055,11.399999618530273,11.699999809265137,11.220000267028809,11.171649932861328
2015-01-27,4434800,10.949999809265137,11.640000343322754,11.699999809265137,10.9399995803833,11.406842231750488
2015-01-26,4402300,10.670000076293945,10.920000076293945,10.930000305175781,10.550000190734863,10.701265335083008
2015-01-23,4131700,11.1899995803833,10.920000076293945,11.1899995803833,10.779999732971191,10.701265335083008
2015-01-22,5303400,11.600000381469727,11.359999656677246,11.729999542236328,11.220000267028809,11.132451057434082
2015-01-21,7122300,11.6899995803833,11.420000076293945,11.880000114440918,11.1899995803833,11.19124984741211
2015-01-20,5281100,11.619999885559082,11.5600004196167,11.710000038146973,11.350000381469727,11.328444480895996
2015-01-16,5323200,11.020000457763672,10.989999771118164,11.449999809265137,10.880000114440918,10.769862174987793
2015-01-15,7328400,11.029999732971191,11.029999732971191,11.319999694824219,10.930000305175781,10.809060096740723
2015-01-14,4856300,10.710000038146973,10.420000076293945,10.770000457763672,10.140000343322754,10.211280822753906
2015-01-13,6024900,11.079999923706055,10.460000038146973,11.109999656677246,10.3100004196167,10.250479698181152
2015-01-12,5486500,10.239999771118164,10.770000457763672,10.9399995803833,10.1899995803833,10.554269790649414
2015-01-09,3976900,9.739999771118164,10.140000343322754,10.149999618530273,9.739999771118164,9.936888694763184
2015-01-08,3551100,9.680000305175781,9.569999694824219,10.020000457763672,9.5,9.37830638885498
2015-01-07,3908000,9.5,9.5600004196167,9.859999656677246,9.350000381469727,9.36850643157959
2015-01-06,6675800,9.329999923706055,9.739999771118164,9.800000190734863,9.25,9.544900894165039
2015-01-05,3890600,8.930000305175781,9.170000076293945,9.170000076293945,8.699999809265137,8.986318588256836
2015-01-02,2678100,8.529999732971191,8.779999732971191,8.800000190734863,8.40999984741211,8.604129791259766
2014-12-31,2494700,8.59000015258789,8.699999809265137,8.800000190734863,8.430000305175781,8.52573299407959
2014-12-30,3717000,8.640000343322754,8.75,8.960000038146973,8.640000343322754,8.574731826782227
2014-12-29,2446800,8.720000267028809,8.399999618530273,8.729999542236328,8.319999694824219,8.231741905212402
2014-12-26,3057800,8.579999923706055,8.739999771118164,8.850000381469727,8.489999771118164,8.564931869506836
2014-12-24,2015600,8.039999961853027,8.390000343322754,8.5,7.980000019073486,8.221942901611328
2014-12-23,4084700,8.010000228881836,8.149999618530273,8.630000114440918,8.010000228881836,7.986748695373535
2014-12-22,5227400,8.720000267028809,8.029999732971191,8.720000267028809,7.949999809265137,7.8691534996032715
2014-12-19,16479500,8.649999618530273,8.729999542236328,8.800000190734863,8.5,8.555131912231445
2014-12-18,4657500,8.510000228881836,8.680000305175781,8.739999771118164,8.350000381469727,8.506133079528809
2014-12-17,5657400,7.71999979019165,8.15999984741211,8.199999809265137,7.71999979019165,7.996549606323242
2014-12-16,4727700,7.730000019073486,7.519999980926514,7.880000114440918,7.449999809265137,7.3693695068359375
2014-12-15,5242600,8.119999885559082,7.480000019073486,8.289999961853027,7.480000019073486,7.330170631408691
2014-12-12,4171500,8.210000038146973,8.210000038146973,8.40999984741211,8.039999961853027,8.045548439025879
2014-12-11,4260800,8.359999656677246,8.270000457763672,8.600000381469727,8.130000114440918,8.10434627532959
2014-12-10,4982000,8.949999809265137,8.460000038146973,9.119999885559082,8.4399995803833,8.29054069519043
2014-12-09,4848100,8.84000015258789,9.079999923706055,9.270000457763672,8.800000190734863,8.89812183380127
2014-12-08,4427700,8.539999961853027,8.65999984741211,8.789999961853027,8.199999809265137,8.486534118652344
2014-12-05,2874200,8.649999618530273,8.520000457763672,8.720000267028809,8.449999809265137,8.34933853149414
2014-12-04,2858000,9.0,8.8100004196167,9.140000343322754,8.770000457763672,8.633530616760254
2014-12-03,3507800,8.979999542236328,9.100000381469727,9.260000228881836,8.979999542236328,8.917720794677734
2014-12-02,3457100,9.010000228881836,8.850000381469727,9.260000228881836,8.760000228881836,8.672728538513184
2014-12-01,3981600,8.760000228881836,9.34000015258789,9.4399995803833,8.729999542236328,9.152913093566895
2014-11-28,2898900,9.229999542236328,8.5600004196167,9.239999771118164,8.5600004196167,8.388537406921387
2014-11-26,2559400,9.869999885559082,9.739999771118164,9.960000038146973,9.619999885559082,9.544900894165039
2014-11-25,2640000,9.529999732971191,9.970000267028809,9.989999771118164,9.529999732971191,9.770294189453125
2014-11-24,2507500,9.720000267028809,9.5600004196167,9.770000457763672,9.4399995803833,9.36850643157959
2014-11-21,4683600,9.930000305175781,9.890000343322754,10.210000038146973,9.65999984741211,9.691896438598633
2014-11-20,3851500,9.510000228881836,9.569999694824219,9.859999656677246,9.3100004196167,9.37830638885498
2014-11-19,7361800,10.079999923706055,9.34000015258789,10.149999618530273,9.3100004196167,9.152913093566895
2014-11-18,6060200,9.789999961853027,10.270000457763672,10.319999694824219,9.699999809265137,10.064286231994629
2014-11-17,3941000,9.180000305175781,9.65999984741211,9.720000267028809,9.0600004196167,9.466504096984863
2014-11-14,6551200,8.550000190734863,9.5600004196167,9.630000114440918,8.399999618530273,9.36850643157959
2014-11-13,2947500,8.90999984741211,8.720000267028809,9.069999694824219,8.649999618530273,8.545332908630371
2014-11-12,3345000,9.239999771118164,9.0,9.380000114440918,8.8100004196167,8.819724082946777
2014-11-11,2107100,8.930000305175781,9.180000305175781,9.380000114440918,8.880000114440918,8.996118545532227
2014-11-10,4742000,9.5,8.850000381469727,9.569999694824219,8.800000190734863,8.672728538513184
2014-11-07,4612000,9.210000038146973,9.819999694824219,9.859999656677246,9.079999923706055,9.623297691345215
2014-11-06,4418800,8.899999618530273,9.029999732971191,9.270000457763672,8.899999618530273,8.849122047424316
2014-11-05,3979900,8.75,8.8100004196167,9.359999656677246,8.720000267028809,8.633530616760254
2014-11-04,5147500,9.779999732971191,9.069999694824219,9.789999961853027,9.020000457763672,8.888320922851562
2014-11-03,8846900,9.0600004196167,10.119999885559082,10.279999732971191,9.0,9.917289733886719
2014-10-31,7829000,8.149999618530273,8.270000457763672,8.600000381469727,8.069999694824219,8.10434627532959
2014-10-30,6024200,9.029999732971191,8.470000267028809,9.079999923706055,8.470000267028809,8.30034065246582
2014-10-29,3645900,9.470000267028809,9.210000038146973,9.600000381469727,9.199999809265137,9.025517463684082
2014-10-28,3236300,9.529999732971191,9.529999732971191,9.640000343322754,9.4399995803833,9.339106559753418
2014-10-27,1683000,9.420000076293945,9.34000015258789,9.520000457763672,9.3100004196167,9.152913093566895
2014-10-24,2520300,9.600000381469727,9.539999961853027,9.6899995803833,9.479999542236328,9.348907470703125
2014-10-23,3031600,9.579999923706055,9.65999984741211,9.779999732971191,9.479999542236328,9.466504096984863
2014-10-22,3202100,9.949999809265137,9.59000015258789,10.010000228881836,9.59000015258789,9.397906303405762
2014-10-21,2277200,10.09000015258789,10.119999885559082,10.239999771118164,10.050000190734863,9.917289733886719
2014-10-20,3663200,10.119999885559082,10.0,10.149999618530273,9.720000267028809,9.79969310760498
2014-10-17,3059600,10.539999961853027,10.020000457763672,10.59000015258789,9.989999771118164,9.819293022155762
2014-10-16,2875800,10.1899995803833,10.449999809265137,10.699999809265137,10.079999923706055,10.240678787231445
2014-10-15,5521700,10.859999656677246,10.1899995803833,10.949999809265137,10.09000015258789,9.98588752746582
2014-10-14,2390600,11.020000457763672,10.890000343322754,11.15999984741211,10.739999771118164,10.671866416931152
2014-10-13,2329100,10.949999809265137,11.050000190734863,11.40999984741211,10.90999984741211,10.828661918640137
2014-10-10,2682500,11.149999618530273,10.789999961853027,11.399999618530273,10.75,10.573868751525879
2014-10-09,4853300,11.779999732971191,11.1899995803833,11.829999923706055,10.930000305175781,10.965856552124023
2014-10-08,4176600,11.220000267028809,11.680000305175781,11.829999923706055,10.569999694824219,11.446041107177734
2014-10-07,2406200,11.699999809265137,11.140000343322754,11.789999961853027,11.130000114440918,10.916858673095703
2014-10-06,1912500,11.449999809265137,11.65999984741211,11.729999542236328,11.380000114440918,11.42644214630127
2014-10-03,3784800,11.350000381469727,11.1899995803833,11.529999732971191,11.149999618530273,10.965856552124023
2014-10-02,1905600,12.0,11.989999771118164,12.069999694824219,11.6899995803833,11.749831199645996
2014-10-01,1935700,11.979999542236328,12.0,12.220000267028809,11.970000267028809,11.759632110595703
2014-09-30,3001900,12.09000015258789,12.0,12.260000228881836,11.949999809265137,11.759632110595703
2014-09-29,1385500,12.420000076293945,12.170000076293945,12.510000228881836,12.15999984741211,11.926226615905762
2014-09-26,1418100,12.489999771118164,12.470000267028809,12.619999885559082,12.420000076293945,12.22021770477295
2014-09-25,2532400,12.40999984741211,12.609999656677246,12.609999656677246,12.359999656677246,12.357413291931152
2014-09-24,1634700,13.100000381469727,12.869999885559082,13.199999809265137,12.850000381469727,12.612204551696777
2014-09-23,1665800,13.010000228881836,13.149999618530273,13.180000305175781,12.800000190734863,12.8865966796875
2014-09-22,1821800,13.050000190734863,12.829999923706055,13.109999656677246,12.779999732971191,12.573005676269531
2014-09-19,2260500,13.180000305175781,13.100000381469727,13.229999542236328,12.979999542236328,12.837597846984863
2014-09-18,1946800,13.170000076293945,13.25,13.369999885559082,13.119999885559082,12.984593391418457
2014-09-17,2831100,13.649999618530273,13.300000190734863,13.649999618530273,13.25,13.03359317779541
2014-09-16,1979600,13.680000305175781,13.65999984741211,13.890000343322754,13.59000015258789,13.386381149291992
2014-09-15,3073300,14.029999732971191,13.670000076293945,14.039999961853027,13.479999542236328,13.396180152893066
2014-09-12,4069000,13.100000381469727,13.449999809265137,13.569999694824219,13.029999732971191,13.180586814880371
2014-09-11,4303300,13.079999923706055,13.09000015258789,13.199999809265137,12.869999885559082,12.827797889709473
2014-09-10,12372300,13.630000114440918,13.069999694824219,13.720000267028809,12.75,12.808198928833008
2014-09-09,2868100,15.3100004196167,15.489999771118164,15.579999923706055,15.279999732971191,15.17972469329834
2014-09-08,2420600,15.739999771118164,15.380000114440918,15.739999771118164,15.350000381469727,15.071928977966309
2014-09-05,2414400,15.6899995803833,15.739999771118164,15.880000114440918,15.550000190734863,15.42471694946289
2014-09-04,3417600,16.479999542236328,15.899999618530273,16.56999969482422,15.84000015258789,15.581511497497559
2014-09-03,1593600,16.6200008392334,16.459999084472656,16.670000076293945,16.450000762939453,16.130292892456055
2014-09-02,2230800,16.799999237060547,16.530000686645508,16.8799991607666,16.520000457763672,16.19889259338379
2014-08-29,1486500,17.020000457763672,17.18000030517578,17.209999084472656,16.93000030517578,16.835872650146484
2014-08-28,952900,17.1299991607666,16.989999771118164,17.15999984741211,16.920000076293945,16.64967918395996
2014-08-27,689800,17.049999237060547,16.969999313354492,17.18000030517578,16.920000076293945,16.630077362060547
2014-08-26,1364100,16.920000076293945,16.979999542236328,17.06999969482422,16.84000015258789,16.639877319335938
2014-08-25,1382000,16.729999542236328,16.709999084472656,16.799999237060547,16.600000381469727,16.375286102294922
2014-08-22,1669600,16.940000534057617,16.889999389648438,17.079999923706055,16.790000915527344,16.551681518554688
2014-08-21,2416500,16.969999313354492,17.030000686645508,17.170000076293945,16.860000610351562,16.688879013061523
2014-08-20,1523400,17.170000076293945,17.270000457763672,17.420000076293945,17.079999923706055,16.924070358276367
2014-08-19,1495600,17.280000686645508,17.219999313354492,17.389999389648438,17.139999389648438,16.87506866455078
2014-08-18,1672700,17.209999084472656,17.420000076293945,17.43000030517578,17.149999618530273,17.07106590270996
2014-08-15,1895800,17.200000762939453,17.3700008392334,17.40999984741211,17.149999618530273,17.02206802368164
2014-08-14,1726400,17.600000381469727,17.579999923706055,17.799999237060547,17.450000762939453,17.227861404418945
2014-08-13,1964400,17.6299991607666,17.65999984741211,17.790000915527344,17.420000076293945,17.306257247924805
2014-08-12,2409700,17.719999313354492,17.790000915527344,17.969999313354492,17.56999969482422,17.43365478515625
2014-08-11,2124200,17.639999389648438,18.030000686645508,18.190000534057617,17.6299991607666,17.668848037719727
2014-08-08,2301300,17.440000534057617,17.799999237060547,17.920000076293945,17.440000534057617,17.443452835083008
2014-08-07,1674600,17.40999984741211,17.59000015258789,17.65999984741211,17.25,17.237659454345703
2014-08-06,1936600,17.530000686645508,17.760000228881836,17.899999618530273,17.469999313354492,17.404254913330078
2014-08-05,1742300,17.100000381469727,17.329999923706055,17.420000076293945,16.850000381469727,16.98287010192871
2014-08-04,1409900,17.1200008392334,17.229999542236328,17.31999969482422,16.899999618530273,16.884872436523438
2014-08-01,2231800,17.31999969482422,17.09000015258789,17.510000228881836,16.8700008392334,16.7476749420166
2014-07-31,2768400,17.40999984741211,17.190000534057617,17.459999084472656,16.729999542236328,16.845672607421875
2014-07-30,1601000,17.90999984741211,17.780000686645508,17.93000030517578,17.440000534057617,17.423856735229492
2014-07-29,1034000,18.239999771118164,18.049999237060547,18.329999923706055,17.920000076293945,17.688446044921875
2014-07-28,1068500,18.06999969482422,18.209999084472656,18.229999542236328,17.989999771118164,17.845239639282227
2014-07-25,1732200,17.559999465942383,18.049999237060547,18.100000381469727,17.530000686645508,17.688446044921875
2014-07-24,2812300,17.75,17.489999771118164,17.75,17.299999237060547,17.13966178894043
2014-07-23,1285200,18.15999984741211,17.93000030517578,18.34000015258789,17.920000076293945,17.570850372314453
2014-07-22,1435600,18.31999969482422,18.040000915527344,18.3799991607666,18.030000686645508,17.678646087646484
2014-07-21,2394300,18.149999618530273,18.3799991607666,18.440000534057617,18.0,18.008895874023438
2014-07-18,2830400,17.799999237060547,18.110000610351562,18.139999389648438,17.559999465942383,17.744348526000977
2014-07-17,2035500,17.920000076293945,18.15999984741211,18.270000457763672,17.549999237060547,17.793338775634766
2014-07-16,1868100,17.56999969482422,17.84000015258789,17.969999313354492,17.56999969482422,17.479799270629883
2014-07-15,2461300,18.040000915527344,17.3700008392334,18.139999389648438,17.309999465942383,17.019289016723633
2014-07-14,2076200,17.799999237060547,17.969999313354492,18.260000228881836,17.799999237060547,17.607173919677734
2014-07-11,2097500,17.989999771118164,18.530000686645508,18.59000015258789,17.739999771118164,18.155868530273438
2014-07-10,2956900,18.5,17.809999465942383,18.690000534057617,17.780000686645508,17.45040512084961
2014-07-09,2983900,17.860000610351562,18.200000762939453,18.260000228881836,17.84000015258789,17.832530975341797
2014-07-08,2756300,17.18000030517578,17.600000381469727,17.700000762939453,17.030000686645508,17.244644165039062
2014-07-07,1598300,17.170000076293945,16.889999389648438,17.260000228881836,16.850000381469727,16.548980712890625
2014-07-03,1307900,16.959999084472656,17.149999618530273,17.25,16.719999313354492,16.803730010986328
2014-07-02,1069500,17.100000381469727,17.360000610351562,17.450000762939453,17.079999923706055,17.009489059448242
2014-07-01,1421700,17.200000762939453,17.100000381469727,17.440000534057617,17.049999237060547,16.754741668701172
2014-06-30,2124200,16.6200008392334,17.209999084472656,17.260000228881836,16.510000228881836,16.862518310546875
2014-06-27,1479400,16.899999618530273,16.760000228881836,17.0,16.540000915527344,16.421606063842773
2014-06-26,1329000,16.809999465942383,16.8700008392334,16.940000534057617,16.540000915527344,16.52938461303711
2014-06-25,1504700,16.719999313354492,16.799999237060547,16.93000030517578,16.56999969482422,16.460796356201172
2014-06-24,3359400,17.34000015258789,16.68000030517578,17.450000762939453,16.65999984741211,16.343217849731445
2014-06-23,2040800,16.979999542236328,17.110000610351562,17.18000030517578,16.829999923706055,16.764537811279297
2014-06-20,2640900,17.239999771118164,16.860000610351562,17.329999923706055,16.68000030517578,16.51958656311035
2014-06-19,4624700,16.639999389648438,17.139999389648438,17.229999542236328,16.639999389648438,16.79393196105957
2014-06-18,2363600,16.1200008392334,16.350000381469727,16.360000610351562,15.970000267028809,16.01988410949707
2014-06-17,2181600,15.770000457763672,16.09000015258789,16.139999389648438,15.640000343322754,15.765131950378418
2014-06-16,1838400,16.059999465942383,15.930000305175781,16.15999984741211,15.710000038146973,15.608363151550293
2014-06-13,1456900,15.979999542236328,15.989999771118164,16.049999237060547,15.75,15.66715145111084
2014-06-12,1979000,15.960000038146973,16.100000381469727,16.329999923706055,15.829999923706055,15.774931907653809
2014-06-11,1593000,15.9399995803833,15.899999618530273,16.049999237060547,15.699999809265137,15.578968048095703
2014-06-10,1404000,15.930000305175781,15.930000305175781,16.059999465942383,15.800000190734863,15.608363151550293
2014-06-09,895000,15.880000114440918,15.800000190734863,15.979999542236328,15.800000190734863,15.480988502502441
2014-06-06,921300,15.880000114440918,15.84000015258789,15.920000076293945,15.630000114440918,15.520181655883789
2014-06-05,1591200,15.65999984741211,15.890000343322754,15.970000267028809,15.579999923706055,15.569171905517578
2014-06-04,2178600,15.729999542236328,15.420000076293945,15.789999961853027,15.350000381469727,15.108660697937012
2014-06-03,1380300,15.869999885559082,15.760000228881836,15.880000114440918,15.5,15.44179630279541
2014-06-02,1501800,15.609999656677246,15.75,15.930000305175781,15.479999542236328,15.431997299194336
2014-05-30,1973500,15.770000457763672,15.789999961853027,15.819999694824219,15.510000228881836,15.471190452575684
2014-05-29,1995300,15.34000015258789,15.600000381469727,15.880000114440918,15.319999694824219,15.285027503967285
2014-05-28,2665000,15.5,15.460000038146973,15.710000038146973,15.329999923706055,15.147852897644043
2014-05-27,3505600,16.420000076293945,15.789999961853027,16.420000076293945,15.579999923706055,15.471190452575684
2014-05-23,1707500,16.93000030517578,16.8700008392334,17.059999465942383,16.790000915527344,16.52938461303711
2014-05-22,1760500,17.040000915527344,17.020000457763672,17.190000534057617,16.850000381469727,16.676355361938477
2014-05-21,1397200,17.030000686645508,16.950000762939453,17.030000686645508,16.729999542236328,16.607769012451172
2014-05-20,1752300,16.739999771118164,16.8700008392334,17.06999969482422,16.709999084472656,16.52938461303711
2014-05-19,1973400,17.719999313354492,17.030000686645508,17.719999313354492,16.889999389648438,16.686155319213867
2014-05-16,1421700,16.90999984741211,16.889999389648438,17.1299991607666,16.860000610351562,16.548980712890625
2014-05-15,2249600,16.90999984741211,16.989999771118164,17.06999969482422,16.75,16.646961212158203
2014-05-14,1599300,17.389999389648438,17.049999237060547,17.440000534057617,17.010000228881836,16.705747604370117
2014-05-13,2070100,16.989999771118164,17.049999237060547,17.31999969482422,16.920000076293945,16.705747604370117
2014-05-12,2032100,17.3799991607666,17.3799991607666,17.639999389648438,17.350000381469727,17.029085159301758
2014-05-09,2209500,17.65999984741211,17.299999237060547,17.690000534057617,17.190000534057617,16.950700759887695
2014-05-08,1218400,17.8700008392334,17.770000457763672,18.06999969482422,17.739999771118164,17.411212921142578
2014-05-07,1813500,18.110000610351562,18.0,18.200000762939453,17.75,17.636568069458008
2014-05-06,997600,18.299999237060547,18.219999313354492,18.399999618530273,18.1200008392334,17.852127075195312
2014-05-05,1306500,18.510000228881836,18.360000610351562,18.670000076293945,18.170000076293945,17.989301681518555
2014-05-02,3466000,17.979999542236328,18.389999389648438,18.40999984741211,17.90999984741211,18.018693923950195
2014-05-01,1601500,17.940000534057617,17.969999313354492,18.049999237060547,17.760000228881836,17.607173919677734
2014-04-30,1962700,17.950000762939453,18.100000381469727,18.18000030517578,17.760000228881836,17.73455047607422
2014-04-29,1674900,17.979999542236328,18.18000030517578,18.329999923706055,17.90999984741211,17.81293487548828
2014-04-28,1626600,18.25,18.350000381469727,18.440000534057617,18.149999618530273,17.979501724243164
2014-04-25,2494600,18.040000915527344,18.389999389648438,18.399999618530273,17.920000076293945,18.018693923950195
2014-04-24,2612400,17.75,17.8799991607666,18.190000534057617,17.729999542236328,17.518991470336914
2014-04-23,2778900,17.31999969482422,18.170000076293945,18.389999389648438,17.25,17.803136825561523
2014-04-22,1866300,17.329999923706055,17.549999237060547,17.610000610351562,17.219999313354492,17.195653915405273
2014-04-21,1912100,17.110000610351562,17.329999923706055,17.549999237060547,17.0,16.980098724365234
2014-04-17,1341500,17.510000228881836,17.459999084472656,17.6200008392334,17.25,17.107471466064453
2014-04-16,2076300,17.350000381469727,17.440000534057617,17.510000228881836,17.18000030517578,17.087875366210938
2014-04-15,3386300,17.3799991607666,17.729999542236328,17.860000610351562,17.209999084472656,17.372018814086914
2014-04-14,2217500,18.100000381469727,18.15999984741211,18.399999618530273,17.969999313354492,17.793338775634766
2014-04-11,1818800,18.079999923706055,17.969999313354492,18.3700008392334,17.809999465942383,17.607173919677734
2014-04-10,2263600,18.469999313354492,18.110000610351562,18.68000030517578,17.989999771118164,17.744348526000977
2014-04-09,2861600,18.1200008392334,18.440000534057617,18.790000915527344,17.969999313354492,18.067684173583984
2014-04-08,4101800,17.850000381469727,18.56999969482422,18.600000381469727,17.780000686645508,18.195058822631836
2014-04-07,2218200,17.170000076293945,17.450000762939453,17.75,17.15999984741211,17.097673416137695
2014-04-04,1984400,17.700000762939453,17.280000686645508,17.739999771118164,17.200000762939453,16.931106567382812
2014-04-03,2331700,17.170000076293945,17.260000228881836,17.280000686645508,16.969999313354492,16.911510467529297
2014-04-02,3381400,17.579999923706055,17.450000762939453,17.75,17.309999465942383,17.097673416137695
2014-04-01,2488100,16.959999084472656,17.280000686645508,17.309999465942383,16.950000762939453,16.931106567382812
2014-03-31,3356200,17.329999923706055,17.079999923706055,17.389999389648438,16.889999389648438,16.735145568847656
2014-03-28,3385500,17.1200008392334,17.549999237060547,17.75,17.049999237060547,17.195653915405273
2014-03-27,3572700,16.690000534057617,17.020000457763672,17.020000457763672,16.579999923706055,16.676355361938477
2014-03-26,3519300,17.600000381469727,16.780000686645508,17.639999389648438,16.739999771118164,16.44120216369629
2014-03-25,2878000,17.43000030517578,17.540000915527344,17.790000915527344,17.43000030517578,17.18585968017578
2014-03-24,3824300,17.729999542236328,17.059999465942383,17.81999969482422,17.010000228881836,16.715547561645508
2014-03-21,7772900,18.34000015258789,17.989999771118164,18.530000686645508,17.889999389648438,17.62677001953125
2014-03-20,6776900,17.829999923706055,18.139999389648438,18.389999389648438,17.75,17.773738861083984
2014-03-19,4541300,18.68000030517578,17.90999984741211,18.770000457763672,17.850000381469727,17.548385620117188
2014-03-18,3620500,18.729999542236328,19.0,19.290000915527344,18.700000762939453,18.61638069152832
2014-03-17,3391700,19.270000457763672,19.049999237060547,19.469999313354492,19.0,18.665367126464844
2014-03-14,4374200,19.1299991607666,19.360000610351562,19.530000686645508,19.079999923706055,18.9691104888916
2014-03-13,3794000,18.770000457763672,18.950000762939453,19.139999389648438,18.649999618530273,18.5673885345459
2014-03-12,4431600,18.899999618530273,18.75,19.020000457763672,18.489999771118164,18.37142562866211
2014-03-11,4675500,18.770000457763672,18.489999771118164,18.969999313354492,18.469999313354492,18.116676330566406
2014-03-10,1895500,18.559999465942383,18.559999465942383,18.760000228881836,18.31999969482422,18.18526268005371
2014-03-07,2770200,18.280000686645508,18.6200008392334,18.719999313354492,18.18000030517578,18.244050979614258
2014-03-06,2521000,18.170000076293945,18.59000015258789,18.610000610351562,18.170000076293945,18.214658737182617
2014-03-05,3141500,17.510000228881836,18.059999465942383,18.079999923706055,17.270000457763672,17.695356369018555
2014-03-04,3751400,17.6299991607666,17.520000457763672,17.809999465942383,17.389999389648438,17.166259765625
2014-03-03,3882600,18.540000915527344,17.959999084472656,18.56999969482422,17.889999389648438,17.597375869750977
2014-02-28,3455800,17.780000686645508,17.579999923706055,17.829999923706055,17.40999984741211,17.22504997253418
2014-02-27,3002600,17.239999771118164,17.59000015258789,17.850000381469727,17.219999313354492,17.234846115112305
2014-02-26,5836800,17.760000228881836,17.209999084472656,17.799999237060547,16.670000076293945,16.862518310546875
2014-02-25,2348500,18.09000015258789,17.969999313354492,18.420000076293945,17.940000534057617,17.607173919677734
2014-02-24,3934800,18.149999618530273,18.15999984741211,18.479999542236328,18.09000015258789,17.793338775634766
2014-02-21,4241900,17.84000015258789,17.969999313354492,18.100000381469727,17.6200008392334,17.607173919677734
2014-02-20,3976100,17.0,17.90999984741211,17.979999542236328,16.979999542236328,17.548385620117188
2014-02-19,3261700,17.540000915527344,17.09000015258789,17.860000610351562,16.989999771118164,16.74494171142578
2014-02-18,3185400,17.5,17.59000015258789,17.809999465942383,17.25,17.234846115112305
2014-02-14,4398000,17.399999618530273,17.469999313354492,17.790000915527344,17.170000076293945,17.117271423339844
2014-02-13,2953900,16.610000610351562,17.100000381469727,17.1299991607666,16.489999771118164,16.754741668701172
2014-02-12,5859000,17.149999618530273,16.40999984741211,17.18000030517578,16.329999923706055,16.078672409057617
2014-02-11,4417300,15.890000343322754,16.600000381469727,16.739999771118164,15.84000015258789,16.264835357666016
2014-02-10,3086400,15.739999771118164,15.789999961853027,16.040000915527344,15.600000381469727,15.471190452575684
2014-02-07,3951900,14.720000267028809,15.319999694824219,15.369999885559082,14.699999809265137,15.010679244995117
2014-02-06,2297400,14.65999984741211,14.850000381469727,14.890000343322754,14.529999732971191,14.550169944763184
2014-02-05,2667100,14.640000343322754,14.479999542236328,14.800000190734863,14.479999542236328,14.187639236450195
2014-02-04,3062800,14.369999885559082,14.640000343322754,14.680000305175781,14.229999542236328,14.344409942626953
2014-02-03,2975700,14.670000076293945,14.850000381469727,15.069999694824219,14.640000343322754,14.550169944763184
2014-01-31,3683800,14.239999771118164,14.640000343322754,14.680000305175781,14.239999771118164,14.344409942626953
2014-01-30,3464200,14.350000381469727,14.369999885559082,14.510000228881836,14.130000114440918,14.07986068725586
2014-01-29,4478000,14.300000190734863,14.710000038146973,14.729999542236328,14.039999961853027,14.412995338439941
2014-01-28,2513900,13.789999961853027,14.170000076293945,14.260000228881836,13.619999885559082,13.883898735046387
2014-01-27,3882000,14.180000305175781,13.729999542236328,14.270000457763672,13.670000076293945,13.45278263092041
2014-01-24,4502600,14.319999694824219,14.100000381469727,14.420000076293945,13.539999961853027,13.815313339233398
2014-01-23,4351100,13.380000114440918,13.90999984741211,14.029999732971191,13.380000114440918,13.629148483276367
2014-01-22,1916800,13.460000038146973,13.100000381469727,13.5600004196167,13.050000190734863,12.835502624511719
2014-01-21,3321700,13.5,13.550000190734863,13.600000381469727,13.119999885559082,13.276416778564453
2014-01-17,4004300,13.130000114440918,13.520000457763672,13.65999984741211,13.130000114440918,13.24702262878418
2014-01-16,1846500,12.680000305175781,12.789999961853027,12.890000343322754,12.640000343322754,12.53176212310791
2014-01-15,2409800,12.229999542236328,12.670000076293945,12.789999961853027,12.149999618530273,12.414185523986816
2014-01-14,3717300,12.510000228881836,12.350000381469727,12.930000305175781,12.25,12.10064697265625
2014-01-13,4147300,12.119999885559082,12.600000381469727,12.619999885559082,11.9399995803833,12.345598220825195
2014-01-10,2893400,11.550000190734863,11.84000015258789,11.90999984741211,11.470000267028809,11.600944519042969
2014-01-09,2247000,11.569999694824219,11.390000343322754,11.680000305175781,11.359999656677246,11.160028457641602
2014-01-08,2202100,11.729999542236328,11.710000038146973,11.789999961853027,11.5600004196167,11.473567962646484
2014-01-07,2795800,11.960000038146973,11.890000343322754,11.960000038146973,11.710000038146973,11.649933815002441
2014-01-06,2955900,12.239999771118164,12.050000190734863,12.449999809265137,12.020000457763672,11.806702613830566
2014-01-03,3173200,12.369999885559082,12.149999618530273,12.40999984741211,12.079999923706055,11.904683113098145
2014-01-02,3304100,12.140000343322754,12.1899995803833,12.399999618530273,11.979999542236328,11.943876266479492
2013-12-31,2168900,11.539999961853027,11.720000267028809,11.90999984741211,11.470000267028809,11.483366012573242
2013-12-30,3433800,11.680000305175781,11.539999961853027,11.920000076293945,11.529999732971191,11.307000160217285
2013-12-27,2560300,11.729999542236328,11.739999771118164,11.819999694824219,11.5,11.502961158752441
2013-12-26,1744000,11.630000114440918,11.460000038146973,11.8100004196167,11.390000343322754,11.228616714477539
2013-12-24,1808900,11.15999984741211,11.510000228881836,11.569999694824219,11.15999984741211,11.277605056762695
2013-12-23,2391300,11.359999656677246,11.210000038146973,11.420000076293945,11.140000343322754,10.983663558959961
2013-12-20,5146200,11.380000114440918,11.239999771118164,11.5,11.220000267028809,11.013057708740234
2013-12-19,4084700,11.390000343322754,11.350000381469727,11.420000076293945,11.140000343322754,11.12083625793457
2013-12-18,4484100,11.829999923706055,11.65999984741211,12.1899995803833,11.65999984741211,11.424576759338379
2013-12-17,1841500,11.960000038146973,11.869999885559082,12.0600004196167,11.789999961853027,11.630337715148926
2013-12-16,2761600,11.819999694824219,12.079999923706055,12.210000038146973,11.800000190734863,11.836097717285156
2013-12-13,3013000,11.720000267028809,11.800000190734863,12.050000190734863,11.710000038146973,11.561751365661621
2013-12-12,2989200,11.920000076293945,11.800000190734863,11.989999771118164,11.699999809265137,11.561751365661621
2013-12-11,4444700,12.859999656677246,12.25,12.890000343322754,12.239999771118164,12.002665519714355
2013-12-10,5354700,12.649999618530273,13.220000267028809,13.390000343322754,12.619999885559082,12.953081130981445
2013-12-09,3299200,12.210000038146973,12.140000343322754,12.270000457763672,12.0,11.894885063171387
2013-12-06,2457100,12.359999656677246,12.020000457763672,12.510000228881836,12.010000228881836,11.777308464050293
2013-12-05,4033300,12.279999732971191,12.010000228881836,12.369999885559082,12.0,11.767511367797852
2013-12-04,3912000,12.390000343322754,12.729999542236328,12.90999984741211,12.3100004196167,12.472973823547363
2013-12-03,3177900,12.529999732971191,12.369999885559082,12.65999984741211,12.319999694824219,12.120241165161133
2013-12-02,4384700,13.369999885559082,12.680000305175781,13.449999809265137,12.569999694824219,12.423982620239258
2013-11-29,1378400,13.300000190734863,13.59000015258789,13.720000267028809,13.239999771118164,13.3156099319458
2013-11-27,1705000,13.229999542236328,13.140000343322754,13.25,13.029999732971191,12.874695777893066
2013-11-26,2258500,13.199999809265137,13.119999885559082,13.279999732971191,13.069999694824219,12.855098724365234
2013-11-25,3794000,13.329999923706055,13.359999656677246,13.529999732971191,12.970000267028809,13.090251922607422
2013-11-22,2878100,13.949999809265137,13.680000305175781,14.100000381469727,13.569999694824219,13.403793334960938
2013-11-21,2817600,13.829999923706055,13.899999618530273,14.020000457763672,13.710000038146973,13.619349479675293
2013-11-20,2892200,14.520000457763672,14.100000381469727,14.770000457763672,14.029999732971191,13.815313339233398
2013-11-19,2069700,14.640000343322754,14.710000038146973,14.930000305175781,14.5600004196167,14.412995338439941
2013-11-18,2081100,15.4399995803833,14.989999771118164,15.489999771118164,14.890000343322754,14.68734359741211
2013-11-15,1981400,15.949999809265137,15.510000228881836,16.049999237060547,15.5,15.196843147277832
2013-11-14,3009600,15.399999618530273,16.010000228881836,16.1299991607666,15.399999618530273,15.686748504638672
2013-11-13,1436100,15.100000381469727,15.220000267028809,15.3100004196167,15.039999961853027,14.912698745727539
2013-11-12,2156100,15.15999984741211,15.020000457763672,15.359999656677246,14.930000305175781,14.716736793518066
2013-11-11,2363800,15.109999656677246,15.359999656677246,15.430000305175781,14.869999885559082,15.049870491027832
2013-11-08,3113200,15.0,15.4399995803833,15.470000267028809,14.8100004196167,15.128255844116211
2013-11-07,3578800,15.460000038146973,15.170000076293945,15.869999885559082,15.140000343322754,14.863707542419434
2013-11-06,3503000,15.5,15.550000190734863,15.829999923706055,15.3100004196167,15.236035346984863
2013-11-05,4136700,14.779999732971191,14.630000114440918,14.850000381469727,14.329999923706055,14.334610939025879
2013-11-04,3313800,14.6899995803833,15.09000015258789,15.130000114440918,14.670000076293945,14.785324096679688
2013-11-01,3646200,14.930000305175781,14.739999771118164,15.270000457763672,14.680000305175781,14.442389488220215
2013-10-31,4288500,15.539999961853027,15.100000381469727,15.739999771118164,15.050000190734863,14.795122146606445
2013-10-30,2883500,16.299999237060547,16.190000534057617,16.420000076293945,15.520000457763672,15.863114356994629
2013-10-29,4153200,16.31999969482422,16.049999237060547,16.469999313354492,15.979999542236328,15.725939750671387
2013-10-28,3101700,16.1200008392334,16.360000610351562,16.43000030517578,15.949999809265137,16.029680252075195
2013-10-25,2458100,15.859999656677246,16.040000915527344,16.1299991607666,15.569999694824219,15.716143608093262
2013-10-24,3804400,16.059999465942383,16.0,16.229999542236328,15.770000457763672,15.676950454711914
2013-10-23,3367000,16.18000030517578,15.760000228881836,16.309999465942383,15.5,15.44179630279541
2013-10-22,4489600,15.289999961853027,16.260000228881836,16.489999771118164,15.210000038146973,15.931700706481934
2013-10-21,1969600,14.65999984741211,14.90999984741211,15.039999961853027,14.640000343322754,14.60895824432373
2013-10-18,2786800,14.75,14.800000190734863,14.869999885559082,14.510000228881836,14.501179695129395
2013-10-17,5840000,14.180000305175781,14.890000343322754,15.149999618530273,14.130000114440918,14.589362144470215
2013-10-16,3049000,13.869999885559082,13.579999923706055,13.899999618530273,13.520000457763672,13.305810928344727
2013-10-15,3938000,13.25,13.6899995803833,13.6899995803833,13.199999809265137,13.413589477539062
2013-10-14,2396100,13.369999885559082,13.329999923706055,13.420000076293945,13.1899995803833,13.060858726501465
2013-10-11,3896000,12.989999771118164,13.039999961853027,13.229999542236328,12.800000190734863,12.776713371276855
2013-10-10,3267200,12.9399995803833,13.15999984741211,13.529999732971191,12.869999885559082,12.894290924072266
2013-10-09,3457600,12.65999984741211,13.010000228881836,13.180000305175781,12.449999809265137,12.747320175170898
2013-10-08,2737300,13.0,12.680000305175781,13.109999656677246,12.539999961853027,12.423982620239258
2013-10-07,2289700,13.0,13.020000457763672,13.130000114440918,12.930000305175781,12.757118225097656
2013-10-04,1939300,12.680000305175781,12.770000457763672,12.800000190734863,12.579999923706055,12.512166023254395
2013-10-03,3186200,12.789999961853027,12.710000038146973,12.979999542236328,12.529999732971191,12.453376770019531
2013-10-02,3555300,12.9399995803833,12.8100004196167,13.149999618530273,12.729999542236328,12.551359176635742
2013-10-01,2692300,12.960000038146973,12.880000114440918,13.020000457763672,12.75,12.61994457244873
2013-09-30,2685500,13.180000305175781,13.279999732971191,13.34000015258789,13.079999923706055,13.01186752319336
2013-09-27,2995400,13.390000343322754,13.239999771118164,13.640000343322754,13.050000190734863,12.972676277160645
2013-09-26,2728700,13.489999771118164,13.100000381469727,13.710000038146973,12.960000038146973,12.835502624511719
2013-09-25,3938900,12.970000267028809,13.270000457763672,13.550000190734863,12.920000076293945,13.002071380615234
2013-09-24,4051100,12.739999771118164,12.609999656677246,12.850000381469727,12.390000343322754,12.355396270751953
2013-09-23,4448000,13.0,12.84000015258789,13.520000457763672,12.8100004196167,12.580753326416016
2013-09-20,7711800,13.470000267028809,12.989999771118164,13.600000381469727,12.899999618530273,12.727724075317383
2013-09-19,5662000,14.5,13.8100004196167,14.5,13.680000305175781,13.531167984008789
2013-09-18,10268800,12.829999923706055,14.300000190734863,14.40999984741211,12.550000190734863,14.011274337768555
2013-09-17,3896400,12.920000076293945,13.130000114440918,13.130000114440918,12.729999542236328,12.864897727966309
2013-09-16,6039300,12.84000015258789,12.920000076293945,13.300000190734863,12.760000228881836,12.659137725830078
2013-09-13,4894700,12.619999885559082,12.579999923706055,12.979999542236328,12.5,12.32600212097168
2013-09-12,4187600,13.0,12.800000190734863,13.229999542236328,12.800000190734863,12.541560173034668
2013-09-11,3468200,13.5,13.5,13.640000343322754,13.3100004196167,13.227426528930664
2013-09-10,4015200,13.649999618530273,13.489999771118164,13.899999618530273,13.489999771118164,13.217629432678223
2013-09-09,3372600,14.020000457763672,13.880000114440918,14.279999732971191,13.800000190734863,13.59975528717041
2013-09-06,3692100,13.930000305175781,14.020000457763672,14.34000015258789,13.739999771118164,13.73692798614502
2013-09-05,3392200,13.729999542236328,13.479999542236328,13.859999656677246,13.479999542236328,13.207829475402832
2013-09-04,3840200,13.4399995803833,13.630000114440918,13.640000343322754,13.130000114440918,13.354802131652832
2013-09-03,3118800,13.6899995803833,13.609999656677246,13.770000457763672,13.399999618530273,13.335205078125
2013-08-30,4052600,13.260000228881836,13.369999885559082,13.829999923706055,13.170000076293945,13.100050926208496
2013-08-29,6229100,13.199999809265137,13.34000015258789,13.520000457763672,12.6899995803833,13.070657730102539
2013-08-28,5929500,14.130000114440918,13.300000190734863,14.319999694824219,13.220000267028809,13.031466484069824
2013-08-27,4394600,14.869999885559082,14.020000457763672,14.949999809265137,14.010000228881836,13.73692798614502
2013-08-26,2240400,14.479999542236328,14.470000267028809,14.630000114440918,14.180000305175781,14.177841186523438
2013-08-23,3283400,13.859999656677246,14.3100004196167,14.399999618530273,13.8100004196167,14.021072387695312
2013-08-22,2635700,13.880000114440918,13.899999618530273,14.119999885559082,13.720000267028809,13.619349479675293
2013-08-21,4171200,14.569999694824219,13.760000228881836,14.729999542236328,13.739999771118164,13.482177734375
2013-08-20,4656800,13.859999656677246,14.890000343322754,14.899999618530273,13.710000038146973,14.589362144470215
2013-08-19,5185700,13.9399995803833,13.920000076293945,14.34000015258789,13.850000381469727,13.638946533203125
2013-08-16,6457600,14.869999885559082,14.75,15.119999885559082,14.300000190734863,14.452188491821289
2013-08-15,6649400,13.600000381469727,15.079999923706055,15.100000381469727,13.449999809265137,14.77552604675293
2013-08-14,3809100,13.0,13.84000015258789,13.84000015258789,12.970000267028809,13.560562133789062
2013-08-13,3093800,13.34000015258789,12.869999885559082,13.359999656677246,12.829999923706055,12.610145568847656
2013-08-12,4143000,13.319999694824219,13.479999542236328,13.59000015258789,13.300000190734863,13.207829475402832
2013-08-09,3716500,12.609999656677246,13.15999984741211,13.380000114440918,12.460000038146973,12.894290924072266
2013-08-08,5768500,11.75,12.600000381469727,12.6899995803833,11.75,12.345598220825195
2013-08-07,7841200,11.800000190734863,11.760000228881836,11.960000038146973,11.619999885559082,11.522558212280273
2013-08-06,3784600,12.449999809265137,12.050000190734863,12.479999542236328,12.010000228881836,11.806702613830566
2013-08-05,2419600,12.8100004196167,12.640000343322754,12.989999771118164,12.600000381469727,12.384790420532227
2013-08-02,2954200,12.819999694824219,12.550000190734863,12.979999542236328,12.520000457763672,12.296607971191406
2013-08-01,3152500,13.270000457763672,12.710000038146973,13.390000343322754,12.699999809265137,12.453376770019531
2013-07-31,3106100,13.140000343322754,13.170000076293945,13.430000305175781,12.859999656677246,12.904088973999023
2013-07-30,2371600,13.289999961853027,13.229999542236328,13.329999923706055,13.09000015258789,12.96287727355957
2013-07-29,2098300,13.779999732971191,13.470000267028809,13.789999961853027,13.460000038146973,13.198033332824707
2013-07-26,2236200,13.670000076293945,13.739999771118164,13.829999923706055,13.300000190734863,13.462579727172852
2013-07-25,3972100,13.670000076293945,13.8100004196167,14.170000076293945,13.619999885559082,13.531167984008789
2013-07-24,4784700,14.550000190734863,13.739999771118164,14.59000015258789,13.470000267028809,13.462579727172852
2013-07-23,2678000,14.050000190734863,14.420000076293945,14.489999771118164,13.899999618530273,14.128850936889648
2013-07-22,3730500,13.770000457763672,14.029999732971191,14.199999809265137,13.710000038146973,13.746726036071777
2013-07-19,3005500,12.899999618530273,13.399999618530273,13.4399995803833,12.859999656677246,13.12944507598877
2013-07-18,1797200,12.850000381469727,12.710000038146973,12.930000305175781,12.680000305175781,12.453376770019531
2013-07-17,3513400,12.930000305175781,12.680000305175781,13.199999809265137,12.680000305175781,12.423982620239258
2013-07-16,5609800,12.489999771118164,12.949999809265137,12.989999771118164,12.420000076293945,12.688531875610352
2013-07-15,5864600,12.569999694824219,12.4399995803833,12.729999542236328,12.329999923706055,12.188828468322754
2013-07-12,3795700,13.010000228881836,12.75,13.069999694824219,12.619999885559082,12.492568969726562
2013-07-11,3974500,13.319999694824219,13.3100004196167,13.34000015258789,13.0,13.041263580322266
2013-07-10,2967500,12.819999694824219,12.729999542236328,12.970000267028809,12.569999694824219,12.472973823547363
2013-07-09,2797100,12.770000457763672,12.720000267028809,12.930000305175781,12.600000381469727,12.463175773620605
2013-07-08,2434400,12.930000305175781,12.579999923706055,12.970000267028809,12.550000190734863,12.32600212097168
2013-07-05,6099600,12.890000343322754,12.890000343322754,13.050000190734863,12.5,12.629743576049805
2013-07-03,2690100,14.0,13.850000381469727,14.0600004196167,13.630000114440918,13.57036018371582
2013-07-02,3507200,15.109999656677246,14.40999984741211,15.15999984741211,14.260000228881836,14.119053840637207
2013-07-01,4422100,14.460000038146973,14.970000267028809,15.229999542236328,14.210000038146973,14.667746543884277
2013-06-28,3469400,13.359999656677246,14.300000190734863,14.430000305175781,13.3100004196167,14.011274337768555
2013-06-27,3588300,13.399999618530273,13.600000381469727,13.859999656677246,13.319999694824219,13.325407028198242
2013-06-26,4207000,13.34000015258789,13.15999984741211,13.380000114440918,13.079999923706055,12.894290924072266
2013-06-25,2926800,14.069999694824219,13.989999771118164,14.300000190734863,13.970000267028809,13.70753288269043
2013-06-24,4446500,14.670000076293945,14.050000190734863,14.699999809265137,13.989999771118164,13.766322135925293
2013-06-21,4833900,14.390000343322754,14.890000343322754,14.9399995803833,14.199999809265137,14.589362144470215
2013-06-20,9318200,14.550000190734863,14.420000076293945,14.789999961853027,14.260000228881836,14.128850936889648
2013-06-19,5759600,15.640000343322754,15.170000076293945,15.710000038146973,15.109999656677246,14.863707542419434
2013-06-18,7145200,16.239999771118164,15.600000381469727,16.350000381469727,15.550000190734863,15.285027503967285
2013-06-17,1276800,16.25,16.399999618530273,16.469999313354492,16.209999084472656,16.06887435913086
2013-06-14,2749400,16.290000915527344,16.290000915527344,16.5,16.239999771118164,15.961094856262207
2013-06-13,2853700,16.139999389648438,16.479999542236328,16.479999542236328,16.110000610351562,16.147258758544922
2013-06-12,1940300,16.520000457763672,16.3700008392334,16.84000015258789,16.350000381469727,16.039480209350586
2013-06-11,3013800,16.469999313354492,16.520000457763672,16.81999969482422,16.399999618530273,16.186450958251953
2013-06-10,1589800,16.68000030517578,16.860000610351562,17.18000030517578,16.579999923706055,16.51958656311035
2013-06-07,2738800,17.170000076293945,16.809999465942383,17.219999313354492,16.670000076293945,16.470596313476562
2013-06-06,2299100,17.549999237060547,17.860000610351562,17.950000762939453,17.510000228881836,17.49939727783203
2013-06-05,1670900,17.809999465942383,17.780000686645508,18.170000076293945,17.549999237060547,17.42101287841797
2013-06-04,2549000,18.290000915527344,17.90999984741211,18.530000686645508,17.68000030517578,17.548385620117188
2013-06-03,3512900,18.1200008392334,18.6200008392334,18.850000381469727,17.899999618530273,18.244050979614258
2013-05-31,4047800,17.889999389648438,18.139999389648438,18.290000915527344,17.799999237060547,17.773738861083984
2013-05-30,4367400,17.1200008392334,17.950000762939453,18.059999465942383,17.030000686645508,17.58757972717285
2013-05-29,2418400,16.3700008392334,16.760000228881836,16.809999465942383,16.280000686645508,16.421606063842773
2013-05-28,3035500,16.350000381469727,16.34000015258789,16.760000228881836,16.219999313354492,15.957911491394043
2013-05-24,2944300,16.5,16.34000015258789,16.81999969482422,16.280000686645508,15.957911491394043
2013-05-23,2854400,16.799999237060547,16.719999313354492,16.979999542236328,16.579999923706055,16.329025268554688
2013-05-22,3927700,16.709999084472656,16.579999923706055,17.040000915527344,16.360000610351562,16.192296981811523
2013-05-21,3574300,16.559999465942383,16.3799991607666,16.729999542236328,16.350000381469727,15.99697494506836
2013-05-20,7792000,16.56999969482422,17.100000381469727,17.15999984741211,16.239999771118164,16.70014190673828
2013-05-17,11195000,17.25,17.1200008392334,17.469999313354492,17.030000686645508,16.71967124938965
2013-05-16,3195900,17.309999465942383,17.549999237060547,17.889999389648438,17.190000534057617,17.139616012573242
2013-05-15,4165600,17.889999389648438,17.700000762939453,17.950000762939453,17.6299991607666,17.286108016967773
2013-05-14,4290000,18.25,18.1200008392334,18.690000534057617,18.030000686645508,17.6962890625
2013-05-13,1748600,18.809999465942383,18.469999313354492,18.889999389648438,18.399999618530273,18.038105010986328
2013-05-10,2084600,18.309999465942383,18.979999542236328,18.979999542236328,18.209999084472656,18.536178588867188
2013-05-09,1819700,18.979999542236328,18.709999084472656,19.450000762939453,18.6200008392334,18.272491455078125
2013-05-08,2539600,18.700000762939453,19.25,19.25,18.510000228881836,18.799863815307617
2013-05-07,3375900,18.790000915527344,18.3799991607666,18.8799991607666,18.309999465942383,17.950206756591797
2013-05-06,937200,19.030000686645508,19.059999465942383,19.139999389648438,18.799999237060547,18.614307403564453
2013-05-03,7541900,18.540000915527344,18.84000015258789,19.15999984741211,18.540000915527344,18.399452209472656
2013-05-02,2872300,19.1200008392334,19.010000228881836,19.3700008392334,18.809999465942383,18.56547737121582
2013-05-01,2780400,18.93000030517578,19.1200008392334,19.329999923706055,18.690000534057617,18.67290496826172
2013-04-30,1788900,18.8700008392334,19.5,19.5,18.450000762939453,19.044017791748047
2013-04-29,1384700,18.829999923706055,18.940000534057617,19.030000686645508,18.65999984741211,18.497114181518555
2013-04-26,2157600,19.149999618530273,18.479999542236328,19.260000228881836,18.329999923706055,18.04787254333496
2013-04-25,2318100,19.760000228881836,19.260000228881836,19.770000457763672,19.15999984741211,18.80963134765625
2013-04-24,2913300,18.540000915527344,19.350000381469727,19.489999771118164,18.43000030517578,18.89752769470215
2013-04-23,1696800,18.31999969482422,18.270000457763672,18.549999237060547,18.030000686645508,17.842782974243164
2013-04-22,1869700,18.90999984741211,18.600000381469727,18.940000534057617,18.190000534057617,18.16506576538086
2013-04-19,3271900,18.389999389648438,18.610000610351562,18.90999984741211,18.06999969482422,18.17483139038086
2013-04-18,4962400,17.790000915527344,17.959999084472656,18.1299991607666,17.469999313354492,17.540029525756836
2013-04-17,4633400,18.65999984741211,17.559999465942383,18.81999969482422,17.450000762939453,17.149383544921875
2013-04-16,6258900,19.6299991607666,18.489999771118164,19.719999313354492,18.25,18.057636260986328
2013-04-15,8846500,19.399999618530273,18.299999237060547,19.68000030517578,18.270000457763672,17.87207794189453
2013-04-12,5561000,21.56999969482422,20.420000076293945,21.75,20.389999389648438,19.9425048828125
2013-04-11,1710300,21.989999771118164,21.600000381469727,22.260000228881836,21.549999237060547,21.09491539001465
2013-04-10,1457100,22.829999923706055,22.360000610351562,22.8700008392334,22.329999923706055,21.837142944335938
2013-04-09,3665000,22.15999984741211,23.030000686645508,23.139999389648438,21.989999771118164,22.49147605895996
2013-04-08,1964300,21.969999313354492,21.90999984741211,22.209999084472656,21.690000534057617,21.397663116455078
2013-04-05,2691000,22.1299991607666,21.850000381469727,22.309999465942383,21.709999084472656,21.339069366455078
2013-04-04,2432000,21.559999465942383,22.34000015258789,22.5,21.510000228881836,21.817609786987305
2013-04-03,2807000,22.299999237060547,21.59000015258789,22.579999923706055,21.440000534057617,21.085147857666016
2013-04-02,1297900,23.170000076293945,22.489999771118164,23.170000076293945,22.440000534057617,21.964099884033203
2013-04-01,1155800,23.549999237060547,23.290000915527344,23.549999237060547,23.059999465942383,22.745397567749023
2013-03-28,1020800,23.489999771118164,23.549999237060547,23.59000015258789,23.34000015258789,22.999313354492188
2013-03-27,2254700,23.329999923706055,23.520000457763672,23.649999618530273,23.309999465942383,22.97001838684082
2013-03-26,1550000,23.8799991607666,23.729999542236328,23.920000076293945,23.450000762939453,23.175106048583984
2013-03-25,1415200,23.719999313354492,23.719999313354492,23.950000762939453,23.440000534057617,23.16533851623535
2013-03-22,1224800,24.280000686645508,23.90999984741211,24.299999237060547,23.799999237060547,23.35089683532715
2013-03-21,1538100,24.1299991607666,24.450000762939453,24.600000381469727,24.049999237060547,23.878271102905273
2013-03-20,1775600,24.020000457763672,23.969999313354492,24.1200008392334,23.770000457763672,23.409494400024414
2013-03-19,2047500,24.25,24.219999313354492,24.399999618530273,24.020000457763672,23.653648376464844
2013-03-18,1863600,24.770000457763672,24.540000915527344,24.90999984741211,24.450000762939453,23.966167449951172
2013-03-15,2519300,24.600000381469727,24.579999923706055,24.8700008392334,24.459999084472656,24.005231857299805
2013-03-14,1575900,24.479999542236328,24.790000915527344,25.0,24.389999389648438,24.2103214263916
2013-03-13,1925700,25.31999969482422,24.59000015258789,25.40999984741211,24.540000915527344,24.014997482299805
2013-03-12,1725400,25.0,25.34000015258789,25.469999313354492,24.90999984741211,24.692325592041016
2013-03-11,1697800,24.81999969482422,24.780000686645508,24.920000076293945,24.549999237060547,24.146642684936523
2013-03-08,3439400,24.299999237060547,24.600000381469727,25.149999618530273,24.030000686645508,23.971240997314453
2013-03-07,2134000,24.59000015258789,24.149999618530273,24.75,24.040000915527344,23.532743453979492
2013-03-06,3115800,23.540000915527344,24.43000030517578,24.540000915527344,23.079999923706055,23.80558967590332
2013-03-05,1281600,23.700000762939453,23.450000762939453,23.8700008392334,23.3799991607666,22.85063362121582
2013-03-04,1515500,24.100000381469727,23.40999984741211,24.1299991607666,23.329999923706055,22.81165885925293
2013-03-01,2287100,24.010000228881836,24.049999237060547,24.190000534057617,23.8799991607666,23.435300827026367
2013-02-28,1808300,24.639999389648438,24.239999771118164,24.809999465942383,24.170000076293945,23.62044334411621
2013-02-27,2235200,25.229999542236328,25.079999923706055,25.260000228881836,24.989999771118164,24.43897247314453
2013-02-26,1976900,25.450000762939453,25.65999984741211,26.020000457763672,25.25,25.004150390625
2013-02-25,1740000,25.200000762939453,25.34000015258789,25.649999618530273,25.200000762939453,24.692325592041016
2013-02-22,1771300,25.110000610351562,25.149999618530273,25.219999313354492,24.920000076293945,24.507183074951172
2013-02-21,2474500,25.010000228881836,25.079999923706055,25.459999084472656,24.8700008392334,24.43897247314453
2013-02-20,4248500,25.770000457763672,24.809999465942383,26.329999923706055,24.700000762939453,24.175874710083008
2013-02-19,1504200,27.010000228881836,26.729999542236328,27.18000030517578,26.649999618530273,26.04680061340332
2013-02-15,2653300,27.6200008392334,26.989999771118164,27.719999313354492,26.920000076293945,26.30015754699707
2013-02-14,1244700,28.6299991607666,28.3700008392334,28.889999389648438,28.270000457763672,27.644886016845703
2013-02-13,1341100,28.670000076293945,28.549999237060547,29.09000015258789,28.440000534057617,27.820280075073242
2013-02-12,1464400,28.31999969482422,28.760000228881836,28.81999969482422,28.079999923706055,28.02491569519043
2013-02-11,1390100,28.3799991607666,28.09000015258789,28.450000762939453,27.899999618530273,27.372039794921875
2013-02-08,697300,28.700000762939453,28.579999923706055,28.93000030517578,28.520000457763672,27.84951400756836
2013-02-07,985800,28.65999984741211,28.770000457763672,29.1200008392334,28.520000457763672,28.0346622467041
2013-02-06,1610400,28.510000228881836,28.700000762939453,28.920000076293945,28.459999084472656,27.966449737548828
2013-02-05,1935300,29.020000457763672,28.889999389648438,29.1200008392334,28.700000762939453,28.151592254638672
2013-02-04,2606700,28.8700008392334,29.100000381469727,29.56999969482422,28.850000381469727,28.356225967407227
2013-02-01,5537600,28.510000228881836,29.299999237060547,29.780000686645508,28.100000381469727,28.551116943359375
2013-01-31,2284000,27.780000686645508,28.020000457763672,28.059999465942383,27.6200008392334,27.303831100463867
2013-01-30,2420200,27.670000076293945,27.729999542236328,28.0,27.469999313354492,27.021240234375
2013-01-29,2231100,27.479999542236328,27.389999389648438,27.6200008392334,27.229999542236328,26.689931869506836
2013-01-28,1966500,27.559999465942383,27.18000030517578,27.59000015258789,27.020000457763672,26.485300064086914
2013-01-25,2354100,27.93000030517578,27.309999465942383,28.110000610351562,27.219999313354492,26.611974716186523
2013-01-24,2750900,28.979999542236328,28.09000015258789,29.06999969482422,27.979999542236328,27.372039794921875
2013-01-23,1369200,29.389999389648438,29.079999923706055,29.520000457763672,28.979999542236328,28.33673667907715
2013-01-22,1272400,29.479999542236328,29.610000610351562,29.700000762939453,29.190000534057617,28.853187561035156
2013-01-18,844200,29.170000076293945,29.1299991607666,29.440000534057617,28.989999771118164,28.385456085205078
2013-01-17,1570700,29.06999969482422,29.139999389648438,29.440000534057617,28.829999923706055,28.39520263671875
2013-01-16,1014200,29.479999542236328,29.420000076293945,29.559999465942383,29.239999771118164,28.668045043945312
2013-01-15,1945400,29.190000534057617,29.549999237060547,29.790000915527344,29.020000457763672,28.794721603393555
2013-01-14,1449600,29.360000610351562,29.1200008392334,29.43000030517578,29.010000228881836,28.375715255737305
2013-01-11,2474000,28.989999771118164,29.15999984741211,29.170000076293945,28.760000228881836,28.414690017700195
2013-01-10,2989900,28.829999923706055,28.770000457763672,29.049999237060547,28.610000610351562,28.0346622467041
2013-01-09,1305000,29.06999969482422,28.8700008392334,29.1299991607666,28.790000915527344,28.13210678100586
2013-01-08,2069700,29.469999313354492,29.020000457763672,29.579999923706055,28.899999618530273,28.278270721435547
2013-01-07,1454400,30.059999465942383,29.8700008392334,30.229999542236328,29.75,29.106548309326172
2013-01-04,1369800,30.100000381469727,30.479999542236328,30.530000686645508,29.950000762939453,29.700952529907227
2013-01-03,1321100,31.079999923706055,30.389999389648438,31.489999771118164,30.34000015258789,29.613250732421875
2013-01-02,1832700,31.6299991607666,31.31999969482422,31.8799991607666,31.25,30.519479751586914
2012-12-31,1032100,30.68000030517578,31.3700008392334,31.479999542236328,30.65999984741211,30.568206787109375
2012-12-28,1048300,30.8700008392334,30.65999984741211,31.190000534057617,30.59000015258789,29.876354217529297
2012-12-27,1646700,30.350000381469727,30.950000762939453,31.469999313354492,30.309999465942383,30.158939361572266
2012-12-26,751700,30.40999984741211,30.399999618530273,30.5,30.25,29.622995376586914
2012-12-24,555300,30.25,30.299999237060547,30.350000381469727,30.049999237060547,29.525554656982422
2012-12-21,2521900,29.75,30.34000015258789,30.5,29.700000762939453,29.564531326293945
2012-12-20,2246900,30.06999969482422,30.18000030517578,30.3799991607666,29.510000228881836,29.408618927001953
2012-12-19,2145800,30.760000228881836,30.299999237060547,30.829999923706055,30.219999313354492,29.525554656982422
2012-12-18,2307600,30.860000610351562,30.59000015258789,30.920000076293945,30.139999389648438,29.808141708374023
2012-12-17,1474800,29.959999084472656,29.989999771118164,30.170000076293945,29.84000015258789,29.22347640991211
2012-12-14,2130300,29.940000534057617,29.899999618530273,30.18000030517578,29.56999969482422,29.135778427124023
2012-12-13,1176600,30.299999237060547,30.219999313354492,30.600000381469727,30.149999618530273,29.44759750366211
2012-12-12,3481500,30.290000915527344,30.920000076293945,31.270000457763672,30.1299991607666,30.12970733642578
2012-12-11,1585300,30.209999084472656,30.209999084472656,30.479999542236328,30.139999389648438,29.43785285949707
2012-12-10,1014600,30.489999771118164,30.489999771118164,30.8799991607666,30.270000457763672,29.710697174072266
2012-12-07,1076100,30.170000076293945,30.15999984741211,30.34000015258789,29.889999389648438,29.38913345336914
2012-12-06,1432700,30.09000015258789,29.90999984741211,30.290000915527344,29.760000228881836,29.145523071289062
2012-12-05,2227000,30.420000076293945,29.979999542236328,30.90999984741211,29.84000015258789,29.21373176574707
2012-12-04,1534200,29.799999237060547,30.56999969482422,30.690000534057617,29.75,29.788654327392578
2012-12-03,1501600,30.510000228881836,30.030000686645508,30.729999542236328,30.030000686645508,29.262454986572266
2012-11-30,1507100,31.3700008392334,30.969999313354492,31.610000610351562,30.520000457763672,30.178428649902344
2012-11-29,1342400,31.389999389648438,31.600000381469727,31.670000076293945,31.079999923706055,30.792327880859375
2012-11-28,2020200,29.610000610351562,30.649999618530273,30.68000030517578,29.579999923706055,29.866605758666992
2012-11-27,1492300,30.93000030517578,30.239999771118164,31.020000457763672,30.219999313354492,29.410945892333984
2012-11-26,1504000,31.290000915527344,31.43000030517578,31.450000762939453,30.969999313354492,30.56832504272461
2012-11-23,751300,30.93000030517578,31.270000457763672,31.469999313354492,30.860000610351562,30.412708282470703
2012-11-21,1411700,30.350000381469727,30.940000534057617,31.010000228881836,30.200000762939453,30.09175682067871
2012-11-20,1070100,30.75,30.719999313354492,30.850000381469727,30.440000534057617,29.877788543701172
2012-11-19,1251800,31.149999618530273,31.09000015258789,31.450000762939453,30.799999237060547,30.23764419555664
2012-11-16,1661200,30.3700008392334,30.729999542236328,30.860000610351562,29.969999313354492,29.887514114379883
2012-11-15,2450100,30.799999237060547,30.34000015258789,31.170000076293945,30.229999542236328,29.508203506469727
2012-11-14,2419600,31.8799991607666,31.450000762939453,31.950000762939453,31.3700008392334,30.587772369384766
2012-11-13,857400,32.91999816894531,32.97999954223633,33.349998474121094,32.65999984741211,32.07583236694336
2012-11-12,804800,33.810001373291016,33.470001220703125,33.849998474121094,33.2599983215332,32.552391052246094
2012-11-09,1252100,33.83000183105469,33.38999938964844,34.099998474121094,33.369998931884766,32.47459030151367
2012-11-08,2798000,33.11000061035156,34.09000015258789,34.5,32.95000076293945,33.1553955078125
2012-11-07,1913900,34.630001068115234,34.95000076293945,34.970001220703125,34.04999923706055,33.9918212890625
2012-11-06,1772100,33.11000061035156,34.040000915527344,34.130001068115234,32.97999954223633,33.10676574707031
2012-11-05,1125000,32.77000045776367,32.720001220703125,33.130001068115234,32.470001220703125,31.822952270507812
2012-11-02,1283300,33.439998626708984,32.75,33.68000030517578,32.75,31.852128982543945
2012-11-01,1045700,33.83000183105469,33.58000183105469,34.040000915527344,33.56999969482422,32.65938186645508
2012-10-31,1468100,32.880001068115234,33.97999954223633,34.060001373291016,32.58000183105469,33.04840850830078
2012-10-26,1561300,32.630001068115234,32.45000076293945,32.630001068115234,32.099998474121094,31.560359954833984
2012-10-25,1299800,32.63999938964844,32.5,32.720001220703125,32.209999084472656,31.60898780822754
2012-10-24,1585600,32.5099983215332,32.040000915527344,32.90999984741211,31.979999542236328,31.16160011291504
2012-10-23,1171300,32.619998931884766,32.27000045776367,32.63999938964844,32.189998626708984,31.38529396057129
2012-10-22,2070500,32.83000183105469,33.2599983215332,33.27000045776367,32.70000076293945,32.348148345947266
2012-10-19,2443100,32.58000183105469,33.209999084472656,33.290000915527344,32.29999923706055,32.299522399902344
2012-10-18,3185800,33.439998626708984,32.56999969482422,33.81999969482422,32.38999938964844,31.677066802978516
2012-10-17,1218000,34.970001220703125,34.939998626708984,35.150001525878906,34.529998779296875,33.98208999633789
2012-10-16,1319400,34.52000045776367,34.869998931884766,34.93000030517578,34.470001220703125,33.91401290893555
2012-10-15,1445200,34.25,34.060001373291016,34.43000030517578,33.529998779296875,33.126216888427734
2012-10-12,2185400,34.619998931884766,34.279998779296875,34.7599983215332,34.16999816894531,33.34018325805664
2012-10-11,1441400,34.29999923706055,34.380001068115234,34.75,34.209999084472656,33.437442779541016
2012-10-10,1898000,34.060001373291016,34.11000061035156,34.38999938964844,33.84000015258789,33.174842834472656
2012-10-09,1892100,34.0,33.79999923706055,34.400001525878906,33.72999954223633,32.873348236083984
2012-10-08,2573700,33.5099983215332,33.81999969482422,33.95000076293945,33.5099983215332,32.89279556274414
2012-10-05,1935200,33.25,33.369998931884766,34.099998474121094,33.20000076293945,32.45513153076172
2012-10-04,2334400,33.4900016784668,33.06999969482422,33.650001525878906,33.029998779296875,32.163360595703125
2012-10-03,2190100,34.529998779296875,33.0099983215332,34.529998779296875,32.9900016784668,32.105003356933594
2012-10-02,2093800,35.31999969482422,34.58000183105469,35.41999816894531,34.16999816894531,33.631961822509766
2012-10-01,1672300,35.43000030517578,35.279998779296875,35.88999938964844,35.130001068115234,34.312767028808594
2012-09-28,2317400,34.869998931884766,35.04999923706055,35.41999816894531,34.36000061035156,34.089073181152344
2012-09-27,2299400,34.81999969482422,35.06999969482422,35.20000076293945,34.61000061035156,34.10852813720703
2012-09-26,3742000,34.869998931884766,34.45000076293945,35.220001220703125,34.22999954223633,33.50552749633789
2012-09-25,1993400,36.72999954223633,35.58000183105469,36.880001068115234,35.540000915527344,34.60454559326172
2012-09-24,2018000,36.209999084472656,36.290000915527344,36.63999938964844,35.9900016784668,35.295082092285156
2012-09-21,3316900,36.650001525878906,36.61000061035156,36.849998474121094,36.209999084472656,35.6063117980957
2012-09-20,1668100,36.029998779296875,36.29999923706055,36.45000076293945,35.540000915527344,35.304805755615234
2012-09-19,2191200,36.70000076293945,36.720001220703125,36.93000030517578,36.400001525878906,35.713294982910156
2012-09-18,3247200,36.16999816894531,36.90999984741211,36.90999984741211,36.02000045776367,35.8980827331543
2012-09-17,2150100,35.86000061035156,36.279998779296875,36.349998474121094,35.439998626708984,35.28535461425781
2012-09-14,2236900,35.630001068115234,35.790000915527344,36.310001373291016,35.52000045776367,34.80878829956055
2012-09-13,2497600,33.79999923706055,35.400001525878906,35.4900016784668,33.209999084472656,34.42948532104492
2012-09-12,1783500,34.349998474121094,34.09000015258789,34.459999084472656,33.209999084472656,33.1553955078125
2012-09-11,1239900,34.099998474121094,34.29999923706055,34.59000015258789,33.72999954223633,33.35963439941406
2012-09-10,1189600,34.13999938964844,33.79999923706055,34.369998931884766,33.7400016784668,32.873348236083984
2012-09-07,1507800,34.04999923706055,34.18000030517578,34.279998779296875,33.65999984741211,33.24292755126953
2012-09-06,2017300,32.54999923706055,33.290000915527344,33.31999969482422,32.5099983215332,32.37732696533203
2012-09-05,1886000,31.889999389648438,32.22999954223633,32.25,31.6200008392334,31.34638786315918
2012-09-04,1373800,31.8700008392334,31.420000076293945,31.899999618530273,31.149999618530273,30.558595657348633
2012-08-31,3133000,30.780000686645508,31.899999618530273,32.220001220703125,30.559999465942383,31.025436401367188
2012-08-30,1454200,31.280000686645508,31.15999984741211,31.3799991607666,30.809999465942383,30.305723190307617
2012-08-29,1962300,31.510000228881836,31.1299991607666,31.809999465942383,31.09000015258789,30.27654457092285
2012-08-28,2521500,32.099998474121094,31.719999313354492,32.11000061035156,31.5,30.747947692871094
2012-08-27,1726500,33.540000915527344,32.279998779296875,33.56999969482422,32.15999984741211,31.29078483581543
2012-08-24,1054700,33.70000076293945,33.58000183105469,33.869998931884766,33.400001525878906,32.55094909667969
2012-08-23,1655900,34.58000183105469,33.68000030517578,34.70000076293945,33.630001068115234,32.64788055419922
2012-08-22,1100400,34.13999938964844,34.7599983215332,34.83000183105469,33.900001525878906,33.694786071777344
2012-08-21,1468800,34.93000030517578,34.369998931884766,35.02000045776367,34.15999984741211,33.316734313964844
2012-08-20,964500,34.439998626708984,34.310001373291016,34.439998626708984,33.849998474121094,33.25857925415039
2012-08-17,1105300,35.09000015258789,34.58000183105469,35.15999984741211,34.529998779296875,33.52030563354492
2012-08-16,1621000,34.13999938964844,35.369998931884766,35.380001068115234,34.099998474121094,34.28609848022461
2012-08-15,809700,33.869998931884766,33.93000030517578,34.06999969482422,33.58000183105469,32.89022445678711
2012-08-14,1113700,34.29999923706055,33.90999984741211,34.619998931884766,33.869998931884766,32.8708381652832
2012-08-13,1459000,34.93000030517578,34.72999954223633,35.189998626708984,34.470001220703125,33.66570281982422
2012-08-10,1110600,34.56999969482422,34.61000061035156,34.79999923706055,34.310001373291016,33.549381256103516
2012-08-09,744100,33.880001068115234,34.099998474121094,34.290000915527344,33.59000015258789,33.05501174926758
2012-08-08,1477000,34.13999938964844,33.79999923706055,34.400001525878906,33.79999923706055,32.76420211791992
2012-08-07,1126200,34.310001373291016,34.599998474121094,34.65999984741211,34.18000030517578,33.53969192504883
2012-08-06,1888200,34.130001068115234,34.470001220703125,35.0,33.900001525878906,33.41366958618164
2012-08-03,2098100,34.310001373291016,33.88999938964844,34.40999984741211,33.459999084472656,32.851444244384766
2012-08-02,1547900,33.529998779296875,33.61000061035156,34.380001068115234,33.2400016784668,32.58002853393555
2012-08-01,1796300,33.91999816894531,33.86000061035156,34.349998474121094,32.349998474121094,32.822364807128906
2012-07-31,1300200,34.79999923706055,34.0099983215332,34.880001068115234,33.970001220703125,32.96776580810547
2012-07-30,1437800,34.75,34.779998779296875,34.959999084472656,34.52000045776367,33.71417236328125
2012-07-27,2284000,34.43000030517578,34.7599983215332,35.02000045776367,34.220001220703125,33.694786071777344
2012-07-26,2815800,33.59000015258789,33.70000076293945,33.79999923706055,33.11000061035156,32.667266845703125
2012-07-25,2327500,32.54999923706055,33.130001068115234,33.86000061035156,32.400001525878906,32.1147346496582
2012-07-24,2162100,32.060001373291016,31.989999771118164,32.2400016784668,31.860000610351562,31.009672164916992
2012-07-23,2252800,31.31999969482422,31.90999984741211,31.940000534057617,31.100000381469727,30.932125091552734
2012-07-20,2037900,31.260000228881836,31.770000457763672,31.899999618530273,31.020000457763672,30.796417236328125
2012-07-19,2600700,31.1200008392334,31.0,31.260000228881836,30.829999923706055,30.05000877380371
2012-07-18,1969300,31.690000534057617,31.34000015258789,31.690000534057617,31.219999313354492,30.379592895507812
2012-07-17,1621200,32.7400016784668,32.16999816894531,32.86000061035156,31.8799991607666,31.184154510498047
2012-07-16,1617600,32.310001373291016,32.709999084472656,32.86000061035156,32.310001373291016,31.707603454589844
2012-07-13,1360400,32.400001525878906,32.68000030517578,32.849998474121094,32.29999923706055,31.67852783203125
2012-07-12,1566200,32.11000061035156,32.380001068115234,32.650001525878906,31.579999923706055,31.38772201538086
2012-07-11,1587600,32.52000045776367,32.400001525878906,32.7599983215332,32.060001373291016,31.4071102142334
2012-07-10,1328100,33.779998779296875,32.540000915527344,33.84000015258789,32.400001525878906,31.542814254760742
2012-07-09,1298300,32.95000076293945,33.060001373291016,33.279998779296875,32.540000915527344,32.04688262939453
2012-07-06,1527000,33.63999938964844,33.189998626708984,33.84000015258789,32.97999954223633,32.17289733886719
2012-07-05,1282600,34.040000915527344,34.209999084472656,34.689998626708984,33.93000030517578,33.16163635253906
2012-07-03,1555600,33.630001068115234,34.290000915527344,34.33000183105469,33.54999923706055,33.23918914794922
2012-07-02,2279800,34.20000076293945,33.540000915527344,34.22999954223633,33.33000183105469,32.51217269897461
2012-06-29,2226500,34.5,34.34000015258789,34.560001373291016,33.72999954223633,33.287654876708984
2012-06-28,2235800,33.849998474121094,33.900001525878906,34.09000015258789,33.31999969482422,32.861141204833984
2012-06-27,1701900,34.25,34.150001525878906,34.43000030517578,33.619998931884766,33.103485107421875
2012-06-26,1169800,34.7400016784668,34.4900016784668,35.0,34.11000061035156,33.43305969238281
2012-06-25,2013300,34.099998474121094,34.7599983215332,34.900001525878906,33.90999984741211,33.694786071777344
2012-06-22,1501400,35.0099983215332,34.40999984741211,35.11000061035156,34.04999923706055,33.35551452636719
2012-06-21,1807800,36.279998779296875,35.11000061035156,36.349998474121094,35.099998474121094,34.034061431884766
2012-06-20,1775800,36.83000183105469,36.970001220703125,37.65999984741211,36.439998626708984,35.83706283569336
2012-06-19,1051100,37.099998474121094,37.130001068115234,37.209999084472656,36.63999938964844,35.992156982421875
2012-06-18,1673700,36.06999969482422,36.880001068115234,37.130001068115234,35.900001525878906,35.74982452392578
2012-06-15,5097100,36.33000183105469,36.84000015258789,36.869998931884766,35.939998626708984,35.71104431152344
2012-06-14,1928700,36.5099983215332,36.369998931884766,36.540000915527344,35.86000061035156,35.25544357299805
2012-06-13,2213200,37.029998779296875,36.41999816894531,37.08000183105469,36.29999923706055,35.30390930175781
2012-06-12,1508000,36.31999969482422,36.81999969482422,37.150001525878906,36.22999954223633,35.69165802001953
2012-06-11,1559300,36.36000061035156,36.0099983215332,36.58000183105469,35.91999816894531,34.90647506713867
2012-06-08,1980900,35.900001525878906,36.279998779296875,36.5,35.459999084472656,35.16820526123047
2012-06-07,3104400,37.90999984741211,36.36000061035156,37.90999984741211,36.11000061035156,35.24575424194336
2012-06-06,3198000,37.720001220703125,37.709999084472656,38.310001373291016,37.150001525878906,36.55438232421875
2012-06-05,3392300,37.529998779296875,37.400001525878906,37.599998474121094,37.099998474121094,36.253883361816406
2012-06-04,2856400,37.599998474121094,37.68000030517578,37.7400016784668,36.72999954223633,36.525299072265625
2012-06-01,3978100,36.45000076293945,36.86000061035156,37.08000183105469,36.2599983215332,35.73043441772461
2012-05-31,2276800,35.72999954223633,36.060001373291016,36.5099983215332,35.70000076293945,34.954952239990234
2012-05-30,3157100,35.08000183105469,35.529998779296875,36.02000045776367,34.689998626708984,34.44118881225586
2012-05-29,2261100,36.56999969482422,35.84000015258789,36.7400016784668,35.43000030517578,34.62725067138672
2012-05-25,1968000,36.130001068115234,36.18000030517578,36.56999969482422,35.93000030517578,34.955745697021484
2012-05-24,2833500,36.59000015258789,36.41999816894531,36.779998779296875,35.779998779296875,35.1876220703125
2012-05-23,3088400,34.959999084472656,36.560001373291016,36.66999816894531,34.349998474121094,35.32289123535156
2012-05-22,2664300,35.06999969482422,35.220001220703125,35.880001068115234,34.91999816894531,34.02823257446289
2012-05-21,3264100,34.119998931884766,35.06999969482422,35.220001220703125,34.11000061035156,33.8833122253418
2012-05-18,4386500,33.900001525878906,34.279998779296875,34.650001525878906,33.63999938964844,33.120033264160156
2012-05-17,3545700,31.84000015258789,32.529998779296875,32.9900016784668,31.690000534057617,31.42925262451172
2012-05-16,3156700,30.920000076293945,31.65999984741211,31.989999771118164,30.809999465942383,30.588695526123047
2012-05-15,2377200,31.81999969482422,30.809999465942383,32.2400016784668,30.700000762939453,29.767457962036133
2012-05-14,2217300,32.5,32.220001220703125,32.88999938964844,32.16999816894531,31.12974739074707
2012-05-11,1543600,33.650001525878906,33.47999954223633,34.189998626708984,33.33000183105469,32.347110748291016
2012-05-10,2513800,33.88999938964844,34.06999969482422,34.22999954223633,33.27000045776367,32.917144775390625
2012-05-09,2846600,31.889999389648438,32.529998779296875,33.04999923706055,31.84000015258789,31.42925262451172
2012-05-08,1656100,32.470001220703125,32.470001220703125,32.650001525878906,32.040000915527344,31.37128448486328
2012-05-07,1390900,33.20000076293945,33.150001525878906,33.540000915527344,32.790000915527344,32.02828598022461
2012-05-04,2019400,32.72999954223633,33.2400016784668,33.36000061035156,32.72999954223633,32.115238189697266
2012-05-03,1923700,33.47999954223633,32.77000045776367,33.599998474121094,32.540000915527344,31.6611270904541
2012-05-02,1012100,34.2599983215332,33.79999923706055,34.349998474121094,33.59000015258789,32.65627670288086
2012-05-01,1035000,34.25,34.560001373291016,34.75,34.08000183105469,33.390560150146484
2012-04-30,1092900,34.099998474121094,34.380001068115234,34.52000045776367,33.869998931884766,33.21665954589844
2012-04-27,1616800,34.650001525878906,34.279998779296875,34.81999969482422,34.099998474121094,33.120033264160156
2012-04-26,2036800,34.599998474121094,34.380001068115234,34.869998931884766,34.099998474121094,33.21665954589844
2012-04-25,2600400,33.45000076293945,34.08000183105469,34.18000030517578,33.209999084472656,32.92681121826172
2012-04-24,1477000,32.93000030517578,32.9900016784668,33.099998474121094,32.72999954223633,31.873689651489258
2012-04-23,2264000,32.68000030517578,32.880001068115234,32.9900016784668,32.279998779296875,31.767410278320312
2012-04-20,2045500,33.4900016784668,32.869998931884766,33.58000183105469,32.86000061035156,31.757747650146484
2012-04-19,2063700,33.689998626708984,33.33000183105469,33.86000061035156,33.25,32.20219039916992
2012-04-18,1697700,33.5099983215332,33.599998474121094,33.7400016784668,33.31999969482422,32.46304702758789
2012-04-17,1317100,33.63999938964844,33.61000061035156,34.27000045776367,33.36000061035156,32.47271728515625
2012-04-16,2410800,33.790000915527344,33.45000076293945,34.150001525878906,33.400001525878906,32.3181266784668
2012-04-13,2987700,33.88999938964844,34.0099983215332,34.09000015258789,33.540000915527344,32.85917663574219
2012-04-12,2493000,33.38999938964844,34.29999923706055,34.52000045776367,33.369998931884766,33.13935852050781
2012-04-11,2446300,33.720001220703125,33.599998474121094,33.88999938964844,33.380001068115234,32.46304702758789
2012-04-10,4842900,33.06999969482422,33.36000061035156,33.38999938964844,32.439998626708984,32.23116683959961
2012-04-09,2107300,34.38999938964844,34.06999969482422,34.560001373291016,33.93000030517578,32.917144775390625
2012-04-05,2864600,34.75,34.11000061035156,34.75,33.95000076293945,32.95579147338867
2012-04-04,3794300,34.630001068115234,34.349998474121094,34.9900016784668,33.84000015258789,33.18766784667969
2012-04-03,2840400,36.86000061035156,36.029998779296875,36.900001525878906,35.65999984741211,34.81082534790039
2012-04-02,2132200,36.7400016784668,36.900001525878906,37.25,36.470001220703125,35.65138244628906
2012-03-30,1559100,36.9900016784668,36.91999816894531,37.13999938964844,36.38999938964844,35.67070388793945
2012-03-29,1887400,36.220001220703125,36.689998626708984,36.779998779296875,36.060001373291016,35.448490142822266
2012-03-28,3125900,37.5,36.470001220703125,37.709999084472656,36.38999938964844,35.235939025878906
2012-03-27,2035600,38.65999984741211,38.18000030517578,38.75,38.0099983215332,36.88806915283203
2012-03-26,4877200,38.310001373291016,38.65999984741211,38.709999084472656,37.849998474121094,37.351829528808594
2012-03-23,1487300,37.290000915527344,37.65999984741211,38.060001373291016,37.2400016784668,36.38566207885742
2012-03-22,1494200,37.18000030517578,37.150001525878906,37.38999938964844,36.90999984741211,35.89292526245117
2012-03-21,1627200,38.040000915527344,37.880001068115234,38.2599983215332,37.65999984741211,36.59822082519531
2012-03-20,1844400,37.459999084472656,38.02000045776367,38.189998626708984,37.06999969482422,36.73348617553711
2012-03-19,1811200,38.599998474121094,38.0,38.650001525878906,37.849998474121094,36.71416091918945
2012-03-16,5264100,38.38999938964844,38.58000183105469,38.68000030517578,38.18000030517578,37.2745361328125
2012-03-15,2004800,38.279998779296875,38.41999816894531,38.9900016784668,38.04999923706055,37.11995315551758
2012-03-14,4821800,38.33000183105469,37.95000076293945,38.439998626708984,37.41999816894531,36.66585159301758
2012-03-13,1689900,39.5099983215332,39.4900016784668,39.790000915527344,39.189998626708984,38.153743743896484
2012-03-12,1591100,39.959999084472656,39.650001525878906,40.040000915527344,39.459999084472656,38.30833053588867
2012-03-09,1578100,40.02000045776367,39.9900016784668,40.38999938964844,39.79999923706055,38.63682556152344
2012-03-08,1359200,40.459999084472656,40.279998779296875,40.599998474121094,39.84000015258789,38.917015075683594
2012-03-07,1364200,40.060001373291016,40.380001068115234,40.599998474121094,39.63999938964844,39.01362991333008
2012-03-06,1877200,40.0099983215332,39.869998931884766,40.150001525878906,39.400001525878906,38.26580810546875
2012-03-05,2069000,41.16999816894531,40.95000076293945,41.20000076293945,40.36000061035156,39.30236053466797
2012-03-02,2126900,41.849998474121094,41.2400016784668,41.88999938964844,40.970001220703125,39.580692291259766
2012-03-01,1221300,42.43000030517578,42.4900016784668,42.959999084472656,42.16999816894531,40.7803955078125
2012-02-29,2305000,43.630001068115234,42.45000076293945,43.91999816894531,41.560001373291016,40.74200439453125
2012-02-28,1085200,43.11000061035156,43.4900016784668,43.68000030517578,42.90999984741211,41.74015808105469
2012-02-27,1084700,42.599998474121094,42.61000061035156,43.08000183105469,42.380001068115234,40.89556884765625
2012-02-24,1106900,43.20000076293945,43.040000915527344,43.45000076293945,42.97999954223633,41.308265686035156
2012-02-23,1776200,43.18000030517578,43.15999984741211,43.540000915527344,42.939998626708984,41.42343521118164
2012-02-22,1987100,42.849998474121094,43.36000061035156,43.45000076293945,42.58000183105469,41.615386962890625
2012-02-21,1502600,42.810001373291016,43.029998779296875,43.2400016784668,42.439998626708984,41.29866409301758
2012-02-17,1088600,42.91999816894531,42.41999816894531,42.939998626708984,42.2400016784668,40.71321487426758
2012-02-16,2135400,41.779998779296875,42.650001525878906,42.970001220703125,41.40999984741211,40.93396759033203
2012-02-15,2660000,44.0099983215332,43.119998931884766,44.09000015258789,42.86000061035156,41.38504409790039
2012-02-14,1135400,45.15999984741211,44.79999923706055,45.52000045776367,44.58000183105469,42.9974479675293
2012-02-13,891800,45.40999984741211,45.2599983215332,45.560001373291016,45.060001373291016,43.43893814086914
2012-02-10,997500,45.18000030517578,45.11000061035156,45.33000183105469,44.68000030517578,43.294979095458984
2012-02-09,1514400,46.220001220703125,45.93000030517578,46.43000030517578,45.900001525878906,44.08198928833008
2012-02-08,1287200,45.529998779296875,45.470001220703125,45.970001220703125,45.2599983215332,43.6405029296875
2012-02-07,2425200,45.849998474121094,45.279998779296875,45.91999816894531,44.77000045776367,43.4581298828125
2012-02-06,1529100,46.400001525878906,45.81999969482422,46.66999816894531,45.45000076293945,43.97641372680664
2012-02-03,1748100,46.709999084472656,46.5099983215332,46.77000045776367,45.31999969482422,44.638648986816406
2012-02-02,1048200,46.209999084472656,46.72999954223633,47.16999816894531,46.029998779296875,44.84979248046875
2012-02-01,1481400,45.93000030517578,46.029998779296875,46.47999954223633,45.79999923706055,44.17795944213867
2012-01-31,1523900,46.25,45.79999923706055,46.36000061035156,45.16999816894531,43.957218170166016
2012-01-30,1205600,45.68000030517578,45.689998626708984,46.18000030517578,45.38999938964844,43.851646423339844
2012-01-27,2582000,45.90999984741211,46.2400016784668,46.65999984741211,45.11000061035156,44.3795166015625
2012-01-26,2085400,45.369998931884766,45.060001373291016,45.7400016784668,44.790000915527344,43.246986389160156
2012-01-25,4014800,42.75,44.470001220703125,44.630001068115234,42.02000045776367,42.68073654174805
2012-01-24,1921700,43.7599983215332,43.310001373291016,44.0099983215332,43.029998779296875,41.567405700683594
2012-01-23,1154000,43.33000183105469,44.0099983215332,44.18000030517578,43.33000183105469,42.23924255371094
2012-01-20,1583500,43.34000015258789,43.52000045776367,44.150001525878906,43.04999923706055,41.768951416015625
2012-01-19,2182400,44.47999954223633,43.47999954223633,44.47999954223633,42.61000061035156,41.730560302734375
2012-01-18,1462200,44.220001220703125,44.540000915527344,44.650001525878906,44.099998474121094,42.747920989990234
2012-01-17,1447400,44.369998931884766,44.119998931884766,44.4900016784668,43.93000030517578,42.344818115234375
2012-01-13,1080600,43.279998779296875,43.02000045776367,43.279998779296875,42.61000061035156,41.28907012939453
2012-01-12,1252100,43.900001525878906,43.689998626708984,43.9900016784668,43.2599983215332,41.93210983276367
2012-01-11,1169600,43.34000015258789,43.27000045776367,43.38999938964844,42.4900016784668,41.52901077270508
2012-01-10,1351400,43.86000061035156,43.29999923706055,44.02000045776367,43.099998474121094,41.55780029296875
2012-01-09,1145900,43.599998474121094,43.18000030517578,43.630001068115234,42.97999954223633,41.442630767822266
2012-01-06,884400,43.77000045776367,43.560001373291016,44.16999816894531,43.15999984741211,41.80734634399414
2012-01-05,673600,43.16999816894531,43.56999969482422,43.95000076293945,42.7599983215332,41.81694030761719
2012-01-04,1382300,43.619998931884766,43.439998626708984,44.41999816894531,43.189998626708984,41.69216537475586
2012-01-03,2406100,43.40999984741211,43.849998474121094,43.9900016784668,43.06999969482422,42.08567428588867
2011-12-30,1103900,42.209999084472656,42.45000076293945,42.59000015258789,41.900001525878906,40.74200439453125
2011-12-29,1466100,41.08000183105469,41.880001068115234,41.880001068115234,40.59000015258789,40.19493865966797
2011-12-28,1154400,42.31999969482422,41.08000183105469,42.369998931884766,40.95000076293945,39.4271354675293
2011-12-27,775200,42.349998474121094,42.43000030517578,42.5,41.9900016784668,40.722808837890625
2011-12-23,732100,42.470001220703125,42.599998474121094,42.83000183105469,42.31999969482422,40.88596725463867
2011-12-22,1728900,42.349998474121094,42.400001525878906,42.709999084472656,41.900001525878906,40.69401168823242
2011-12-21,1150800,42.33000183105469,42.34000015258789,42.5,41.849998474121094,40.63643264770508
2011-12-20,1147700,42.099998474121094,42.58000183105469,42.65999984741211,42.0,40.86677551269531
2011-12-19,1670700,41.63999938964844,40.97999954223633,41.75,40.81999969482422,39.331153869628906
2011-12-16,3246400,41.689998626708984,41.13999938964844,42.220001220703125,41.060001373291016,39.48471450805664
2011-12-15,2841400,42.880001068115234,41.2400016784668,43.08000183105469,41.08000183105469,39.580692291259766
2011-12-14,2961800,42.4900016784668,42.66999816894531,43.209999084472656,41.970001220703125,40.95315170288086
2011-12-13,1818800,44.470001220703125,43.029998779296875,44.869998931884766,42.959999084472656,41.29866409301758
2011-12-12,1042000,44.77000045776367,44.4900016784668,44.77000045776367,43.849998474121094,42.69993209838867
2011-12-09,911000,45.369998931884766,45.630001068115234,45.77000045776367,45.11000061035156,43.79405975341797
2011-12-08,1372600,46.20000076293945,45.27000045776367,46.20000076293945,44.900001525878906,43.448543548583984
2011-12-07,1263300,46.45000076293945,46.66999816894531,47.0,46.15999984741211,44.792205810546875
2011-12-06,1847200,45.970001220703125,46.83000183105469,47.2599983215332,45.560001373291016,44.94577407836914
2011-12-05,1297900,46.75,46.459999084472656,47.470001220703125,46.150001525878906,44.59066390991211
2011-12-02,1666100,48.619998931884766,47.02000045776367,48.86000061035156,46.959999084472656,45.12812042236328
2011-12-01,2150300,47.790000915527344,48.41999816894531,48.880001068115234,47.689998626708984,46.47179412841797
2011-11-30,2066200,46.060001373291016,47.959999084472656,48.02000045776367,45.79999923706055,46.030303955078125
2011-11-29,806500,44.25,44.119998931884766,44.66999816894531,44.0099983215332,42.240447998046875
2011-11-28,1377700,44.41999816894531,44.290000915527344,44.709999084472656,43.810001373291016,42.403202056884766
2011-11-25,775700,43.08000183105469,42.97999954223633,43.9900016784668,42.959999084472656,41.149009704589844
2011-11-23,1260400,43.65999984741211,43.29999923706055,44.0,42.93000030517578,41.45537185668945
2011-11-22,2070900,44.08000183105469,44.33000183105469,45.040000915527344,44.02000045776367,42.44150161743164
2011-11-21,1738200,44.38999938964844,44.029998779296875,44.560001373291016,43.400001525878906,42.154273986816406
2011-11-18,1164600,45.880001068115234,45.13999938964844,46.08000183105469,44.599998474121094,43.21698760986328
2011-11-17,2052300,46.209999084472656,45.56999969482422,46.619998931884766,45.369998931884766,43.62867736816406
2011-11-16,1197600,46.75,46.529998779296875,47.63999938964844,46.470001220703125,44.54777145385742
2011-11-15,1441800,46.709999084472656,47.38999938964844,47.5,46.380001068115234,45.37113952636719
2011-11-14,2654900,48.27000045776367,47.040000915527344,48.29999923706055,46.68000030517578,45.03604507446289
2011-11-11,1736500,47.689998626708984,48.83000183105469,49.06999969482422,47.689998626708984,46.74979019165039
2011-11-10,2354200,47.2599983215332,47.2400016784668,47.9900016784668,46.88999938964844,45.2275276184082
2011-11-09,1949100,47.41999816894531,46.900001525878906,48.619998931884766,46.77000045776367,44.90201187133789
2011-11-08,1715400,48.33000183105469,47.970001220703125,49.13999938964844,47.86000061035156,45.92643356323242
2011-11-07,2709000,47.43000030517578,48.5,48.56999969482422,47.2400016784668,46.43385314941406
2011-11-04,1053000,46.91999816894531,47.2400016784668,47.349998474121094,45.900001525878906,45.2275276184082
2011-11-03,1765800,46.310001373291016,47.43000030517578,47.470001220703125,45.88999938964844,45.40943145751953
2011-11-02,1989900,45.810001373291016,45.369998931884766,46.459999084472656,44.90999984741211,43.43718719482422
2011-11-01,1969500,44.11000061035156,45.310001373291016,45.939998626708984,43.83000183105469,43.37974548339844
2011-10-31,1770200,46.709999084472656,45.209999084472656,46.84000015258789,45.15999984741211,43.284000396728516
2011-10-28,1856200,45.54999923706055,47.29999923706055,47.54999923706055,45.41999816894531,45.284969329833984
2011-10-27,1890900,44.84000015258789,45.630001068115234,46.04999923706055,44.459999084472656,43.68611526489258
2011-10-26,1637600,43.7599983215332,43.970001220703125,44.290000915527344,43.02000045776367,42.096832275390625
2011-10-25,2326300,42.75,43.630001068115234,44.29999923706055,41.86000061035156,41.77132034301758
2011-10-24,1505300,41.130001068115234,42.75,42.83000183105469,41.130001068115234,40.92880630493164
2011-10-21,1525900,40.439998626708984,41.08000183105469,41.27000045776367,40.220001220703125,39.3299560546875
2011-10-20,2835300,40.4900016784668,39.66999816894531,40.869998931884766,39.220001220703125,37.980018615722656
2011-10-19,1384100,42.15999984741211,40.7599983215332,42.310001373291016,40.68000030517578,39.023582458496094
2011-10-18,2878700,42.310001373291016,42.20000076293945,42.459999084472656,40.72999954223633,40.40223693847656
2011-10-17,1330100,42.40999984741211,42.41999816894531,42.70000076293945,42.18000030517578,40.61286926269531
2011-10-14,988100,41.95000076293945,42.4900016784668,42.5,41.560001373291016,40.67988204956055
2011-10-13,1731000,41.630001068115234,41.560001373291016,41.810001373291016,40.650001525878906,39.78950500488281
2011-10-12,2639700,41.790000915527344,41.7400016784668,41.91999816894531,40.91999816894531,39.961830139160156
2011-10-11,2153700,41.02000045776367,40.880001068115234,41.150001525878906,40.25,39.13847732543945
2011-10-10,2297700,41.189998626708984,41.15999984741211,41.2599983215332,40.72999954223633,39.40653991699219
2011-10-07,2593700,41.61000061035156,40.36000061035156,41.63999938964844,39.91999816894531,38.640621185302734
2011-10-06,2409300,41.279998779296875,41.470001220703125,41.54999923706055,40.66999816894531,39.703330993652344
2011-10-05,2747900,40.77000045776367,41.7599983215332,41.900001525878906,40.439998626708984,39.98097610473633
2011-10-04,2900000,40.130001068115234,40.209999084472656,40.45000076293945,38.970001220703125,38.49701690673828
2011-10-03,1759100,41.779998779296875,40.70000076293945,42.689998626708984,40.529998779296875,38.96613693237305
2011-09-30,2178100,41.0099983215332,41.36000061035156,42.77000045776367,40.630001068115234,39.598018646240234
2011-09-29,3309900,41.720001220703125,41.66999816894531,42.209999084472656,40.81999969482422,39.89480972290039
2011-09-28,2272900,43.900001525878906,41.029998779296875,44.209999084472656,41.0,39.282081604003906
2011-09-27,1776900,45.38999938964844,43.5099983215332,45.4900016784668,43.279998779296875,41.65642547607422
2011-09-26,3355500,43.150001525878906,43.869998931884766,43.91999816894531,42.2599983215332,42.001094818115234
2011-09-23,2613500,43.5,43.2400016784668,43.66999816894531,41.70000076293945,41.3979377746582
2011-09-22,2952600,45.2400016784668,44.31999969482422,45.650001525878906,43.93000030517578,42.431915283203125
2011-09-21,2424800,47.439998626708984,47.11000061035156,48.849998474121094,47.099998474121094,45.10306930541992
2011-09-20,2307500,46.790000915527344,48.0099983215332,48.310001373291016,46.720001220703125,45.9647216796875
2011-09-19,2541100,47.220001220703125,46.779998779296875,47.59000015258789,46.61000061035156,44.7871208190918
2011-09-16,3060500,46.11000061035156,47.619998931884766,47.720001220703125,45.9900016784668,45.59134292602539
2011-09-15,2217200,45.720001220703125,46.220001220703125,46.27000045776367,45.22999954223633,44.250980377197266
2011-09-14,1374400,45.9900016784668,45.119998931884766,45.9900016784668,45.09000015258789,43.19783401489258
2011-09-13,1369400,45.58000183105469,46.099998474121094,46.279998779296875,44.88999938964844,44.13609313964844
2011-09-12,2062800,46.08000183105469,45.47999954223633,46.790000915527344,44.189998626708984,43.542510986328125
2011-09-09,2159900,46.5,47.130001068115234,47.29999923706055,46.380001068115234,45.12221908569336
2011-09-08,2150200,46.900001525878906,46.689998626708984,47.119998931884766,46.459999084472656,44.70096206665039
2011-09-07,2212700,45.31999969482422,46.2599983215332,46.279998779296875,44.90999984741211,44.28927230834961
2011-09-06,3219300,45.16999816894531,46.02000045776367,46.369998931884766,44.88999938964844,44.05950164794922
2011-09-02,2243800,45.529998779296875,45.5099983215332,45.95000076293945,45.20000076293945,43.571231842041016
2011-09-01,2398600,45.18000030517578,45.56999969482422,45.93000030517578,44.689998626708984,43.62867736816406
2011-08-31,1969600,44.88999938964844,44.86000061035156,45.220001220703125,44.29999923706055,42.94890594482422
2011-08-30,2038900,45.04999923706055,44.7599983215332,45.189998626708984,44.45000076293945,42.737510681152344
2011-08-29,2007600,45.119998931884766,44.369998931884766,45.25,44.20000076293945,42.36513137817383
2011-08-26,1514100,44.279998779296875,44.849998474121094,44.88999938964844,43.150001525878906,42.823448181152344
2011-08-25,1612900,43.36000061035156,44.529998779296875,44.880001068115234,42.81999969482422,42.51790237426758
2011-08-24,3677900,44.29999923706055,43.52000045776367,44.59000015258789,42.75,41.55354690551758
2011-08-23,2480000,45.04999923706055,44.0,45.2400016784668,43.63999938964844,42.01185989379883
2011-08-22,3188300,45.810001373291016,46.18000030517578,47.25,45.75,44.09335708618164
2011-08-19,2152100,45.029998779296875,45.84000015258789,46.0,45.029998779296875,43.76871109008789
2011-08-18,1303400,46.099998474121094,44.7599983215332,46.209999084472656,44.380001068115234,42.737510681152344
2011-08-17,2412500,45.959999084472656,46.189998626708984,46.630001068115234,45.790000915527344,44.1028938293457
2011-08-16,1127500,45.380001068115234,45.439998626708984,45.91999816894531,45.11000061035156,43.38679122924805
2011-08-15,1457800,43.93000030517578,45.470001220703125,45.560001373291016,43.61000061035156,43.415443420410156
2011-08-12,1893300,44.47999954223633,43.81999969482422,44.84000015258789,43.61000061035156,41.83999252319336
2011-08-11,3345800,44.2400016784668,45.79999923706055,46.2400016784668,43.84000015258789,43.730525970458984
2011-08-10,5454300,43.84000015258789,44.33000183105469,45.2599983215332,43.63999938964844,42.326942443847656
2011-08-09,3103300,42.4900016784668,42.86000061035156,42.97999954223633,41.02000045776367,40.92335891723633
2011-08-08,3897900,43.470001220703125,42.0099983215332,43.72999954223633,41.810001373291016,40.11177062988281
2011-08-05,2384300,43.11000061035156,41.810001373291016,43.65999984741211,40.58000183105469,39.92081069946289
2011-08-04,2851900,44.189998626708984,42.06999969482422,44.189998626708984,41.630001068115234,40.169063568115234
2011-08-03,2814000,43.720001220703125,43.83000183105469,44.54999923706055,43.63999938964844,41.84953308105469
2011-08-02,2720100,42.56999969482422,43.290000915527344,43.68000030517578,42.459999084472656,41.33393478393555
2011-08-01,1402600,41.880001068115234,42.27000045776367,42.619998931884766,41.779998779296875,40.360023498535156
2011-07-29,1749400,42.040000915527344,41.939998626708984,42.11000061035156,41.5099983215332,40.0449333190918
2011-07-28,1933800,42.209999084472656,42.15999984741211,42.349998474121094,41.650001525878906,40.25498962402344
2011-07-27,1993900,44.18000030517578,42.79999923706055,44.22999954223633,42.58000183105469,40.86607360839844
2011-07-26,1989300,44.0099983215332,43.619998931884766,44.029998779296875,43.54999923706055,41.649024963378906
2011-07-25,2089300,45.11000061035156,43.83000183105469,45.279998779296875,43.689998626708984,41.84953308105469
2011-07-22,1158700,44.31999969482422,44.470001220703125,44.63999938964844,44.040000915527344,42.46062088012695
2011-07-21,1360100,44.45000076293945,44.349998474121094,44.52000045776367,43.88999938964844,42.346038818359375
2011-07-20,1619900,43.900001525878906,44.2599983215332,44.689998626708984,43.86000061035156,42.260108947753906
2011-07-19,1900400,45.58000183105469,44.40999984741211,45.630001068115234,44.20000076293945,42.4033317565918
2011-07-18,2619900,44.79999923706055,45.2400016784668,45.33000183105469,44.65999984741211,43.19582748413086
2011-07-15,1653400,43.97999954223633,43.86000061035156,44.279998779296875,43.720001220703125,41.878173828125
2011-07-14,2574900,44.47999954223633,43.77000045776367,44.47999954223633,43.459999084472656,41.79225158691406
2011-07-13,2742900,43.16999816894531,43.779998779296875,44.25,42.83000183105469,41.801795959472656
2011-07-12,2332700,41.529998779296875,42.709999084472656,43.0099983215332,41.439998626708984,40.78014373779297
2011-07-11,1281600,42.290000915527344,41.52000045776367,42.540000915527344,41.439998626708984,39.64391326904297
2011-07-08,903700,42.810001373291016,42.36000061035156,43.0,42.119998931884766,40.44595718383789
2011-07-07,2122800,42.90999984741211,42.790000915527344,43.11000061035156,42.709999084472656,40.85653305053711
2011-07-06,1356900,42.33000183105469,42.47999954223633,42.91999816894531,41.970001220703125,40.56053924560547
2011-07-05,1610600,41.56999969482422,41.81999969482422,42.0099983215332,41.380001068115234,39.93035888671875
2011-07-01,1280700,41.63999938964844,41.18000030517578,41.66999816894531,40.790000915527344,39.31927490234375
2011-06-30,919300,42.20000076293945,42.09000015258789,42.41999816894531,41.72999954223633,40.18815994262695
2011-06-29,1501300,41.400001525878906,41.88999938964844,42.540000915527344,41.16999816894531,39.997196197509766
2011-06-28,1364500,40.59000015258789,41.2599983215332,41.38999938964844,40.29999923706055,39.39566421508789
2011-06-27,1817800,40.02000045776367,39.90999984741211,40.470001220703125,39.70000076293945,38.106658935546875
2011-06-24,1977800,41.040000915527344,40.119998931884766,41.150001525878906,40.040000915527344,38.30717468261719
2011-06-23,2432100,41.720001220703125,41.459999084472656,41.81999969482422,40.279998779296875,39.58662033081055
2011-06-22,2046100,42.31999969482422,42.66999816894531,43.61000061035156,42.2599983215332,40.741947174072266
2011-06-21,981000,42.290000915527344,42.849998474121094,43.099998474121094,42.290000915527344,40.913814544677734
2011-06-20,1215000,42.47999954223633,42.119998931884766,43.02000045776367,42.04999923706055,40.216800689697266
2011-06-17,2783100,41.9900016784668,42.099998474121094,42.59000015258789,41.619998931884766,40.19770050048828
2011-06-16,1589500,42.79999923706055,41.970001220703125,43.06999969482422,41.5,40.07358169555664
2011-06-15,1289200,42.75,42.790000915527344,43.52000045776367,42.2599983215332,40.85653305053711
2011-06-14,855800,42.650001525878906,43.20000076293945,43.47999954223633,42.52000045776367,41.24799346923828
2011-06-13,1028000,42.849998474121094,42.5099983215332,43.13999938964844,42.22999954223633,40.58918380737305
2011-06-10,1249100,43.29999923706055,42.93000030517578,43.45000076293945,42.560001373291016,40.99020004272461
2011-06-09,1279800,43.41999816894531,43.84000015258789,44.31999969482422,43.2599983215332,41.85908508300781
2011-06-08,2130000,43.2599983215332,43.08000183105469,43.619998931884766,42.560001373291016,41.13343048095703
2011-06-07,2606000,44.56999969482422,43.869998931884766,44.65999984741211,43.81999969482422,41.88772964477539
2011-06-06,2114500,45.18000030517578,43.72999954223633,45.36000061035156,43.439998626708984,41.75405502319336
2011-06-03,2282700,45.029998779296875,45.439998626708984,45.70000076293945,44.779998779296875,43.38679122924805
2011-06-02,1318600,45.63999938964844,45.0,45.720001220703125,44.33000183105469,42.96666717529297
2011-06-01,2132700,46.029998779296875,45.209999084472656,46.04999923706055,45.130001068115234,43.16717529296875
2011-05-31,1357600,46.290000915527344,45.959999084472656,46.29999923706055,45.380001068115234,43.88329315185547
2011-05-27,1284800,45.27000045776367,45.5,45.56999969482422,44.97999954223633,43.4440803527832
2011-05-26,1918600,44.93000030517578,44.54999923706055,45.0,44.189998626708984,42.53700256347656
2011-05-25,2680100,44.79999923706055,45.0099983215332,45.290000915527344,44.52000045776367,42.97621154785156
2011-05-24,1355300,44.810001373291016,45.220001220703125,45.43000030517578,44.68000030517578,43.17673110961914
2011-05-23,2108700,44.560001373291016,44.5,45.040000915527344,44.22999954223633,42.4892578125
2011-05-20,1684400,45.540000915527344,45.79999923706055,46.40999984741211,44.970001220703125,43.730525970458984
2011-05-19,1772900,45.130001068115234,45.61000061035156,45.849998474121094,45.04999923706055,43.549102783203125
2011-05-18,1185200,45.220001220703125,45.209999084472656,45.75,45.08000183105469,43.16717529296875
2011-05-17,3139700,44.20000076293945,45.130001068115234,45.31999969482422,44.0099983215332,43.09079360961914
2011-05-16,3902000,44.02000045776367,44.34000015258789,44.65999984741211,43.7400016784668,42.336490631103516
2011-05-13,2799700,44.20000076293945,43.61000061035156,44.83000183105469,43.290000915527344,41.63948059082031
2011-05-12,3577600,44.16999816894531,44.459999084472656,44.91999816894531,43.77000045776367,42.45106887817383
2011-05-11,3885400,46.41999816894531,44.84000015258789,46.43000030517578,44.54999923706055,42.81390380859375
2011-05-10,1839100,45.68000030517578,45.47999954223633,46.11000061035156,45.470001220703125,43.42498016357422
2011-05-09,1675000,45.84000015258789,46.40999984741211,46.459999084472656,45.369998931884766,44.31296157836914
2011-05-06,1612700,46.34000015258789,45.650001525878906,46.88999938964844,45.5099983215332,43.587303161621094
2011-05-05,3126100,46.720001220703125,45.77000045776367,47.09000015258789,45.04999923706055,43.70187759399414
2011-05-04,2718700,48.04999923706055,47.9900016784668,48.27000045776367,46.68000030517578,45.82156753540039
2011-05-03,2204400,49.88999938964844,48.18000030517578,50.31999969482422,47.5099983215332,46.00297927856445
2011-05-02,1413500,50.65999984741211,50.38999938964844,51.689998626708984,49.93000030517578,48.113121032714844
2011-04-29,1214800,49.97999954223633,50.97999954223633,51.279998779296875,49.72999954223633,48.67646026611328
2011-04-28,1388800,49.34000015258789,49.369998931884766,50.20000076293945,49.18000030517578,47.13921356201172
2011-04-27,2220300,49.84000015258789,49.869998931884766,49.88999938964844,48.849998474121094,47.61661148071289
2011-04-26,1000000,49.970001220703125,49.380001068115234,49.97999954223633,49.16999816894531,47.14875793457031
2011-04-25,927000,50.40999984741211,49.630001068115234,50.41999816894531,49.29999923706055,47.3874626159668
2011-04-21,1015800,49.93000030517578,49.97999954223633,50.34000015258789,49.720001220703125,47.72165298461914
2011-04-20,981400,49.61000061035156,49.7400016784668,50.310001373291016,49.529998779296875,47.492496490478516
2011-04-19,1002700,48.45000076293945,49.02000045776367,49.02000045776367,48.09000015258789,46.805030822753906
2011-04-18,1708400,49.029998779296875,48.5,49.209999084472656,47.66999816894531,46.30852508544922
2011-04-15,1060400,48.790000915527344,49.29999923706055,49.33000183105469,48.43000030517578,47.07237243652344
2011-04-14,1210000,48.619998931884766,49.2599983215332,49.66999816894531,48.540000915527344,47.034183502197266
2011-04-13,1039500,49.380001068115234,48.90999984741211,49.470001220703125,48.400001525878906,46.69999313354492
2011-04-12,1706600,49.08000183105469,48.93000030517578,49.470001220703125,48.529998779296875,46.719085693359375
2011-04-11,1828000,50.18000030517578,49.25,50.599998474121094,48.810001373291016,47.02463912963867
2011-04-08,1664700,50.65999984741211,51.09000015258789,51.150001525878906,50.22999954223633,48.781494140625
2011-04-07,1682800,49.970001220703125,49.47999954223633,50.38999938964844,48.9900016784668,47.24424743652344
2011-04-06,2579600,50.5099983215332,50.540000915527344,50.77000045776367,50.0,48.25634002685547
2011-04-05,3444400,48.72999954223633,50.31999969482422,50.56999969482422,48.58000183105469,48.04628372192383
2011-04-04,762200,49.11000061035156,48.65999984741211,49.279998779296875,48.40999984741211,46.4612922668457
2011-04-01,2001100,48.779998779296875,48.849998474121094,49.27000045776367,48.27000045776367,46.642704010009766
2011-03-31,1665800,47.599998474121094,47.95000076293945,48.20000076293945,47.40999984741211,45.78337097167969
2011-03-30,1557200,46.88999938964844,47.33000183105469,47.630001068115234,46.77000045776367,45.1913948059082
2011-03-29,1362400,46.380001068115234,46.02000045776367,46.75,45.939998626708984,43.940582275390625
2011-03-28,1171000,46.33000183105469,46.060001373291016,46.61000061035156,45.9900016784668,43.97877502441406
2011-03-25,1039200,46.439998626708984,46.650001525878906,47.09000015258789,46.029998779296875,44.542110443115234
2011-03-24,1523300,47.04999923706055,46.5099983215332,47.43000030517578,46.2400016784668,44.4084358215332
2011-03-23,1124500,45.38999938964844,46.45000076293945,46.65999984741211,45.290000915527344,44.35115051269531
2011-03-22,945300,44.939998626708984,45.22999954223633,45.4900016784668,44.61000061035156,43.18627166748047
2011-03-21,827700,45.029998779296875,45.0099983215332,45.4900016784668,44.70000076293945,42.97621154785156
2011-03-18,1942100,44.709999084472656,44.2400016784668,45.040000915527344,44.119998931884766,42.24101638793945
2011-03-17,1648500,44.209999084472656,44.040000915527344,44.310001373291016,43.400001525878906,42.050048828125
2011-03-16,2504900,45.540000915527344,43.779998779296875,45.84000015258789,43.52000045776367,41.801795959472656
2011-03-15,1718500,44.45000076293945,46.060001373291016,46.310001373291016,44.2599983215332,43.97877502441406
2011-03-14,796500,46.7400016784668,47.040000915527344,47.06999969482422,46.40999984741211,44.91449737548828
2011-03-11,1120900,46.11000061035156,47.040000915527344,47.369998931884766,45.900001525878906,44.91449737548828
2011-03-10,1734300,45.790000915527344,45.47999954223633,46.290000915527344,45.15999984741211,43.42498016357422
2011-03-09,1206500,47.869998931884766,47.5,47.869998931884766,47.0,45.35371017456055
2011-03-08,1097400,47.310001373291016,47.619998931884766,47.880001068115234,47.130001068115234,45.36077880859375
2011-03-07,2606500,48.52000045776367,47.619998931884766,48.52000045776367,47.45000076293945,45.36077880859375
2011-03-04,3054300,48.47999954223633,47.849998474121094,48.77000045776367,47.45000076293945,45.57986831665039
2011-03-03,1476100,49.45000076293945,49.29999923706055,49.9900016784668,48.86000061035156,46.96106719970703
2011-03-02,1439200,49.38999938964844,49.79999923706055,49.849998474121094,48.81999969482422,47.437347412109375
2011-03-01,1768800,49.09000015258789,49.04999923706055,49.290000915527344,48.86000061035156,46.72292709350586
2011-02-28,1654400,48.619998931884766,48.84000015258789,49.16999816894531,48.54999923706055,46.52289581298828
2011-02-25,1155400,48.41999816894531,48.5,48.70000076293945,48.099998474121094,46.19902038574219
2011-02-24,1753400,49.20000076293945,48.2400016784668,49.20000076293945,48.15999984741211,45.951358795166016
2011-02-23,1723400,48.66999816894531,48.58000183105469,49.310001373291016,48.20000076293945,46.27522659301758
2011-02-22,2421800,48.63999938964844,47.880001068115234,48.970001220703125,47.84000015258789,45.60844039916992
2011-02-18,1606800,47.29999923706055,47.54999923706055,48.130001068115234,47.16999816894531,45.29409408569336
2011-02-17,1600000,46.709999084472656,47.29999923706055,47.529998779296875,46.25,45.05595779418945
2011-02-16,1365200,46.130001068115234,46.2599983215332,46.459999084472656,45.70000076293945,44.065284729003906
2011-02-15,1411300,45.47999954223633,45.90999984741211,46.150001525878906,45.470001220703125,43.73189926147461
2011-02-14,1044600,44.970001220703125,45.06999969482422,45.5,44.90999984741211,42.93175506591797
2011-02-11,1493000,44.849998474121094,44.779998779296875,45.290000915527344,44.4900016784668,42.65550994873047
2011-02-10,2157800,44.88999938964844,44.72999954223633,45.06999969482422,44.36000061035156,42.60788345336914
2011-02-09,1452500,45.970001220703125,45.470001220703125,46.18000030517578,45.16999816894531,43.312782287597656
2011-02-08,3086100,45.439998626708984,46.369998931884766,46.58000183105469,45.130001068115234,44.17007827758789
2011-02-07,1267700,45.150001525878906,44.97999954223633,45.5,44.689998626708984,42.84602355957031
2011-02-04,1302900,45.369998931884766,44.72999954223633,45.54999923706055,44.540000915527344,42.60788345336914
2011-02-03,1910900,44.20000076293945,45.40999984741211,45.529998779296875,43.88999938964844,43.25562286376953
2011-02-02,1628300,44.540000915527344,44.22999954223633,44.75,43.90999984741211,42.1316032409668
2011-02-01,3283600,43.459999084472656,44.58000183105469,44.650001525878906,43.209999084472656,42.465003967285156
2011-01-31,2259600,42.75,43.040000915527344,43.189998626708984,42.470001220703125,40.99806213378906
2011-01-28,2925400,43.09000015258789,43.130001068115234,44.2400016784668,42.9900016784668,41.08379364013672
2011-01-27,2264300,44.20000076293945,43.720001220703125,44.36000061035156,43.150001525878906,41.64580154418945
2011-01-26,2889000,43.33000183105469,44.66999816894531,44.70000076293945,43.220001220703125,42.550724029541016
2011-01-25,3324000,43.41999816894531,43.36000061035156,43.97999954223633,42.939998626708984,41.302879333496094
2011-01-24,3540400,44.47999954223633,44.36000061035156,44.86000061035156,44.11000061035156,42.25544738769531
2011-01-21,3446900,44.38999938964844,44.439998626708984,44.959999084472656,43.970001220703125,42.33163833618164
2011-01-20,3233800,43.72999954223633,44.61000061035156,44.93000030517578,43.65999984741211,42.49357223510742
2011-01-19,1662600,45.09000015258789,44.70000076293945,45.290000915527344,44.349998474121094,42.579307556152344
2011-01-18,3097200,44.58000183105469,45.099998474121094,45.209999084472656,44.52000045776367,42.960323333740234
2011-01-14,3410600,43.95000076293945,44.66999816894531,44.68000030517578,43.83000183105469,42.550724029541016
2011-01-13,3813100,45.79999923706055,44.369998931884766,45.81999969482422,44.2599983215332,42.264957427978516
2011-01-12,1663400,45.18000030517578,45.560001373291016,45.720001220703125,44.939998626708984,43.39850616455078
2011-01-11,3087500,45.310001373291016,45.18000030517578,45.56999969482422,44.900001525878906,43.03653335571289
2011-01-10,2719000,44.81999969482422,44.81999969482422,44.869998931884766,43.97999954223633,42.69361877441406
2011-01-07,3117900,44.65999984741211,44.81999969482422,45.52000045776367,44.16999816894531,42.69361877441406
2011-01-06,5969000,46.400001525878906,44.79999923706055,46.630001068115234,44.529998779296875,42.674564361572266
2011-01-05,1456600,46.43000030517578,46.880001068115234,47.029998779296875,46.15999984741211,44.655879974365234
2011-01-04,2181000,47.619998931884766,46.880001068115234,47.72999954223633,46.38999938964844,44.655879974365234
2011-01-03,1608900,49.4900016784668,48.54999923706055,49.59000015258789,48.189998626708984,46.24665069580078
2010-12-31,551900,49.0099983215332,49.22999954223633,49.470001220703125,48.97999954223633,46.89439392089844
2010-12-30,965500,49.560001373291016,48.77000045776367,49.630001068115234,48.18000030517578,46.456207275390625
2010-12-29,830500,49.68000030517578,49.36000061035156,49.70000076293945,48.9900016784668,47.018226623535156
2010-12-28,1101300,48.72999954223633,49.540000915527344,49.66999816894531,48.47999954223633,47.1896858215332
2010-12-27,546300,48.290000915527344,48.029998779296875,48.369998931884766,47.290000915527344,45.75132751464844
2010-12-23,921800,47.599998474121094,48.0099983215332,48.2599983215332,47.54999923706055,45.73227310180664
2010-12-22,1008800,47.650001525878906,47.56999969482422,48.119998931884766,47.470001220703125,45.313148498535156
2010-12-21,1193100,48.33000183105469,47.880001068115234,48.560001373291016,47.68000030517578,45.60844039916992
2010-12-20,1691100,49.02000045776367,48.25,49.09000015258789,47.970001220703125,45.96088409423828
2010-12-17,1908500,48.470001220703125,48.22999954223633,48.470001220703125,47.77000045776367,45.94182205200195
2010-12-16,2899900,49.04999923706055,47.91999816894531,49.060001373291016,47.2599983215332,45.64654541015625
2010-12-15,2034100,50.220001220703125,49.22999954223633,50.75,49.0099983215332,46.89439392089844
2010-12-14,1305300,50.209999084472656,50.540000915527344,50.7599983215332,50.0,48.142234802246094
2010-12-13,913400,49.54999923706055,49.529998779296875,49.9900016784668,49.33000183105469,47.18016052246094
2010-12-10,1285000,48.52000045776367,48.790000915527344,49.06999969482422,47.959999084472656,46.47526550292969
2010-12-09,888800,48.5099983215332,48.369998931884766,48.59000015258789,47.779998779296875,46.07518768310547
2010-12-08,1328100,48.689998626708984,48.060001373291016,49.040000915527344,47.77000045776367,45.7798957824707
2010-12-07,1445900,50.060001373291016,48.779998779296875,50.150001525878906,48.779998779296875,46.465736389160156
2010-12-06,2013500,49.52000045776367,49.599998474121094,49.900001525878906,49.04999923706055,47.24683380126953
2010-12-03,2115600,48.790000915527344,49.869998931884766,49.939998626708984,48.630001068115234,47.50402069091797
2010-12-02,1221100,47.84000015258789,48.439998626708984,48.810001373291016,47.779998779296875,46.14187240600586
2010-12-01,1216300,47.06999969482422,47.31999969482422,47.31999969482422,46.56999969482422,45.07500457763672
2010-11-30,1581000,46.25,46.83000183105469,47.040000915527344,46.060001373291016,44.608253479003906
2010-11-29,973100,46.5,46.869998931884766,46.95000076293945,45.880001068115234,44.64635467529297
2010-11-26,942700,46.22999954223633,46.560001373291016,46.689998626708984,46.11000061035156,44.35105895996094
2010-11-24,807300,47.439998626708984,46.970001220703125,47.540000915527344,46.66999816894531,44.741607666015625
2010-11-23,1290300,47.720001220703125,46.959999084472656,48.040000915527344,46.83000183105469,44.732086181640625
2010-11-22,1218700,47.65999984741211,48.0,48.150001525878906,46.81999969482422,45.72274398803711
2010-11-19,1226300,47.560001373291016,47.58000183105469,48.130001068115234,47.290000915527344,45.322669982910156
2010-11-18,1440700,47.93000030517578,47.7400016784668,48.33000183105469,47.61000061035156,45.4750862121582
2010-11-17,1235400,47.45000076293945,47.310001373291016,48.060001373291016,47.04999923706055,45.065486907958984
2010-11-16,2410300,48.22999954223633,47.02000045776367,48.34000015258789,46.68000030517578,44.78923797607422
2010-11-15,1563000,49.540000915527344,48.689998626708984,49.81999969482422,48.68000030517578,46.380008697509766
2010-11-12,2957100,50.459999084472656,49.099998474121094,50.540000915527344,49.0099983215332,46.77055358886719
2010-11-11,4683700,52.70000076293945,50.84000015258789,52.86000061035156,49.90999984741211,48.428009033203125
2010-11-10,3837800,50.83000183105469,51.209999084472656,51.560001373291016,50.099998474121094,48.78045654296875
2010-11-09,3356100,50.970001220703125,48.810001373291016,52.22999954223633,48.47999954223633,46.494319915771484
2010-11-08,1796100,49.119998931884766,49.93000030517578,49.939998626708984,48.970001220703125,47.56117630004883
2010-11-05,1537500,49.22999954223633,49.310001373291016,49.83000183105469,48.630001068115234,46.9705924987793
2010-11-04,1743900,48.27000045776367,49.16999816894531,49.220001220703125,48.04999923706055,46.83723831176758
2010-11-03,1816400,47.13999938964844,46.59000015258789,47.2400016784668,45.9900016784668,44.379638671875
2010-11-02,1152300,47.0,46.970001220703125,47.15999984741211,46.560001373291016,44.741607666015625
2010-11-01,782700,46.4900016784668,46.7599983215332,47.040000915527344,46.34000015258789,44.54156494140625
2010-10-29,970900,46.720001220703125,47.11000061035156,47.18000030517578,46.470001220703125,44.874969482421875
2010-10-28,1543500,45.7400016784668,46.439998626708984,46.560001373291016,45.47999954223633,44.23675537109375
2010-10-27,1595200,45.59000015258789,45.130001068115234,45.66999816894531,44.220001220703125,42.98890686035156
2010-10-26,1707700,46.08000183105469,46.11000061035156,46.5,45.66999816894531,43.92241287231445
2010-10-25,1462300,46.40999984741211,46.5,46.93000030517578,46.380001068115234,44.29390335083008
2010-10-22,1190300,45.349998474121094,45.88999938964844,45.91999816894531,45.130001068115234,43.71285629272461
2010-10-21,1411800,46.310001373291016,45.5099983215332,46.54999923706055,45.02000045776367,43.35087966918945
2010-10-20,1387200,45.84000015258789,46.119998931884766,46.65999984741211,45.7400016784668,43.93193054199219
2010-10-19,2745900,45.52000045776367,45.25,46.08000183105469,45.0,43.103214263916016
2010-10-18,1171700,46.81999969482422,47.02000045776367,47.349998474121094,46.70000076293945,44.78923797607422
2010-10-15,1740500,47.18000030517578,47.290000915527344,47.529998779296875,46.650001525878906,45.04643249511719
2010-10-14,2017700,47.529998779296875,47.45000076293945,47.95000076293945,47.22999954223633,45.1988410949707
2010-10-13,4538900,46.68000030517578,48.119998931884766,48.15999984741211,46.66999816894531,45.83705520629883
2010-10-12,1784700,46.40999984741211,46.79999923706055,46.90999984741211,45.84000015258789,44.57967758178711
2010-10-11,1082700,46.79999923706055,46.79999923706055,47.0099983215332,46.2400016784668,44.57967758178711
2010-10-08,1604900,46.47999954223633,46.9900016784668,47.09000015258789,46.40999984741211,44.760658264160156
2010-10-07,2667100,47.34000015258789,46.5,47.439998626708984,45.849998474121094,44.29390335083008
2010-10-06,2631500,46.790000915527344,47.52000045776367,47.63999938964844,46.619998931884766,45.265525817871094
2010-10-05,3198500,46.83000183105469,47.0,47.459999084472656,46.83000183105469,44.770179748535156
2010-10-04,1505500,46.36000061035156,46.13999938964844,46.65999984741211,45.75,43.95098876953125
2010-10-01,1975200,46.5099983215332,47.060001373291016,47.31999969482422,46.45000076293945,44.827335357666016
2010-09-30,1926900,46.290000915527344,46.2400016784668,46.369998931884766,45.400001525878906,44.0462532043457
2010-09-29,1869000,46.40999984741211,46.5,46.61000061035156,45.93000030517578,44.29390335083008
2010-09-28,3542200,45.5099983215332,46.79999923706055,46.84000015258789,45.099998474121094,44.57967758178711
2010-09-27,1275600,45.52000045776367,45.119998931884766,45.52000045776367,45.119998931884766,42.979373931884766
2010-09-24,2482400,46.18000030517578,45.2400016784668,46.25,45.0,43.09368133544922
2010-09-23,2915000,45.70000076293945,45.849998474121094,46.36000061035156,45.22999954223633,43.674739837646484
2010-09-22,3535000,45.34000015258789,45.86000061035156,45.900001525878906,44.9900016784668,43.68427658081055
2010-09-21,3126300,44.2599983215332,44.66999816894531,44.790000915527344,43.59000015258789,42.550724029541016
2010-09-20,3223700,44.099998474121094,44.06999969482422,44.47999954223633,43.86000061035156,41.97919845581055
2010-09-17,5639700,44.849998474121094,43.61000061035156,44.849998474121094,43.150001525878906,41.5410270690918
2010-09-16,5676600,45.04999923706055,44.83000183105469,45.099998474121094,44.650001525878906,42.70314025878906
2010-09-15,14119300,44.349998474121094,44.5,44.91999816894531,43.79999923706055,42.38878631591797
2010-09-14,4790400,45.22999954223633,46.720001220703125,47.75,45.150001525878906,44.50346374511719
2010-09-13,1334900,44.83000183105469,44.59000015258789,44.970001220703125,44.47999954223633,42.474525451660156
2010-09-10,873700,43.7599983215332,44.290000915527344,44.7400016784668,43.599998474121094,42.18875503540039
2010-09-09,1188400,44.529998779296875,43.849998474121094,44.619998931884766,43.47999954223633,41.76963424682617
2010-09-08,1105700,44.56999969482422,43.970001220703125,44.75,43.970001220703125,41.88393783569336
2010-09-07,1554800,44.150001525878906,44.38999938964844,44.54999923706055,43.79999923706055,42.28401184082031
2010-09-03,1338700,43.369998931884766,43.95000076293945,44.0,43.0099983215332,41.864891052246094
2010-09-02,1952800,42.9900016784668,43.849998474121094,43.849998474121094,42.61000061035156,41.76963424682617
2010-09-01,2208800,42.880001068115234,42.0099983215332,42.880001068115234,41.939998626708984,40.016929626464844
2010-08-31,2323300,42.56999969482422,42.290000915527344,43.029998779296875,42.08000183105469,40.19788360595703
2010-08-30,1399900,42.5099983215332,42.459999084472656,42.900001525878906,42.41999816894531,40.35947036743164
2010-08-27,2983400,42.439998626708984,42.68000030517578,42.77000045776367,41.810001373291016,40.5685920715332
2010-08-26,1404000,42.81999969482422,42.84000015258789,43.349998474121094,42.619998931884766,40.72066879272461
2010-08-25,2597800,42.04999923706055,42.81999969482422,42.900001525878906,41.88999938964844,40.701663970947266
2010-08-24,1886500,42.18000030517578,42.29999923706055,42.79999923706055,41.869998931884766,40.2073860168457
2010-08-23,856900,43.369998931884766,43.2400016784668,43.599998474121094,43.189998626708984,41.10088348388672
2010-08-20,1617300,43.209999084472656,43.849998474121094,43.90999984741211,43.16999816894531,41.68070983886719
2010-08-19,1371900,43.970001220703125,44.06999969482422,44.20000076293945,43.59000015258789,41.88982009887695
2010-08-18,1852100,43.310001373291016,44.20000076293945,44.560001373291016,43.13999938964844,42.01339340209961
2010-08-17,1349500,43.72999954223633,43.97999954223633,44.130001068115234,43.540000915527344,41.80427932739258
2010-08-16,1489500,43.0,43.970001220703125,44.08000183105469,43.0,41.79476547241211
2010-08-13,1067400,42.9900016784668,42.90999984741211,43.290000915527344,42.5,40.787208557128906
2010-08-12,1560100,43.11000061035156,43.40999984741211,43.470001220703125,42.90999984741211,41.262474060058594
2010-08-11,1580600,43.06999969482422,42.7400016784668,43.119998931884766,42.470001220703125,40.62561798095703
2010-08-10,1530000,42.45000076293945,43.13999938964844,43.439998626708984,42.279998779296875,41.005828857421875
2010-08-09,801100,42.790000915527344,43.150001525878906,43.150001525878906,42.59000015258789,41.01533508300781
2010-08-06,1357300,42.56999969482422,43.09000015258789,43.09000015258789,42.56999969482422,40.958309173583984
2010-08-05,1288900,42.279998779296875,42.41999816894531,42.5,41.939998626708984,40.32144546508789
2010-08-04,2179800,41.869998931884766,42.08000183105469,42.119998931884766,41.63999938964844,39.99827194213867
2010-08-03,2162700,40.810001373291016,41.11000061035156,41.43000030517578,40.709999084472656,39.076255798339844
2010-08-02,1228800,41.150001525878906,40.119998931884766,41.209999084472656,39.84000015258789,38.135231018066406
2010-07-30,2267100,40.099998474121094,40.52000045776367,40.529998779296875,39.900001525878906,38.515445709228516
2010-07-29,1400500,39.380001068115234,39.58000183105469,39.959999084472656,39.33000183105469,37.6219482421875
2010-07-28,1131700,39.36000061035156,39.709999084472656,39.79999923706055,39.09000015258789,37.745513916015625
2010-07-27,2048100,40.189998626708984,39.45000076293945,40.189998626708984,39.13999938964844,37.49837875366211
2010-07-26,1318000,40.5,40.08000183105469,40.5,39.880001068115234,38.09720993041992
2010-07-23,1271000,40.09000015258789,39.95000076293945,40.31999969482422,39.599998474121094,37.97364807128906
2010-07-22,1851100,40.040000915527344,40.02000045776367,40.63999938964844,39.709999084472656,38.04018020629883
2010-07-21,1583300,39.88999938964844,39.290000915527344,40.04999923706055,39.06999969482422,37.34629440307617
2010-07-20,1297400,38.54999923706055,39.529998779296875,39.540000915527344,38.54999923706055,37.57441711425781
2010-07-19,2822900,39.869998931884766,39.099998474121094,39.93000030517578,38.68000030517578,37.16569900512695
2010-07-16,1475700,40.79999923706055,40.40999984741211,40.79999923706055,40.20000076293945,38.410884857177734
2010-07-15,869700,41.72999954223633,41.34000015258789,41.72999954223633,40.81999969482422,39.29486846923828
2010-07-14,870300,41.470001220703125,41.41999816894531,41.869998931884766,41.13999938964844,39.370914459228516
2010-07-13,1391400,42.130001068115234,41.369998931884766,42.130001068115234,41.31999969482422,39.32339096069336
2010-07-12,963500,41.06999969482422,41.04999923706055,41.439998626708984,40.70000076293945,39.01921844482422
2010-07-09,1132900,40.77000045776367,40.959999084472656,41.25,40.7400016784668,38.933677673339844
2010-07-08,1402300,41.369998931884766,40.66999816894531,41.369998931884766,40.22999954223633,38.65802001953125
2010-07-07,3202100,41.16999816894531,40.95000076293945,41.18000030517578,40.2599983215332,38.92416763305664
2010-07-06,1375600,41.2599983215332,40.45000076293945,41.2599983215332,40.2400016784668,38.448909759521484
2010-07-02,2003900,41.27000045776367,40.75,41.599998474121094,40.5099983215332,38.73406982421875
2010-07-01,3665000,42.470001220703125,40.52000045776367,42.58000183105469,40.119998931884766,38.515445709228516
2010-06-30,972400,42.88999938964844,43.18000030517578,43.650001525878906,42.79999923706055,41.04384994506836
2010-06-29,1373000,43.31999969482422,43.209999084472656,43.689998626708984,42.939998626708984,41.072364807128906
2010-06-28,1601400,44.349998474121094,43.689998626708984,44.900001525878906,43.470001220703125,41.52862548828125
2010-06-25,1222900,44.15999984741211,44.349998474121094,44.79999923706055,43.9900016784668,42.155967712402344
2010-06-24,1605200,43.2400016784668,43.869998931884766,44.369998931884766,43.220001220703125,41.69971466064453
2010-06-23,1666600,44.04999923706055,43.939998626708984,44.13999938964844,43.13999938964844,41.766258239746094
2010-06-22,1200200,44.15999984741211,43.68000030517578,44.43000030517578,43.599998474121094,41.51911926269531
2010-06-21,1826800,44.869998931884766,43.7599983215332,44.9900016784668,43.41999816894531,41.59515380859375
2010-06-18,2076100,45.060001373291016,44.790000915527344,45.279998779296875,44.709999084472656,42.5742073059082
2010-06-17,1932800,44.310001373291016,44.79999923706055,44.95000076293945,44.18000030517578,42.583709716796875
2010-06-16,1037800,42.84000015258789,43.65999984741211,43.95000076293945,42.84000015258789,41.50010681152344
2010-06-15,1699400,42.95000076293945,43.58000183105469,43.63999938964844,42.779998779296875,41.424072265625
2010-06-14,1452000,42.77000045776367,42.2599983215332,43.060001373291016,42.2599983215332,40.16936492919922
2010-06-11,941900,42.029998779296875,42.279998779296875,42.400001525878906,41.900001525878906,40.18838119506836
2010-06-10,1514500,42.029998779296875,42.45000076293945,42.599998474121094,41.900001525878906,40.34996032714844
2010-06-09,2087400,42.189998626708984,42.11000061035156,42.54999923706055,41.709999084472656,40.02678680419922
2010-06-08,2908800,42.5099983215332,42.38999938964844,43.119998931884766,41.91999816894531,40.29293441772461
2010-06-07,2800000,41.4900016784668,43.040000915527344,43.54999923706055,41.380001068115234,40.91078186035156
2010-06-04,2212600,41.41999816894531,41.66999816894531,42.529998779296875,41.119998931884766,39.60855484008789
2010-06-03,1923200,42.88999938964844,42.56999969482422,42.95000076293945,41.91999816894531,40.46403121948242
2010-06-02,1466100,42.02000045776367,42.83000183105469,42.83000183105469,41.61000061035156,40.71116256713867
2010-06-01,2323400,42.02000045776367,41.54999923706055,42.7599983215332,41.54999923706055,39.49448013305664
2010-05-28,2108500,42.15999984741211,41.91999816894531,42.33000183105469,41.630001068115234,39.846187591552734
2010-05-27,2023400,42.15999984741211,42.45000076293945,42.79999923706055,41.9900016784668,40.34996032714844
2010-05-26,4311800,42.349998474121094,42.279998779296875,43.459999084472656,41.97999954223633,40.18838119506836
2010-05-25,2810500,39.4900016784668,40.619998931884766,40.709999084472656,38.88999938964844,38.610496520996094
2010-05-24,1693700,39.380001068115234,38.959999084472656,39.65999984741211,38.91999816894531,37.03261947631836
2010-05-21,2693900,38.150001525878906,38.91999816894531,39.36000061035156,38.040000915527344,36.994590759277344
2010-05-20,3167500,40.060001373291016,39.31999969482422,40.45000076293945,38.90999984741211,37.37480545043945
2010-05-19,2660600,40.939998626708984,40.84000015258789,41.540000915527344,39.79999923706055,38.819610595703125
2010-05-18,2571800,42.06999969482422,41.9900016784668,42.72999954223633,41.720001220703125,39.91272735595703
2010-05-17,1906600,42.900001525878906,42.47999954223633,43.0,41.86000061035156,40.37847900390625
2010-05-14,1855200,43.43000030517578,42.959999084472656,43.45000076293945,41.810001373291016,40.8347282409668
2010-05-13,1641400,43.310001373291016,42.77000045776367,43.81999969482422,42.65999984741211,40.654136657714844
2010-05-12,2860200,43.970001220703125,43.22999954223633,44.08000183105469,43.09000015258789,41.09138107299805
2010-05-11,3966800,42.27000045776367,43.25,43.7599983215332,42.15999984741211,41.110382080078125
2010-05-10,2453500,41.279998779296875,41.810001373291016,41.810001373291016,40.88999938964844,39.741634368896484
2010-05-07,3620400,41.369998931884766,41.0099983215332,41.970001220703125,40.599998474121094,38.981204986572266
2010-05-06,4144700,40.400001525878906,40.939998626708984,41.2599983215332,39.0,38.91466522216797
2010-05-05,3519700,40.65999984741211,40.93000030517578,42.060001373291016,40.470001220703125,38.90515899658203
2010-05-04,2516400,42.34000015258789,41.63999938964844,42.34000015258789,40.68000030517578,39.58003616333008
2010-05-03,1300400,41.84000015258789,41.9900016784668,42.16999816894531,41.220001220703125,39.91272735595703
2010-04-30,2344900,42.29999923706055,41.86000061035156,42.439998626708984,41.689998626708984,39.78915786743164
2010-04-29,2439400,41.08000183105469,41.630001068115234,42.220001220703125,41.029998779296875,39.570533752441406
2010-04-28,2453600,40.279998779296875,41.040000915527344,41.5,40.119998931884766,39.00971603393555
2010-04-27,2259000,39.41999816894531,40.439998626708984,40.75,39.40999984741211,38.439395904541016
2010-04-26,1304000,40.27000045776367,40.2599983215332,40.5,40.060001373291016,38.268306732177734
2010-04-23,1724800,38.880001068115234,39.939998626708984,40.029998779296875,38.4900016784668,37.964134216308594
2010-04-22,1747400,38.369998931884766,39.0,39.029998779296875,38.02000045776367,37.070640563964844
2010-04-21,2265100,38.97999954223633,38.779998779296875,39.2400016784668,38.439998626708984,36.86151885986328
2010-04-20,1330900,39.31999969482422,38.689998626708984,39.45000076293945,38.599998474121094,36.775978088378906
2010-04-19,2028800,38.63999938964844,38.83000183105469,39.08000183105469,38.38999938964844,36.90904998779297
2010-04-16,3182500,39.41999816894531,38.58000183105469,39.599998474121094,37.52000045776367,36.671424865722656
2010-04-15,1159700,39.900001525878906,39.68000030517578,40.2400016784668,39.68000030517578,37.71699523925781
2010-04-14,1056400,40.369998931884766,40.209999084472656,40.40999984741211,39.790000915527344,38.22078323364258
2010-04-13,1603000,40.43000030517578,39.959999084472656,40.5,39.2599983215332,37.9831428527832
2010-04-12,1073000,40.84000015258789,40.650001525878906,41.29999923706055,40.52000045776367,38.63901901245117
2010-04-09,1267300,41.08000183105469,41.20000076293945,41.54999923706055,40.7599983215332,39.16180419921875
2010-04-08,1416100,40.54999923706055,40.70000076293945,40.880001068115234,40.33000183105469,38.68653869628906
2010-04-07,1789900,40.709999084472656,41.11000061035156,41.380001068115234,40.529998779296875,39.076255798339844
2010-04-06,1060700,40.119998931884766,40.36000061035156,40.790000915527344,40.0,38.36335754394531
2010-04-05,1192300,40.04999923706055,40.31999969482422,40.47999954223633,39.5099983215332,38.325340270996094
2010-04-01,2000200,38.599998474121094,39.650001525878906,39.720001220703125,38.41999816894531,37.68848419189453
2010-03-31,1130500,37.709999084472656,37.95000076293945,38.099998474121094,37.54999923706055,36.07258605957031
2010-03-30,1073900,37.939998626708984,37.40999984741211,38.06999969482422,37.279998779296875,35.559295654296875
2010-03-29,1409700,37.470001220703125,37.90999984741211,38.04999923706055,37.41999816894531,36.0345573425293
2010-03-26,1744100,36.790000915527344,37.29999923706055,37.5099983215332,36.5,35.45473861694336
2010-03-25,2452500,37.16999816894531,36.119998931884766,37.34000015258789,36.040000915527344,34.3331184387207
2010-03-24,2265600,37.90999984741211,36.79999923706055,37.9900016784668,36.77000045776367,34.97947311401367
2010-03-23,1017200,38.25,38.61000061035156,38.810001373291016,37.86000061035156,36.69993591308594
2010-03-22,1063700,38.09000015258789,38.45000076293945,38.5,37.779998779296875,36.547847747802734
2010-03-19,2322700,38.4900016784668,38.4900016784668,38.93000030517578,38.15999984741211,36.58586883544922
2010-03-18,1919300,38.83000183105469,38.93000030517578,39.2599983215332,38.56999969482422,37.00410461425781
2010-03-17,1284000,38.88999938964844,38.70000076293945,39.189998626708984,38.619998931884766,36.785484313964844
2010-03-16,1477900,38.130001068115234,38.40999984741211,38.41999816894531,37.93000030517578,36.509830474853516
2010-03-15,1193100,37.63999938964844,37.61000061035156,37.720001220703125,37.119998931884766,35.7494010925293
2010-03-12,1035900,37.75,37.380001068115234,38.040000915527344,37.08000183105469,35.530784606933594
2010-03-11,936600,36.900001525878906,37.58000183105469,37.599998474121094,36.560001373291016,35.720890045166016
2010-03-10,1778200,37.560001373291016,37.22999954223633,38.09000015258789,36.779998779296875,35.388206481933594
2010-03-09,1916700,37.459999084472656,37.41999816894531,37.79999923706055,37.18000030517578,35.47854232788086
2010-03-08,1489900,38.18000030517578,37.86000061035156,38.5,37.75,35.89570617675781
2010-03-05,1272200,37.529998779296875,38.29999923706055,38.380001068115234,37.470001220703125,36.312896728515625
2010-03-04,1556100,37.70000076293945,37.470001220703125,37.75,37.02000045776367,35.52595520019531
2010-03-03,1957600,37.54999923706055,37.68000030517578,38.150001525878906,37.04999923706055,35.72505569458008
2010-03-02,2836200,36.66999816894531,36.97999954223633,37.58000183105469,36.34000015258789,35.061370849609375
2010-03-01,2410600,36.22999954223633,36.119998931884766,36.5099983215332,35.7599983215332,34.24598693847656
2010-02-26,2005800,36.060001373291016,36.380001068115234,36.41999816894531,35.4900016784668,34.49250030517578
2010-02-25,3370700,34.2400016784668,36.0,36.0099983215332,34.11000061035156,34.1322135925293
2010-02-24,2365800,34.810001373291016,34.720001220703125,35.4900016784668,34.54999923706055,32.91863250732422
2010-02-23,3191500,35.779998779296875,34.849998474121094,35.959999084472656,34.61000061035156,33.0418815612793
2010-02-22,2510100,36.869998931884766,35.880001068115234,36.9900016784668,35.810001373291016,34.01844024658203
2010-02-19,1971200,36.599998474121094,36.66999816894531,37.119998931884766,36.400001525878906,34.7674560546875
2010-02-18,4854400,37.95000076293945,37.29999923706055,38.08000183105469,37.040000915527344,35.36476516723633
2010-02-17,1937900,39.099998474121094,38.36000061035156,39.349998474121094,37.79999923706055,36.36977767944336
2010-02-16,2180700,38.68000030517578,39.220001220703125,39.33000183105469,38.4900016784668,37.18515396118164
2010-02-12,1556400,37.2400016784668,38.08000183105469,38.25,37.029998779296875,36.10430908203125
2010-02-11,2017000,37.31999969482422,38.65999984741211,38.75,36.84000015258789,36.654212951660156
2010-02-10,1454900,37.43000030517578,36.970001220703125,37.43000030517578,36.18000030517578,35.05189895629883
2010-02-09,2707100,36.72999954223633,37.43000030517578,37.810001373291016,36.41999816894531,35.48801803588867
2010-02-08,2330900,36.4900016784668,35.79999923706055,36.959999084472656,35.75,33.94260025024414
2010-02-05,3053300,35.7400016784668,37.2599983215332,37.27000045776367,35.040000915527344,35.32684326171875
2010-02-04,4802100,36.22999954223633,35.59000015258789,36.369998931884766,35.08000183105469,33.743492126464844
2010-02-03,1316600,37.279998779296875,36.86000061035156,37.869998931884766,36.709999084472656,34.947593688964844
2010-02-02,2092600,37.83000183105469,37.45000076293945,38.04999923706055,37.16999816894531,35.506988525390625
2010-02-01,2388700,36.0,37.040000915527344,37.08000183105469,35.939998626708984,35.11825942993164
2010-01-29,3195300,37.09000015258789,35.689998626708984,37.27000045776367,35.45000076293945,33.83829879760742
2010-01-28,3027100,37.97999954223633,37.369998931884766,38.04999923706055,36.31999969482422,35.43113708496094
2010-01-27,1991300,37.709999084472656,37.529998779296875,37.97999954223633,36.70000076293945,35.58283233642578
2010-01-26,1884700,37.61000061035156,38.029998779296875,38.650001525878906,37.029998779296875,36.05689239501953
2010-01-25,1385800,38.959999084472656,38.20000076293945,39.029998779296875,37.970001220703125,36.21807098388672
2010-01-22,3365300,37.970001220703125,38.77000045776367,39.290000915527344,37.810001373291016,36.75850296020508
2010-01-21,7113900,39.0099983215332,38.79999923706055,39.400001525878906,38.5,36.78694152832031
2010-01-20,3676600,39.5,39.29999923706055,39.650001525878906,38.11000061035156,37.26100540161133
2010-01-19,1443100,40.380001068115234,40.77000045776367,40.83000183105469,40.220001220703125,38.65473556518555
2010-01-15,1517500,41.06999969482422,40.810001373291016,41.470001220703125,40.56999969482422,38.69266128540039
2010-01-14,1421800,41.83000183105469,42.0,42.279998779296875,41.540000915527344,39.820919036865234
2010-01-13,1247000,42.41999816894531,42.529998779296875,42.70000076293945,41.34000015258789,40.32342529296875
2010-01-12,2545700,42.459999084472656,41.75,42.9900016784668,41.5099983215332,39.58389663696289
2010-01-11,1505000,44.40999984741211,44.15999984741211,44.68000030517578,43.95000076293945,41.86885452270508
2010-01-08,1439700,44.11000061035156,44.18000030517578,44.22999954223633,43.22999954223633,41.88782501220703
2010-01-07,1991500,43.560001373291016,43.68000030517578,44.22999954223633,43.349998474121094,41.41376495361328
2010-01-06,2721900,43.599998474121094,44.18000030517578,44.81999969482422,43.41999816894531,41.88782501220703
2010-01-05,2193200,42.31999969482422,42.81999969482422,43.279998779296875,42.060001373291016,40.59837341308594
2010-01-04,1927400,42.099998474121094,42.15999984741211,42.34000015258789,41.630001068115234,39.972618103027344
2009-12-31,1010300,40.7599983215332,40.18000030517578,41.04999923706055,40.099998474121094,38.09534454345703
2009-12-30,1180400,40.61000061035156,40.380001068115234,40.79999923706055,40.119998931884766,38.284969329833984
2009-12-29,1064800,41.5099983215332,40.68000030517578,41.560001373291016,40.529998779296875,38.56940841674805
2009-12-28,1215100,41.38999938964844,41.119998931884766,41.70000076293945,40.81999969482422,38.986576080322266
2009-12-24,577700,41.77000045776367,41.13999938964844,41.77000045776367,41.13999938964844,39.00553512573242
2009-12-23,1996000,40.40999984741211,41.2599983215332,41.68000030517578,40.209999084472656,39.11930847167969
2009-12-22,2353500,39.720001220703125,40.29999923706055,40.970001220703125,39.5,38.20912551879883
2009-12-21,2036000,40.779998779296875,40.45000076293945,40.880001068115234,40.18000030517578,38.35134506225586
2009-12-18,3663000,40.209999084472656,40.93000030517578,41.060001373291016,39.90999984741211,38.806434631347656
2009-12-17,3161000,40.959999084472656,40.470001220703125,41.5,40.40999984741211,38.370304107666016
2009-12-16,2028000,42.06999969482422,42.290000915527344,43.08000183105469,41.77000045776367,40.09587860107422
2009-12-15,2192700,42.06999969482422,41.380001068115234,42.61000061035156,41.220001220703125,39.23308563232422
2009-12-14,2153200,42.25,42.540000915527344,42.65999984741211,41.7599983215332,40.332908630371094
2009-12-11,2790900,42.47999954223633,42.040000915527344,42.61000061035156,41.459999084472656,39.85884094238281
2009-12-10,1965400,42.689998626708984,42.349998474121094,43.0,41.959999084472656,40.15276336669922
2009-12-09,3772000,41.130001068115234,42.86000061035156,43.029998779296875,41.099998474121094,40.63630294799805
2009-12-08,3406300,41.59000015258789,41.27000045776367,42.27000045776367,40.90999984741211,39.1287956237793
2009-12-07,3701700,42.220001220703125,42.790000915527344,43.880001068115234,42.099998474121094,40.56993103027344
2009-12-04,4812800,44.650001525878906,43.650001525878906,44.900001525878906,42.689998626708984,41.38531494140625
2009-12-03,2486700,46.5,45.5099983215332,46.790000915527344,45.099998474121094,43.14881134033203
2009-12-02,2773200,46.959999084472656,46.93000030517578,47.52000045776367,46.2599983215332,44.49514389038086
2009-12-01,3319300,45.90999984741211,46.310001373291016,47.099998474121094,45.650001525878906,43.907310485839844
2009-11-30,2841500,44.16999816894531,44.040000915527344,44.91999816894531,43.650001525878906,41.75509262084961
2009-11-27,1903800,43.810001373291016,44.52000045776367,45.61000061035156,43.70000076293945,42.210182189941406
2009-11-25,3434300,45.16999816894531,46.470001220703125,46.61000061035156,45.0,44.058998107910156
2009-11-24,2485300,44.869998931884766,44.459999084472656,44.869998931884766,43.380001068115234,42.153282165527344
2009-11-23,3039500,45.380001068115234,44.86000061035156,45.81999969482422,44.279998779296875,42.532535552978516
2009-11-20,2395600,43.34000015258789,43.959999084472656,44.22999954223633,43.20000076293945,41.67922592163086
2009-11-19,3378100,43.59000015258789,44.5,44.70000076293945,42.959999084472656,42.19121551513672
2009-11-18,3223700,45.540000915527344,45.04999923706055,45.7400016784668,44.54999923706055,42.71267318725586
2009-11-17,2621000,44.400001525878906,45.5099983215332,45.61000061035156,44.31999969482422,43.14881134033203
2009-11-16,4135200,45.20000076293945,46.02000045776367,46.93000030517578,45.06999969482422,43.632347106933594
2009-11-13,2882400,43.4900016784668,44.70000076293945,45.20000076293945,43.18000030517578,42.380836486816406
2009-11-12,4842500,43.29999923706055,43.439998626708984,44.29999923706055,42.939998626708984,41.18621063232422
2009-11-11,3858300,43.81999969482422,43.380001068115234,44.13999938964844,42.95000076293945,41.12931823730469
2009-11-10,3064700,42.15999984741211,43.189998626708984,43.45000076293945,42.0,40.94917297363281
2009-11-09,3444700,42.75,42.400001525878906,43.43000030517578,42.0099983215332,40.200164794921875
2009-11-06,2943900,40.810001373291016,41.47999954223633,41.939998626708984,40.560001373291016,39.3278923034668
2009-11-05,3046000,39.86000061035156,40.0,40.18000030517578,39.20000076293945,37.924686431884766
2009-11-04,4682700,41.61000061035156,40.22999954223633,41.970001220703125,39.5,38.14275360107422
2009-11-03,6448000,36.939998626708984,41.54999923706055,41.560001373291016,36.7400016784668,39.394264221191406
2009-11-02,3651800,37.9900016784668,37.7599983215332,39.0099983215332,36.93000030517578,35.800899505615234
2009-10-30,4215200,37.7400016784668,37.540000915527344,38.099998474121094,36.04999923706055,35.59231185913086
2009-10-29,4369500,38.290000915527344,39.130001068115234,39.4900016784668,37.790000915527344,37.099830627441406
2009-10-28,3951400,39.86000061035156,38.15999984741211,40.81999969482422,38.040000915527344,36.18015670776367
2009-10-27,2188700,40.810001373291016,40.70000076293945,41.369998931884766,40.08000183105469,38.5883674621582
2009-10-26,2617300,42.970001220703125,41.18000030517578,43.70000076293945,40.75,39.04345703125
2009-10-23,1926800,43.630001068115234,43.16999816894531,44.189998626708984,42.86000061035156,40.930213928222656
2009-10-22,1924200,43.84000015258789,43.43000030517578,43.86000061035156,42.61000061035156,41.176734924316406
2009-10-21,2898000,43.400001525878906,43.77000045776367,45.099998474121094,43.2400016784668,41.49909210205078
2009-10-20,2486000,45.220001220703125,44.310001373291016,45.2400016784668,43.56999969482422,42.01107406616211
2009-10-19,1982100,44.93000030517578,45.45000076293945,45.59000015258789,44.20000076293945,43.0919303894043
2009-10-16,2204900,44.849998474121094,44.97999954223633,45.560001373291016,44.59000015258789,42.646305084228516
2009-10-15,2019300,44.25,44.77000045776367,45.220001220703125,44.099998474121094,42.44720458984375
2009-10-14,1834200,46.18000030517578,45.81999969482422,46.2599983215332,45.599998474121094,43.442726135253906
2009-10-13,3819600,45.290000915527344,45.95000076293945,46.560001373291016,44.599998474121094,43.565982818603516
2009-10-12,1438500,45.09000015258789,44.63999938964844,45.529998779296875,43.970001220703125,42.32394790649414
2009-10-09,1784500,44.0099983215332,44.810001373291016,45.0,44.0,42.48512649536133
2009-10-08,3175400,45.220001220703125,45.0099983215332,45.68000030517578,44.459999084472656,42.67475509643555
2009-10-07,3060400,44.79999923706055,44.970001220703125,45.060001373291016,43.779998779296875,42.6368293762207
2009-10-06,6820700,42.470001220703125,44.790000915527344,44.9900016784668,42.380001068115234,42.46616744995117
2009-10-05,3274500,39.279998779296875,41.209999084472656,41.47999954223633,39.0,39.071903228759766
2009-10-02,3646300,38.209999084472656,38.79999923706055,39.9900016784668,38.04999923706055,36.78694152832031
2009-10-01,4189100,40.38999938964844,38.72999954223633,40.43000030517578,38.61000061035156,36.72057342529297
2009-09-30,3154000,40.33000183105469,40.7599983215332,40.97999954223633,39.09000015258789,38.6452522277832
2009-09-29,2239500,38.900001525878906,40.08000183105469,40.31999969482422,38.849998474121094,38.00053787231445
2009-09-28,1899700,39.04999923706055,39.0099983215332,40.27000045776367,38.959999084472656,36.98604965209961
2009-09-25,2975000,39.75,39.27000045776367,40.06999969482422,39.13999938964844,37.23256301879883
2009-09-24,2984600,41.09000015258789,39.66999816894531,41.09000015258789,39.150001525878906,37.6118049621582
2009-09-23,3742400,41.43000030517578,40.220001220703125,41.7400016784668,40.150001525878906,38.13327407836914
2009-09-22,2991500,42.7599983215332,42.220001220703125,42.959999084472656,41.900001525878906,40.029510498046875
2009-09-21,4741500,41.86000061035156,42.0,42.27000045776367,40.650001525878906,39.820919036865234
2009-09-18,2841400,44.20000076293945,43.650001525878906,44.459999084472656,42.790000915527344,41.38531494140625
2009-09-17,4016600,45.279998779296875,44.0099983215332,45.63999938964844,43.189998626708984,41.72663497924805
2009-09-16,3867500,45.29999923706055,44.810001373291016,45.52000045776367,44.54999923706055,42.48512649536133
2009-09-15,3905600,42.79999923706055,44.25,44.29999923706055,42.720001220703125,41.954185485839844
2009-09-14,2467300,42.27000045776367,42.84000015258789,43.2400016784668,42.2599983215332,40.617332458496094
2009-09-11,4468900,43.40999984741211,43.18000030517578,44.16999816894531,42.529998779296875,40.93970489501953
2009-09-10,3311500,41.43000030517578,42.83000183105469,43.18000030517578,41.20000076293945,40.60786056518555
2009-09-09,4516200,42.95000076293945,41.33000183105469,42.959999084472656,40.95000076293945,39.18567657470703
2009-09-08,6483700,43.439998626708984,42.439998626708984,43.93000030517578,42.15999984741211,40.23809814453125
2009-09-04,3052400,41.4900016784668,42.4900016784668,42.810001373291016,41.099998474121094,40.28550338745117
2009-09-03,5452100,40.470001220703125,41.88999938964844,42.209999084472656,40.209999084472656,39.71662521362305
2009-09-02,6258700,36.66999816894531,39.77000045776367,39.90999984741211,36.41999816894531,37.70661544799805
2009-09-01,6296500,37.189998626708984,36.310001373291016,37.560001373291016,35.529998779296875,34.4261360168457
2009-08-31,1649500,37.90999984741211,38.41999816894531,38.599998474121094,37.7599983215332,36.42666244506836
2009-08-28,1531700,39.13999938964844,39.27000045776367,39.66999816894531,38.630001068115234,37.23256301879883
2009-08-27,1545700,38.029998779296875,38.79999923706055,39.08000183105469,37.150001525878906,36.78694152832031
2009-08-26,1061100,37.84000015258789,37.970001220703125,38.040000915527344,37.29999923706055,36.0000114440918
2009-08-25,1760400,38.4900016784668,38.09000015258789,38.70000076293945,37.779998779296875,36.1137809753418
2009-08-24,1772300,36.91999816894531,36.90999984741211,37.880001068115234,36.779998779296875,34.994998931884766
2009-08-21,1791600,37.540000915527344,37.529998779296875,38.25,37.22999954223633,35.58283233642578
2009-08-20,1412000,35.880001068115234,36.349998474121094,36.900001525878906,35.880001068115234,34.464046478271484
2009-08-19,1998700,35.63999938964844,36.040000915527344,36.380001068115234,35.45000076293945,34.170143127441406
2009-08-18,1998900,36.59000015258789,36.189998626708984,36.95000076293945,35.900001525878906,34.23977279663086
2009-08-17,2025200,36.060001373291016,35.849998474121094,36.439998626708984,35.5,33.91809844970703
2009-08-14,1553300,38.529998779296875,37.7599983215332,38.779998779296875,37.36000061035156,35.72517013549805
2009-08-13,2021100,37.439998626708984,38.02000045776367,38.25,37.209999084472656,35.971160888671875
2009-08-12,1172900,35.88999938964844,35.869998931884766,36.599998474121094,35.59000015258789,33.9370231628418
2009-08-11,1609900,36.77000045776367,35.540000915527344,36.779998779296875,35.470001220703125,33.62480163574219
2009-08-10,1360900,36.90999984741211,36.31999969482422,36.9900016784668,35.58000183105469,34.362770080566406
2009-08-07,1493400,38.40999984741211,37.209999084472656,38.54999923706055,37.18000030517578,35.204811096191406
2009-08-06,1826300,38.630001068115234,38.599998474121094,38.9900016784668,37.90999984741211,36.5199089050293
2009-08-05,2197400,39.20000076293945,38.52000045776367,39.22999954223633,37.91999816894531,36.4442253112793
2009-08-04,2121700,39.40999984741211,39.34000015258789,40.75,38.77000045776367,37.22003173828125
2009-08-03,2566400,39.5099983215332,39.7599983215332,40.2599983215332,39.29999923706055,37.61738967895508
2009-07-31,2609200,37.4900016784668,39.20000076293945,39.68000030517578,37.369998931884766,37.08757400512695
2009-07-30,1344300,37.439998626708984,37.22999954223633,38.099998474121094,37.040000915527344,35.22373580932617
2009-07-29,1434100,36.81999969482422,36.29999923706055,36.869998931884766,36.11000061035156,34.34385299682617
2009-07-28,1949700,37.060001373291016,37.29999923706055,37.540000915527344,36.02000045776367,35.28996276855469
2009-07-27,1361700,38.90999984741211,38.4900016784668,39.040000915527344,38.29999923706055,36.41584396362305
2009-07-24,1274500,39.369998931884766,39.2400016784668,39.689998626708984,38.95000076293945,37.12542724609375
2009-07-23,1371100,38.970001220703125,39.59000015258789,40.400001525878906,38.970001220703125,37.4565544128418
2009-07-22,1717200,38.4900016784668,39.2599983215332,40.15999984741211,38.0099983215332,37.14434051513672
2009-07-21,2164800,39.68000030517578,38.970001220703125,39.95000076293945,38.34000015258789,36.86997604370117
2009-07-20,2178700,38.66999816894531,39.459999084472656,39.540000915527344,38.650001525878906,37.333560943603516
2009-07-17,1541400,36.720001220703125,37.4900016784668,37.81999969482422,36.63999938964844,35.469730377197266
2009-07-16,1533800,36.58000183105469,36.93000030517578,37.189998626708984,36.0099983215332,34.93990707397461
2009-07-15,2193900,36.54999923706055,37.11000061035156,37.310001373291016,36.029998779296875,35.11020278930664
2009-07-14,2265500,34.47999954223633,35.099998474121094,35.349998474121094,34.31999969482422,33.208526611328125
2009-07-13,2295600,33.630001068115234,34.029998779296875,34.060001373291016,32.77000045776367,32.19617462158203
2009-07-10,1801200,33.81999969482422,34.060001373291016,34.4900016784668,33.540000915527344,32.22456359863281
2009-07-09,2460700,34.5,34.29999923706055,35.41999816894531,34.20000076293945,32.451629638671875
2009-07-08,3155000,34.75,34.099998474121094,35.029998779296875,33.060001373291016,32.26240539550781
2009-07-07,2353600,35.0099983215332,34.81999969482422,35.720001220703125,34.529998779296875,32.943607330322266
2009-07-06,1994500,34.40999984741211,34.849998474121094,35.08000183105469,33.869998931884766,32.971988677978516
2009-07-02,1526500,36.099998474121094,36.08000183105469,36.25,35.43000030517578,34.135704040527344
2009-07-01,1494700,37.90999984741211,37.54999923706055,38.189998626708984,37.4900016784668,35.526493072509766
2009-06-30,1644500,38.15999984741211,36.630001068115234,38.40999984741211,36.45000076293945,34.656070709228516
2009-06-29,1028000,38.20000076293945,37.97999954223633,38.41999816894531,37.4900016784668,35.93331527709961
2009-06-26,1267900,38.84000015258789,37.599998474121094,38.86000061035156,37.41999816894531,35.573795318603516
2009-06-25,2101000,36.81999969482422,38.41999816894531,38.70000076293945,36.81999969482422,36.349609375
2009-06-24,2449400,36.38999938964844,36.91999816894531,37.25,36.15999984741211,34.93043899536133
2009-06-23,2493000,34.5099983215332,35.65999984741211,35.869998931884766,34.31999969482422,33.738338470458984
2009-06-22,2767300,36.34000015258789,34.63999938964844,36.790000915527344,34.4900016784668,32.77330017089844
2009-06-19,3121500,36.86000061035156,38.38999938964844,38.41999816894531,36.84000015258789,36.32122039794922
2009-06-18,2114400,36.540000915527344,36.25,37.18000030517578,36.130001068115234,34.29654312133789
2009-06-17,1978800,36.459999084472656,36.84000015258789,37.150001525878906,35.4900016784668,34.8547477722168
2009-06-16,1994800,36.40999984741211,36.59000015258789,37.7400016784668,36.040000915527344,34.618228912353516
2009-06-15,2220700,36.29999923706055,35.790000915527344,36.849998474121094,35.400001525878906,33.861331939697266
2009-06-12,2777900,37.459999084472656,36.70000076293945,37.459999084472656,36.540000915527344,34.72229766845703
2009-06-11,2528700,38.439998626708984,38.119998931884766,39.040000915527344,37.66999816894531,36.065765380859375
2009-06-10,1975300,39.52000045776367,39.189998626708984,39.77000045776367,38.47999954223633,37.07811737060547
2009-06-09,1492900,39.869998931884766,39.2599983215332,40.25,38.779998779296875,37.14434051513672
2009-06-08,2430000,38.52000045776367,39.79999923706055,39.93000030517578,37.59000015258789,37.655235290527344
2009-06-05,2792500,40.4900016784668,38.95000076293945,40.4900016784668,38.459999084472656,36.851043701171875
2009-06-04,2293700,40.619998931884766,41.650001525878906,42.279998779296875,40.09000015258789,39.405555725097656
2009-06-03,2784800,41.189998626708984,40.150001525878906,41.220001220703125,39.29999923706055,37.986385345458984
2009-06-02,2547300,41.59000015258789,41.869998931884766,42.58000183105469,41.36000061035156,39.61368942260742
2009-06-01,3487100,41.779998779296875,41.4900016784668,42.88999938964844,40.83000183105469,39.25417709350586
2009-05-29,4826400,41.81999969482422,42.33000183105469,43.15999984741211,41.459999084472656,40.04890060424805
2009-05-28,5466800,39.06999969482422,40.849998474121094,40.97999954223633,39.06999969482422,38.64865493774414
2009-05-27,2965000,38.560001373291016,37.79999923706055,38.59000015258789,37.619998931884766,35.76301574707031
2009-05-26,2832100,37.189998626708984,38.27000045776367,38.869998931884766,36.900001525878906,36.20769119262695
2009-05-22,2267600,38.40999984741211,37.619998931884766,38.439998626708984,37.5099983215332,35.592716217041016
2009-05-21,3918400,37.04999923706055,38.38999938964844,38.779998779296875,36.2400016784668,36.32122039794922
2009-05-20,3273800,36.619998931884766,37.11000061035156,37.70000076293945,36.16999816894531,35.11020278930664
2009-05-19,2877400,34.93000030517578,35.599998474121094,36.349998474121094,34.709999084472656,33.68156814575195
2009-05-18,4207400,36.060001373291016,34.54999923706055,36.15999984741211,34.0,32.68815612792969
2009-05-15,1884600,37.18000030517578,36.599998474121094,38.599998474121094,36.04999923706055,34.6276741027832
2009-05-14,1642700,36.58000183105469,36.59000015258789,36.880001068115234,35.20000076293945,34.618228912353516
2009-05-13,2673200,37.29999923706055,36.93000030517578,38.880001068115234,36.70000076293945,34.93990707397461
2009-05-12,2295100,36.90999984741211,37.59000015258789,37.72999954223633,36.58000183105469,35.5643310546875
2009-05-11,1814300,35.83000183105469,36.20000076293945,36.540000915527344,35.349998474121094,34.24924087524414
2009-05-08,1747700,35.939998626708984,36.2599983215332,36.29999923706055,35.099998474121094,34.30600357055664
2009-05-07,2917600,36.83000183105469,35.619998931884766,36.83000183105469,34.470001220703125,33.70050048828125
2009-05-06,3213500,33.9900016784668,36.41999816894531,36.45000076293945,33.93000030517578,34.45737838745117
2009-05-05,1297900,33.22999954223633,32.5099983215332,33.290000915527344,32.209999084472656,30.75808334350586
2009-05-04,1788400,31.860000610351562,32.709999084472656,32.83000183105469,31.59000015258789,30.947311401367188
2009-05-01,1216200,31.200000762939453,31.040000915527344,31.540000915527344,30.649999618530273,29.3673038482666
2009-04-30,2199000,31.559999465942383,30.799999237060547,31.559999465942383,30.579999923706055,29.140235900878906
2009-04-29,989100,32.77000045776367,32.849998474121094,33.27000045776367,32.40999984741211,31.07975959777832
2009-04-28,1792400,32.290000915527344,32.150001525878906,32.93000030517578,31.959999084472656,30.417490005493164
2009-04-27,1318300,32.75,32.66999816894531,33.4900016784668,32.220001220703125,30.909465789794922
2009-04-24,2054100,32.11000061035156,33.099998474121094,33.2599983215332,31.8700008392334,31.31629753112793
2009-04-23,2101600,31.030000686645508,31.579999923706055,32.2400016784668,30.799999237060547,29.878202438354492
2009-04-22,1674400,30.6200008392334,31.18000030517578,31.65999984741211,30.34000015258789,29.49976348876953
2009-04-21,2196900,31.399999618530273,30.6200008392334,31.59000015258789,29.829999923706055,28.969938278198242
2009-04-20,2276700,30.06999969482422,30.309999465942383,30.93000030517578,30.020000457763672,28.6766414642334
2009-04-17,3235600,30.8799991607666,29.709999084472656,30.93000030517578,29.360000610351562,28.10897445678711
2009-04-16,2300700,31.8700008392334,30.68000030517578,31.90999984741211,30.56999969482422,29.02670669555664
2009-04-15,1487400,31.020000457763672,31.260000228881836,31.600000381469727,30.950000762939453,29.57544708251953
2009-04-14,1774400,32.09000015258789,31.549999237060547,32.36000061035156,31.530000686645508,29.84981918334961
2009-04-13,2127100,32.099998474121094,32.68000030517578,33.689998626708984,31.760000228881836,30.91892433166504
2009-04-09,2010300,32.150001525878906,31.190000534057617,32.619998931884766,31.010000228881836,29.509220123291016
2009-04-08,2149500,33.439998626708984,32.400001525878906,33.4900016784668,32.08000183105469,30.65401840209961
2009-04-07,2485900,32.13999938964844,31.799999237060547,32.83000183105469,31.559999465942383,30.086353302001953
2009-04-06,3356000,30.6200008392334,30.989999771118164,31.219999313354492,29.760000228881836,29.31999969482422
2009-04-03,5138100,32.38999938964844,31.3799991607666,33.04999923706055,30.600000381469727,29.688974380493164
2009-04-02,4249900,36.29999923706055,34.65999984741211,36.560001373291016,34.099998474121094,32.7922248840332
2009-04-01,1899700,37.5,38.34000015258789,38.369998931884766,36.939998626708984,36.273921966552734
2009-03-31,1829700,37.189998626708984,36.7599983215332,37.38999938964844,35.88999938964844,34.77906799316406
2009-03-30,1976800,35.58000183105469,36.38999938964844,36.970001220703125,35.369998931884766,34.42900085449219
2009-03-27,1618700,37.52000045776367,36.88999938964844,37.56999969482422,36.54999923706055,34.90205764770508
2009-03-26,2115600,38.65999984741211,38.09000015258789,38.779998779296875,37.439998626708984,36.03738784790039
2009-03-25,2972300,36.58000183105469,38.09000015258789,38.720001220703125,36.119998931884766,36.03738784790039
2009-03-24,2118000,36.09000015258789,36.56999969482422,37.22999954223633,35.900001525878906,34.59929656982422
2009-03-23,2802600,37.52000045776367,37.529998779296875,38.58000183105469,37.09000015258789,35.507564544677734
2009-03-20,4580500,36.7599983215332,37.20000076293945,37.959999084472656,36.5,35.195350646972656
2009-03-19,7250700,36.77000045776367,38.66999816894531,38.9900016784668,36.65999984741211,36.58613586425781
2009-03-18,5429600,34.02000045776367,37.790000915527344,38.029998779296875,33.0,35.7535514831543
2009-03-17,3864000,33.380001068115234,34.619998931884766,34.689998626708984,32.5,32.754390716552734
2009-03-16,1881100,33.689998626708984,33.70000076293945,34.529998779296875,33.54999923706055,31.88396453857422
2009-03-13,3793700,34.619998931884766,33.849998474121094,34.790000915527344,33.689998626708984,32.025875091552734
2009-03-12,5008100,32.15999984741211,34.970001220703125,35.09000015258789,32.0,33.08552551269531
2009-03-11,5586600,31.100000381469727,32.09000015258789,32.20000076293945,30.8700008392334,30.360721588134766
2009-03-10,3477700,30.0,29.969999313354492,30.510000228881836,29.200000762939453,28.354965209960938
2009-03-09,2651100,29.8700008392334,30.360000610351562,30.65999984741211,29.649999618530273,28.723947525024414
2009-03-06,4667900,29.889999389648438,30.709999084472656,31.75,29.56999969482422,29.055082321166992
2009-03-05,2393700,28.030000686645508,29.440000534057617,29.68000030517578,28.030000686645508,27.853527069091797
2009-03-04,2662500,29.75,28.34000015258789,29.770000457763672,27.8799991607666,26.812801361083984
2009-03-03,3267200,29.149999618530273,29.139999389648438,29.5,28.1299991607666,27.522390365600586
2009-03-02,3370200,30.09000015258789,28.540000915527344,30.329999923706055,28.34000015258789,26.95569610595703
2009-02-27,3907500,29.219999313354492,29.829999923706055,30.229999542236328,28.719999313354492,28.174087524414062
2009-02-26,2419900,29.260000228881836,29.549999237060547,29.8799991607666,28.6299991607666,27.909626007080078
2009-02-25,3439000,29.399999618530273,28.81999969482422,30.690000534057617,28.75,27.220144271850586
2009-02-24,3907100,31.3799991607666,29.149999618530273,31.649999618530273,28.600000381469727,27.53183364868164
2009-02-23,3901800,32.68000030517578,31.770000457763672,33.11000061035156,31.65999984741211,30.006391525268555
2009-02-20,3678400,32.2400016784668,32.779998779296875,33.04999923706055,31.530000686645508,30.960329055786133
2009-02-19,3102100,31.399999618530273,30.81999969482422,31.989999771118164,30.579999923706055,29.109130859375
2009-02-18,4128300,31.299999237060547,31.549999237060547,31.639999389648438,30.100000381469727,29.798601150512695
2009-02-17,6574600,30.420000076293945,31.110000610351562,32.310001373291016,30.25,29.383031845092773
2009-02-13,1645900,29.59000015258789,29.639999389648438,30.25,29.200000762939453,27.994625091552734
2009-02-12,3077100,29.389999389648438,30.219999313354492,30.420000076293945,29.239999771118164,28.54243278503418
2009-02-11,5951200,28.469999313354492,30.6299991607666,30.790000915527344,28.299999237060547,28.929672241210938
2009-02-10,4281200,28.18000030517578,27.540000915527344,28.739999771118164,26.950000762939453,26.011207580566406
2009-02-09,3902500,28.06999969482422,28.1200008392334,29.059999465942383,27.799999237060547,26.559011459350586
2009-02-06,4015500,26.239999771118164,27.670000076293945,27.780000686645508,26.110000610351562,26.133983612060547
2009-02-05,5169100,25.920000076293945,25.959999084472656,26.190000534057617,25.280000686645508,24.51891326904297
2009-02-04,3498600,27.170000076293945,26.0,27.270000457763672,25.700000762939453,24.55669403076172
2009-02-03,2799200,27.239999771118164,26.850000381469727,27.6200008392334,26.5,25.359508514404297
2009-02-02,3551200,27.450000762939453,26.940000534057617,28.200000762939453,26.549999237060547,25.444509506225586
2009-01-30,4818000,29.309999465942383,28.690000534057617,29.309999465942383,27.389999389648438,27.097366333007812
2009-01-29,5939600,27.34000015258789,28.3700008392334,28.739999771118164,26.850000381469727,26.795133590698242
2009-01-28,4020300,27.510000228881836,27.829999923706055,28.0,26.579999923706055,26.285104751586914
2009-01-27,3841600,28.579999923706055,27.639999389648438,28.610000610351562,27.389999389648438,26.105653762817383
2009-01-26,3715400,29.459999084472656,27.6299991607666,29.520000457763672,27.450000762939453,26.096210479736328
2009-01-23,3737300,26.25,27.690000534057617,28.18000030517578,25.8799991607666,26.152877807617188
2009-01-22,1693300,25.809999465942383,26.030000686645508,26.649999618530273,25.530000686645508,24.585031509399414
2009-01-21,2700300,25.81999969482422,26.209999084472656,26.219999313354492,25.079999923706055,24.755033493041992
2009-01-20,2748000,25.579999923706055,24.809999465942383,26.579999923706055,24.600000381469727,23.432754516601562
2009-01-16,2424900,25.780000686645508,25.959999084472656,26.1200008392334,24.84000015258789,24.51891326904297
2009-01-15,2189800,23.6299991607666,24.170000076293945,24.479999542236328,22.5,22.82828140258789
2009-01-14,1994300,23.75,23.149999618530273,24.290000915527344,22.799999237060547,21.864904403686523
2009-01-13,1865500,23.950000762939453,24.600000381469727,25.059999465942383,23.809999465942383,23.234411239624023
2009-01-12,2313500,24.8799991607666,24.200000762939453,25.0,23.959999084472656,22.856616973876953
2009-01-09,2139700,25.8700008392334,25.389999389648438,26.420000076293945,25.209999084472656,23.98055648803711
2009-01-08,2682700,25.969999313354492,26.809999465942383,26.920000076293945,25.280000686645508,25.321727752685547
2009-01-07,1909300,27.350000381469727,25.5,27.43000030517578,25.170000076293945,24.084453582763672
2009-01-06,1992900,26.59000015258789,27.309999465942383,27.81999969482422,26.219999313354492,25.793975830078125
2009-01-05,2155000,26.139999389648438,26.100000381469727,26.600000381469727,25.610000610351562,24.65114402770996
2009-01-02,1154600,27.43000030517578,27.600000381469727,28.079999923706055,27.299999237060547,26.067873001098633
2008-12-31,1671300,26.299999237060547,27.709999084472656,27.950000762939453,26.06999969482422,26.171768188476562
2008-12-30,1150000,26.360000610351562,26.56999969482422,26.899999618530273,25.90999984741211,25.095054626464844
2008-12-29,1886700,27.68000030517578,26.600000381469727,27.700000762939453,26.290000915527344,25.123384475708008
2008-12-26,1148800,24.469999313354492,26.780000686645508,26.979999542236328,24.469999313354492,25.293397903442383
2008-12-24,907900,25.6299991607666,25.020000457763672,25.799999237060547,24.309999465942383,23.63109588623047
2008-12-23,2325900,25.760000228881836,26.209999084472656,26.350000381469727,25.3700008392334,24.755033493041992
2008-12-22,2561500,26.18000030517578,25.170000076293945,26.469999313354492,24.860000610351562,23.772769927978516
2008-12-19,3093700,24.93000030517578,25.540000915527344,25.6200008392334,24.309999465942383,24.122228622436523
2008-12-18,3231800,27.219999313354492,24.469999313354492,27.219999313354492,24.010000228881836,23.111629486083984
2008-12-17,3545100,26.780000686645508,26.59000015258789,27.700000762939453,26.3700008392334,25.11393928527832
2008-12-16,4162600,26.559999465942383,26.81999969482422,26.90999984741211,25.670000076293945,25.331172943115234
2008-12-15,3811500,26.489999771118164,26.290000915527344,27.309999465942383,25.40999984741211,24.830598831176758
2008-12-12,3467900,25.760000228881836,27.110000610351562,27.18000030517578,25.729999542236328,25.605073928833008
2008-12-11,3319800,27.309999465942383,26.280000686645508,28.489999771118164,25.739999771118164,24.821155548095703
2008-12-10,4016200,25.600000381469727,27.989999771118164,28.1200008392334,25.559999465942383,26.436222076416016
2008-12-09,3514400,23.40999984741211,24.040000915527344,24.65999984741211,23.190000534057617,22.705495834350586
2008-12-08,3288100,24.309999465942383,24.020000457763672,24.700000762939453,23.469999313354492,22.686607360839844
2008-12-05,4209700,21.739999771118164,22.75,22.90999984741211,21.1299991607666,21.48710823059082
2008-12-04,2859400,21.729999542236328,21.479999542236328,22.510000228881836,21.110000610351562,20.287607192993164
2008-12-03,4538100,21.420000076293945,22.25,23.530000686645508,21.09000015258789,21.01486587524414
2008-12-02,3072500,21.1200008392334,21.329999923706055,21.850000381469727,20.450000762939453,20.145933151245117
2008-12-01,3132500,20.959999084472656,19.56999969482422,21.049999237060547,19.450000762939453,18.483633041381836
2008-11-28,1614000,22.25,21.350000381469727,22.25,21.010000228881836,20.164825439453125
2008-11-26,3071000,21.059999465942383,21.149999618530273,21.25,20.469999313354492,19.975923538208008
2008-11-25,2046000,20.6200008392334,20.709999084472656,21.049999237060547,19.479999542236328,19.560348510742188
2008-11-24,3273800,21.049999237060547,20.31999969482422,21.43000030517578,19.860000610351562,19.192001342773438
2008-11-21,5297600,16.959999084472656,19.610000610351562,19.709999084472656,14.970000267028809,18.521413803100586
2008-11-20,2333000,14.859999656677246,13.710000038146973,14.930000305175781,13.369999885559082,12.948932647705078
2008-11-19,2148100,15.720000267028809,14.430000305175781,16.479999542236328,14.329999923706055,13.628965377807617
2008-11-18,1442400,15.75,15.539999961853027,16.190000534057617,15.010000228881836,14.677346229553223
2008-11-17,1923600,16.59000015258789,15.9399995803833,16.959999084472656,15.800000190734863,15.055143356323242
2008-11-14,2658500,17.399999618530273,16.59000015258789,18.0,16.540000915527344,15.669058799743652
2008-11-13,3085800,16.299999237060547,17.389999389648438,17.450000762939453,14.390000343322754,16.424646377563477
2008-11-12,2283000,17.3700008392334,15.800000190734863,17.639999389648438,15.65999984741211,14.922914505004883
2008-11-11,1605800,18.170000076293945,17.299999237060547,18.34000015258789,17.030000686645508,16.33964729309082
2008-11-10,1609800,19.110000610351562,18.510000228881836,19.43000030517578,17.899999618530273,17.48247718811035
2008-11-07,1763300,17.780000686645508,17.920000076293945,18.799999237060547,17.170000076293945,16.92522621154785
2008-11-06,1504900,19.149999618530273,17.09000015258789,19.469999313354492,17.020000457763672,16.141300201416016
2008-11-05,1491000,19.850000381469727,18.90999984741211,20.799999237060547,18.8700008392334,17.86027717590332
2008-11-04,2444800,18.729999542236328,20.450000762939453,20.610000610351562,18.56999969482422,19.31478500366211
2008-11-03,1323200,18.0,18.0,18.940000534057617,17.850000381469727,17.00078773498535
2008-10-31,2401000,18.459999084472656,18.25,19.110000610351562,17.969999313354492,17.23691177368164
2008-10-30,2200900,18.350000381469727,18.59000015258789,19.25,17.010000228881836,17.558034896850586
2008-10-29,4195100,15.630000114440918,17.860000610351562,18.06999969482422,15.229999542236328,16.86855697631836
2008-10-28,3877000,15.670000076293945,15.039999961853027,15.699999809265137,13.920000076293945,14.205103874206543
2008-10-27,2744600,15.09000015258789,14.210000038146973,15.6899995803833,14.0,13.42117977142334
2008-10-24,3429100,14.239999771118164,15.100000381469727,15.989999771118164,14.09000015258789,14.261773109436035
2008-10-23,3608200,15.40999984741211,14.949999809265137,16.389999389648438,13.9399995803833,14.120100021362305
2008-10-22,3367500,18.709999084472656,14.9399995803833,18.709999084472656,14.819999694824219,14.1106538772583
2008-10-21,1617200,19.270000457763672,18.600000381469727,19.899999618530273,18.5,17.567480087280273
2008-10-20,1794800,18.770000457763672,20.170000076293945,20.299999237060547,18.25,19.050331115722656
2008-10-17,3033000,18.899999618530273,18.56999969482422,19.68000030517578,17.84000015258789,17.53914451599121
2008-10-16,4319100,20.719999313354492,18.440000534057617,21.100000381469727,17.3799991607666,17.416362762451172
2008-10-15,2970600,20.149999618530273,18.489999771118164,21.559999465942383,17.8700008392334,17.463586807250977
2008-10-14,4090100,21.6200008392334,22.739999771118164,23.8700008392334,21.459999084472656,21.4776668548584
2008-10-13,3213300,19.889999389648438,20.31999969482422,20.360000610351562,18.790000915527344,19.192001342773438
2008-10-10,4025700,19.559999465942383,16.5,20.079999923706055,16.209999084472656,15.584054946899414
2008-10-09,2402600,19.25,17.260000228881836,19.25,17.260000228881836,16.30186653137207
2008-10-08,3736000,17.93000030517578,19.709999084472656,20.100000381469727,17.360000610351562,18.615859985351562
2008-10-07,2989600,18.170000076293945,16.489999771118164,18.440000534057617,16.40999984741211,15.574607849121094
2008-10-06,3323000,20.459999084472656,17.360000610351562,20.540000915527344,15.75,16.396318435668945
2008-10-03,2284100,19.360000610351562,19.969999313354492,20.530000686645508,19.040000915527344,18.86142921447754
2008-10-02,2890100,21.889999389648438,19.31999969482422,22.0,19.260000228881836,18.247512817382812
2008-10-01,1649800,23.309999465942383,23.25,23.780000686645508,22.950000762939453,21.959348678588867
2008-09-30,2213700,23.25,23.100000381469727,23.420000076293945,22.040000915527344,21.817678451538086
2008-09-29,2811400,23.729999542236328,22.540000915527344,24.110000610351562,22.25,21.288766860961914
2008-09-26,2064800,23.850000381469727,24.219999313354492,24.989999771118164,23.84000015258789,22.875505447387695
2008-09-25,1279100,25.100000381469727,24.43000030517578,25.280000686645508,24.260000228881836,23.073848724365234
2008-09-24,1116400,25.5,25.100000381469727,25.709999084472656,24.799999237060547,23.706653594970703
2008-09-23,2674400,25.219999313354492,25.09000015258789,25.899999618530273,24.6200008392334,23.69721031188965
2008-09-22,3900500,24.979999542236328,26.170000076293945,26.8799991607666,24.75,24.717256546020508
2008-09-19,4005800,25.56999969482422,24.719999313354492,26.0,24.25,23.34774398803711
2008-09-18,4899200,25.770000457763672,27.0,27.43000030517578,25.209999084472656,25.501178741455078
2008-09-17,4136200,22.600000381469727,25.700000762939453,26.040000915527344,22.40999984741211,24.27334213256836
2008-09-16,2555000,22.770000457763672,23.559999465942383,23.59000015258789,21.90999984741211,22.252140045166016
2008-09-15,2711300,23.579999923706055,23.34000015258789,24.0,23.1200008392334,22.044355392456055
2008-09-12,3321400,23.469999313354492,24.110000610351562,24.530000686645508,23.049999237060547,22.7716121673584
2008-09-11,3223200,22.440000534057617,23.100000381469727,23.489999771118164,21.829999923706055,21.817678451538086
2008-09-10,2880600,21.579999923706055,22.450000762939453,22.59000015258789,21.010000228881836,21.203760147094727
2008-09-09,2365600,23.010000228881836,21.200000762939453,23.010000228881836,21.059999465942383,20.023147583007812
2008-09-08,2238900,24.760000228881836,23.450000762939453,24.889999389648438,23.329999923706055,22.148250579833984
2008-09-05,1827900,23.40999984741211,24.010000228881836,24.06999969482422,23.030000686645508,22.67716407775879
2008-09-04,2127600,24.229999542236328,23.049999237060547,24.40999984741211,22.989999771118164,21.77045440673828
2008-09-03,1997300,24.510000228881836,23.90999984741211,24.93000030517578,23.790000915527344,22.582712173461914
2008-09-02,2095000,24.760000228881836,24.979999542236328,25.229999542236328,24.760000228881836,23.59330940246582
2008-08-29,586100,27.209999084472656,26.920000076293945,27.290000915527344,26.75,25.425622940063477
2008-08-28,984900,27.989999771118164,27.25,27.989999771118164,27.059999465942383,25.737302780151367
2008-08-27,744300,26.959999084472656,27.170000076293945,27.170000076293945,26.75,25.661745071411133
2008-08-26,1451000,25.93000030517578,26.510000228881836,26.68000030517578,25.729999542236328,25.038381576538086
2008-08-25,935900,26.5,26.440000534057617,26.790000915527344,26.229999542236328,24.972267150878906
2008-08-22,1080500,26.8799991607666,26.809999465942383,27.229999542236328,26.6299991607666,25.321727752685547
2008-08-21,1839800,26.84000015258789,27.700000762939453,27.790000915527344,26.65999984741211,26.162324905395508
2008-08-20,2049600,27.440000534057617,26.209999084472656,27.440000534057617,26.1299991607666,24.755033493041992
2008-08-19,2202300,25.56999969482422,26.709999084472656,26.959999084472656,25.350000381469727,25.16636848449707
2008-08-18,1467200,27.010000228881836,26.670000076293945,27.3700008392334,26.420000076293945,25.128679275512695
2008-08-15,1977400,26.149999618530273,26.670000076293945,27.18000030517578,25.969999313354492,25.128679275512695
2008-08-14,1910500,29.1299991607666,27.469999313354492,29.1299991607666,27.360000610351562,25.8824462890625
2008-08-13,2644800,27.540000915527344,28.920000076293945,29.030000686645508,27.489999771118164,27.2486515045166
2008-08-12,3540100,26.239999771118164,27.40999984741211,27.649999618530273,26.0,25.82591438293457
2008-08-11,5467000,28.639999389648438,25.700000762939453,28.790000915527344,25.549999237060547,24.21474266052246
2008-08-08,1969400,29.239999771118164,29.75,30.0,29.1200008392334,28.030681610107422
2008-08-07,955100,31.059999465942383,30.809999465942383,31.329999923706055,30.56999969482422,29.0294189453125
2008-08-06,1725100,31.049999237060547,31.079999923706055,31.5,30.93000030517578,29.283817291259766
2008-08-05,2239100,30.950000762939453,30.81999969482422,31.540000915527344,30.56999969482422,29.03884506225586
2008-08-04,2043800,31.09000015258789,31.1200008392334,31.700000762939453,30.59000015258789,29.32150650024414
2008-08-01,1761700,32.2599983215332,32.06999969482422,32.470001220703125,31.719999313354492,30.216602325439453
2008-07-31,1739600,33.099998474121094,32.970001220703125,33.68000030517578,32.77000045776367,31.064592361450195
2008-07-30,2615300,31.940000534057617,32.72999954223633,33.060001373291016,31.899999618530273,30.838459014892578
2008-07-29,941900,33.4900016784668,33.0,33.619998931884766,32.849998474121094,31.092859268188477
2008-07-28,929500,33.40999984741211,33.52000045776367,34.209999084472656,33.2400016784668,31.582805633544922
2008-07-25,858100,33.619998931884766,33.7400016784668,33.91999816894531,33.09000015258789,31.79009246826172
2008-07-24,1448300,33.43000030517578,33.040000915527344,33.97999954223633,32.75,31.130544662475586
2008-07-23,1656200,33.43000030517578,33.33000183105469,33.84000015258789,33.04999923706055,31.403789520263672
2008-07-22,1778200,34.5099983215332,34.540000915527344,34.900001525878906,34.16999816894531,32.543853759765625
2008-07-21,1979900,34.439998626708984,34.7400016784668,34.84000015258789,34.310001373291016,32.73229217529297
2008-07-18,1110600,35.869998931884766,35.66999816894531,36.41999816894531,35.349998474121094,33.608551025390625
2008-07-17,2544000,35.58000183105469,35.86000061035156,36.599998474121094,35.380001068115234,33.787567138671875
2008-07-16,2428200,35.779998779296875,34.58000183105469,35.84000015258789,34.27000045776367,32.581546783447266
2008-07-15,3634800,35.79999923706055,35.11000061035156,36.650001525878906,34.72999954223633,33.08091735839844
2008-07-14,2995300,33.470001220703125,34.0,34.33000183105469,32.5,32.035064697265625
2008-07-11,3549900,33.4900016784668,33.099998474121094,33.869998931884766,32.83000183105469,31.18707847595215
2008-07-10,1470500,32.91999816894531,33.0,33.099998474121094,32.41999816894531,31.092859268188477
2008-07-09,2674700,32.72999954223633,32.84000015258789,33.150001525878906,32.68000030517578,30.942102432250977
2008-07-08,2264200,32.18000030517578,32.369998931884766,32.529998779296875,31.969999313354492,30.499265670776367
2008-07-07,2382700,32.86000061035156,32.59000015258789,32.93000030517578,32.47999954223633,30.706554412841797
2008-07-03,1519300,33.900001525878906,33.529998779296875,33.95000076293945,33.11000061035156,31.592222213745117
2008-07-02,1767400,33.72999954223633,33.93000030517578,34.439998626708984,33.72999954223633,31.9691104888916
2008-07-01,3959900,33.02000045776367,33.459999084472656,33.630001068115234,32.849998474121094,31.52626609802246
2008-06-30,1725700,34.45000076293945,33.939998626708984,34.45000076293945,33.52000045776367,31.978530883789062
2008-06-27,2406800,33.189998626708984,33.08000183105469,33.380001068115234,32.41999816894531,31.16823387145996
2008-06-26,2448600,31.729999542236328,32.08000183105469,32.290000915527344,31.639999389648438,30.22602653503418
2008-06-25,2201800,29.59000015258789,30.610000610351562,30.700000762939453,29.59000015258789,28.840978622436523
2008-06-24,2377200,29.040000915527344,29.649999618530273,30.040000915527344,28.93000030517578,27.936458587646484
2008-06-23,2091700,28.850000381469727,29.510000228881836,29.56999969482422,28.75,27.804548263549805
2008-06-20,2332400,30.030000686645508,29.959999084472656,30.15999984741211,29.600000381469727,28.22854232788086
2008-06-19,1293500,31.860000610351562,30.700000762939453,31.959999084472656,30.6299991607666,28.9257755279541
2008-06-18,2072900,31.389999389648438,31.459999084472656,31.610000610351562,31.0,29.641855239868164
2008-06-17,1560100,31.969999313354492,31.690000534057617,32.040000915527344,31.469999313354492,29.858564376831055
2008-06-16,1122700,32.650001525878906,32.04999923706055,32.65999984741211,31.829999923706055,30.197755813598633
2008-06-13,1785200,31.43000030517578,31.959999084472656,31.959999084472656,31.15999984741211,30.112960815429688
2008-06-12,3365100,32.459999084472656,32.130001068115234,32.65999984741211,32.029998779296875,30.273136138916016
2008-06-11,2596700,33.529998779296875,33.060001373291016,33.65999984741211,32.810001373291016,31.14938735961914
2008-06-10,3135200,33.88999938964844,34.20000076293945,34.45000076293945,33.88999938964844,32.223506927490234
2008-06-09,1725500,35.13999938964844,34.880001068115234,35.369998931884766,34.81999969482422,32.86420822143555
2008-06-06,1763400,34.599998474121094,35.02000045776367,35.220001220703125,34.459999084472656,32.996116638183594
2008-06-05,2364500,34.29999923706055,34.849998474121094,34.849998474121094,34.29999923706055,32.8359375
2008-06-04,3733500,34.459999084472656,34.45000076293945,34.68000030517578,34.08000183105469,32.45905685424805
2008-06-03,2461500,34.5,34.650001525878906,34.810001373291016,34.29999923706055,32.64750289916992
2008-06-02,2040300,34.91999816894531,34.7599983215332,35.029998779296875,34.38999938964844,32.75114440917969
2008-05-30,3155200,34.599998474121094,34.790000915527344,35.13999938964844,34.33000183105469,32.7794075012207
2008-05-29,2742600,36.52000045776367,35.66999816894531,36.61000061035156,35.15999984741211,33.608551025390625
2008-05-28,1008100,38.0,38.04999923706055,38.209999084472656,37.65999984741211,35.85100555419922
2008-05-27,1583200,38.72999954223633,38.15999984741211,38.88999938964844,38.060001373291016,35.95465087890625
2008-05-23,1001800,39.58000183105469,39.290000915527344,39.619998931884766,39.13999938964844,37.01934814453125
2008-05-22,1033100,39.38999938964844,38.95000076293945,39.7400016784668,38.77000045776367,36.69900131225586
2008-05-21,1637100,39.970001220703125,39.119998931884766,40.16999816894531,38.95000076293945,36.85917282104492
2008-05-20,1008900,39.7599983215332,39.959999084472656,40.0,39.47999954223633,37.65062713623047
2008-05-19,1051900,39.38999938964844,39.29999923706055,39.599998474121094,38.959999084472656,37.02876663208008
2008-05-16,1090600,39.939998626708984,39.90999984741211,40.27000045776367,39.40999984741211,37.603515625
2008-05-15,1264100,39.290000915527344,39.25,39.400001525878906,38.560001373291016,36.981658935546875
2008-05-14,1974300,38.779998779296875,38.5099983215332,39.27000045776367,38.5,36.284427642822266
2008-05-13,2057800,39.599998474121094,39.380001068115234,39.599998474121094,38.720001220703125,37.104148864746094
2008-05-12,2078200,40.16999816894531,40.5,40.90999984741211,40.02000045776367,38.15941619873047
2008-05-09,2139200,39.95000076293945,39.7599983215332,39.9900016784668,39.43000030517578,37.46217727661133
2008-05-08,2672700,38.54999923706055,39.400001525878906,39.400001525878906,38.5,37.12299346923828
2008-05-07,2434000,38.90999984741211,38.470001220703125,39.09000015258789,38.27000045776367,36.24673080444336
2008-05-06,4522200,36.869998931884766,38.310001373291016,38.869998931884766,36.70000076293945,36.09598159790039
2008-05-05,1260500,34.93000030517578,34.810001373291016,34.959999084472656,34.38999938964844,32.79825973510742
2008-05-02,975900,33.459999084472656,33.849998474121094,34.20000076293945,32.939998626708984,31.893741607666016
2008-05-01,1302200,33.59000015258789,33.43000030517578,33.84000015258789,33.119998931884766,31.49801254272461
2008-04-30,2263500,33.63999938964844,34.119998931884766,34.119998931884766,33.25,32.148128509521484
2008-04-29,1954500,34.459999084472656,33.540000915527344,34.83000183105469,33.47999954223633,31.601648330688477
2008-04-28,866900,35.959999084472656,35.54999923706055,36.22999954223633,35.400001525878906,33.495487213134766
2008-04-25,737100,35.95000076293945,35.97999954223633,36.060001373291016,35.61000061035156,33.900638580322266
2008-04-24,1110900,36.029998779296875,35.599998474121094,36.29999923706055,35.58000183105469,33.54259490966797
2008-04-23,1456700,36.45000076293945,36.279998779296875,36.560001373291016,35.88999938964844,34.18329620361328
2008-04-22,1757400,37.5099983215332,36.619998931884766,37.529998779296875,36.5,34.50364685058594
2008-04-21,2508800,37.43000030517578,37.540000915527344,37.540000915527344,37.209999084472656,35.370487213134766
2008-04-18,2045000,36.970001220703125,37.15999984741211,37.959999084472656,36.970001220703125,35.012447357177734
2008-04-17,1614900,36.97999954223633,37.38999938964844,37.47999954223633,36.900001525878906,35.22915267944336
2008-04-16,1577200,37.33000183105469,37.88999938964844,37.900001525878906,37.31999969482422,35.700252532958984
2008-04-15,1719100,36.95000076293945,36.900001525878906,37.15999984741211,36.61000061035156,34.7674674987793
2008-04-14,1969800,37.38999938964844,37.290000915527344,37.529998779296875,37.040000915527344,35.134925842285156
2008-04-11,2233300,36.66999816894531,36.9900016784668,37.20000076293945,36.650001525878906,34.852264404296875
2008-04-10,1883600,36.09000015258789,36.720001220703125,36.810001373291016,35.970001220703125,34.59787368774414
2008-04-09,1574800,35.650001525878906,36.2599983215332,36.33000183105469,35.630001068115234,34.164451599121094
2008-04-08,1168600,35.880001068115234,36.02000045776367,36.290000915527344,35.7599983215332,33.938323974609375
2008-04-07,2091600,35.75,36.029998779296875,36.779998779296875,35.75,33.9477424621582
2008-04-04,2490100,35.29999923706055,35.380001068115234,35.7400016784668,35.20000076293945,33.33531951904297
2008-04-03,2255400,35.0,35.869998931884766,36.0099983215332,34.849998474121094,33.796993255615234
2008-04-02,1760100,33.65999984741211,34.4900016784668,34.4900016784668,33.529998779296875,32.496742248535156
2008-04-01,3008900,32.93000030517578,33.150001525878906,33.36000061035156,32.900001525878906,31.234195709228516
2008-03-31,2439600,33.810001373291016,33.959999084472656,34.209999084472656,33.470001220703125,31.997377395629883
2008-03-28,1723400,32.939998626708984,33.349998474121094,33.459999084472656,32.88999938964844,31.42263412475586
2008-03-27,2425300,33.130001068115234,32.95000076293945,33.349998474121094,32.88999938964844,31.04574966430664
2008-03-26,1859500,32.2599983215332,32.900001525878906,32.93000030517578,32.25,30.998632431030273
2008-03-25,1689000,31.68000030517578,32.0,32.04999923706055,31.43000030517578,30.150650024414062
2008-03-24,3213700,31.34000015258789,31.489999771118164,31.93000030517578,31.299999237060547,29.670122146606445
2008-03-20,5121500,30.93000030517578,31.6299991607666,31.84000015258789,30.5,29.802034378051758
2008-03-19,3319900,33.15999984741211,32.08000183105469,33.77000045776367,31.8799991607666,30.22602653503418
2008-03-18,2456500,34.060001373291016,33.52000045776367,34.400001525878906,33.2599983215332,31.582805633544922
2008-03-17,2780100,33.29999923706055,34.0,34.20000076293945,33.16999816894531,32.035064697265625
2008-03-14,3160400,34.560001373291016,35.0,35.189998626708984,34.130001068115234,32.97727584838867
2008-03-13,4763100,34.720001220703125,35.099998474121094,35.15999984741211,33.9900016784668,33.071495056152344
2008-03-12,1225400,35.220001220703125,35.38999938964844,35.689998626708984,35.0,33.34473419189453
2008-03-11,1267500,35.5099983215332,36.189998626708984,36.189998626708984,35.09000015258789,34.0984992980957
2008-03-10,1657800,36.09000015258789,35.0,36.150001525878906,34.65999984741211,32.97727584838867
2008-03-07,1449300,36.91999816894531,36.0,37.369998931884766,35.900001525878906,33.91948318481445
2008-03-06,2944000,37.11000061035156,36.97999954223633,37.75,36.540000915527344,34.84284591674805
2008-03-05,2272400,36.9900016784668,37.22999954223633,37.2400016784668,36.29999923706055,35.07839584350586
2008-03-04,2457300,37.290000915527344,36.43000030517578,37.70000076293945,35.849998474121094,34.32463073730469
2008-03-03,2139800,37.0,36.84000015258789,37.0,36.209999084472656,34.7109260559082
2008-02-29,2328700,36.650001525878906,36.119998931884766,36.81999969482422,35.66999816894531,34.03255081176758
2008-02-28,2782100,35.77000045776367,36.41999816894531,36.540000915527344,35.27000045776367,34.31520462036133
2008-02-27,1759200,35.4900016784668,35.47999954223633,35.84000015258789,35.060001373291016,33.42953109741211
2008-02-26,1508500,34.52000045776367,35.16999816894531,35.380001068115234,34.31999969482422,33.075172424316406
2008-02-25,1703900,35.54999923706055,35.0099983215332,35.93000030517578,34.33000183105469,32.92470169067383
2008-02-22,1643800,36.5,36.060001373291016,36.59000015258789,35.36000061035156,33.91215896606445
2008-02-21,4146800,36.11000061035156,35.52000045776367,36.54999923706055,35.52000045776367,33.404319763183594
2008-02-20,2119600,34.25,35.52000045776367,35.58000183105469,34.150001525878906,33.404319763183594
2008-02-19,1939000,34.900001525878906,34.81999969482422,35.18000030517578,34.400001525878906,32.74600601196289
2008-02-15,1629400,33.709999084472656,33.75,33.939998626708984,33.439998626708984,31.739736557006836
2008-02-14,1728400,34.7400016784668,34.18000030517578,34.7400016784668,34.029998779296875,32.144134521484375
2008-02-13,2851800,34.83000183105469,34.779998779296875,34.900001525878906,34.29999923706055,32.708396911621094
2008-02-12,2542600,34.81999969482422,34.70000076293945,35.060001373291016,34.560001373291016,32.63316345214844
2008-02-11,2736100,34.68000030517578,35.06999969482422,35.27000045776367,34.0,32.98112869262695
2008-02-08,4879300,36.130001068115234,36.310001373291016,36.7400016784668,36.0099983215332,34.14726638793945
2008-02-07,2337100,38.41999816894531,38.56999969482422,39.0,38.150001525878906,36.27265167236328
2008-02-06,1260500,39.599998474121094,39.869998931884766,40.77000045776367,39.31999969482422,37.49522018432617
2008-02-05,1856000,39.40999984741211,38.7400016784668,40.2599983215332,38.7400016784668,36.432533264160156
2008-02-04,1303400,40.77000045776367,40.83000183105469,41.20000076293945,40.0,38.398040771484375
2008-02-01,1634300,41.72999954223633,40.7400016784668,42.290000915527344,40.63999938964844,38.31340789794922
2008-01-31,1334200,40.77000045776367,41.54999923706055,41.959999084472656,40.70000076293945,39.075157165527344
2008-01-30,2497400,42.43000030517578,41.619998931884766,42.619998931884766,41.33000183105469,39.1409797668457
2008-01-29,1771600,42.040000915527344,42.43000030517578,42.65999984741211,41.43000030517578,39.902740478515625
2008-01-28,2449500,41.970001220703125,41.75,42.279998779296875,41.33000183105469,39.26324462890625
2008-01-25,3477300,41.849998474121094,43.0099983215332,43.34000015258789,41.459999084472656,40.44819641113281
2008-01-24,1840100,43.720001220703125,45.16999816894531,45.5,43.720001220703125,42.47954177856445
2008-01-23,2960600,41.41999816894531,43.13999938964844,43.189998626708984,41.029998779296875,40.57044982910156
2008-01-22,2436800,40.56999969482422,44.2599983215332,44.65999984741211,40.439998626708984,41.62373733520508
2008-01-18,3008800,43.849998474121094,45.09000015258789,45.15999984741211,43.52000045776367,42.404300689697266
2008-01-17,1657100,47.27000045776367,45.41999816894531,48.15999984741211,45.099998474121094,42.714637756347656
2008-01-16,2264900,46.83000183105469,46.4900016784668,47.709999084472656,45.529998779296875,43.72091293334961
2008-01-15,1940400,49.470001220703125,47.81999969482422,49.97999954223633,47.41999816894531,44.97169494628906
2008-01-14,1903700,51.310001373291016,50.06999969482422,51.349998474121094,49.72999954223633,47.087677001953125
2008-01-11,2562900,50.83000183105469,49.59000015258789,51.189998626708984,49.0099983215332,46.63627243041992
2008-01-10,3622400,48.70000076293945,50.41999816894531,50.79999923706055,48.400001525878906,47.41682052612305
2008-01-09,2778900,49.220001220703125,49.06999969482422,49.349998474121094,47.38999938964844,46.14725112915039
2008-01-08,2419400,47.56999969482422,47.220001220703125,49.0,46.869998931884766,44.40744400024414
2008-01-07,1300300,45.869998931884766,45.5,46.15999984741211,44.68000030517578,42.789878845214844
2008-01-04,1599000,46.56999969482422,45.65999984741211,46.70000076293945,45.349998474121094,42.940345764160156
2008-01-03,2315300,46.13999938964844,47.0,47.61000061035156,46.08000183105469,44.20054244995117
2008-01-02,2327000,43.88999938964844,45.86000061035156,45.970001220703125,43.470001220703125,43.1284294128418
2007-12-31,683600,43.470001220703125,42.810001373291016,43.599998474121094,42.5099983215332,40.260108947753906
2007-12-28,962600,43.209999084472656,43.849998474121094,43.93000030517578,42.68000030517578,41.23816680908203
2007-12-27,591100,43.380001068115234,42.790000915527344,43.650001525878906,42.61000061035156,40.241302490234375
2007-12-26,965800,42.849998474121094,42.970001220703125,43.150001525878906,42.45000076293945,40.41057586669922
2007-12-24,316700,42.81999969482422,42.619998931884766,42.81999969482422,42.09000015258789,40.081417083740234
2007-12-21,1642500,41.209999084472656,42.16999816894531,42.29999923706055,41.209999084472656,39.658226013183594
2007-12-20,922000,40.869998931884766,40.56999969482422,41.08000183105469,40.0,38.153526306152344
2007-12-19,1151400,40.59000015258789,40.709999084472656,41.369998931884766,40.31999969482422,38.285186767578125
2007-12-18,1142200,41.79999923706055,42.279998779296875,42.33000183105469,41.220001220703125,39.76167297363281
2007-12-17,1371100,42.77000045776367,41.400001525878906,42.880001068115234,41.13999938964844,38.93410110473633
2007-12-14,1008300,42.79999923706055,42.869998931884766,43.790000915527344,42.650001525878906,40.31653594970703
2007-12-13,1018300,43.54999923706055,43.63999938964844,44.31999969482422,43.18000030517578,41.04066467285156
2007-12-12,683800,44.779998779296875,44.060001373291016,45.220001220703125,43.75,41.4356575012207
2007-12-11,1230200,45.36000061035156,43.97999954223633,46.0,43.84000015258789,41.36041259765625
2007-12-10,997500,44.029998779296875,44.790000915527344,45.33000183105469,43.869998931884766,42.12217330932617
2007-12-07,3644100,46.599998474121094,44.02000045776367,46.66999816894531,43.220001220703125,41.39803695678711
2007-12-06,2562600,46.88999938964844,46.40999984741211,46.88999938964844,45.15999984741211,43.64567565917969
2007-12-05,1456900,48.31999969482422,47.70000076293945,48.63999938964844,47.41999816894531,44.85884094238281
2007-12-04,1334700,48.08000183105469,47.68000030517578,48.40999984741211,47.20000076293945,44.84003448486328
2007-12-03,1230600,48.130001068115234,48.38999938964844,48.599998474121094,47.88999938964844,45.507747650146484
2007-11-30,3410600,49.15999984741211,48.77000045776367,49.880001068115234,48.060001373291016,45.8651123046875
2007-11-29,1873200,46.790000915527344,47.02000045776367,47.29999923706055,46.279998779296875,44.21934127807617
2007-11-28,2028300,45.20000076293945,46.099998474121094,46.459999084472656,44.880001068115234,43.35414123535156
2007-11-27,2182200,44.63999938964844,44.66999816894531,45.060001373291016,43.88999938964844,42.00932312011719
2007-11-26,1566200,46.08000183105469,44.040000915527344,46.08000183105469,44.0,41.416839599609375
2007-11-23,1438800,43.810001373291016,45.720001220703125,45.720001220703125,43.810001373291016,42.99678039550781
2007-11-21,1636500,43.75,42.66999816894531,43.79999923706055,42.38999938964844,40.12844467163086
2007-11-20,1356800,43.02000045776367,44.58000183105469,44.689998626708984,42.81999969482422,41.924678802490234
2007-11-19,1566400,43.34000015258789,42.68000030517578,43.540000915527344,42.349998474121094,40.13785171508789
2007-11-16,1372600,44.689998626708984,44.95000076293945,45.0,43.97999954223633,42.27263259887695
2007-11-15,2038800,45.119998931884766,44.29999923706055,46.189998626708984,43.959999084472656,41.66136932373047
2007-11-14,1423500,47.29999923706055,47.11000061035156,47.779998779296875,46.84000015258789,44.30398178100586
2007-11-13,2467700,46.290000915527344,46.15999984741211,46.599998474121094,44.91999816894531,43.41056823730469
2007-11-12,2637300,45.75,44.65999984741211,46.25,44.189998626708984,41.999908447265625
2007-11-09,2351200,46.599998474121094,46.91999816894531,48.22999954223633,46.400001525878906,44.12530517578125
2007-11-08,2482400,46.9900016784668,46.310001373291016,47.369998931884766,45.099998474121094,43.55164337158203
2007-11-07,2190000,46.150001525878906,45.41999816894531,46.720001220703125,45.2400016784668,42.714637756347656
2007-11-06,2806400,45.040000915527344,45.34000015258789,45.349998474121094,44.349998474121094,42.6394157409668
2007-11-05,1383800,42.54999923706055,42.86000061035156,43.02000045776367,42.11000061035156,40.30713653564453
2007-11-02,2525800,43.65999984741211,42.939998626708984,43.7599983215332,42.04999923706055,40.382362365722656
2007-11-01,1906900,45.2599983215332,43.29999923706055,45.2599983215332,43.220001220703125,40.72093200683594
2007-10-31,2922400,45.61000061035156,46.45000076293945,46.68000030517578,45.459999084472656,43.68330001831055
2007-10-30,1241100,45.15999984741211,44.86000061035156,45.369998931884766,44.279998779296875,42.1879997253418
2007-10-29,1281700,46.08000183105469,45.689998626708984,46.40999984741211,45.209999084472656,42.968563079833984
2007-10-26,956300,45.720001220703125,45.7400016784668,45.970001220703125,45.290000915527344,43.015586853027344
2007-10-25,1928400,45.31999969482422,45.380001068115234,46.0,44.400001525878906,42.67702865600586
2007-10-24,1476000,44.400001525878906,44.630001068115234,44.709999084472656,43.65999984741211,41.97169876098633
2007-10-23,1850700,43.93000030517578,44.439998626708984,44.560001373291016,43.29999923706055,41.79301071166992
2007-10-22,1577300,42.79999923706055,42.959999084472656,43.029998779296875,41.9900016784668,40.40116882324219
2007-10-19,1952400,44.369998931884766,43.439998626708984,44.38999938964844,43.279998779296875,40.852577209472656
2007-10-18,1647700,43.7599983215332,44.0,44.09000015258789,43.52000045776367,41.37923049926758
2007-10-17,1537400,44.310001373291016,43.31999969482422,44.70000076293945,43.04999923706055,40.739723205566406
2007-10-16,1923800,44.040000915527344,43.4900016784668,44.040000915527344,43.060001373291016,40.89960861206055
2007-10-15,1891500,45.630001068115234,44.400001525878906,45.65999984741211,44.06999969482422,41.75540542602539
2007-10-12,1182700,45.11000061035156,44.91999816894531,45.150001525878906,44.36000061035156,42.24441909790039
2007-10-11,3846800,44.33000183105469,44.470001220703125,45.58000183105469,43.779998779296875,41.82122802734375
2007-10-10,1434800,44.439998626708984,43.810001373291016,44.5,43.58000183105469,41.20054244995117
2007-10-09,1676200,44.15999984741211,44.209999084472656,44.95000076293945,43.650001525878906,41.576717376708984
2007-10-08,1196700,44.060001373291016,44.11000061035156,44.220001220703125,43.75,41.482666015625
2007-10-05,2667200,44.43000030517578,44.5,44.720001220703125,44.08000183105469,41.84944152832031
2007-10-04,3760200,43.63999938964844,44.40999984741211,44.59000015258789,43.25,41.76480484008789
2007-10-03,3942400,43.52000045776367,42.869998931884766,43.77000045776367,42.77000045776367,40.31653594970703
2007-10-02,9688700,43.66999816894531,43.31999969482422,44.130001068115234,43.27000045776367,40.739723205566406
2007-10-01,4601500,44.0,44.86000061035156,45.150001525878906,43.08000183105469,42.1879997253418
2007-09-28,1318600,47.84000015258789,46.88999938964844,47.91999816894531,46.56999969482422,44.09708786010742
2007-09-27,1288300,46.61000061035156,46.4900016784668,46.9900016784668,46.060001373291016,43.72091293334961
2007-09-26,1557600,46.77000045776367,45.7400016784668,46.880001068115234,45.56999969482422,43.015586853027344
2007-09-25,1372600,46.779998779296875,46.529998779296875,46.880001068115234,46.040000915527344,43.75852966308594
2007-09-24,983900,46.61000061035156,46.900001525878906,47.439998626708984,46.25,44.10648727416992
2007-09-21,1581100,47.75,46.84000015258789,47.81999969482422,46.619998931884766,44.05006790161133
2007-09-20,1661700,46.970001220703125,47.400001525878906,47.41999816894531,46.70000076293945,44.57670974731445
2007-09-19,1762100,46.720001220703125,46.0,47.0,45.630001068115234,43.260101318359375
2007-09-18,1901900,45.349998474121094,46.5,46.5,44.61000061035156,43.730323791503906
2007-09-17,1257400,44.560001373291016,44.630001068115234,45.15999984741211,44.290000915527344,41.97169876098633
2007-09-14,1384800,44.5,44.15999984741211,45.22999954223633,43.5,41.52968978881836
2007-09-13,1709500,44.560001373291016,44.47999954223633,44.70000076293945,43.81999969482422,41.830631256103516
2007-09-12,2995600,43.06999969482422,43.45000076293945,43.810001373291016,42.91999816894531,40.86198806762695
2007-09-11,1642300,41.7400016784668,41.70000076293945,41.9900016784668,41.27000045776367,39.21622848510742
2007-09-10,1652400,42.16999816894531,41.45000076293945,42.290000915527344,41.04999923706055,38.98111343383789
2007-09-07,2506500,42.459999084472656,41.65999984741211,42.939998626708984,41.310001373291016,39.17860794067383
2007-09-06,2116700,40.38999938964844,41.11000061035156,41.11000061035156,40.18000030517578,38.6613655090332
2007-09-05,1036900,40.5,39.83000183105469,40.5099983215332,39.31999969482422,37.45759963989258
2007-09-04,1474000,39.9900016784668,40.2599983215332,40.61000061035156,39.84000015258789,37.861995697021484
2007-08-31,988000,39.209999084472656,39.029998779296875,39.349998474121094,38.650001525878906,36.70524978637695
2007-08-30,825400,37.810001373291016,37.79999923706055,38.65999984741211,37.54999923706055,35.54851150512695
2007-08-29,569100,37.27000045776367,37.79999923706055,37.79999923706055,37.119998931884766,35.54851150512695
2007-08-28,691900,37.099998474121094,36.59000015258789,37.54999923706055,36.5099983215332,34.410587310791016
2007-08-27,872400,38.25,37.34000015258789,38.25,37.34000015258789,35.11591720581055
2007-08-24,1072600,37.5099983215332,38.029998779296875,38.09000015258789,37.150001525878906,35.76482009887695
2007-08-23,1717200,38.709999084472656,37.52000045776367,38.7400016784668,37.33000183105469,35.285194396972656
2007-08-22,1836900,37.0,37.790000915527344,37.84000015258789,36.75,35.539119720458984
2007-08-21,1448400,36.29999923706055,36.150001525878906,36.400001525878906,35.7599983215332,33.87985610961914
2007-08-20,1515300,36.5,35.9900016784668,36.63999938964844,35.59000015258789,33.729915618896484
2007-08-17,2477900,36.900001525878906,36.11000061035156,37.099998474121094,35.08000183105469,33.842369079589844
2007-08-16,2924300,36.040000915527344,33.79999923706055,36.33000183105469,33.79999923706055,31.677425384521484
2007-08-15,1303700,36.68000030517578,35.86000061035156,37.0099983215332,35.81999969482422,33.608062744140625
2007-08-14,965600,37.29999923706055,36.81999969482422,37.70000076293945,36.79999923706055,34.507774353027344
2007-08-13,1395900,37.869998931884766,37.650001525878906,38.0099983215332,37.25,35.2856559753418
2007-08-10,2605000,36.88999938964844,37.95000076293945,38.08000183105469,36.2599983215332,35.56681823730469
2007-08-09,1635500,37.5,37.45000076293945,38.220001220703125,37.0099983215332,35.098209381103516
2007-08-08,1891300,38.95000076293945,38.470001220703125,39.099998474121094,37.689998626708984,36.05415725708008
2007-08-07,1954900,37.54999923706055,38.689998626708984,38.849998474121094,37.29999923706055,36.26034927368164
2007-08-06,2323000,39.04999923706055,39.119998931884766,39.25,38.43000030517578,36.663333892822266
2007-08-03,1386400,41.22999954223633,39.880001068115234,41.630001068115234,39.880001068115234,37.375614166259766
2007-08-02,950600,41.29999923706055,41.5099983215332,41.849998474121094,41.060001373291016,38.903255462646484
2007-08-01,1461600,41.40999984741211,41.22999954223633,41.83000183105469,40.0,38.64083480834961
2007-07-31,1590100,42.06999969482422,42.15999984741211,43.31999969482422,42.040000915527344,39.5124397277832
2007-07-30,1426500,40.97999954223633,42.4900016784668,42.63999938964844,40.86000061035156,39.82172393798828
2007-07-27,1689300,41.5,41.0099983215332,42.130001068115234,40.619998931884766,38.43464279174805
2007-07-26,2335800,42.5099983215332,42.09000015258789,42.970001220703125,41.65999984741211,39.44683074951172
2007-07-25,1634800,44.52000045776367,43.810001373291016,44.560001373291016,43.0,41.05882263183594
2007-07-24,1205200,44.90999984741211,44.61000061035156,45.41999816894531,44.369998931884766,41.80858612060547
2007-07-23,1079600,45.720001220703125,45.369998931884766,45.779998779296875,45.11000061035156,42.520851135253906
2007-07-20,1983200,45.720001220703125,45.0,45.959999084472656,44.689998626708984,42.174095153808594
2007-07-19,1724400,45.119998931884766,45.16999816894531,45.290000915527344,44.220001220703125,42.33341598510742
2007-07-18,1834700,43.5,44.290000915527344,44.4900016784668,43.2599983215332,41.5086669921875
2007-07-17,706500,43.11000061035156,43.04999923706055,43.279998779296875,42.810001373291016,40.3465461730957
2007-07-16,1227100,43.130001068115234,42.869998931884766,43.220001220703125,42.41999816894531,40.17784881591797
2007-07-13,1146700,43.0099983215332,43.130001068115234,43.38999938964844,42.709999084472656,40.42152404785156
2007-07-12,1921600,41.68000030517578,42.720001220703125,42.900001525878906,41.58000183105469,40.03727722167969
2007-07-11,1051200,41.130001068115234,40.91999816894531,41.33000183105469,40.75,38.35029983520508
2007-07-10,1359100,41.2400016784668,41.119998931884766,41.81999969482422,40.869998931884766,38.537750244140625
2007-07-09,1665100,41.2599983215332,41.33000183105469,41.65999984741211,40.90999984741211,38.734554290771484
2007-07-06,2348200,38.709999084472656,40.880001068115234,41.029998779296875,38.709999084472656,38.31282424926758
2007-07-05,1443000,37.95000076293945,38.709999084472656,38.849998474121094,37.849998474121094,36.279090881347656
2007-07-03,831600,38.72999954223633,38.56999969482422,39.08000183105469,38.27000045776367,36.147884368896484
2007-07-02,666700,38.380001068115234,38.70000076293945,38.709999084472656,38.040000915527344,36.269710540771484
2007-06-29,798600,37.83000183105469,37.81999969482422,38.099998474121094,37.63999938964844,35.444976806640625
2007-06-28,1210700,37.529998779296875,37.40999984741211,38.040000915527344,37.33000183105469,35.06072998046875
2007-06-27,1007000,37.20000076293945,38.040000915527344,38.040000915527344,37.099998474121094,35.65115737915039
2007-06-26,1692900,38.040000915527344,37.70000076293945,38.119998931884766,37.27000045776367,35.33251190185547
2007-06-25,965900,38.52000045776367,38.130001068115234,38.7599983215332,38.04999923706055,35.735511779785156
2007-06-22,1147200,39.13999938964844,38.970001220703125,39.34000015258789,38.81999969482422,36.522762298583984
2007-06-21,1139700,39.630001068115234,39.66999816894531,39.790000915527344,39.0,37.178802490234375
2007-06-20,1872900,40.91999816894531,39.779998779296875,40.91999816894531,39.5,37.281898498535156
2007-06-19,949600,40.2400016784668,40.959999084472656,41.04999923706055,40.13999938964844,38.387786865234375
2007-06-18,889000,41.0,40.70000076293945,41.31999969482422,40.61000061035156,38.14411544799805
2007-06-15,1576800,40.66999816894531,40.88999938964844,41.06999969482422,40.38999938964844,38.32218933105469
2007-06-14,1359700,40.380001068115234,40.38999938964844,40.90999984741211,40.220001220703125,37.85358810424805
2007-06-13,1321400,40.029998779296875,40.279998779296875,40.41999816894531,39.90999984741211,37.75049591064453
2007-06-12,880200,40.279998779296875,40.15999984741211,41.119998931884766,39.81999969482422,37.638031005859375
2007-06-11,953100,41.029998779296875,40.93000030517578,41.54999923706055,40.529998779296875,38.359683990478516
2007-06-08,1082000,41.0,40.4900016784668,41.0,39.619998931884766,37.94731140136719
2007-06-07,1075100,41.45000076293945,40.529998779296875,41.959999084472656,40.5,37.984798431396484
2007-06-06,926700,42.22999954223633,42.369998931884766,42.720001220703125,41.869998931884766,39.70924377441406
2007-06-05,790400,42.849998474121094,42.75,43.08000183105469,42.27000045776367,40.065391540527344
2007-06-04,835800,42.79999923706055,43.470001220703125,43.5099983215332,42.599998474121094,40.740169525146484
2007-06-01,1053200,42.119998931884766,43.130001068115234,43.130001068115234,42.02000045776367,40.42152404785156
2007-05-31,1419300,40.849998474121094,41.720001220703125,41.790000915527344,40.79999923706055,39.100074768066406
2007-05-30,1023700,40.5,41.290000915527344,41.34000015258789,40.470001220703125,38.69707107543945
2007-05-29,840700,41.83000183105469,41.38999938964844,41.97999954223633,41.2599983215332,38.79078674316406
2007-05-25,418100,41.970001220703125,42.2599983215332,42.40999984741211,41.849998474121094,39.60615921020508
2007-05-24,1102400,42.75,42.0099983215332,43.099998474121094,41.970001220703125,39.37185287475586
2007-05-23,604600,43.22999954223633,43.029998779296875,43.4900016784668,42.849998474121094,40.32780075073242
2007-05-22,763500,43.380001068115234,42.529998779296875,43.709999084472656,42.40999984741211,39.85919952392578
2007-05-21,796100,42.77000045776367,43.220001220703125,43.61000061035156,42.720001220703125,40.5058708190918
2007-05-18,958900,43.09000015258789,42.77000045776367,43.099998474121094,42.560001373291016,40.084129333496094
2007-05-17,610100,41.97999954223633,42.11000061035156,42.34000015258789,41.880001068115234,39.465579986572266
2007-05-16,1686800,42.36000061035156,42.59000015258789,42.95000076293945,42.13999938964844,39.915435791015625
2007-05-15,1488000,42.41999816894531,42.59000015258789,43.63999938964844,42.29999923706055,39.915435791015625
2007-05-14,1820300,43.29999923706055,42.869998931884766,44.630001068115234,39.61000061035156,40.17784881591797
2007-05-11,823600,42.79999923706055,43.13999938964844,43.380001068115234,42.70000076293945,40.43089294433594
2007-05-10,1539100,43.70000076293945,42.79999923706055,43.959999084472656,42.68000030517578,40.11224365234375
2007-05-09,1369100,43.91999816894531,44.36000061035156,44.790000915527344,43.790000915527344,41.574275970458984
2007-05-08,692500,44.5099983215332,44.060001373291016,44.54999923706055,43.79999923706055,41.293121337890625
2007-05-07,630000,44.79999923706055,44.95000076293945,45.25,44.7599983215332,42.12722396850586
2007-05-04,974800,45.16999816894531,44.20000076293945,45.25,44.029998779296875,41.42432403564453
2007-05-03,1064200,45.15999984741211,44.849998474121094,45.209999084472656,44.349998474121094,42.033512115478516
2007-05-02,877100,44.310001373291016,45.31999969482422,45.41999816894531,44.310001373291016,42.4739990234375
2007-05-01,838600,44.630001068115234,44.36000061035156,44.849998474121094,43.849998474121094,41.574275970458984
2007-04-30,673600,45.150001525878906,44.56999969482422,45.2599983215332,44.5099983215332,41.771095275878906
2007-04-27,416400,45.36000061035156,45.54999923706055,45.81999969482422,45.22999954223633,42.68954849243164
2007-04-26,631000,45.599998474121094,45.36000061035156,45.720001220703125,45.2400016784668,42.51148223876953
2007-04-25,627500,45.83000183105469,46.29999923706055,46.400001525878906,45.61000061035156,43.3924560546875
2007-04-24,910400,46.349998474121094,45.77000045776367,46.52000045776367,45.63999938964844,42.8957405090332
2007-04-23,1072500,47.869998931884766,46.29999923706055,47.9900016784668,46.15999984741211,43.3924560546875
2007-04-20,1167300,47.61000061035156,47.36000061035156,47.970001220703125,47.119998931884766,44.38589096069336
2007-04-19,1369000,47.150001525878906,46.09000015258789,47.40999984741211,45.97999954223633,43.195640563964844
2007-04-18,715100,48.11000061035156,47.7599983215332,48.33000183105469,47.36000061035156,44.76076126098633
2007-04-17,869200,48.66999816894531,47.79999923706055,48.709999084472656,47.63999938964844,44.79827117919922
2007-04-16,1439800,49.349998474121094,48.720001220703125,49.41999816894531,48.63999938964844,45.66048049926758
2007-04-13,1299600,47.619998931884766,48.650001525878906,48.650001525878906,47.279998779296875,45.594886779785156
2007-04-12,577500,46.77000045776367,46.75,46.959999084472656,46.4900016784668,43.81419372558594
2007-04-11,1189000,47.470001220703125,46.709999084472656,47.58000183105469,46.5099983215332,43.776710510253906
2007-04-10,808900,46.380001068115234,46.470001220703125,46.4900016784668,46.11000061035156,43.551780700683594
2007-04-09,364700,46.04999923706055,45.7599983215332,46.369998931884766,45.59000015258789,42.88636779785156
2007-04-05,368200,46.25,46.0,46.459999084472656,45.88999938964844,43.11128616333008
2007-04-04,741600,45.650001525878906,46.2599983215332,46.380001068115234,45.650001525878906,43.35496139526367
2007-04-03,890800,45.400001525878906,45.58000183105469,45.84000015258789,45.189998626708984,42.71767044067383
2007-04-02,1204700,44.959999084472656,45.29999923706055,45.33000183105469,44.7400016784668,42.45524978637695
2007-03-30,1091700,45.2599983215332,44.59000015258789,45.2599983215332,44.54999923706055,41.78984069824219
2007-03-29,905400,44.720001220703125,44.52000045776367,45.15999984741211,44.119998931884766,41.724239349365234
2007-03-28,676500,44.959999084472656,44.650001525878906,45.18000030517578,44.47999954223633,41.846073150634766
2007-03-27,778700,44.959999084472656,44.68000030517578,44.959999084472656,44.470001220703125,41.874183654785156
2007-03-26,946900,45.77000045776367,45.29999923706055,45.88999938964844,44.779998779296875,42.45524978637695
2007-03-23,745100,45.939998626708984,45.529998779296875,46.040000915527344,45.34000015258789,42.670799255371094
2007-03-22,890900,46.25,45.97999954223633,46.2599983215332,45.56999969482422,43.09254455566406
2007-03-21,820000,45.380001068115234,45.93000030517578,45.97999954223633,44.400001525878906,43.04568862915039
2007-03-20,746300,45.15999984741211,44.56999969482422,45.15999984741211,44.34000015258789,41.771095275878906
2007-03-19,1106500,44.79999923706055,44.2599983215332,45.0,44.099998474121094,41.480552673339844
2007-03-16,1219600,43.529998779296875,43.880001068115234,44.099998474121094,43.349998474121094,41.124427795410156
2007-03-15,1159700,42.900001525878906,43.40999984741211,43.61000061035156,42.689998626708984,40.68394088745117
2007-03-14,1325600,41.65999984741211,42.279998779296875,42.29999923706055,41.18000030517578,39.624900817871094
2007-03-13,808800,42.939998626708984,41.90999984741211,43.34000015258789,41.90999984741211,39.27813720703125
2007-03-12,746100,42.65999984741211,43.189998626708984,43.33000183105469,42.52000045776367,40.47774887084961
2007-03-09,983200,43.849998474121094,42.560001373291016,43.869998931884766,42.459999084472656,39.88731002807617
2007-03-08,1135300,42.65999984741211,42.599998474121094,42.959999084472656,42.400001525878906,39.924800872802734
2007-03-07,993300,42.02000045776367,42.52000045776367,43.0,42.02000045776367,39.849822998046875
2007-03-06,1030400,42.45000076293945,43.029998779296875,43.099998474121094,42.2400016784668,40.00989532470703
2007-03-05,2036600,41.279998779296875,41.72999954223633,42.2599983215332,41.099998474121094,38.8011360168457
2007-03-02,1115300,43.02000045776367,42.5,43.790000915527344,42.310001373291016,39.517086029052734
2007-03-01,1974300,43.25,43.77000045776367,44.18000030517578,42.40999984741211,40.697940826416016
2007-02-28,1716700,44.099998474121094,44.13999938964844,44.20000076293945,43.22999954223633,41.041969299316406
2007-02-27,2917700,45.099998474121094,43.599998474121094,45.7400016784668,43.0,40.539878845214844
2007-02-26,955900,47.779998779296875,47.630001068115234,47.88999938964844,47.130001068115234,44.28703308105469
2007-02-23,950500,47.65999984741211,47.02000045776367,47.779998779296875,46.83000183105469,43.7198371887207
2007-02-22,1199900,47.779998779296875,47.33000183105469,48.0,47.04999923706055,44.00808334350586
2007-02-21,1454300,46.47999954223633,47.869998931884766,48.459999084472656,46.13999938964844,44.51017761230469
2007-02-20,886100,46.77000045776367,46.47999954223633,46.84000015258789,45.810001373291016,43.21773910522461
2007-02-16,960600,47.310001373291016,47.25,47.529998779296875,47.060001373291016,43.9337043762207
2007-02-15,1120200,47.95000076293945,47.939998626708984,48.0,47.209999084472656,44.57526779174805
2007-02-14,1264100,48.0,47.79999923706055,48.56999969482422,47.56999969482422,44.445091247558594
2007-02-13,983100,48.150001525878906,47.630001068115234,48.22999954223633,47.20000076293945,44.28703308105469
2007-02-12,754900,48.31999969482422,47.72999954223633,48.900001525878906,47.59000015258789,44.38001251220703
2007-02-09,1180700,48.90999984741211,48.310001373291016,49.34000015258789,47.95000076293945,44.9193000793457
2007-02-08,1496500,47.18000030517578,48.790000915527344,48.790000915527344,47.11000061035156,45.36560821533203
2007-02-07,656100,47.150001525878906,47.29999923706055,47.709999084472656,46.939998626708984,43.980186462402344
2007-02-06,855200,47.310001373291016,47.13999938964844,47.349998474121094,46.689998626708984,43.831424713134766
2007-02-05,991800,47.13999938964844,46.83000183105469,47.22999954223633,46.599998474121094,43.543182373046875
2007-02-02,1716600,47.47999954223633,47.16999816894531,47.70000076293945,46.619998931884766,43.85931396484375
2007-02-01,1407600,48.20000076293945,47.470001220703125,48.369998931884766,47.2400016784668,44.13825607299805
2007-01-31,1032000,46.5,47.0,47.58000183105469,46.439998626708984,43.70124435424805
2007-01-30,1224600,45.880001068115234,46.290000915527344,46.4900016784668,45.790000915527344,43.041080474853516
2007-01-29,1063200,46.29999923706055,46.16999816894531,47.15999984741211,46.02000045776367,42.929500579833984
2007-01-26,695400,46.88999938964844,47.5,47.66999816894531,46.599998474121094,44.1661491394043
2007-01-25,1157400,47.93000030517578,47.25,48.45000076293945,47.06999969482422,43.9337043762207
2007-01-24,1062700,47.68000030517578,48.4900016784668,48.630001068115234,46.939998626708984,45.086669921875
2007-01-23,1235300,46.310001373291016,47.689998626708984,47.689998626708984,45.9900016784668,44.34281921386719
2007-01-22,975600,45.52000045776367,45.279998779296875,45.95000076293945,44.869998931884766,42.10197448730469
2007-01-19,1089600,45.0099983215332,45.209999084472656,45.4900016784668,44.7400016784668,42.03687286376953
2007-01-18,1355900,46.540000915527344,45.189998626708984,46.790000915527344,45.0099983215332,42.018280029296875
2007-01-17,895200,45.06999969482422,45.7400016784668,46.11000061035156,45.06999969482422,42.52967834472656
2007-01-16,1029900,45.400001525878906,45.2400016784668,45.58000183105469,44.59000015258789,42.06476974487305
2007-01-12,863900,44.599998474121094,45.470001220703125,45.52000045776367,44.33000183105469,42.278629302978516
2007-01-11,1228400,44.439998626708984,44.38999938964844,45.13999938964844,44.36000061035156,41.27442932128906
2007-01-10,970400,44.06999969482422,43.81999969482422,44.189998626708984,43.369998931884766,40.74443817138672
2007-01-09,1056700,44.79999923706055,44.45000076293945,44.84000015258789,43.54999923706055,41.33022689819336
2007-01-08,881800,44.5,44.400001525878906,44.72999954223633,43.4900016784668,41.28374099731445
2007-01-05,1419300,44.38999938964844,44.459999084472656,44.939998626708984,43.75,41.33951950073242
2007-01-04,1110900,45.29999923706055,44.88999938964844,45.459999084472656,44.70000076293945,41.739341735839844
2007-01-03,1113500,47.189998626708984,45.650001525878906,47.65999984741211,45.22999954223633,42.44600296020508
2006-12-29,477400,47.150001525878906,47.09000015258789,47.150001525878906,46.439998626708984,43.78491973876953
2006-12-28,544500,47.52000045776367,47.220001220703125,47.790000915527344,46.91999816894531,43.90580368041992
2006-12-27,675700,47.11000061035156,47.040000915527344,47.220001220703125,46.70000076293945,43.738433837890625
2006-12-26,372100,46.0,45.9900016784668,46.79999923706055,45.63999938964844,42.76213836669922
2006-12-22,477600,46.0,45.77000045776367,46.099998474121094,45.33000183105469,42.55757522583008
2006-12-21,1136400,46.58000183105469,45.5099983215332,46.689998626708984,45.40999984741211,42.315818786621094
2006-12-20,1372400,46.709999084472656,45.52000045776367,46.720001220703125,45.29999923706055,42.32512283325195
2006-12-19,911800,45.16999816894531,46.599998474121094,46.630001068115234,45.04999923706055,43.32931900024414
2006-12-18,1012800,46.34000015258789,45.66999816894531,46.47999954223633,45.52000045776367,42.464595794677734
2006-12-15,2339600,47.400001525878906,46.310001373291016,47.72999954223633,45.349998474121094,43.05967712402344
2006-12-14,969200,46.29999923706055,46.84000015258789,46.95000076293945,46.18000030517578,43.55247116088867
2006-12-13,870300,46.02000045776367,46.529998779296875,46.810001373291016,45.79999923706055,43.26422882080078
2006-12-12,782500,45.68000030517578,46.2599983215332,46.599998474121094,45.650001525878906,43.013179779052734
2006-12-11,678300,46.38999938964844,46.810001373291016,47.25,46.349998474121094,43.52458190917969
2006-12-08,1014900,46.9900016784668,46.18000030517578,47.41999816894531,46.0,42.93880081176758
2006-12-07,992700,46.150001525878906,46.66999816894531,47.099998474121094,45.75,43.3944091796875
2006-12-06,932400,46.720001220703125,46.11000061035156,47.400001525878906,46.11000061035156,42.87371063232422
2006-12-05,1348100,47.2400016784668,46.91999816894531,47.560001373291016,46.189998626708984,43.62685775756836
2006-12-04,1078400,47.540000915527344,47.90999984741211,47.95000076293945,46.869998931884766,44.54737091064453
2006-12-01,1021500,48.7599983215332,47.75,48.90999984741211,47.470001220703125,44.39860153198242
2006-11-30,930300,47.63999938964844,48.220001220703125,48.22999954223633,47.459999084472656,44.83561706542969
2006-11-29,891400,47.04999923706055,46.939998626708984,47.349998474121094,46.369998931884766,43.645450592041016
2006-11-28,1155500,46.810001373291016,47.04999923706055,47.04999923706055,46.119998931884766,43.74773406982422
2006-11-27,1037100,47.400001525878906,46.560001373291016,47.400001525878906,46.27000045776367,43.2921257019043
2006-11-24,944300,46.400001525878906,46.650001525878906,47.38999938964844,46.400001525878906,43.37580871582031
2006-11-22,920400,45.5099983215332,45.11000061035156,45.93000030517578,44.619998931884766,41.94389724731445
2006-11-21,1003400,44.369998931884766,44.90999984741211,44.93000030517578,44.119998931884766,41.757938385009766
2006-11-20,1448500,43.709999084472656,43.27000045776367,43.79999923706055,42.900001525878906,40.2330436706543
2006-11-17,1713400,42.209999084472656,42.56999969482422,42.66999816894531,41.400001525878906,39.58216857910156
2006-11-16,1093800,44.5,42.47999954223633,44.619998931884766,42.47999954223633,39.498477935791016
2006-11-15,870900,43.619998931884766,44.38999938964844,44.849998474121094,43.380001068115234,41.27442932128906
2006-11-14,856800,44.599998474121094,43.97999954223633,44.68000030517578,43.33000183105469,40.89320373535156
2006-11-13,701300,43.369998931884766,43.91999816894531,44.02000045776367,43.150001525878906,40.83742141723633
2006-11-10,1212000,44.93000030517578,44.04999923706055,45.0,43.56999969482422,40.95829391479492
2006-11-09,1501300,44.119998931884766,45.11000061035156,45.119998931884766,43.56999969482422,41.94389724731445
2006-11-08,1063700,43.54999923706055,43.2400016784668,44.099998474121094,43.0,40.20514678955078
2006-11-07,577500,43.75,43.130001068115234,43.83000183105469,42.84000015258789,40.10286331176758
2006-11-06,791600,43.20000076293945,43.0099983215332,44.15999984741211,42.97999954223633,39.99128341674805
2006-11-03,872600,43.18000030517578,43.11000061035156,43.7599983215332,42.91999816894531,40.08427047729492
2006-11-02,749600,42.58000183105469,42.52000045776367,43.11000061035156,41.970001220703125,39.535675048828125
2006-11-01,1261000,43.41999816894531,42.58000183105469,43.45000076293945,41.97999954223633,39.59147262573242
2006-10-31,1489200,42.25,42.56999969482422,43.04999923706055,42.119998931884766,39.58216857910156
2006-10-30,1087400,41.970001220703125,41.459999084472656,42.40999984741211,41.439998626708984,38.550079345703125
2006-10-27,926300,42.02000045776367,41.540000915527344,42.56999969482422,41.540000915527344,38.62446212768555
2006-10-26,1224400,42.72999954223633,42.02000045776367,42.72999954223633,41.77000045776367,39.07076644897461
2006-10-25,1365200,41.599998474121094,42.650001525878906,42.689998626708984,41.150001525878906,39.65656280517578
2006-10-24,1724600,40.54999923706055,41.459999084472656,41.72999954223633,40.2400016784668,38.550079345703125
2006-10-23,1480900,39.29999923706055,40.66999816894531,40.75,39.2599983215332,37.815521240234375
2006-10-20,1568300,40.0099983215332,40.18000030517578,40.43000030517578,39.880001068115234,37.359920501708984
2006-10-19,1061800,39.0,39.88999938964844,39.88999938964844,38.810001373291016,37.090274810791016
2006-10-18,781300,39.29999923706055,38.560001373291016,39.470001220703125,38.40999984741211,35.85361862182617
2006-10-17,1032000,38.900001525878906,38.959999084472656,39.04999923706055,38.04999923706055,36.22554016113281
2006-10-16,1417700,39.16999816894531,39.2599983215332,39.349998474121094,38.47999954223633,36.504486083984375
2006-10-13,1134000,39.04999923706055,39.40999984741211,39.650001525878906,38.79999923706055,36.64395523071289
2006-10-12,959900,37.310001373291016,38.47999954223633,38.47999954223633,37.13999938964844,35.779232025146484
2006-10-11,1026000,37.58000183105469,37.29999923706055,38.189998626708984,37.189998626708984,34.68205261230469
2006-10-10,1040200,36.95000076293945,37.400001525878906,37.900001525878906,36.849998474121094,34.77503967285156
2006-10-09,1262000,37.630001068115234,37.0099983215332,37.779998779296875,36.90999984741211,34.41239929199219
2006-10-06,1442900,36.79999923706055,37.27000045776367,37.66999816894531,36.709999084472656,34.65415573120117
2006-10-05,2080100,36.959999084472656,37.36000061035156,37.790000915527344,36.810001373291016,34.73783874511719
2006-10-04,2766500,36.189998626708984,36.59000015258789,36.66999816894531,35.58000183105469,34.02188491821289
2006-10-03,1587500,37.20000076293945,36.189998626708984,37.20000076293945,36.189998626708984,33.64995574951172
2006-10-02,849200,38.13999938964844,38.150001525878906,38.68000030517578,38.06999969482422,35.472389221191406
2006-09-29,1457700,37.849998474121094,37.7400016784668,38.4900016784668,37.599998474121094,35.0911750793457
2006-09-28,1780000,38.599998474121094,38.470001220703125,39.0,38.310001373291016,35.769935607910156
2006-09-27,2252300,39.11000061035156,38.880001068115234,39.25,38.47999954223633,36.15115737915039
2006-09-26,2030100,39.0,39.20000076293945,39.40999984741211,38.68000030517578,36.44870376586914
2006-09-25,2087600,38.189998626708984,38.86000061035156,39.13999938964844,37.099998474121094,36.132564544677734
2006-09-22,1114100,38.95000076293945,38.2400016784668,38.95000076293945,38.119998931884766,35.55608367919922
2006-09-21,1360500,38.599998474121094,38.189998626708984,39.060001373291016,38.150001525878906,35.50958251953125
2006-09-20,1687100,38.75,38.560001373291016,39.43000030517578,38.459999084472656,35.85361862182617
2006-09-19,1679700,39.650001525878906,38.619998931884766,39.970001220703125,38.40999984741211,35.90940475463867
2006-09-18,1283300,39.650001525878906,40.709999084472656,40.779998779296875,39.599998474121094,37.85271453857422
2006-09-15,1864700,39.060001373291016,39.41999816894531,39.84000015258789,38.540000915527344,36.65325927734375
2006-09-14,2150400,40.5,38.939998626708984,40.599998474121094,38.439998626708984,36.20694351196289
2006-09-13,2111400,40.220001220703125,40.5099983215332,41.220001220703125,39.79999923706055,37.666751861572266
2006-09-12,2289700,40.16999816894531,40.540000915527344,41.18000030517578,39.95000076293945,37.69464874267578
2006-09-11,3288900,41.209999084472656,40.400001525878906,41.279998779296875,40.20000076293945,37.564476013183594
2006-09-08,1040400,43.900001525878906,43.68000030517578,44.36000061035156,43.560001373291016,40.61426544189453
2006-09-07,1217200,45.900001525878906,44.900001525878906,46.16999816894531,44.900001525878906,41.74863052368164
2006-09-06,623400,47.5099983215332,46.939998626708984,48.150001525878906,46.86000061035156,43.645450592041016
2006-09-05,818100,47.15999984741211,47.939998626708984,47.95000076293945,47.02000045776367,44.57526779174805
2006-09-01,704100,46.029998779296875,46.45000076293945,47.150001525878906,45.72999954223633,43.18985366821289
2006-08-31,666600,46.41999816894531,46.130001068115234,46.560001373291016,45.52000045776367,42.8923225402832
2006-08-30,926100,46.54999923706055,46.06999969482422,46.70000076293945,45.33000183105469,42.83651351928711
2006-08-29,1242800,45.70000076293945,46.11000061035156,46.16999816894531,45.5,42.87371063232422
2006-08-28,548200,47.0099983215332,46.380001068115234,47.06999969482422,46.380001068115234,43.124755859375
2006-08-25,648000,47.7400016784668,47.18000030517578,47.81999969482422,47.130001068115234,43.86860656738281
2006-08-24,877400,48.15999984741211,47.33000183105469,48.790000915527344,47.290000915527344,44.00808334350586
2006-08-23,695200,49.25,48.66999816894531,49.70000076293945,48.59000015258789,45.25403594970703
2006-08-22,1182000,49.04999923706055,49.38999938964844,49.47999954223633,48.599998474121094,45.923492431640625
2006-08-21,1051000,48.5099983215332,50.08000183105469,50.2400016784668,48.349998474121094,46.5650749206543
2006-08-18,1478100,48.5099983215332,48.040000915527344,48.650001525878906,46.970001220703125,44.66825485229492
2006-08-17,956400,50.459999084472656,49.29999923706055,50.5099983215332,48.79999923706055,45.839813232421875
2006-08-16,1073900,49.95000076293945,50.16999816894531,50.529998779296875,49.81999969482422,46.64875411987305
2006-08-15,862000,49.45000076293945,48.88999938964844,49.59000015258789,48.7599983215332,45.18513488769531
2006-08-14,925100,49.15999984741211,48.68000030517578,49.90999984741211,48.54999923706055,44.99104309082031
2006-08-11,893300,50.630001068115234,49.15999984741211,51.0,49.15999984741211,45.4346809387207
2006-08-10,906900,50.45000076293945,50.41999816894531,50.88999938964844,49.900001525878906,46.59919738769531
2006-08-09,910900,49.97999954223633,50.63999938964844,50.9900016784668,49.36000061035156,46.80252456665039
2006-08-08,801100,50.29999923706055,49.43000030517578,50.5,49.189998626708984,45.68421936035156
2006-08-07,740500,49.79999923706055,50.4900016784668,50.72999954223633,49.560001373291016,46.66388702392578
2006-08-04,1164400,50.75,49.54999923706055,51.06999969482422,49.540000915527344,45.79512023925781
2006-08-03,959400,50.16999816894531,49.81999969482422,50.61000061035156,49.65999984741211,46.0446662902832
2006-08-02,1381000,50.45000076293945,50.86000061035156,50.9900016784668,49.25,47.005855560302734
2006-08-01,1161700,48.189998626708984,49.939998626708984,50.0,47.79999923706055,46.15556335449219
2006-07-31,830200,48.20000076293945,48.59000015258789,48.880001068115234,47.79999923706055,44.907867431640625
2006-07-28,1318500,47.75,48.36000061035156,48.459999084472656,47.31999969482422,44.69530487060547
2006-07-27,1365300,49.349998474121094,46.79999923706055,49.720001220703125,46.66999816894531,43.253517150878906
2006-07-26,1124000,47.599998474121094,48.75,48.75,47.11000061035156,45.05574417114258
2006-07-25,938400,46.54999923706055,47.86000061035156,47.91999816894531,45.939998626708984,44.23318862915039
2006-07-24,1268400,45.75,47.040000915527344,47.189998626708984,45.099998474121094,43.47532653808594
2006-07-21,1249900,47.97999954223633,45.880001068115234,48.09000015258789,45.880001068115234,42.403236389160156
2006-07-20,1145100,49.54999923706055,47.5,49.65999984741211,47.5,43.90047073364258
2006-07-19,1325900,46.47999954223633,48.88999938964844,49.0,46.380001068115234,45.18513488769531
2006-07-18,1179300,47.22999954223633,46.18000030517578,47.4900016784668,45.599998474121094,42.68050003051758
2006-07-17,871800,46.40999984741211,46.34000015258789,47.38999938964844,46.20000076293945,42.82837677001953
2006-07-14,687100,47.849998474121094,47.58000183105469,48.04999923706055,47.189998626708984,43.974403381347656
2006-07-13,1419700,49.20000076293945,47.25,49.25,47.20000076293945,43.66941833496094
2006-07-12,1333700,50.2599983215332,49.2599983215332,50.59000015258789,48.970001220703125,45.527099609375
2006-07-11,919600,48.70000076293945,49.61000061035156,49.61000061035156,48.41999816894531,45.8505744934082
2006-07-10,712400,47.95000076293945,48.25,48.65999984741211,47.40999984741211,44.5936279296875
2006-07-07,851900,48.7599983215332,48.099998474121094,48.93000030517578,47.81999969482422,44.45499801635742
2006-07-06,1124200,47.81999969482422,48.77000045776367,49.150001525878906,47.369998931884766,45.0742301940918
2006-07-05,1526900,48.75,47.56999969482422,48.880001068115234,46.91999816894531,43.96516418457031
2006-07-03,802100,49.20000076293945,49.599998474121094,49.599998474121094,48.77000045776367,45.84133529663086
2006-06-30,1592500,48.16999816894531,48.119998931884766,48.470001220703125,47.5,44.47349166870117
2006-06-29,1367900,44.459999084472656,46.79999923706055,47.0,44.25,43.253517150878906
2006-06-28,1284100,44.95000076293945,43.9900016784668,44.95000076293945,43.77000045776367,40.656455993652344
2006-06-27,1445900,45.52000045776367,43.88999938964844,45.689998626708984,43.869998931884766,40.56403732299805
2006-06-26,1326900,44.939998626708984,44.810001373291016,45.18000030517578,44.529998779296875,41.414306640625
2006-06-23,1207700,42.5,44.04999923706055,44.369998931884766,42.459999084472656,40.71190643310547
2006-06-22,1432000,43.75,43.33000183105469,44.20000076293945,42.58000183105469,40.04647445678711
2006-06-21,1658500,42.25,43.79999923706055,44.08000183105469,42.25,40.4808464050293
2006-06-20,1183600,42.040000915527344,42.720001220703125,43.31999969482422,41.41999816894531,39.48269271850586
2006-06-19,1271900,42.0,41.41999816894531,42.5,41.41999816894531,38.28120803833008
2006-06-16,1573500,41.9900016784668,42.130001068115234,42.5,41.650001525878906,38.93740463256836
2006-06-15,2736900,41.619998931884766,42.16999816894531,42.5,40.939998626708984,38.974369049072266
2006-06-14,2015400,40.16999816894531,39.790000915527344,40.79999923706055,38.58000183105469,36.77472686767578
2006-06-13,3825100,37.2400016784668,39.09000015258789,39.75,37.16999816894531,36.12779235839844
2006-06-12,1363400,41.599998474121094,40.029998779296875,42.09000015258789,40.02000045776367,36.99654006958008
2006-06-09,1304300,41.75,41.38999938964844,42.439998626708984,41.06999969482422,38.25347900390625
2006-06-08,2856100,41.54999923706055,41.720001220703125,41.959999084472656,40.220001220703125,38.55847930908203
2006-06-07,1996800,42.45000076293945,43.0099983215332,44.72999954223633,42.45000076293945,39.75071334838867
2006-06-06,2268900,44.90999984741211,43.810001373291016,45.099998474121094,43.70000076293945,40.4901008605957
2006-06-05,1556400,46.9900016784668,46.06999969482422,47.88999938964844,45.91999816894531,42.578834533691406
2006-06-02,923200,46.79999923706055,46.68000030517578,47.060001373291016,46.16999816894531,43.14261245727539
2006-06-01,1603500,44.45000076293945,46.310001373291016,46.40999984741211,44.349998474121094,42.80065155029297
2006-05-31,1117300,46.68000030517578,46.22999954223633,46.95000076293945,45.5,42.726707458496094
2006-05-30,1112600,47.29999923706055,45.880001068115234,47.900001525878906,45.880001068115234,42.403236389160156
2006-05-26,703200,47.099998474121094,47.13999938964844,47.41999816894531,46.18000030517578,43.567752838134766
2006-05-25,1530000,46.290000915527344,47.029998779296875,47.04999923706055,45.349998474121094,43.46609115600586
2006-05-24,3009600,45.349998474121094,45.25,46.33000183105469,44.33000183105469,41.820980072021484
2006-05-23,1888300,47.310001373291016,47.08000183105469,48.2400016784668,46.36000061035156,43.51230239868164
2006-05-22,2586300,46.599998474121094,47.099998474121094,47.15999984741211,44.900001525878906,43.53078079223633
2006-05-19,2121200,47.939998626708984,48.099998474121094,48.45000076293945,46.0099983215332,44.45499801635742
2006-05-18,1594200,49.52000045776367,48.5,49.9900016784668,48.06999969482422,44.82469940185547
2006-05-17,2865600,50.5,48.61000061035156,51.88999938964844,48.47999954223633,44.926361083984375
2006-05-16,1865400,50.689998626708984,49.90999984741211,51.029998779296875,48.310001373291016,46.12784194946289
2006-05-15,2812900,50.58000183105469,50.29999923706055,51.099998474121094,49.810001373291016,46.48828887939453
2006-05-12,2293800,56.20000076293945,54.029998779296875,56.83000183105469,53.400001525878906,49.93562698364258
2006-05-11,2283900,58.220001220703125,56.86000061035156,58.36000061035156,56.380001068115234,52.55117416381836
2006-05-10,1763700,56.4900016784668,57.34000015258789,57.5099983215332,56.220001220703125,52.99480056762695
2006-05-09,1655900,55.150001525878906,56.5,56.5,54.59000015258789,52.21845245361328
2006-05-08,1263100,53.560001373291016,54.130001068115234,54.209999084472656,52.689998626708984,50.02805709838867
2006-05-05,1434600,55.970001220703125,55.02000045776367,56.150001525878906,54.43000030517578,50.850608825683594
2006-05-04,1481500,55.16999816894531,55.97999954223633,56.709999084472656,54.79999923706055,51.737857818603516
2006-05-03,2691000,55.130001068115234,55.5,55.720001220703125,53.880001068115234,51.29422378540039
2006-05-02,2038300,54.689998626708984,54.779998779296875,55.25,53.59000015258789,50.6287956237793
2006-05-01,1171000,55.16999816894531,54.52000045776367,55.400001525878906,53.810001373291016,50.388492584228516
2006-04-28,1179100,53.709999084472656,54.68000030517578,54.75,53.709999084472656,50.536373138427734
2006-04-27,1727400,53.20000076293945,52.61000061035156,54.849998474121094,52.45000076293945,48.62323760986328
2006-04-26,1255100,52.95000076293945,53.790000915527344,54.5,52.880001068115234,49.71382141113281
2006-04-25,1058000,53.220001220703125,52.709999084472656,53.72999954223633,52.59000015258789,48.71565628051758
2006-04-24,1247500,52.779998779296875,52.75,53.34000015258789,52.349998474121094,48.75262451171875
2006-04-21,1809000,53.130001068115234,52.90999984741211,53.849998474121094,52.68000030517578,48.9005012512207
2006-04-20,2797100,55.2599983215332,51.97999954223633,55.29999923706055,51.97999954223633,48.040977478027344
2006-04-19,2300200,53.40999984741211,55.2599983215332,55.38999938964844,53.15999984741211,51.072418212890625
2006-04-18,1744600,53.25,53.099998474121094,53.25,52.33000183105469,49.07611083984375
2006-04-17,1790700,51.349998474121094,52.83000183105469,52.83000183105469,51.349998474121094,48.82655715942383
2006-04-13,1057600,50.25,50.689998626708984,50.689998626708984,49.75,46.84872817993164
2006-04-12,1966600,50.150001525878906,50.68000030517578,50.880001068115234,50.0,46.83949279785156
2006-04-11,7124100,51.66999816894531,49.70000076293945,51.9900016784668,49.5099983215332,45.93375778198242
2006-04-10,3580900,53.099998474121094,51.34000015258789,53.22999954223633,51.11000061035156,47.44947814941406
2006-04-07,2018400,52.7599983215332,52.83000183105469,53.70000076293945,52.75,48.82655715942383
2006-04-06,1232800,54.13999938964844,54.380001068115234,54.380001068115234,53.099998474121094,50.25910186767578
2006-04-05,1031700,54.34000015258789,54.40999984741211,54.5,53.279998779296875,50.28683853149414
2006-04-04,873600,53.91999816894531,54.290000915527344,54.5,53.38999938964844,50.175933837890625
2006-04-03,1011400,54.66999816894531,53.91999816894531,55.400001525878906,53.90999984741211,49.833961486816406
2006-03-31,1472500,53.400001525878906,54.119998931884766,54.29999923706055,52.70000076293945,50.01881408691406
2006-03-30,2259500,53.75,53.380001068115234,54.15999984741211,52.349998474121094,49.33488082885742
2006-03-29,1173300,50.79999923706055,52.279998779296875,52.5,50.77000045776367,48.318233489990234
2006-03-28,1747800,52.70000076293945,51.20000076293945,52.97999954223633,51.08000183105469,47.32008361816406
2006-03-27,2144100,51.099998474121094,53.290000915527344,53.77000045776367,51.099998474121094,49.251705169677734
2006-03-24,1818000,48.130001068115234,50.900001525878906,51.90999984741211,47.77000045776367,47.04281234741211
2006-03-23,1734100,48.20000076293945,48.43000030517578,49.0,48.099998474121094,44.75999450683594
2006-03-22,750100,48.0,48.33000183105469,48.95000076293945,47.939998626708984,44.66757583618164
2006-03-21,915000,49.099998474121094,48.7599983215332,50.25,48.5099983215332,45.064979553222656
2006-03-20,680700,50.16999816894531,49.599998474121094,50.34000015258789,49.2400016784668,45.84133529663086
2006-03-17,550500,50.400001525878906,50.15999984741211,50.540000915527344,49.65999984741211,46.3588981628418
2006-03-16,1024900,51.0,50.29999923706055,51.060001373291016,49.619998931884766,46.48828887939453
2006-03-15,1078700,50.58000183105469,51.099998474121094,51.119998931884766,49.810001373291016,47.2276611328125
2006-03-14,887100,49.09000015258789,49.59000015258789,50.13999938964844,48.93000030517578,45.83209228515625
2006-03-13,847500,49.0,48.529998779296875,49.439998626708984,48.31999969482422,44.85240936279297
2006-03-10,1608000,47.0,48.619998931884766,48.88999938964844,46.5099983215332,44.93559265136719
2006-03-09,1328000,49.2599983215332,47.83000183105469,49.779998779296875,47.83000183105469,44.2054557800293
2006-03-08,1864100,48.41999816894531,49.0099983215332,49.70000076293945,47.810001373291016,45.296043395996094
2006-03-07,1245000,49.720001220703125,49.52000045776367,50.099998474121094,48.38999938964844,45.76739501953125
2006-03-06,1608500,50.599998474121094,49.709999084472656,50.93000030517578,48.810001373291016,45.94300079345703
2006-03-03,1122900,51.90999984741211,51.65999984741211,52.22999954223633,51.540000915527344,47.74522018432617
2006-03-02,1609100,51.16999816894531,53.25,53.70000076293945,50.93000030517578,49.21474075317383
2006-03-01,1180600,51.849998474121094,51.369998931884766,51.90999984741211,51.150001525878906,47.477203369140625
2006-02-28,2118000,52.79999923706055,50.91999816894531,52.939998626708984,50.400001525878906,46.968509674072266
2006-02-27,857800,54.130001068115234,52.91999816894531,54.130001068115234,52.790000915527344,48.81330490112305
2006-02-24,1018600,53.5,54.119998931884766,54.349998474121094,52.790000915527344,49.92018127441406
2006-02-23,1292500,54.95000076293945,53.22999954223633,55.04999923706055,53.150001525878906,49.09925079345703
2006-02-22,943600,54.59000015258789,54.90999984741211,54.95000076293945,54.099998474121094,50.64887237548828
2006-02-21,1923900,53.060001373291016,54.5,54.95000076293945,53.060001373291016,50.27068328857422
2006-02-17,3341600,55.29999923706055,54.119998931884766,55.63999938964844,53.5,49.92018127441406
2006-02-16,1668800,54.0099983215332,55.119998931884766,56.150001525878906,53.779998779296875,50.84257888793945
2006-02-15,1790100,55.599998474121094,54.470001220703125,57.22999954223633,54.209999084472656,50.24302673339844
2006-02-14,1438000,56.36000061035156,56.59000015258789,57.11000061035156,56.099998474121094,52.198509216308594
2006-02-13,1122900,57.90999984741211,56.790000915527344,57.939998626708984,56.2400016784668,52.38298416137695
2006-02-10,2482400,60.779998779296875,58.45000076293945,60.81999969482422,57.900001525878906,53.91416549682617
2006-02-09,1872500,60.31999969482422,59.779998779296875,60.400001525878906,59.540000915527344,55.14096450805664
2006-02-08,1490800,57.150001525878906,57.400001525878906,58.16999816894531,56.220001220703125,52.945648193359375
2006-02-07,2260700,59.529998779296875,56.41999816894531,59.529998779296875,56.130001068115234,52.04170608520508
2006-02-06,1209200,60.0,61.08000183105469,61.130001068115234,59.93000030517578,56.34008026123047
2006-02-03,1453100,59.79999923706055,59.27000045776367,60.06999969482422,58.290000915527344,54.6705322265625
2006-02-02,1697600,61.91999816894531,60.650001525878906,62.20000076293945,60.38999938964844,55.94343948364258
2006-02-01,1266500,61.5,61.060001373291016,62.099998474121094,59.70000076293945,56.321632385253906
2006-01-31,1280300,60.5099983215332,61.18000030517578,61.5,60.4900016784668,56.43231964111328
2006-01-30,1267100,59.900001525878906,60.060001373291016,60.2400016784668,59.0099983215332,55.399227142333984
2006-01-27,1091300,60.5,59.849998474121094,60.849998474121094,59.34000015258789,55.205528259277344
2006-01-26,973600,57.33000183105469,59.369998931884766,59.369998931884766,57.2599983215332,54.76277160644531
2006-01-25,1169600,57.68000030517578,57.900001525878906,58.130001068115234,56.95000076293945,53.4068489074707
2006-01-24,1171200,56.5,56.279998779296875,56.849998474121094,55.25,51.91257095336914
2006-01-23,1568500,56.13999938964844,56.97999954223633,57.29999923706055,55.7599983215332,52.55824661254883
2006-01-20,1499400,56.650001525878906,55.630001068115234,56.95000076293945,55.02000045776367,51.31301498413086
2006-01-19,1112000,55.95000076293945,55.97999954223633,56.20000076293945,55.11000061035156,51.63584899902344
2006-01-18,1197500,54.560001373291016,54.189998626708984,55.209999084472656,53.88999938964844,49.98474884033203
2006-01-17,1176200,54.959999084472656,55.310001373291016,56.18000030517578,54.709999084472656,51.01783752441406
2006-01-13,1624400,53.529998779296875,55.41999816894531,55.540000915527344,53.5,51.11929702758789
2006-01-12,740000,53.400001525878906,53.0099983215332,54.04999923706055,52.720001220703125,48.89631652832031
2006-01-11,831800,53.599998474121094,53.56999969482422,53.849998474121094,52.9900016784668,49.412864685058594
2006-01-10,736900,53.0,53.400001525878906,53.86000061035156,52.720001220703125,49.25606155395508
2006-01-09,1072000,53.779998779296875,53.650001525878906,54.470001220703125,53.400001525878906,49.48666763305664
2006-01-06,1700700,52.650001525878906,54.349998474121094,54.72999954223633,52.22999954223633,50.132328033447266
2006-01-05,1336100,51.5099983215332,51.290000915527344,51.58000183105469,50.880001068115234,47.309810638427734
2006-01-04,1297600,51.13999938964844,52.40999984741211,52.529998779296875,51.06999969482422,48.342891693115234
2006-01-03,1439200,50.0,52.349998474121094,52.52000045776367,50.0,48.287540435791016
2005-12-30,458900,49.75,49.33000183105469,49.75,49.16999816894531,45.50190353393555
2005-12-29,716700,49.0,49.849998474121094,49.880001068115234,48.630001068115234,45.98154067993164
2005-12-28,514600,48.29999923706055,48.79999923706055,48.83000183105469,47.900001525878906,45.013031005859375
2005-12-27,396000,48.79999923706055,47.59000015258789,48.849998474121094,47.52000045776367,43.89692687988281
2005-12-23,328900,47.83000183105469,48.0099983215332,48.93000030517578,47.83000183105469,44.28433609008789
2005-12-22,809000,48.209999084472656,48.45000076293945,49.38999938964844,47.58000183105469,44.690185546875
2005-12-21,712000,45.90999984741211,47.439998626708984,47.470001220703125,45.689998626708984,43.7585563659668
2005-12-20,529700,46.849998474121094,45.790000915527344,47.09000015258789,45.22999954223633,42.236610412597656
2005-12-19,1046100,48.25,46.619998931884766,48.310001373291016,46.380001068115234,43.002193450927734
2005-12-16,822700,46.66999816894531,47.43000030517578,47.650001525878906,46.63999938964844,43.749332427978516
2005-12-15,743500,46.310001373291016,46.66999816894531,46.709999084472656,46.06999969482422,43.048309326171875
2005-12-14,852800,46.18000030517578,45.869998931884766,46.86000061035156,45.43000030517578,42.31040954589844
2005-12-13,1395800,46.79999923706055,46.900001525878906,47.58000183105469,46.400001525878906,43.260467529296875
2005-12-12,2066700,48.11000061035156,46.93000030517578,48.63999938964844,46.70000076293945,43.288150787353516
2005-12-09,1923800,47.790000915527344,46.70000076293945,47.79999923706055,45.720001220703125,43.07600021362305
2005-12-08,1523600,46.45000076293945,47.150001525878906,47.650001525878906,45.95000076293945,43.4910774230957
2005-12-07,1521400,45.29999923706055,45.97999954223633,46.130001068115234,45.27000045776367,42.41187286376953
2005-12-06,1324100,43.0099983215332,44.810001373291016,45.220001220703125,42.849998474121094,41.3326530456543
2005-12-05,621000,43.349998474121094,43.33000183105469,43.849998474121094,42.79999923706055,39.96751403808594
2005-12-02,1274000,43.75,43.63999938964844,44.08000183105469,43.310001373291016,40.25345230102539
2005-12-01,860400,42.68000030517578,43.4900016784668,43.68000030517578,42.630001068115234,40.1151008605957
2005-11-30,807700,42.95000076293945,42.11000061035156,43.04999923706055,42.0,38.84217834472656
2005-11-29,935500,43.099998474121094,43.36000061035156,43.650001525878906,42.88999938964844,39.99518966674805
2005-11-28,676200,43.77000045776367,43.52000045776367,44.06999969482422,42.77000045776367,40.14276885986328
2005-11-25,251500,43.84000015258789,43.95000076293945,44.04999923706055,43.70000076293945,40.539398193359375
2005-11-23,712100,43.90999984741211,43.0,43.90999984741211,42.81999969482422,39.663124084472656
2005-11-22,845900,44.36000061035156,44.459999084472656,44.709999084472656,43.13999938964844,41.00982666015625
2005-11-21,672900,43.970001220703125,44.349998474121094,44.349998474121094,43.2599983215332,40.908355712890625
2005-11-18,644000,43.619998931884766,43.2599983215332,43.70000076293945,42.75,39.90293884277344
2005-11-17,1485100,43.5,43.59000015258789,43.95000076293945,42.9900016784668,40.20732879638672
2005-11-16,1078400,41.939998626708984,43.189998626708984,43.189998626708984,41.880001068115234,39.8383674621582
2005-11-15,529000,41.779998779296875,41.0,41.9900016784668,41.0,37.81832504272461
2005-11-14,562800,41.79999923706055,41.779998779296875,42.54999923706055,41.34000015258789,38.53779602050781
2005-11-11,726300,40.91999816894531,41.81999969482422,41.86000061035156,40.439998626708984,38.57468795776367
2005-11-10,830700,41.0,40.40999984741211,41.16999816894531,40.25,37.274105072021484
2005-11-09,884300,39.25,40.880001068115234,40.880001068115234,39.20000076293945,37.70763397216797
2005-11-08,681800,38.849998474121094,39.02000045776367,39.41999816894531,38.68000030517578,35.99197006225586
2005-11-07,542500,38.83000183105469,39.16999816894531,39.45000076293945,38.65999984741211,36.13032531738281
2005-11-04,583000,39.68000030517578,39.220001220703125,39.70000076293945,38.63999938964844,36.17646026611328
2005-11-03,502400,40.02000045776367,39.43000030517578,40.72999954223633,39.279998779296875,36.37015914916992
2005-11-02,539900,39.5,40.2599983215332,40.40999984741211,39.11000061035156,37.13574981689453
2005-11-01,743500,39.29999923706055,39.4900016784668,39.810001373291016,38.79999923706055,36.425506591796875
2005-10-31,1006400,39.540000915527344,39.099998474121094,40.27000045776367,38.75,36.06575012207031
2005-10-28,1146000,39.70000076293945,39.970001220703125,39.970001220703125,39.040000915527344,36.868263244628906
2005-10-27,1109000,41.900001525878906,40.54999923706055,42.09000015258789,40.38999938964844,37.40324401855469
2005-10-26,1283900,42.5,41.2599983215332,42.91999816894531,41.2599983215332,38.05814743041992
2005-10-25,987300,42.45000076293945,42.22999954223633,43.20000076293945,42.209999084472656,38.952877044677734
2005-10-24,838400,41.08000183105469,41.869998931884766,42.22999954223633,40.95000076293945,38.620811462402344
2005-10-21,859600,40.290000915527344,41.11000061035156,41.310001373291016,40.040000915527344,37.91978073120117
2005-10-20,904600,41.0,40.060001373291016,41.5,39.630001068115234,36.95126724243164
2005-10-19,924100,40.79999923706055,41.08000183105469,41.52000045776367,40.599998474121094,37.89212417602539
2005-10-18,597500,42.47999954223633,41.75,42.779998779296875,41.75,38.51012420654297
2005-10-17,631400,41.95000076293945,42.72999954223633,42.91999816894531,41.95000076293945,39.4140739440918
2005-10-14,795500,40.40999984741211,41.45000076293945,41.59000015258789,40.220001220703125,38.233402252197266
2005-10-13,744300,40.83000183105469,41.650001525878906,41.650001525878906,40.529998779296875,38.417884826660156
2005-10-12,1133000,43.72999954223633,42.0099983215332,44.15999984741211,41.900001525878906,38.749942779541016
2005-10-11,692000,44.40999984741211,43.97999954223633,44.45000076293945,43.599998474121094,40.56706237792969
2005-10-10,1024800,43.54999923706055,43.779998779296875,43.9900016784668,43.439998626708984,40.38259506225586
2005-10-07,1043300,41.599998474121094,42.959999084472656,43.0,41.54999923706055,39.626224517822266
2005-10-06,1026200,40.9900016784668,41.709999084472656,42.22999954223633,40.9900016784668,38.473228454589844
2005-10-05,1071800,41.400001525878906,40.529998779296875,41.45000076293945,40.529998779296875,37.384788513183594
2005-10-04,675400,42.20000076293945,41.61000061035156,42.310001373291016,41.52000045776367,38.380985260009766
2005-10-03,737000,42.04999923706055,42.0,42.189998626708984,41.56999969482422,38.740718841552734
2005-09-30,718500,43.33000183105469,42.439998626708984,43.630001068115234,42.38999938964844,39.14656066894531
2005-09-29,915800,42.83000183105469,43.2599983215332,43.70000076293945,42.599998474121094,39.90293884277344
2005-09-28,1098600,42.209999084472656,42.54999923706055,42.63999938964844,41.43000030517578,39.248043060302734
2005-09-27,1305100,42.97999954223633,42.20000076293945,43.279998779296875,41.65999984741211,38.925209045410156
2005-09-26,1858700,42.29999923706055,43.5,44.029998779296875,41.18000030517578,40.12431716918945
2005-09-23,870900,42.849998474121094,42.619998931884766,43.0,42.2400016784668,39.31260299682617
2005-09-22,1690600,43.650001525878906,43.93000030517578,44.130001068115234,42.65999984741211,40.52094650268555
2005-09-21,1040800,42.310001373291016,43.369998931884766,43.599998474121094,42.220001220703125,40.0044059753418
2005-09-20,1116500,43.150001525878906,41.709999084472656,43.4900016784668,41.70000076293945,38.473228454589844
2005-09-19,2090000,42.650001525878906,43.29999923706055,44.0,42.650001525878906,39.93983840942383
2005-09-16,2387900,42.40999984741211,42.2400016784668,42.5,41.65999984741211,38.96210479736328
2005-09-15,1154200,40.40999984741211,40.4900016784668,40.68000030517578,39.900001525878906,37.347900390625
2005-09-14,1223200,39.29999923706055,39.900001525878906,39.900001525878906,39.150001525878906,36.803688049316406
2005-09-13,566100,38.70000076293945,38.689998626708984,39.0,38.22999954223633,35.68757247924805
2005-09-12,664000,38.790000915527344,39.060001373291016,39.220001220703125,38.38999938964844,36.028865814208984
2005-09-09,1010800,37.529998779296875,38.779998779296875,38.900001525878906,37.36000061035156,35.770599365234375
2005-09-08,574900,36.59000015258789,37.08000183105469,37.099998474121094,36.52000045776367,34.20252990722656
2005-09-07,298900,36.25,36.349998474121094,36.47999954223633,36.11000061035156,33.529170989990234
2005-09-06,402500,36.63999938964844,36.5099983215332,36.650001525878906,36.18000030517578,33.6767578125
2005-09-02,576700,36.560001373291016,36.63999938964844,36.95000076293945,36.40999984741211,33.79664993286133
2005-09-01,699800,35.880001068115234,36.310001373291016,36.5099983215332,35.75,33.492279052734375
2005-08-31,907600,34.869998931884766,35.4900016784668,35.619998931884766,34.77000045776367,32.73590087890625
2005-08-30,797900,34.58000183105469,35.20000076293945,35.40999984741211,34.58000183105469,32.46841812133789
2005-08-29,422700,35.970001220703125,35.45000076293945,35.970001220703125,35.400001525878906,32.69900894165039
2005-08-26,572200,35.310001373291016,35.34000015258789,35.54999923706055,35.0099983215332,32.59754943847656
2005-08-25,603900,35.279998779296875,35.439998626708984,35.66999816894531,35.11000061035156,32.68979263305664
2005-08-24,923000,35.720001220703125,35.279998779296875,35.72999954223633,35.0,32.542205810546875
2005-08-23,540400,35.849998474121094,35.619998931884766,35.849998474121094,35.58000183105469,32.85581970214844
2005-08-22,477100,36.0,35.619998931884766,36.0,35.599998474121094,32.85581970214844
2005-08-19,523100,35.88999938964844,35.54999923706055,35.88999938964844,35.290000915527344,32.79125213623047
2005-08-18,488400,35.869998931884766,35.52000045776367,35.88999938964844,35.400001525878906,32.76358413696289
2005-08-17,1046700,36.38999938964844,35.869998931884766,36.779998779296875,35.7400016784668,33.0864143371582
2005-08-16,559000,36.400001525878906,36.650001525878906,36.83000183105469,36.349998474121094,33.566986083984375
2005-08-15,729800,36.310001373291016,36.22999954223633,36.540000915527344,36.0,33.182315826416016
2005-08-12,765100,36.06999969482422,36.060001373291016,36.41999816894531,35.52000045776367,33.0266227722168
2005-08-11,1677200,34.63999938964844,35.91999816894531,36.08000183105469,34.54999923706055,32.898399353027344
2005-08-10,834000,34.54999923706055,34.459999084472656,34.70000076293945,34.439998626708984,31.56121253967285
2005-08-09,488100,34.439998626708984,34.4900016784668,34.619998931884766,34.11000061035156,31.58869171142578
2005-08-08,665000,34.54999923706055,34.439998626708984,34.900001525878906,34.119998931884766,31.54290199279785
2005-08-05,1008800,35.0,34.95000076293945,35.20000076293945,34.810001373291016,32.0099983215332
2005-08-04,897800,35.810001373291016,35.65999984741211,36.2400016784668,35.540000915527344,32.660274505615234
2005-08-03,1283800,34.900001525878906,35.810001373291016,36.2599983215332,34.900001525878906,32.797664642333984
2005-08-02,404500,34.29999923706055,34.70000076293945,34.93000030517578,34.29999923706055,31.781023025512695
2005-08-01,329700,34.79999923706055,34.459999084472656,34.849998474121094,34.349998474121094,31.56121253967285
2005-07-29,518300,34.70000076293945,34.380001068115234,34.900001525878906,34.2599983215332,31.48794937133789
2005-07-28,623100,34.45000076293945,34.54999923706055,34.70000076293945,34.290000915527344,31.64363670349121
2005-07-27,722900,34.52000045776367,34.34000015258789,34.65999984741211,34.09000015258789,31.45130729675293
2005-07-26,412900,34.95000076293945,34.790000915527344,35.04999923706055,34.650001525878906,31.863454818725586
2005-07-25,286700,35.95000076293945,35.529998779296875,35.9900016784668,35.45000076293945,32.541202545166016
2005-07-22,570300,36.0099983215332,35.9900016784668,36.2599983215332,35.849998474121094,32.9625129699707
2005-07-21,1163300,35.45000076293945,35.9900016784668,36.13999938964844,35.279998779296875,32.9625129699707
2005-07-20,576900,35.70000076293945,35.630001068115234,35.869998931884766,35.41999816894531,32.632789611816406
2005-07-19,520200,35.099998474121094,35.56999969482422,35.66999816894531,34.849998474121094,32.57783508300781
2005-07-18,401600,35.689998626708984,35.529998779296875,35.810001373291016,35.36000061035156,32.541202545166016
2005-07-15,760000,35.849998474121094,35.689998626708984,36.150001525878906,35.470001220703125,32.687744140625
2005-07-14,521700,36.58000183105469,36.040000915527344,36.869998931884766,35.97999954223633,33.00830841064453
2005-07-13,256900,36.47999954223633,36.66999816894531,36.70000076293945,36.439998626708984,33.5853157043457
2005-07-12,464200,36.72999954223633,36.560001373291016,36.939998626708984,36.060001373291016,33.48456954956055
2005-07-11,487200,35.709999084472656,36.279998779296875,36.36000061035156,35.59000015258789,33.22811508178711
2005-07-08,344600,35.349998474121094,35.47999954223633,35.70000076293945,35.27000045776367,32.49541091918945
2005-07-07,778400,36.310001373291016,35.5099983215332,36.47999954223633,35.150001525878906,32.52288055419922
2005-07-06,462500,35.61000061035156,35.66999816894531,36.22999954223633,35.61000061035156,32.66942596435547
2005-07-05,424000,35.709999084472656,35.54999923706055,35.83000183105469,35.45000076293945,32.55952072143555
2005-07-01,617800,35.599998474121094,36.09000015258789,36.41999816894531,34.900001525878906,33.05409622192383
2005-06-30,626900,36.47999954223633,35.72999954223633,36.529998779296875,35.5099983215332,32.7243766784668
2005-06-29,650600,35.150001525878906,36.52000045776367,36.599998474121094,35.150001525878906,33.44791793823242
2005-06-28,475800,35.650001525878906,35.15999984741211,35.66999816894531,34.939998626708984,32.20233154296875
2005-06-27,599900,35.209999084472656,35.63999938964844,35.86000061035156,35.15999984741211,32.64194869995117
2005-06-24,602800,35.04999923706055,35.56999969482422,35.63999938964844,34.95000076293945,32.57783508300781
2005-06-23,662700,34.29999923706055,34.70000076293945,35.189998626708984,34.29999923706055,31.781023025512695
2005-06-22,849900,34.040000915527344,34.189998626708984,34.2599983215332,33.689998626708984,31.313928604125977
2005-06-21,723700,34.5,34.72999954223633,35.09000015258789,34.29999923706055,31.808502197265625
2005-06-20,666000,35.83000183105469,35.0,35.83000183105469,34.900001525878906,32.0557861328125
2005-06-17,701000,35.97999954223633,35.83000183105469,36.0,35.41999816894531,32.815975189208984
2005-06-16,587800,35.5,35.79999923706055,36.02000045776367,35.25,32.788490295410156
2005-06-15,619600,34.45000076293945,34.79999923706055,34.95000076293945,34.119998931884766,31.87261390686035
2005-06-14,555200,34.70000076293945,34.29999923706055,34.81999969482422,34.08000183105469,31.414670944213867
2005-06-13,570800,34.75,35.0,35.08000183105469,34.41999816894531,32.0557861328125
2005-06-10,705600,33.189998626708984,34.650001525878906,34.88999938964844,32.970001220703125,31.735227584838867
2005-06-09,356100,32.90999984741211,33.369998931884766,33.47999954223633,32.63999938964844,30.562908172607422
2005-06-08,597600,33.599998474121094,33.08000183105469,33.720001220703125,32.900001525878906,30.297298431396484
2005-06-07,624400,34.279998779296875,33.630001068115234,34.34000015258789,33.630001068115234,30.8010311126709
2005-06-06,670400,34.650001525878906,33.93000030517578,34.79999923706055,33.93000030517578,31.075796127319336
2005-06-03,678500,34.349998474121094,34.43000030517578,35.220001220703125,34.34000015258789,31.533735275268555
2005-06-02,985600,35.06999969482422,34.2599983215332,35.619998931884766,34.11000061035156,31.378040313720703
2005-06-01,947000,34.45000076293945,34.7400016784668,34.93000030517578,34.310001373291016,31.817655563354492
2005-05-31,1125500,33.400001525878906,34.34000015258789,34.38999938964844,33.15999984741211,31.45130729675293
2005-05-27,794600,32.5099983215332,33.79999923706055,33.849998474121094,32.5099983215332,30.956735610961914
2005-05-26,402600,32.83000183105469,32.43000030517578,32.9900016784668,32.43000030517578,29.70197296142578
2005-05-25,918600,32.38999938964844,32.83000183105469,32.83000183105469,32.099998474121094,30.068330764770508
2005-05-24,730200,31.920000076293945,32.04999923706055,32.119998931884766,31.6299991607666,29.353940963745117
2005-05-23,619000,31.850000381469727,31.959999084472656,32.150001525878906,31.700000762939453,29.271512985229492
2005-05-20,328200,31.850000381469727,31.850000381469727,31.899999618530273,31.510000228881836,29.17076301574707
2005-05-19,642100,32.400001525878906,32.11000061035156,32.400001525878906,31.850000381469727,29.40889549255371
2005-05-18,731300,32.9900016784668,32.79999923706055,32.9900016784668,32.40999984741211,30.04085922241211
2005-05-17,531800,31.389999389648438,32.20000076293945,32.34000015258789,31.3799991607666,29.49132537841797
2005-05-16,512600,30.950000762939453,31.170000076293945,31.25,30.829999923706055,28.5479679107666
2005-05-13,647500,30.59000015258789,31.0,31.190000534057617,30.510000228881836,28.392269134521484
2005-05-12,831900,31.600000381469727,30.610000610351562,31.809999465942383,30.5,28.03507423400879
2005-05-11,376500,31.700000762939453,31.59000015258789,31.850000381469727,31.510000228881836,28.93263816833496
2005-05-10,517500,32.47999954223633,31.700000762939453,32.65999984741211,31.600000381469727,29.03338623046875
2005-05-09,439000,32.04999923706055,32.29999923706055,32.540000915527344,32.0,29.582914352416992
2005-05-06,750400,32.0099983215332,32.70000076293945,32.70000076293945,31.760000228881836,29.949268341064453
2005-05-05,321900,33.04999923706055,33.0099983215332,33.290000915527344,32.79999923706055,30.233186721801758
2005-05-04,622600,32.650001525878906,32.93000030517578,33.11000061035156,32.54999923706055,30.159912109375
2005-05-03,421800,31.920000076293945,32.540000915527344,32.77000045776367,31.899999618530273,29.802724838256836
2005-05-02,474000,31.780000686645508,31.920000076293945,31.979999542236328,31.399999618530273,29.234880447387695
2005-04-29,729200,31.450000762939453,31.780000686645508,32.720001220703125,31.450000762939453,29.106651306152344
2005-04-28,835500,32.11000061035156,31.510000228881836,32.11000061035156,31.3799991607666,28.859365463256836
2005-04-27,1136000,33.11000061035156,32.150001525878906,33.130001068115234,31.989999771118164,29.44553565979004
2005-04-26,443500,34.099998474121094,33.459999084472656,34.20000076293945,33.400001525878906,30.64532470703125
2005-04-25,711800,33.22999954223633,33.59000015258789,33.599998474121094,33.040000915527344,30.76439666748047
2005-04-22,580500,34.220001220703125,33.709999084472656,34.29999923706055,33.63999938964844,30.874298095703125
2005-04-21,661000,34.900001525878906,34.11000061035156,35.11000061035156,33.880001068115234,31.24065399169922
2005-04-20,593000,34.880001068115234,34.9900016784668,35.47999954223633,34.68000030517578,32.04663848876953
2005-04-19,778600,34.040000915527344,34.97999954223633,35.06999969482422,33.939998626708984,32.037479400634766
2005-04-18,668700,33.619998931884766,33.630001068115234,34.0,33.349998474121094,30.8010311126709
2005-04-15,757100,33.599998474121094,33.470001220703125,34.2400016784668,33.43000030517578,30.654497146606445
2005-04-14,903200,33.79999923706055,33.54999923706055,34.400001525878906,33.380001068115234,30.727764129638672
2005-04-13,546900,34.79999923706055,34.349998474121094,35.04999923706055,34.290000915527344,31.46046257019043
2005-04-12,422000,34.79999923706055,34.869998931884766,34.93000030517578,34.400001525878906,31.93672752380371
2005-04-11,459600,35.25,35.0099983215332,35.2599983215332,34.93000030517578,32.06494140625
2005-04-08,524000,34.7400016784668,34.93000030517578,35.189998626708984,34.599998474121094,31.991676330566406
2005-04-07,406200,35.06999969482422,35.0099983215332,35.400001525878906,34.90999984741211,32.06494140625
2005-04-06,317600,34.959999084472656,35.29999923706055,35.400001525878906,34.900001525878906,32.33054733276367
2005-04-05,409000,34.810001373291016,34.939998626708984,35.099998474121094,34.75,32.00082778930664
2005-04-04,579700,34.9900016784668,34.810001373291016,34.9900016784668,34.5099983215332,31.881778717041016
2005-04-01,611700,34.630001068115234,34.900001525878906,35.18000030517578,34.310001373291016,31.964202880859375
2005-03-31,534600,34.81999969482422,34.45000076293945,34.880001068115234,34.2400016784668,31.55205535888672
2005-03-30,587000,34.06999969482422,34.349998474121094,34.47999954223633,33.900001525878906,31.46046257019043
2005-03-29,1290300,34.709999084472656,34.16999816894531,34.97999954223633,34.04999923706055,31.295612335205078
2005-03-28,469700,34.869998931884766,34.709999084472656,35.150001525878906,34.66999816894531,31.790178298950195
2005-03-24,948100,35.25,34.93000030517578,35.650001525878906,34.779998779296875,31.991676330566406
2005-03-23,720800,36.0,35.4900016784668,36.13999938964844,35.400001525878906,32.50455856323242
2005-03-22,694500,37.0099983215332,36.060001373291016,37.060001373291016,36.0,33.0266227722168
2005-03-21,642500,37.5,37.02000045776367,37.5099983215332,36.849998474121094,33.90586853027344
2005-03-18,594900,37.79999923706055,37.9900016784668,38.290000915527344,37.79999923706055,34.79426193237305
2005-03-17,796500,38.849998474121094,38.45000076293945,38.9900016784668,38.31999969482422,35.21558380126953
2005-03-16,529000,38.349998474121094,38.61000061035156,38.66999816894531,38.02000045776367,35.36211013793945
2005-03-15,285700,37.79999923706055,37.5099983215332,37.79999923706055,37.38999938964844,34.354652404785156
2005-03-14,680800,38.099998474121094,37.61000061035156,38.099998474121094,37.400001525878906,34.44623947143555
2005-03-11,418000,38.619998931884766,38.20000076293945,38.689998626708984,38.099998474121094,34.986610412597656
2005-03-10,827000,38.84000015258789,38.439998626708984,39.0,38.220001220703125,35.206417083740234
2005-03-09,879400,38.599998474121094,38.38999938964844,38.790000915527344,37.779998779296875,35.160621643066406
2005-03-08,681700,37.599998474121094,38.2400016784668,38.33000183105469,37.279998779296875,35.02323532104492
2005-03-07,402800,37.04999923706055,37.02000045776367,37.290000915527344,36.810001373291016,33.90586853027344
2005-03-04,720100,36.849998474121094,37.27000045776367,37.56999969482422,36.7400016784668,34.134830474853516
2005-03-03,612500,36.400001525878906,36.22999954223633,36.5,36.18000030517578,33.182315826416016
2005-03-02,778100,35.25,36.0099983215332,36.09000015258789,35.209999084472656,32.9808235168457
2005-03-01,654900,35.70000076293945,35.310001373291016,35.79999923706055,35.20000076293945,32.33971405029297
2005-02-28,547500,36.279998779296875,35.970001220703125,36.310001373291016,35.77000045776367,32.94418716430664
2005-02-25,573500,36.0,36.16999816894531,36.349998474121094,35.79999923706055,33.12736892700195
2005-02-24,879000,36.5,35.880001068115234,36.5,35.61000061035156,32.86176681518555
2005-02-23,754500,36.560001373291016,36.52000045776367,36.720001220703125,36.02000045776367,33.44791793823242
2005-02-22,968800,36.5,36.81999969482422,36.81999969482422,36.060001373291016,33.72269058227539
2005-02-18,508500,35.650001525878906,35.65999984741211,35.869998931884766,35.4900016784668,32.660274505615234
2005-02-17,936700,34.79999923706055,35.650001525878906,35.650001525878906,34.75,32.6511116027832
2005-02-16,798100,34.7599983215332,35.06999969482422,35.279998779296875,34.560001373291016,32.119895935058594
2005-02-15,747700,35.29999923706055,35.31999969482422,35.650001525878906,35.15999984741211,32.070167541503906
2005-02-14,693900,35.599998474121094,35.4900016784668,35.619998931884766,35.150001525878906,32.22452926635742
2005-02-11,1196000,34.9900016784668,35.2400016784668,35.63999938964844,34.650001525878906,31.997526168823242
2005-02-10,1304800,33.25,34.4900016784668,34.58000183105469,32.86000061035156,31.316530227661133
2005-02-09,1178900,31.329999923706055,32.61000061035156,32.650001525878906,31.329999923706055,29.60952377319336
2005-02-08,629400,31.489999771118164,31.799999237060547,31.989999771118164,31.270000457763672,28.87404441833496
2005-02-07,743100,32.650001525878906,31.639999389648438,32.650001525878906,31.579999923706055,28.72876739501953
2005-02-04,663600,32.900001525878906,32.849998474121094,33.0,32.52000045776367,29.827436447143555
2005-02-03,616000,33.0,33.09000015258789,33.220001220703125,32.7599983215332,30.04535484313965
2005-02-02,495100,33.5,33.63999938964844,33.7400016784668,33.34000015258789,30.54474449157715
2005-02-01,682600,32.95000076293945,33.369998931884766,33.5,32.79999923706055,30.299591064453125
2005-01-31,1122500,32.79999923706055,32.77000045776367,32.93000030517578,32.5,29.754793167114258
2005-01-28,455400,32.599998474121094,32.25,32.650001525878906,32.0,29.282644271850586
2005-01-27,643100,31.850000381469727,32.0,32.11000061035156,31.75,29.055646896362305
2005-01-26,720400,32.5,32.459999084472656,32.529998779296875,32.25,29.473316192626953
2005-01-25,854900,32.84000015258789,32.040000915527344,32.84000015258789,31.950000762939453,29.091964721679688
2005-01-24,459400,33.58000183105469,33.06999969482422,33.75,32.9900016784668,30.027189254760742
2005-01-21,1074600,33.060001373291016,33.5,33.630001068115234,32.900001525878906,30.417627334594727
2005-01-20,615600,32.650001525878906,32.970001220703125,33.189998626708984,32.560001373291016,29.936391830444336
2005-01-19,733500,33.18000030517578,32.81999969482422,33.18000030517578,32.779998779296875,29.800195693969727
2005-01-18,947400,32.95000076293945,33.13999938964844,33.349998474121094,32.779998779296875,30.090749740600586
2005-01-14,632300,33.41999816894531,33.40999984741211,33.630001068115234,33.22999954223633,30.33591079711914
2005-01-13,991000,34.0,33.93000030517578,34.13999938964844,33.47999954223633,30.808059692382812
2005-01-12,979000,34.599998474121094,34.5099983215332,34.7599983215332,34.22999954223633,31.334701538085938
2005-01-11,665800,34.130001068115234,34.54999923706055,34.66999816894531,33.90999984741211,31.371013641357422
2005-01-10,645100,34.33000183105469,34.29999923706055,34.5,33.970001220703125,31.14402198791504
2005-01-07,728600,34.56999969482422,34.369998931884766,34.720001220703125,33.900001525878906,31.20758056640625
2005-01-06,791700,34.27000045776367,34.130001068115234,34.529998779296875,33.709999084472656,30.989660263061523
2005-01-05,841600,34.119998931884766,34.27000045776367,34.86000061035156,34.119998931884766,31.116779327392578
2005-01-04,1048800,35.02000045776367,34.029998779296875,35.16999816894531,33.849998474121094,30.898866653442383
2005-01-03,902600,35.75,35.040000915527344,35.7599983215332,35.029998779296875,31.815937042236328
2004-12-31,434900,36.369998931884766,36.349998474121094,36.619998931884766,36.130001068115234,33.00539779663086
2004-12-30,681900,36.5,36.16999816894531,36.54999923706055,36.11000061035156,32.84196472167969
2004-12-29,521500,36.29999923706055,36.5,36.52000045776367,35.93000030517578,33.1415901184082
2004-12-28,299000,37.150001525878906,36.790000915527344,37.25,36.65999984741211,33.40491485595703
2004-12-27,402800,36.939998626708984,37.349998474121094,37.459999084472656,36.880001068115234,33.913387298583984
2004-12-23,312900,36.7400016784668,36.709999084472656,37.20000076293945,36.66999816894531,33.33226776123047
2004-12-22,395600,36.779998779296875,36.709999084472656,36.83000183105469,36.4900016784668,33.33226776123047
2004-12-21,321800,36.290000915527344,36.63999938964844,36.75,36.290000915527344,33.26870346069336
2004-12-20,432000,36.0,36.209999084472656,36.45000076293945,35.79999923706055,32.87826919555664
2004-12-17,750600,36.029998779296875,35.54999923706055,36.31999969482422,35.54999923706055,32.278995513916016
2004-12-16,1307700,36.79999923706055,35.790000915527344,37.25,35.650001525878906,32.496917724609375
2004-12-15,646500,36.86000061035156,36.75,37.369998931884766,36.70000076293945,33.36859893798828
2004-12-14,626400,36.689998626708984,36.68000030517578,36.7400016784668,36.06999969482422,33.30503463745117
2004-12-13,625100,36.619998931884766,36.790000915527344,37.41999816894531,36.400001525878906,33.40491485595703
2004-12-10,667000,36.470001220703125,36.40999984741211,37.18000030517578,36.25,33.05986785888672
2004-12-09,1008900,36.54999923706055,36.7599983215332,37.099998474121094,36.20000076293945,33.3776741027832
2004-12-08,1609100,36.36000061035156,37.31999969482422,37.34000015258789,35.959999084472656,33.886146545410156
2004-12-07,798000,38.27000045776367,37.869998931884766,39.02000045776367,37.86000061035156,34.38554382324219
2004-12-06,945700,38.099998474121094,38.75,39.2400016784668,37.75,35.1845703125
2004-12-03,823700,38.77000045776367,39.189998626708984,39.790000915527344,38.52000045776367,35.58408737182617
2004-12-02,1074500,39.779998779296875,38.619998931884766,40.0,38.5,35.066532135009766
2004-12-01,705000,40.0,39.959999084472656,40.279998779296875,39.599998474121094,36.28322982788086
2004-11-30,796100,40.25,39.90999984741211,40.5099983215332,39.52000045776367,36.23783493041992
2004-11-29,1102600,40.02000045776367,41.0099983215332,41.029998779296875,40.0,37.23663330078125
2004-11-26,401000,39.099998474121094,40.02000045776367,40.040000915527344,39.099998474121094,36.337711334228516
2004-11-24,843500,38.83000183105469,38.689998626708984,39.130001068115234,38.38999938964844,35.130096435546875
2004-11-23,681400,39.70000076293945,39.08000183105469,39.970001220703125,39.040000915527344,35.48420333862305
2004-11-22,482400,40.099998474121094,40.0,40.13999938964844,39.61000061035156,36.319557189941406
2004-11-19,1115800,40.5,40.040000915527344,40.540000915527344,39.810001373291016,36.35588073730469
2004-11-18,992700,41.099998474121094,40.150001525878906,41.25,39.77000045776367,36.45574951171875
2004-11-17,1249300,42.31999969482422,41.5,42.400001525878906,41.41999816894531,37.68153762817383
2004-11-16,911800,41.29999923706055,41.27000045776367,41.75,40.79999923706055,37.472713470458984
2004-11-15,916000,41.29999923706055,40.81999969482422,41.95000076293945,40.61000061035156,37.064109802246094
2004-11-12,1952000,39.5,40.779998779296875,41.06999969482422,39.5,37.02778625488281
2004-11-11,871100,38.529998779296875,39.0,39.0,38.20000076293945,35.41156768798828
2004-11-10,641100,38.5,38.189998626708984,38.65999984741211,37.779998779296875,34.67608642578125
2004-11-09,707000,38.599998474121094,38.2400016784668,38.72999954223633,38.2400016784668,34.72150421142578
2004-11-08,873800,38.529998779296875,38.459999084472656,38.79999923706055,38.130001068115234,34.92125701904297
2004-11-05,612700,36.95000076293945,38.150001525878906,38.27000045776367,36.83000183105469,34.63977813720703
2004-11-04,871600,37.349998474121094,37.18000030517578,37.650001525878906,37.150001525878906,33.75902557373047
2004-11-03,995100,36.25,36.27000045776367,36.310001373291016,35.77000045776367,32.9327507019043
2004-11-02,1089100,36.5,35.63999938964844,36.5099983215332,35.439998626708984,32.360721588134766
2004-11-01,598900,37.22999954223633,36.810001373291016,37.41999816894531,36.7599983215332,33.42307662963867
2004-10-29,772700,36.79999923706055,37.08000183105469,37.380001068115234,36.720001220703125,33.66823196411133
2004-10-28,1296200,36.79999923706055,36.61000061035156,37.709999084472656,36.599998474121094,33.241477966308594
2004-10-27,1259500,38.75,37.709999084472656,39.04999923706055,37.5,34.240264892578125
2004-10-26,792400,38.900001525878906,38.900001525878906,38.939998626708984,38.5,35.32077407836914
2004-10-25,1006000,38.02000045776367,38.79999923706055,38.95000076293945,38.02000045776367,35.229976654052734
2004-10-22,392800,37.650001525878906,37.5,38.0,37.29999923706055,34.04957962036133
2004-10-21,539300,37.47999954223633,37.56999969482422,37.720001220703125,37.029998779296875,34.11314010620117
2004-10-20,942200,37.75,37.709999084472656,38.04999923706055,37.599998474121094,34.240264892578125
2004-10-19,1192400,37.5,37.189998626708984,37.709999084472656,37.060001373291016,33.76810836791992
2004-10-18,1249300,37.720001220703125,36.619998931884766,37.720001220703125,36.529998779296875,33.250545501708984
2004-10-15,744700,36.849998474121094,36.869998931884766,37.369998931884766,36.61000061035156,33.4775390625
2004-10-14,984900,36.349998474121094,36.470001220703125,36.720001220703125,36.0,33.11436080932617
2004-10-13,1538300,36.099998474121094,36.16999816894531,36.439998626708984,35.150001525878906,32.84196472167969
2004-10-12,628000,37.349998474121094,37.27000045776367,37.83000183105469,37.11000061035156,33.840755462646484
2004-10-11,468000,38.29999923706055,38.25,38.29999923706055,37.54999923706055,34.730567932128906
2004-10-08,855700,38.20000076293945,38.15999984741211,38.56999969482422,38.060001373291016,34.648841857910156
2004-10-07,571800,38.20000076293945,37.540000915527344,38.29999923706055,37.459999084472656,34.08590316772461
2004-10-06,762700,37.84000015258789,38.38999938964844,38.38999938964844,37.84000015258789,34.857688903808594
2004-10-05,1162200,37.2599983215332,38.209999084472656,38.400001525878906,36.9900016784668,34.694252014160156
2004-10-04,972700,37.380001068115234,37.119998931884766,37.5099983215332,36.75,33.70453643798828
2004-10-01,527500,38.31999969482422,38.29999923706055,38.65999984741211,38.04999923706055,34.775978088378906
2004-09-30,1200400,38.29999923706055,38.900001525878906,38.9900016784668,38.18000030517578,35.32077407836914
2004-09-29,994800,38.61000061035156,38.18000030517578,38.84000015258789,37.869998931884766,34.667015075683594
2004-09-28,1243100,38.060001373291016,38.439998626708984,38.83000183105469,38.02000045776367,34.90309524536133
2004-09-27,542300,37.650001525878906,37.79999923706055,38.09000015258789,37.25,34.32197570800781
2004-09-24,437700,38.0,37.779998779296875,38.04999923706055,37.41999816894531,34.30381774902344
2004-09-23,523200,37.75,37.900001525878906,38.2400016784668,37.689998626708984,34.412776947021484
2004-09-22,620600,37.40999984741211,37.52000045776367,37.869998931884766,37.31999969482422,34.06774139404297
2004-09-21,662900,37.25,37.900001525878906,38.08000183105469,37.099998474121094,34.412776947021484
2004-09-20,445700,36.040000915527344,36.619998931884766,36.79999923706055,36.040000915527344,33.250545501708984
2004-09-17,683700,36.650001525878906,36.150001525878906,36.869998931884766,36.0,32.82379913330078
2004-09-16,583900,36.83000183105469,36.41999816894531,36.83000183105469,36.349998474121094,33.06895065307617
2004-09-15,509100,37.0,36.529998779296875,37.08000183105469,36.36000061035156,33.1688232421875
2004-09-14,519100,35.91999816894531,36.81999969482422,36.869998931884766,35.880001068115234,33.432151794433594
2004-09-13,422600,35.93000030517578,35.84000015258789,36.130001068115234,35.58000183105469,32.542327880859375
2004-09-10,347800,35.709999084472656,35.34000015258789,35.959999084472656,35.29999923706055,32.08833694458008
2004-09-09,325100,34.900001525878906,35.16999816894531,35.2400016784668,34.75,31.933956146240234
2004-09-08,629600,34.790000915527344,34.900001525878906,35.47999954223633,34.56999969482422,31.688827514648438
2004-09-07,424400,34.939998626708984,34.790000915527344,34.939998626708984,34.43000030517578,31.58894157409668
2004-09-03,493800,34.75,34.939998626708984,35.310001373291016,34.68000030517578,31.725128173828125
2004-09-02,462800,35.400001525878906,35.439998626708984,35.63999938964844,35.2599983215332,32.17912673950195
2004-09-01,577000,35.40999984741211,35.900001525878906,36.0,35.16999816894531,32.596797943115234
2004-08-31,701000,34.93000030517578,35.5,35.599998474121094,34.83000183105469,32.23361587524414
2004-08-30,707700,35.189998626708984,34.599998474121094,35.709999084472656,34.560001373291016,31.416414260864258
2004-08-27,474700,34.95000076293945,35.2400016784668,35.25,34.7400016784668,31.997526168823242
2004-08-26,527600,35.650001525878906,35.130001068115234,35.650001525878906,35.060001373291016,31.89765167236328
2004-08-25,1306600,34.599998474121094,35.5,35.79999923706055,34.54999923706055,32.23361587524414
2004-08-24,937200,35.349998474121094,34.59000015258789,35.5,34.59000015258789,31.407331466674805
2004-08-23,1152900,37.2599983215332,35.93000030517578,37.31999969482422,35.689998626708984,32.6240348815918
2004-08-20,1502400,35.709999084472656,36.54999923706055,36.619998931884766,35.5,33.186988830566406
2004-08-19,1032900,34.5,35.70000076293945,35.70000076293945,34.5,32.415199279785156
2004-08-18,413800,33.7599983215332,33.95000076293945,34.119998931884766,33.7400016784668,30.82622718811035
2004-08-17,1087100,34.349998474121094,34.029998779296875,34.43000030517578,33.959999084472656,30.666240692138672
2004-08-16,853200,34.310001373291016,34.31999969482422,34.470001220703125,34.11000061035156,30.92756462097168
2004-08-13,607100,33.150001525878906,33.75,33.84000015258789,33.130001068115234,30.413915634155273
2004-08-12,1072600,32.04999923706055,32.61000061035156,32.97999954223633,31.850000381469727,29.38660430908203
2004-08-11,679700,32.20000076293945,32.0,32.400001525878906,31.75,28.836898803710938
2004-08-10,771200,33.099998474121094,32.900001525878906,33.47999954223633,32.83000183105469,29.64792823791504
2004-08-09,449700,33.099998474121094,33.09000015258789,33.099998474121094,32.459999084472656,29.819156646728516
2004-08-06,1081900,33.25,33.0,33.650001525878906,33.0,29.738054275512695
2004-08-05,599400,32.900001525878906,32.45000076293945,33.25,32.33000183105469,29.242414474487305
2004-08-04,751100,32.90999984741211,32.97999954223633,33.20000076293945,32.810001373291016,29.720027923583984
2004-08-03,842800,33.189998626708984,32.97999954223633,33.5,32.95000076293945,29.720027923583984
2004-08-02,411000,33.060001373291016,33.150001525878906,33.31999969482422,32.779998779296875,29.87322235107422
2004-07-30,516500,32.849998474121094,32.790000915527344,33.43000030517578,32.63999938964844,29.548809051513672
2004-07-29,517900,32.040000915527344,32.04999923706055,32.38999938964844,31.8700008392334,28.88195037841797
2004-07-28,863200,31.200000762939453,31.950000762939453,31.950000762939453,30.950000762939453,28.791837692260742
2004-07-27,839800,30.40999984741211,30.770000457763672,31.18000030517578,30.25,27.728477478027344
2004-07-26,799200,31.049999237060547,30.1299991607666,31.190000534057617,29.969999313354492,27.1517391204834
2004-07-23,668000,31.6299991607666,31.049999237060547,31.690000534057617,30.90999984741211,27.980798721313477
2004-07-22,648600,31.899999618530273,31.889999389648438,32.06999969482422,31.649999618530273,28.73777198791504
2004-07-21,706500,31.75,31.530000686645508,32.0,31.489999771118164,28.413349151611328
2004-07-20,623600,31.93000030517578,31.899999618530273,32.16999816894531,31.520000457763672,28.746784210205078
2004-07-19,910400,32.75,32.16999816894531,32.75,31.510000228881836,28.990093231201172
2004-07-16,583800,33.900001525878906,32.81999969482422,33.959999084472656,32.81999969482422,29.575838088989258
2004-07-15,342900,33.400001525878906,33.56999969482422,33.900001525878906,33.209999084472656,30.251699447631836
2004-07-14,601500,34.150001525878906,33.619998931884766,34.20000076293945,33.619998931884766,30.296764373779297
2004-07-13,583600,33.45000076293945,33.45000076293945,33.4900016784668,32.939998626708984,30.14356803894043
2004-07-12,515000,34.43000030517578,33.91999816894531,34.43000030517578,33.86000061035156,30.567106246948242
2004-07-09,504100,34.099998474121094,34.43000030517578,34.540000915527344,33.599998474121094,31.02669906616211
2004-07-08,1536400,33.900001525878906,34.150001525878906,34.400001525878906,33.40999984741211,30.77437400817871
2004-07-07,1334600,32.95000076293945,34.290000915527344,34.290000915527344,32.900001525878906,30.900537490844727
2004-07-06,478000,32.79999923706055,32.400001525878906,32.84000015258789,32.060001373291016,29.197364807128906
2004-07-02,544000,32.75,32.849998474121094,32.91999816894531,32.47999954223633,29.602874755859375
2004-07-01,971200,32.88999938964844,32.41999816894531,32.939998626708984,32.220001220703125,29.215375900268555
2004-06-30,953600,32.529998779296875,32.15999984741211,32.68000030517578,31.850000381469727,28.981075286865234
2004-06-29,1015700,31.829999923706055,31.81999969482422,32.22999954223633,31.559999465942383,28.67469024658203
2004-06-28,689600,32.70000076293945,31.520000457763672,33.04999923706055,31.520000457763672,28.404340744018555
2004-06-25,429700,32.5,32.4900016784668,32.63999938964844,32.2400016784668,29.278461456298828
2004-06-24,674200,32.599998474121094,32.81999969482422,32.95000076293945,32.5,29.575838088989258
2004-06-23,663100,32.0,31.899999618530273,32.029998779296875,31.649999618530273,28.746784210205078
2004-06-22,597900,31.450000762939453,31.540000915527344,31.90999984741211,31.329999923706055,28.422367095947266
2004-06-21,604800,31.780000686645508,31.229999542236328,31.780000686645508,31.110000610351562,28.14300537109375
2004-06-18,1779300,31.739999771118164,31.600000381469727,32.040000915527344,31.559999465942383,28.476436614990234
2004-06-17,1487800,30.959999084472656,31.06999969482422,31.149999618530273,29.90999984741211,27.998823165893555
2004-06-16,1532500,31.290000915527344,31.0,31.309999465942383,30.540000915527344,27.935739517211914
2004-06-15,608200,30.979999542236328,31.790000915527344,31.790000915527344,30.899999618530273,28.647653579711914
2004-06-14,851300,31.40999984741211,30.649999618530273,31.459999084472656,30.649999618530273,27.620338439941406
2004-06-10,664500,32.189998626708984,32.290000915527344,32.68000030517578,32.13999938964844,29.09823226928711
2004-06-09,959900,33.0,31.8799991607666,33.09000015258789,31.799999237060547,28.728757858276367
2004-06-08,511500,34.0,33.79999923706055,34.060001373291016,33.45000076293945,30.458972930908203
2004-06-07,572500,34.0,34.400001525878906,34.599998474121094,34.0,30.999670028686523
2004-06-04,698900,33.040000915527344,34.279998779296875,34.29999923706055,33.040000915527344,30.891530990600586
2004-06-03,606000,34.400001525878906,33.52000045776367,34.560001373291016,33.52000045776367,30.206655502319336
2004-06-02,881600,34.61000061035156,34.5099983215332,34.70000076293945,33.90999984741211,31.098791122436523
2004-06-01,892500,35.5,34.38999938964844,35.599998474121094,34.209999084472656,30.99064826965332
2004-05-28,853300,35.4900016784668,35.02000045776367,35.5,34.939998626708984,31.558366775512695
2004-05-27,889200,35.45000076293945,35.33000183105469,35.68000030517578,35.150001525878906,31.83773422241211
2004-05-26,926900,34.970001220703125,34.83000183105469,34.970001220703125,34.27000045776367,31.38715934753418
2004-05-25,996700,34.15999984741211,34.58000183105469,34.810001373291016,34.0099983215332,31.1618709564209
2004-05-24,670900,33.25,33.75,33.75,33.02000045776367,30.413915634155273
2004-05-21,831600,33.790000915527344,33.2599983215332,33.790000915527344,32.959999084472656,29.97234344482422
2004-05-20,607700,32.84000015258789,32.459999084472656,32.939998626708984,32.060001373291016,29.251422882080078
2004-05-19,1397700,32.2599983215332,32.84000015258789,33.13999938964844,32.0,29.59386444091797
2004-05-18,911300,30.799999237060547,31.719999313354492,31.729999542236328,30.760000228881836,28.58457374572754
2004-05-17,979900,32.11000061035156,31.399999618530273,32.470001220703125,31.399999618530273,28.296205520629883
2004-05-14,934600,31.649999618530273,31.75,32.040000915527344,31.399999618530273,28.61160659790039
2004-05-13,628800,31.510000228881836,31.780000686645508,32.13999938964844,31.309999465942383,28.638641357421875
2004-05-12,1109700,33.150001525878906,31.93000030517578,33.75,31.670000076293945,28.773815155029297
2004-05-11,1088800,32.0,32.619998931884766,32.65999984741211,31.6200008392334,29.39560890197754
2004-05-10,1957700,30.450000762939453,32.34000015258789,32.72999954223633,30.450000762939453,29.143280029296875
2004-05-07,1482100,32.18000030517578,30.780000686645508,32.349998474121094,30.709999084472656,27.73748779296875
2004-05-06,1568500,33.0,32.04999923706055,33.150001525878906,32.02000045776367,28.88195037841797
2004-05-05,1123700,34.11000061035156,33.16999816894531,34.11000061035156,32.95000076293945,29.8912353515625
2004-05-04,1562800,33.150001525878906,34.20000076293945,34.4900016784668,32.900001525878906,30.81943702697754
2004-05-03,715500,31.5,31.860000610351562,32.16999816894531,31.299999237060547,28.71073341369629
2004-04-30,690000,32.25,31.420000076293945,32.45000076293945,31.100000381469727,28.31422996520996
2004-04-29,1412100,31.25,31.34000015258789,31.979999542236328,31.079999923706055,28.24213218688965
2004-04-28,2189600,32.790000915527344,30.770000457763672,32.790000915527344,30.520000457763672,27.728477478027344
2004-04-27,640700,33.529998779296875,33.08000183105469,33.790000915527344,32.95000076293945,29.810138702392578
2004-04-26,800900,33.5,33.400001525878906,34.099998474121094,33.310001373291016,30.098512649536133
2004-04-23,934100,34.0,33.209999084472656,34.0,33.20000076293945,29.927289962768555
2004-04-22,1206000,33.849998474121094,34.150001525878906,34.150001525878906,33.40999984741211,30.77437400817871
2004-04-21,2153400,33.08000183105469,33.79999923706055,34.25,32.95000076293945,30.458972930908203
2004-04-20,1516400,36.150001525878906,34.27000045776367,36.25,34.18000030517578,30.882509231567383
2004-04-19,690200,37.0,36.65999984741211,37.099998474121094,35.91999816894531,33.0362663269043
2004-04-16,1152400,37.150001525878906,36.7599983215332,37.369998931884766,36.7599983215332,33.12638473510742
2004-04-15,832400,36.150001525878906,36.77000045776367,37.189998626708984,36.150001525878906,33.135398864746094
2004-04-14,1461300,35.75,36.4900016784668,37.439998626708984,35.70000076293945,32.8830680847168
2004-04-13,2049800,38.75,37.29999923706055,38.95000076293945,36.88999938964844,33.61300277709961
2004-04-12,804000,40.08000183105469,40.06999969482422,40.459999084472656,39.400001525878906,36.109195709228516
2004-04-08,1153700,39.95000076293945,40.02000045776367,40.2400016784668,39.95000076293945,36.06414031982422
2004-04-07,564900,40.150001525878906,40.75,41.099998474121094,40.119998931884766,36.72198486328125
2004-04-06,769200,40.59000015258789,40.31999969482422,40.79999923706055,40.25,36.3344841003418
2004-04-05,752500,41.15999984741211,40.369998931884766,41.15999984741211,40.04999923706055,36.379539489746094
2004-04-02,1120300,41.380001068115234,41.15999984741211,41.599998474121094,40.95000076293945,37.091453552246094
2004-04-01,1179200,42.439998626708984,42.09000015258789,42.689998626708984,41.810001373291016,37.92951965332031
2004-03-31,1099100,42.58000183105469,42.27000045776367,42.79999923706055,41.790000915527344,38.09172821044922
2004-03-30,746600,41.59000015258789,41.81999969482422,42.41999816894531,41.27000045776367,37.68621063232422
2004-03-29,729900,41.33000183105469,41.439998626708984,41.5,40.54999923706055,37.343780517578125
2004-03-26,1000300,41.70000076293945,40.9900016784668,41.900001525878906,40.97999954223633,36.93825912475586
2004-03-25,568100,40.18000030517578,41.220001220703125,41.2599983215332,40.099998474121094,37.14551544189453
2004-03-24,651300,41.0099983215332,40.08000183105469,41.08000183105469,40.02000045776367,36.11821746826172
2004-03-23,731500,41.38999938964844,41.41999816894531,41.54999923706055,40.900001525878906,37.32575225830078
2004-03-22,857200,42.11000061035156,41.20000076293945,42.380001068115234,40.97999954223633,37.127506256103516
2004-03-19,956600,41.79999923706055,41.470001220703125,41.849998474121094,40.70000076293945,37.370811462402344
2004-03-18,1557700,41.5,41.16999816894531,41.880001068115234,41.029998779296875,37.1004638671875
2004-03-17,1366000,39.650001525878906,40.59000015258789,40.59000015258789,39.16999816894531,36.577796936035156
2004-03-16,1124700,39.75,40.0099983215332,40.650001525878906,38.9900016784668,36.055118560791016
2004-03-15,1095800,40.91999816894531,40.400001525878906,41.060001373291016,40.25,36.406578063964844
2004-03-12,1062000,40.75,41.33000183105469,41.439998626708984,40.20000076293945,37.24465560913086
2004-03-11,904900,41.150001525878906,41.650001525878906,41.849998474121094,40.599998474121094,37.53302001953125
2004-03-10,836300,42.349998474121094,41.150001525878906,42.380001068115234,41.150001525878906,37.08244323730469
2004-03-09,996000,42.279998779296875,42.77000045776367,42.9900016784668,42.2599983215332,38.54231262207031
2004-03-08,634600,42.90999984741211,42.279998779296875,43.33000183105469,42.27000045776367,38.10075759887695
2004-03-05,691000,43.38999938964844,43.439998626708984,43.439998626708984,42.75,39.146087646484375
2004-03-04,611700,41.5,42.70000076293945,42.720001220703125,41.5,38.4792366027832
2004-03-03,1082700,41.34000015258789,41.810001373291016,42.27000045776367,40.959999084472656,37.67719650268555
2004-03-02,1148800,43.0,42.099998474121094,43.47999954223633,42.099998474121094,37.93853759765625
2004-03-01,1274600,43.45000076293945,43.619998931884766,43.95000076293945,42.66999816894531,39.30830001831055
2004-02-27,1283600,42.310001373291016,42.95000076293945,43.52000045776367,42.2599983215332,38.70451354980469
2004-02-26,1322100,41.290000915527344,42.20000076293945,42.95000076293945,41.209999084472656,38.02865219116211
2004-02-25,1223000,42.150001525878906,41.88999938964844,42.20000076293945,40.939998626708984,37.74928665161133
2004-02-24,1461300,41.45000076293945,41.97999954223633,42.41999816894531,41.25,37.83039855957031
2004-02-23,1012200,41.20000076293945,40.77000045776367,41.25,40.5,36.74000930786133
2004-02-20,2249500,40.70000076293945,40.61000061035156,41.06999969482422,40.08000183105469,36.595821380615234
2004-02-19,3207700,41.41999816894531,40.689998626708984,41.41999816894531,40.08000183105469,36.66791915893555
2004-02-18,1078900,44.150001525878906,42.08000183105469,44.150001525878906,42.08000183105469,37.9205207824707
2004-02-17,832500,43.70000076293945,44.77000045776367,44.86000061035156,43.52000045776367,39.91657257080078
2004-02-13,891300,43.650001525878906,43.20000076293945,44.0,42.75,38.51676940917969
2004-02-12,619200,43.599998474121094,42.790000915527344,43.7400016784668,42.650001525878906,38.151222229003906
2004-02-11,690300,42.5,43.150001525878906,43.79999923706055,42.29999923706055,38.472190856933594
2004-02-10,641200,43.0,42.29999923706055,43.0,41.79999923706055,37.714324951171875
2004-02-09,769000,42.599998474121094,42.5,42.709999084472656,42.150001525878906,37.89265823364258
2004-02-06,1058900,41.79999923706055,42.349998474121094,42.61000061035156,41.79999923706055,37.75892639160156
2004-02-05,633700,40.900001525878906,41.25,41.77000045776367,40.849998474121094,36.778167724609375
2004-02-04,670100,41.75,41.040000915527344,42.04999923706055,40.779998779296875,36.5909309387207
2004-02-03,796500,42.0,41.560001373291016,42.25,41.4900016784668,37.054561614990234
2004-02-02,1160600,41.16999816894531,41.36000061035156,41.36000061035156,39.900001525878906,36.8762321472168
2004-01-30,767700,40.650001525878906,40.33000183105469,40.79999923706055,40.18000030517578,35.95790481567383
2004-01-29,1394500,40.65999984741211,39.91999816894531,40.970001220703125,39.279998779296875,35.592350006103516
2004-01-28,1664900,42.04999923706055,40.59000015258789,42.900001525878906,40.52000045776367,36.18971633911133
2004-01-27,884500,41.59000015258789,41.720001220703125,42.529998779296875,41.459999084472656,37.19721603393555
2004-01-26,999200,41.29999923706055,41.06999969482422,41.650001525878906,40.349998474121094,36.61767578125
2004-01-23,639800,42.150001525878906,41.150001525878906,42.34000015258789,41.119998931884766,36.68899917602539
2004-01-22,812400,43.29999923706055,42.04999923706055,43.81999969482422,42.04999923706055,37.49143981933594
2004-01-21,686600,42.72999954223633,42.81999969482422,43.43000030517578,42.04999923706055,38.17797088623047
2004-01-20,1258700,42.77000045776367,42.70000076293945,43.25,42.5,38.070980072021484
2004-01-16,1266500,41.29999923706055,41.619998931884766,42.25,40.65999984741211,37.10805130004883
2004-01-15,2108500,41.599998474121094,41.150001525878906,42.189998626708984,40.560001373291016,36.68899917602539
2004-01-14,1308800,43.20000076293945,42.369998931884766,43.869998931884766,41.599998474121094,37.77674865722656
2004-01-13,1303600,45.0099983215332,43.849998474121094,45.5,43.38999938964844,39.096309661865234
2004-01-12,826900,46.5,45.72999954223633,46.5,45.349998474121094,40.77250289916992
2004-01-09,635400,46.540000915527344,46.79999923706055,47.52000045776367,46.20000076293945,41.726497650146484
2004-01-08,593500,46.70000076293945,46.540000915527344,46.7599983215332,45.79999923706055,41.49468994140625
2004-01-07,865700,46.880001068115234,45.779998779296875,46.900001525878906,45.72999954223633,40.81707763671875
2004-01-06,663200,48.20000076293945,46.880001068115234,48.25,46.529998779296875,41.79782485961914
2004-01-05,632100,47.54999923706055,47.79999923706055,47.97999954223633,47.310001373291016,42.61809158325195
2004-01-02,390400,46.47999954223633,46.529998779296875,47.150001525878906,46.47999954223633,41.485774993896484
2003-12-31,560300,47.130001068115234,46.70000076293945,47.439998626708984,45.900001525878906,41.6373405456543
2003-12-30,664800,47.70000076293945,47.099998474121094,47.79999923706055,46.83000183105469,41.99396896362305
2003-12-29,1063500,46.400001525878906,47.54999923706055,47.68000030517578,46.369998931884766,42.39518737792969
2003-12-26,465900,45.0,45.4900016784668,45.689998626708984,44.93000030517578,40.55851745605469
2003-12-24,442400,44.79999923706055,44.81999969482422,45.400001525878906,44.540000915527344,39.961151123046875
2003-12-23,791600,44.150001525878906,44.689998626708984,44.7400016784668,43.70000076293945,39.845252990722656
2003-12-22,749500,44.54999923706055,44.150001525878906,44.97999954223633,44.119998931884766,39.36377716064453
2003-12-19,1086600,45.0,44.29999923706055,45.45000076293945,44.290000915527344,39.497528076171875
2003-12-18,1036000,45.220001220703125,45.880001068115234,46.040000915527344,44.689998626708984,40.90623474121094
2003-12-17,1262000,45.9900016784668,46.4900016784668,46.54999923706055,45.68000030517578,41.45010757446289
2003-12-16,708000,47.4900016784668,46.27000045776367,47.650001525878906,46.2599983215332,41.25395202636719
2003-12-15,860200,46.459999084472656,47.290000915527344,47.75,46.459999084472656,42.163387298583984
2003-12-12,1053800,47.310001373291016,46.83000183105469,48.130001068115234,46.7400016784668,41.75325012207031
2003-12-11,1536800,45.369998931884766,47.060001373291016,47.36000061035156,45.0099983215332,41.95831298828125
2003-12-10,1300600,47.349998474121094,45.279998779296875,47.939998626708984,45.15999984741211,40.371273040771484
2003-12-09,801400,48.9900016784668,47.349998474121094,49.04999923706055,47.31999969482422,42.21687698364258
2003-12-08,735400,48.279998779296875,48.650001525878906,48.709999084472656,47.90999984741211,43.37594985961914
2003-12-05,892200,47.04999923706055,48.939998626708984,49.13999938964844,47.04999923706055,43.63449478149414
2003-12-04,1239700,47.75,47.650001525878906,48.70000076293945,47.650001525878906,42.48435974121094
2003-12-03,635400,49.099998474121094,49.279998779296875,49.70000076293945,48.95000076293945,43.93764114379883
2003-12-02,1074500,49.38999938964844,49.400001525878906,49.95000076293945,48.86000061035156,44.04465103149414
2003-12-01,1211500,48.70000076293945,49.38999938964844,49.38999938964844,47.29999923706055,44.03572463989258
2003-11-28,429600,47.36000061035156,47.970001220703125,47.970001220703125,47.33000183105469,42.7696647644043
2003-11-26,1103500,46.25,46.79999923706055,47.2400016784668,46.150001525878906,41.726497650146484
2003-11-25,818900,44.70000076293945,45.97999954223633,46.04999923706055,44.650001525878906,40.99539566040039
2003-11-24,830600,45.150001525878906,45.119998931884766,45.2599983215332,44.70000076293945,40.2286262512207
2003-11-21,804300,45.599998474121094,45.75,46.0,45.349998474121094,40.79032897949219
2003-11-20,795200,46.099998474121094,45.58000183105469,46.099998474121094,45.380001068115234,40.63876724243164
2003-11-19,1287600,45.79999923706055,45.900001525878906,45.900001525878906,45.0,40.92406463623047
2003-11-18,1468400,43.84000015258789,46.0,46.0,43.83000183105469,41.01322555541992
2003-11-17,1652800,44.099998474121094,43.84000015258789,44.36000061035156,43.29999923706055,39.0873908996582
2003-11-14,1006900,44.0,44.5,44.650001525878906,44.0,39.67584228515625
2003-11-13,1891900,43.54999923706055,43.91999816894531,44.459999084472656,43.150001525878906,39.158714294433594
2003-11-12,1433800,41.279998779296875,43.43000030517578,43.43000030517578,41.099998474121094,38.721824645996094
2003-11-11,764900,41.0,40.79999923706055,41.459999084472656,40.40999984741211,36.37696075439453
2003-11-10,1150400,41.0,40.7599983215332,41.65999984741211,40.65999984741211,36.341285705566406
2003-11-07,1440100,39.0,41.099998474121094,41.099998474121094,38.84000015258789,36.6444206237793
2003-11-06,749100,39.70000076293945,39.27000045776367,39.779998779296875,38.900001525878906,35.012813568115234
2003-11-05,616300,39.59000015258789,39.880001068115234,40.20000076293945,39.529998779296875,35.556697845458984
2003-11-04,741600,39.25,39.54999923706055,39.90999984741211,39.0,35.2624626159668
2003-11-03,1301500,39.119998931884766,38.81999969482422,39.599998474121094,38.099998474121094,34.61158752441406
2003-10-31,823700,38.79999923706055,38.63999938964844,39.5,38.2599983215332,34.45111083984375
2003-10-30,1161500,39.810001373291016,38.540000915527344,40.20000076293945,38.36000061035156,34.36195373535156
2003-10-29,1287800,39.150001525878906,39.810001373291016,39.9900016784668,39.08000183105469,35.49427032470703
2003-10-28,759600,39.560001373291016,39.25,39.560001373291016,38.81999969482422,34.99497985839844
2003-10-27,796000,39.13999938964844,39.880001068115234,39.880001068115234,38.959999084472656,35.556697845458984
2003-10-24,1470500,39.20000076293945,39.68000030517578,39.869998931884766,39.099998474121094,35.37837219238281
2003-10-23,640000,38.900001525878906,38.599998474121094,38.95000076293945,38.310001373291016,34.41545104980469
2003-10-22,1003300,39.9900016784668,39.029998779296875,39.9900016784668,39.02000045776367,34.7988395690918
2003-10-21,1885800,37.900001525878906,39.470001220703125,39.470001220703125,37.849998474121094,35.19113540649414
2003-10-20,696300,37.650001525878906,37.5,37.79999923706055,37.439998626708984,33.4346923828125
2003-10-17,1062000,38.189998626708984,37.22999954223633,38.189998626708984,37.11000061035156,33.1939697265625
2003-10-16,1126600,37.33000183105469,38.20000076293945,38.61000061035156,37.33000183105469,34.05881881713867
2003-10-15,716500,37.400001525878906,37.31999969482422,38.150001525878906,37.16999816894531,33.274208068847656
2003-10-14,609700,37.61000061035156,37.540000915527344,38.08000183105469,37.5099983215332,33.47035598754883
2003-10-13,667200,36.779998779296875,37.81999969482422,38.0,36.560001373291016,33.72001647949219
2003-10-10,489500,37.400001525878906,36.900001525878906,37.47999954223633,36.900001525878906,32.899742126464844
2003-10-09,1201500,36.54999923706055,37.0099983215332,37.0099983215332,36.130001068115234,32.99781799316406
2003-10-08,809600,36.459999084472656,36.88999938964844,37.459999084472656,36.27000045776367,32.89081954956055
2003-10-07,959900,36.5,36.439998626708984,36.70000076293945,36.2599983215332,32.489601135253906
2003-10-06,1118000,36.20000076293945,36.04999923706055,36.47999954223633,35.83000183105469,32.14188766479492
2003-10-03,1925300,37.79999923706055,36.29999923706055,38.27000045776367,35.900001525878906,32.364784240722656
2003-10-02,833800,37.79999923706055,38.310001373291016,38.380001068115234,37.40999984741211,34.156890869140625
2003-10-01,927300,37.75,37.86000061035156,37.97999954223633,37.0099983215332,33.75567626953125
2003-09-30,1382400,38.38999938964844,37.70000076293945,39.20000076293945,37.70000076293945,33.613014221191406
2003-09-29,1251500,37.150001525878906,37.7400016784668,38.4900016784668,36.83000183105469,33.6486701965332
2003-09-26,1614900,38.27000045776367,36.95000076293945,38.400001525878906,36.79999923706055,32.94432067871094
2003-09-25,1686700,41.29999923706055,38.900001525878906,41.4900016784668,38.900001525878906,34.682926177978516
2003-09-24,788900,41.20000076293945,41.08000183105469,41.56999969482422,40.540000915527344,36.62660217285156
2003-09-23,1111000,40.38999938964844,41.38999938964844,41.38999938964844,40.029998779296875,36.90298843383789
2003-09-22,1088300,41.0,40.65999984741211,41.290000915527344,40.38999938964844,36.25212478637695
2003-09-19,1053500,39.52000045776367,40.04999923706055,40.7400016784668,39.45000076293945,35.7082633972168
2003-09-18,625300,39.970001220703125,39.29999923706055,40.38999938964844,39.04999923706055,35.03956604003906
2003-09-17,712900,38.849998474121094,39.41999816894531,39.540000915527344,38.810001373291016,35.146549224853516
2003-09-16,625400,38.75,38.779998779296875,38.900001525878906,38.060001373291016,34.575931549072266
2003-09-15,798700,39.08000183105469,38.59000015258789,39.189998626708984,38.59000015258789,34.40652847290039
2003-09-12,1083500,40.04999923706055,39.08000183105469,40.5,39.08000183105469,34.843406677246094
2003-09-11,1320700,39.29999923706055,39.97999954223633,40.0,38.31999969482422,35.645835876464844
2003-09-10,934300,39.970001220703125,39.0099983215332,39.970001220703125,39.0099983215332,34.7809944152832
2003-09-09,1555700,40.75,39.779998779296875,40.900001525878906,39.77000045776367,35.467529296875
2003-09-08,575900,39.599998474121094,39.529998779296875,39.630001068115234,39.0099983215332,35.2446174621582
2003-09-05,1117900,39.02000045776367,39.5099983215332,39.810001373291016,38.77000045776367,35.2267951965332
2003-09-04,870200,37.29999923706055,38.54999923706055,38.77000045776367,37.2599983215332,34.37086868286133
2003-09-03,941000,37.7599983215332,37.529998779296875,38.0,37.25,33.46144104003906
2003-09-02,982300,37.79999923706055,37.77000045776367,38.349998474121094,37.380001068115234,33.67543029785156
2003-08-29,849600,38.59000015258789,37.56999969482422,38.88999938964844,37.56999969482422,33.49710464477539
2003-08-28,565600,38.099998474121094,38.02000045776367,38.380001068115234,37.93000030517578,33.8983268737793
2003-08-27,1074700,37.220001220703125,38.400001525878906,38.439998626708984,37.220001220703125,34.23713684082031
2003-08-26,665000,35.79999923706055,36.45000076293945,36.45000076293945,35.79999923706055,32.49853515625
2003-08-25,782800,36.54999923706055,35.97999954223633,36.689998626708984,35.5,32.07948684692383
2003-08-22,855700,36.79999923706055,36.5,37.08000183105469,36.470001220703125,32.54310989379883
2003-08-21,1274200,38.439998626708984,36.939998626708984,38.439998626708984,36.91999816894531,32.93540954589844
2003-08-20,1199800,37.900001525878906,38.439998626708984,38.439998626708984,37.779998779296875,34.272789001464844
2003-08-19,1027700,37.02000045776367,38.02000045776367,38.02000045776367,36.70000076293945,33.447181701660156
2003-08-18,805600,36.75,36.9900016784668,37.209999084472656,36.599998474121094,32.54105758666992
2003-08-15,490200,37.209999084472656,37.29999923706055,37.599998474121094,37.11000061035156,32.81377410888672
2003-08-14,1335300,36.95000076293945,37.310001373291016,37.650001525878906,36.83000183105469,32.822574615478516
2003-08-13,1163700,36.27000045776367,36.599998474121094,36.88999938964844,35.7599983215332,32.19796371459961
2003-08-12,989900,36.189998626708984,36.279998779296875,36.56999969482422,35.91999816894531,31.916461944580078
2003-08-11,2150200,35.95000076293945,36.810001373291016,36.97999954223633,35.0,32.38271713256836
2003-08-08,1748000,33.61000061035156,35.34000015258789,35.34000015258789,33.400001525878906,31.089509963989258
2003-08-07,653000,33.560001373291016,33.599998474121094,33.66999816894531,33.0099983215332,29.558794021606445
2003-08-06,909000,32.689998626708984,33.56999969482422,33.56999969482422,32.52000045776367,29.53238868713379
2003-08-05,1124000,32.400001525878906,32.70000076293945,32.75,32.150001525878906,28.767032623291016
2003-08-04,591500,32.349998474121094,32.54999923706055,33.150001525878906,32.189998626708984,28.63507652282715
2003-08-01,1134700,32.099998474121094,32.150001525878906,32.790000915527344,31.850000381469727,28.283185958862305
2003-07-31,542200,32.9900016784668,33.029998779296875,33.4900016784668,32.66999816894531,29.057344436645508
2003-07-30,433500,32.88999938964844,33.29999923706055,33.29999923706055,32.7599983215332,29.29487419128418
2003-07-29,741500,33.2400016784668,33.209999084472656,33.689998626708984,33.099998474121094,29.215696334838867
2003-07-28,723300,34.599998474121094,34.16999816894531,34.709999084472656,33.560001373291016,30.060232162475586
2003-07-25,857500,34.439998626708984,34.619998931884766,34.619998931884766,33.70000076293945,30.456113815307617
2003-07-24,1449400,33.4900016784668,34.61000061035156,34.61000061035156,33.31999969482422,30.44731330871582
2003-07-23,1480000,32.31999969482422,33.7400016784668,33.7400016784668,32.31999969482422,29.68195343017578
2003-07-22,769100,31.950000762939453,32.08000183105469,32.13999938964844,31.6299991607666,28.221609115600586
2003-07-21,1095600,30.93000030517578,32.18000030517578,32.4900016784668,30.860000610351562,28.309581756591797
2003-07-18,808300,30.6299991607666,30.700000762939453,30.700000762939453,30.399999618530273,27.007583618164062
2003-07-17,512700,30.399999618530273,30.6200008392334,30.899999618530273,30.25,26.93720817565918
2003-07-16,1431300,30.59000015258789,30.020000457763672,30.700000762939453,29.889999389648438,26.40937614440918
2003-07-15,895700,32.79999923706055,30.770000457763672,32.88999938964844,30.770000457763672,27.069168090820312
2003-07-14,514700,32.81999969482422,32.7400016784668,33.13999938964844,32.54999923706055,28.802230834960938
2003-07-11,511400,31.860000610351562,32.20000076293945,32.33000183105469,31.75,28.32717514038086
2003-07-10,692700,31.350000381469727,31.860000610351562,32.25,31.299999237060547,28.028066635131836
2003-07-09,373400,31.5,31.139999389648438,31.700000762939453,31.1299991607666,27.394662857055664
2003-07-08,635800,31.709999084472656,31.25,32.02000045776367,31.200000762939453,27.49143409729004
2003-07-07,749900,32.0,31.979999542236328,32.099998474121094,31.65999984741211,28.133634567260742
2003-07-03,284200,32.970001220703125,32.5,33.09000015258789,32.5,28.591096878051758
2003-07-02,696100,33.27000045776367,32.9900016784668,33.59000015258789,32.790000915527344,29.022159576416016
2003-07-01,835300,32.38999938964844,33.27000045776367,33.279998779296875,32.220001220703125,29.26848602294922
2003-06-30,547300,31.0,31.899999618530273,32.0,30.920000076293945,28.063255310058594
2003-06-27,441400,31.0,31.059999465942383,31.309999465942383,30.81999969482422,27.324289321899414
2003-06-26,440400,30.65999984741211,31.190000534057617,31.190000534057617,30.600000381469727,27.43865394592285
2003-06-25,572400,30.75,30.8700008392334,31.399999618530273,30.729999542236328,27.157140731811523
2003-06-24,820400,31.399999618530273,30.670000076293945,31.399999618530273,30.559999465942383,26.981197357177734
2003-06-23,630900,31.989999771118164,31.399999618530273,32.150001525878906,31.399999618530273,27.623390197753906
2003-06-20,755300,32.59000015258789,32.150001525878906,32.84000015258789,32.029998779296875,28.283185958862305
2003-06-19,948200,33.38999938964844,32.970001220703125,33.560001373291016,32.75,29.004562377929688
2003-06-18,628900,32.68000030517578,32.7599983215332,32.95000076293945,32.349998474121094,28.819822311401367
2003-06-17,1274300,31.950000762939453,33.099998474121094,33.20000076293945,31.729999542236328,29.118928909301758
2003-06-16,723400,31.639999389648438,31.959999084472656,31.959999084472656,31.360000610351562,28.11604118347168
2003-06-13,959900,30.579999923706055,31.34000015258789,31.770000457763672,30.469999313354492,27.57061004638672
2003-06-12,561600,30.459999084472656,30.479999542236328,30.8700008392334,30.219999313354492,26.814048767089844
2003-06-11,539900,30.3700008392334,30.360000610351562,30.59000015258789,30.170000076293945,26.70848274230957
2003-06-10,870300,30.190000534057617,30.360000610351562,30.399999618530273,29.770000457763672,26.70848274230957
2003-06-09,578300,30.780000686645508,30.450000762939453,31.0,30.450000762939453,26.787654876708984
2003-06-06,761600,30.649999618530273,30.59000015258789,31.239999771118164,30.299999237060547,26.910812377929688
2003-06-05,1482900,30.200000762939453,30.959999084472656,31.200000762939453,29.899999618530273,27.23631477355957
2003-06-04,724300,29.360000610351562,29.600000381469727,29.770000457763672,29.299999237060547,26.039888381958008
2003-06-03,671300,29.489999771118164,29.219999313354492,29.600000381469727,29.15999984741211,25.705589294433594
2003-06-02,680200,28.260000228881836,29.200000762939453,29.489999771118164,28.260000228881836,25.68800163269043
2003-05-30,897300,28.56999969482422,29.1200008392334,29.1200008392334,28.149999618530273,25.61762237548828
2003-05-29,1353800,28.5,29.09000015258789,29.3799991607666,28.5,25.591230392456055
2003-05-28,1764500,28.899999618530273,28.889999389648438,29.920000076293945,28.8799991607666,25.415279388427734
2003-05-27,812000,30.399999618530273,30.149999618530273,30.690000534057617,29.739999771118164,26.523731231689453
2003-05-23,606900,30.299999237060547,29.90999984741211,30.299999237060547,29.899999618530273,26.312606811523438
2003-05-22,1172000,30.889999389648438,29.920000076293945,30.889999389648438,29.8700008392334,26.321401596069336
2003-05-21,1299600,30.299999237060547,30.899999618530273,30.90999984741211,30.229999542236328,27.18353271484375
2003-05-20,872500,30.860000610351562,30.670000076293945,30.860000610351562,30.229999542236328,26.981197357177734
2003-05-19,1533700,30.399999618530273,30.68000030517578,31.0,30.059999465942383,26.989990234375
2003-05-16,1465000,30.399999618530273,29.649999618530273,30.600000381469727,29.649999618530273,26.083873748779297
2003-05-15,573100,30.709999084472656,30.6299991607666,31.0,30.31999969482422,26.945999145507812
2003-05-14,904400,30.75,30.1299991607666,31.0,30.100000381469727,26.506141662597656
2003-05-13,554800,31.020000457763672,30.520000457763672,31.3799991607666,30.399999618530273,26.8492374420166
2003-05-12,678100,31.110000610351562,31.350000381469727,31.450000762939453,31.010000228881836,27.579408645629883
2003-05-09,588100,30.850000381469727,30.889999389648438,30.979999542236328,30.149999618530273,27.17473030090332
2003-05-08,719900,30.959999084472656,31.020000457763672,31.25,30.600000381469727,27.289094924926758
2003-05-07,1085100,30.84000015258789,30.610000610351562,30.969999313354492,30.389999389648438,26.928415298461914
2003-05-06,666100,30.290000915527344,30.549999237060547,30.700000762939453,29.850000381469727,26.875627517700195
2003-05-05,595000,29.75,30.290000915527344,30.299999237060547,29.6299991607666,26.646900177001953
2003-05-02,686400,29.649999618530273,29.239999771118164,29.8700008392334,29.0,25.723186492919922
2003-05-01,671700,28.200000762939453,29.31999969482422,29.59000015258789,28.200000762939453,25.793556213378906
2003-04-30,1021400,28.260000228881836,28.219999313354492,28.84000015258789,27.950000762939453,24.825862884521484
2003-04-29,828200,28.299999237060547,27.940000534057617,28.299999237060547,27.700000762939453,24.579538345336914
2003-04-28,574400,28.450000762939453,28.56999969482422,28.850000381469727,28.229999542236328,25.133769989013672
2003-04-25,499200,28.799999237060547,28.3799991607666,29.1299991607666,28.25,24.966615676879883
2003-04-24,1076500,31.09000015258789,28.56999969482422,31.09000015258789,28.520000457763672,25.133769989013672
2003-04-23,1015900,30.100000381469727,30.100000381469727,30.700000762939453,29.959999084472656,26.479751586914062
2003-04-22,694700,30.0,29.65999984741211,30.139999389648438,29.399999618530273,26.092670440673828
2003-04-21,648300,29.020000457763672,29.75,29.760000228881836,28.899999618530273,26.17184829711914
2003-04-17,863600,28.899999618530273,28.719999313354492,29.280000686645508,28.639999389648438,25.265727996826172
2003-04-16,682800,28.350000381469727,28.65999984741211,28.950000762939453,28.1200008392334,25.21295166015625
2003-04-15,578000,28.149999618530273,28.549999237060547,28.639999389648438,27.90999984741211,25.11617660522461
2003-04-14,324500,28.0,27.989999771118164,28.200000762939453,27.809999465942383,24.6235294342041
2003-04-11,832800,27.889999389648438,28.09000015258789,28.479999542236328,27.729999542236328,24.711502075195312
2003-04-10,1069200,28.149999618530273,28.06999969482422,28.389999389648438,27.860000610351562,24.69390869140625
2003-04-09,1490600,27.690000534057617,28.299999237060547,28.34000015258789,27.399999618530273,24.896244049072266
2003-04-08,1348200,27.5,27.700000762939453,27.75,27.219999313354492,24.368408203125
2003-04-07,1669600,27.6299991607666,27.5,27.639999389648438,27.3799991607666,24.192459106445312
2003-04-04,926800,27.950000762939453,28.649999618530273,28.850000381469727,27.81999969482422,25.204145431518555
2003-04-03,969300,28.200000762939453,28.5,28.6200008392334,28.200000762939453,25.07219123840332
2003-04-02,978800,29.059999465942383,28.950000762939453,29.059999465942383,28.65999984741211,25.468069076538086
2003-04-01,775700,29.639999389648438,29.489999771118164,29.899999618530273,29.34000015258789,25.943119049072266
2003-03-31,1228500,29.8700008392334,30.18000030517578,30.520000457763672,29.56999969482422,26.55013084411621
2003-03-28,1344600,27.100000381469727,29.690000534057617,29.690000534057617,27.100000381469727,26.119064331054688
2003-03-27,1207600,28.469999313354492,27.399999618530273,28.639999389648438,27.399999618530273,24.10448455810547
2003-03-26,434300,29.25,29.290000915527344,29.3700008392334,28.8799991607666,25.767173767089844
2003-03-25,769900,29.06999969482422,29.399999618530273,29.489999771118164,29.0,25.863935470581055
2003-03-24,852300,29.200000762939453,28.65999984741211,29.450000762939453,28.65999984741211,25.21295166015625
2003-03-21,1275700,29.06999969482422,28.299999237060547,29.229999542236328,27.90999984741211,24.896244049072266
2003-03-20,640600,30.0,29.190000534057617,30.34000015258789,29.1200008392334,25.679197311401367
2003-03-19,621800,29.959999084472656,30.25,30.399999618530273,29.68000030517578,26.611709594726562
2003-03-18,635500,29.950000762939453,29.81999969482422,30.09000015258789,29.309999465942383,26.233423233032227
2003-03-17,863800,30.899999618530273,29.739999771118164,30.959999084472656,29.459999084472656,26.163049697875977
2003-03-14,741400,29.200000762939453,30.190000534057617,30.350000381469727,29.1200008392334,26.55892562866211
2003-03-13,1267000,28.450000762939453,29.209999084472656,29.59000015258789,28.25,25.696788787841797
2003-03-12,1078600,27.440000534057617,28.299999237060547,28.56999969482422,27.399999618530273,24.896244049072266
2003-03-11,1188400,29.0,27.5,29.190000534057617,27.5,24.192459106445312
2003-03-10,1305200,30.600000381469727,29.15999984741211,30.950000762939453,28.899999618530273,25.652807235717773
2003-03-07,985300,32.0,30.399999618530273,32.0,30.399999618530273,26.743667602539062
2003-03-06,535800,32.060001373291016,31.6299991607666,32.290000915527344,31.610000610351562,27.825727462768555
2003-03-05,474100,31.950000762939453,32.189998626708984,32.27000045776367,31.700000762939453,28.318378448486328
2003-03-04,588200,32.0,31.75,32.290000915527344,31.65999984741211,27.93130111694336
2003-03-03,967400,31.899999618530273,31.700000762939453,32.380001068115234,31.510000228881836,27.88730812072754
2003-02-28,923700,31.459999084472656,32.52000045776367,32.790000915527344,31.309999465942383,28.608684539794922
2003-02-27,1076500,31.610000610351562,31.6299991607666,31.969999313354492,30.809999465942383,27.825727462768555
2003-02-26,1295300,31.989999771118164,31.510000228881836,32.040000915527344,31.260000228881836,27.720163345336914
2003-02-25,1281600,32.4900016784668,32.0,32.75,31.829999923706055,28.151229858398438
2003-02-24,897900,32.91999816894531,32.27000045776367,33.0,32.209999084472656,28.388750076293945
2003-02-21,1254800,33.779998779296875,32.11000061035156,33.779998779296875,32.11000061035156,28.24799919128418
2003-02-20,908500,33.400001525878906,33.209999084472656,33.66999816894531,33.20000076293945,29.215696334838867
2003-02-19,1119700,32.25,32.849998474121094,32.9900016784668,32.150001525878906,28.898998260498047
2003-02-18,1010300,32.189998626708984,32.79999923706055,32.79999923706055,31.950000762939453,28.155014038085938
2003-02-14,1047800,32.970001220703125,32.31999969482422,33.189998626708984,31.799999237060547,27.74298667907715
2003-02-13,1275600,32.220001220703125,33.08000183105469,33.56999969482422,32.0,28.39535903930664
2003-02-12,1800200,32.70000076293945,31.65999984741211,33.09000015258789,31.600000381469727,27.176450729370117
2003-02-11,1405500,31.610000610351562,33.34000015258789,33.689998626708984,31.600000381469727,28.61854362487793
2003-02-10,1411800,32.5,31.829999923706055,32.880001068115234,31.81999969482422,27.322383880615234
2003-02-07,1726500,33.20000076293945,32.86000061035156,34.16999816894531,32.5,28.206512451171875
2003-02-06,1117700,34.650001525878906,34.099998474121094,35.5,33.86000061035156,29.27091407775879
2003-02-05,2436200,36.380001068115234,34.25,36.7599983215332,34.150001525878906,29.399673461914062
2003-02-04,1889100,36.0099983215332,36.439998626708984,37.31999969482422,35.709999084472656,31.279525756835938
2003-02-03,823500,35.099998474121094,34.849998474121094,35.209999084472656,34.63999938964844,29.914695739746094
2003-01-31,1130600,35.90999984741211,35.31999969482422,36.06999969482422,34.79999923706055,30.318138122558594
2003-01-30,1608800,35.0099983215332,36.34000015258789,36.45000076293945,35.0099983215332,31.19369125366211
2003-01-29,1166700,36.900001525878906,36.25,37.11000061035156,36.040000915527344,31.116445541381836
2003-01-28,1565100,36.63999938964844,36.900001525878906,37.099998474121094,36.189998626708984,31.674392700195312
2003-01-27,1727600,38.34000015258789,37.369998931884766,38.689998626708984,37.20000076293945,32.07782745361328
2003-01-24,2313900,36.939998626708984,38.349998474121094,38.5,36.83000183105469,32.91904067993164
2003-01-23,1834900,36.0,36.70000076293945,36.779998779296875,35.75,31.50271224975586
2003-01-22,1031200,34.70000076293945,35.349998474121094,35.59000015258789,34.70000076293945,30.343881607055664
2003-01-21,881900,33.900001525878906,34.619998931884766,35.099998474121094,33.900001525878906,29.717269897460938
2003-01-17,1386100,35.099998474121094,34.689998626708984,35.5099983215332,34.380001068115234,29.77735710144043
2003-01-16,1341800,34.2400016784668,35.09000015258789,35.4900016784668,34.0099983215332,30.120718002319336
2003-01-15,1063000,33.61000061035156,34.0099983215332,34.86000061035156,33.61000061035156,29.193653106689453
2003-01-14,1526500,35.720001220703125,34.220001220703125,35.97999954223633,34.20000076293945,29.373916625976562
2003-01-13,863200,35.7599983215332,35.5099983215332,36.31999969482422,35.349998474121094,30.481229782104492
2003-01-10,972000,35.0099983215332,35.75,35.93000030517578,34.63999938964844,30.68724250793457
2003-01-09,1150600,35.310001373291016,34.95000076293945,35.31999969482422,34.5,30.00053596496582
2003-01-08,1657900,34.65999984741211,35.5,35.790000915527344,34.22999954223633,30.472652435302734
2003-01-07,996700,35.04999923706055,34.59000015258789,35.470001220703125,34.459999084472656,29.69152069091797
2003-01-06,1517600,36.97999954223633,35.2599983215332,36.97999954223633,35.150001525878906,30.266637802124023
2003-01-03,1294900,34.86000061035156,35.810001373291016,36.47999954223633,34.619998931884766,30.738754272460938
2003-01-02,904600,33.810001373291016,34.869998931884766,34.900001525878906,33.79999923706055,29.93186378479004
2002-12-31,693300,34.84000015258789,34.2599983215332,35.099998474121094,34.2599983215332,29.40825080871582
2002-12-30,1921600,34.810001373291016,34.84000015258789,35.130001068115234,34.119998931884766,29.90611457824707
2002-12-27,1188800,34.29999923706055,34.810001373291016,35.33000183105469,34.20000076293945,29.880369186401367
2002-12-26,915300,33.220001220703125,34.54999923706055,34.54999923706055,33.209999084472656,29.657182693481445
2002-12-24,396800,33.9900016784668,33.209999084472656,33.9900016784668,33.20000076293945,28.506940841674805
2002-12-23,819500,32.529998779296875,33.75,33.849998474121094,32.5,28.970483779907227
2002-12-20,1065100,32.040000915527344,32.20000076293945,32.54999923706055,31.309999465942383,27.639982223510742
2002-12-19,1486200,32.9900016784668,32.040000915527344,33.38999938964844,31.780000686645508,27.502639770507812
2002-12-18,1909700,31.709999084472656,33.0,33.0,31.5,28.326690673828125
2002-12-17,1909800,34.150001525878906,31.81999969482422,34.20000076293945,31.700000762939453,27.31379508972168
2002-12-16,1193800,33.95000076293945,34.15999984741211,34.2400016784668,33.2400016784668,29.322416305541992
2002-12-13,2156800,32.66999816894531,33.9900016784668,34.11000061035156,32.459999084472656,29.176494598388672
2002-12-12,2107900,29.979999542236328,32.66999816894531,32.72999954223633,29.850000381469727,28.043418884277344
2002-12-11,794300,29.969999313354492,30.049999237060547,30.389999389648438,29.440000534057617,25.794450759887695
2002-12-10,1175900,31.31999969482422,29.81999969482422,31.329999923706055,29.799999237060547,25.59702491760254
2002-12-09,1017300,31.489999771118164,31.31999969482422,31.639999389648438,30.90999984741211,26.88460350036621
2002-12-06,1147500,29.899999618530273,30.950000762939453,30.989999771118164,29.81999969482422,26.56700325012207
2002-12-05,607000,28.989999771118164,29.549999237060547,29.709999084472656,28.65999984741211,25.36526107788086
2002-12-04,979200,29.440000534057617,29.200000762939453,29.450000762939453,28.40999984741211,25.064834594726562
2002-12-03,998600,27.25,28.799999237060547,28.940000534057617,27.15999984741211,24.72146987915039
2002-12-02,546100,26.15999984741211,26.799999237060547,26.799999237060547,26.149999618530273,23.00470733642578
2002-11-29,205900,26.5,26.610000610351562,26.889999389648438,26.25,22.84161376953125
2002-11-27,438900,26.760000228881836,26.559999465942383,27.350000381469727,26.1200008392334,22.79869270324707
2002-11-26,465600,26.06999969482422,26.6200008392334,26.75,26.059999465942383,22.850194931030273
2002-11-25,543100,26.690000534057617,26.3700008392334,26.770000457763672,26.299999237060547,22.635604858398438
2002-11-22,892300,27.049999237060547,26.899999618530273,27.65999984741211,26.700000762939453,23.09054183959961
2002-11-21,615100,28.059999465942383,27.40999984741211,28.3700008392334,27.110000610351562,23.528316497802734
2002-11-20,509400,28.549999237060547,28.229999542236328,28.649999618530273,28.110000610351562,24.232192993164062
2002-11-19,486000,29.75,28.479999542236328,29.81999969482422,28.479999542236328,24.44678497314453
2002-11-18,445200,29.850000381469727,29.399999618530273,29.8700008392334,29.360000610351562,25.23650360107422
2002-11-15,508500,28.65999984741211,29.850000381469727,29.850000381469727,28.65999984741211,25.62277603149414
2002-11-14,456000,28.5,28.520000457763672,28.950000762939453,28.350000381469727,24.48112678527832
2002-11-13,756800,29.100000381469727,27.90999984741211,29.25,27.549999237060547,23.957515716552734
2002-11-12,680300,28.1200008392334,28.6200008392334,28.68000030517578,27.950000762939453,24.56696891784668
2002-11-11,407100,28.799999237060547,28.309999465942383,28.84000015258789,27.799999237060547,24.30086326599121
2002-11-08,532400,28.639999389648438,28.790000915527344,29.3700008392334,28.450000762939453,24.712894439697266
2002-11-07,581100,28.479999542236328,28.639999389648438,28.829999923706055,27.920000076293945,24.584131240844727
2002-11-06,552000,27.170000076293945,28.350000381469727,28.399999618530273,27.170000076293945,24.335203170776367
2002-11-05,365700,27.989999771118164,27.360000610351562,28.0,27.1200008392334,23.485401153564453
2002-11-04,489700,26.899999618530273,27.920000076293945,27.920000076293945,26.790000915527344,23.966093063354492
2002-11-01,910700,26.75,27.15999984741211,27.290000915527344,26.559999465942383,23.313722610473633
2002-10-31,414100,25.670000076293945,25.170000076293945,26.100000381469727,25.15999984741211,21.605539321899414
2002-10-30,448200,25.40999984741211,25.670000076293945,25.8700008392334,25.260000228881836,22.034727096557617
2002-10-29,1066700,24.989999771118164,25.350000381469727,26.190000534057617,24.959999084472656,21.760047912597656
2002-10-28,406600,24.3799991607666,24.559999465942383,24.84000015258789,24.209999084472656,21.081920623779297
2002-10-25,251000,24.290000915527344,23.899999618530273,24.489999771118164,23.899999618530273,20.51538848876953
2002-10-24,465400,23.260000228881836,23.8799991607666,24.309999465942383,23.18000030517578,20.498218536376953
2002-10-23,478000,24.649999618530273,23.809999465942383,24.670000076293945,23.700000762939453,20.43813705444336
2002-10-22,807100,24.0,24.719999313354492,24.719999313354492,23.5,21.21926498413086
2002-10-21,392400,23.510000228881836,23.649999618530273,23.889999389648438,23.40999984741211,20.300796508789062
2002-10-18,525300,23.8799991607666,23.5,23.959999084472656,23.309999465942383,20.172035217285156
2002-10-17,723900,23.010000228881836,23.790000915527344,23.8700008392334,23.0,20.420970916748047
2002-10-16,869600,24.489999771118164,23.809999465942383,24.81999969482422,23.809999465942383,20.43813705444336
2002-10-15,744400,25.100000381469727,24.09000015258789,25.100000381469727,23.600000381469727,20.678482055664062
2002-10-14,547800,25.25,25.09000015258789,25.469999313354492,25.09000015258789,21.536869049072266
2002-10-11,654100,23.600000381469727,24.979999542236328,24.979999542236328,23.399999618530273,21.442445755004883
2002-10-10,1148700,24.020000457763672,23.700000762939453,24.100000381469727,22.5,20.343711853027344
2002-10-09,542300,24.010000228881836,23.760000228881836,24.950000762939453,23.760000228881836,20.395217895507812
2002-10-08,759000,25.229999542236328,24.09000015258789,25.229999542236328,23.739999771118164,20.678482055664062
2002-10-07,452600,26.790000915527344,25.809999465942383,26.790000915527344,25.399999618530273,22.1549072265625
2002-10-04,589200,25.899999618530273,26.799999237060547,27.149999618530273,25.829999923706055,23.00470733642578
2002-10-03,408600,26.200000762939453,26.0,26.68000030517578,25.770000457763672,22.317996978759766
2002-10-02,788600,26.219999313354492,25.850000381469727,26.68000030517578,25.850000381469727,22.189239501953125
2002-10-01,639200,26.559999465942383,26.0,26.989999771118164,26.0,22.317996978759766
2002-09-30,688600,27.299999237060547,26.649999618530273,27.5,26.6299991607666,22.87594985961914
2002-09-27,619200,26.18000030517578,25.950000762939453,26.969999313354492,25.920000076293945,22.27507781982422
2002-09-26,1191100,26.43000030517578,26.170000076293945,26.670000076293945,25.350000381469727,22.46392250061035
2002-09-25,1005100,28.040000915527344,26.93000030517578,28.25,26.579999923706055,23.116291046142578
2002-09-24,1034900,28.360000610351562,28.450000762939453,28.899999618530273,27.5,24.421043395996094
2002-09-23,828400,28.440000534057617,27.780000686645508,28.649999618530273,27.770000457763672,23.845924377441406
2002-09-20,1337200,27.530000686645508,28.200000762939453,28.440000534057617,27.40999984741211,24.206443786621094
2002-09-19,720300,27.600000381469727,28.40999984741211,28.549999237060547,26.940000534057617,24.386699676513672
2002-09-18,1278300,27.790000915527344,27.030000686645508,28.149999618530273,26.549999237060547,23.202131271362305
2002-09-17,1312200,26.899999618530273,27.260000228881836,28.049999237060547,26.829999923706055,23.399560928344727
2002-09-16,1064800,27.479999542236328,28.510000228881836,28.989999771118164,27.270000457763672,24.472543716430664
2002-09-13,1309500,27.440000534057617,27.899999618530273,27.899999618530273,26.950000762939453,23.948928833007812
2002-09-12,1781000,25.59000015258789,27.479999542236328,27.5,25.510000228881836,23.588409423828125
2002-09-11,535900,24.799999237060547,25.510000228881836,25.940000534057617,24.75,21.89738655090332
2002-09-10,1274000,26.399999618530273,25.25,26.40999984741211,25.100000381469727,21.674205780029297
2002-09-09,2021400,26.0,27.09000015258789,27.299999237060547,25.860000610351562,23.25363540649414
2002-09-06,1246200,24.479999542236328,25.200000762939453,25.360000610351562,24.25,21.631290435791016
2002-09-05,912200,23.760000228881836,24.479999542236328,24.600000381469727,23.75,21.01325225830078
2002-09-04,790400,23.25,22.950000762939453,23.5,22.920000076293945,19.69992446899414
2002-09-03,792000,23.399999618530273,23.3700008392334,23.549999237060547,23.020000457763672,20.060449600219727
2002-08-30,387900,23.440000534057617,23.219999313354492,23.799999237060547,23.219999313354492,19.931686401367188
2002-08-29,755400,22.940000534057617,23.510000228881836,23.510000228881836,22.670000076293945,20.18061637878418
2002-08-28,534300,22.850000381469727,22.899999618530273,22.899999618530273,22.270000457763672,19.657005310058594
2002-08-27,506300,22.200000762939453,22.979999542236328,23.170000076293945,22.139999389648438,19.725679397583008
2002-08-26,524800,21.549999237060547,22.350000381469727,22.350000381469727,21.540000915527344,19.184892654418945
2002-08-23,407600,21.979999542236328,21.1299991607666,22.200000762939453,21.1299991607666,18.137664794921875
2002-08-22,844500,21.0,22.049999237060547,22.06999969482422,20.84000015258789,18.92737579345703
2002-08-21,504000,21.43000030517578,21.31999969482422,21.510000228881836,20.399999618530273,18.300762176513672
2002-08-20,640200,21.850000381469727,22.100000381469727,22.649999618530273,21.850000381469727,18.40401840209961
2002-08-19,661500,22.690000534057617,22.15999984741211,22.889999389648438,21.299999237060547,18.453983306884766
2002-08-16,479000,23.979999542236328,22.700000762939453,23.979999542236328,22.700000762939453,18.903682708740234
2002-08-15,513100,22.940000534057617,23.700000762939453,23.899999618530273,22.540000915527344,19.73644256591797
2002-08-14,608700,23.489999771118164,22.899999618530273,23.559999465942383,22.260000228881836,19.070232391357422
2002-08-13,351200,22.760000228881836,23.049999237060547,23.209999084472656,22.540000915527344,19.195140838623047
2002-08-12,516900,23.90999984741211,22.65999984741211,24.040000915527344,22.65999984741211,18.870370864868164
2002-08-09,743600,22.399999618530273,23.65999984741211,24.200000762939453,22.399999618530273,19.703134536743164
2002-08-08,438800,22.799999237060547,22.020000457763672,22.799999237060547,21.799999237060547,18.337400436401367
2002-08-07,1084700,23.3700008392334,22.5,23.549999237060547,22.059999465942383,18.73712921142578
2002-08-06,837400,20.459999084472656,21.8799991607666,21.8799991607666,20.450000762939453,18.22081756591797
2002-08-05,734000,22.739999771118164,20.399999618530273,22.860000610351562,20.3799991607666,16.98832893371582
2002-08-02,631400,22.149999618530273,22.25,22.540000915527344,21.700000762939453,18.528932571411133
2002-08-01,831200,20.979999542236328,22.209999084472656,22.209999084472656,20.450000762939453,18.495624542236328
2002-07-31,876400,22.450000762939453,21.0,22.489999771118164,20.799999237060547,17.48798370361328
2002-07-30,1044300,22.34000015258789,22.260000228881836,22.899999618530273,21.6299991607666,18.537263870239258
2002-07-29,1013400,20.25,21.959999084472656,22.1200008392334,20.1299991607666,18.28743553161621
2002-07-26,1547600,20.889999389648438,20.760000228881836,20.899999618530273,19.75,17.288124084472656
2002-07-25,812800,23.09000015258789,21.649999618530273,23.09000015258789,21.649999618530273,18.02927589416504
2002-07-24,1388200,20.799999237060547,23.360000610351562,23.360000610351562,20.5,19.45330047607422
2002-07-23,1487200,24.860000610351562,22.229999542236328,24.860000610351562,21.799999237060547,18.51228141784668
2002-07-22,902300,27.1200008392334,25.459999084472656,27.18000030517578,25.299999237060547,21.202096939086914
2002-07-19,1175800,28.239999771118164,27.700000762939453,28.239999771118164,26.010000228881836,23.067485809326172
2002-07-18,592300,26.8799991607666,26.799999237060547,27.049999237060547,26.489999771118164,22.317996978759766
2002-07-17,600000,26.950000762939453,26.579999923706055,27.5,26.420000076293945,22.13479232788086
2002-07-16,627200,27.59000015258789,27.350000381469727,28.100000381469727,27.229999542236328,22.77602195739746
2002-07-15,1546800,28.979999542236328,27.600000381469727,29.239999771118164,27.0,22.98421287536621
2002-07-12,714000,28.389999389648438,29.079999923706055,29.5,27.6200008392334,24.21669578552246
2002-07-11,1280200,28.969999313354492,28.209999084472656,30.200000762939453,28.059999465942383,23.492191314697266
2002-07-10,1382700,28.15999984741211,29.3700008392334,29.399999618530273,27.799999237060547,24.45819854736328
2002-07-09,890500,27.110000610351562,28.790000915527344,28.84000015258789,27.110000610351562,23.975196838378906
2002-07-08,583300,25.860000610351562,26.700000762939453,26.940000534057617,25.709999084472656,22.234725952148438
2002-07-05,182400,25.829999923706055,25.65999984741211,26.200000762939453,25.65999984741211,21.3686580657959
2002-07-03,677800,25.6200008392334,26.25,26.600000381469727,25.600000381469727,21.85997772216797
2002-07-02,1396800,27.280000686645508,25.469999313354492,28.0,25.469999313354492,21.210430145263672
2002-07-01,771100,26.149999618530273,27.59000015258789,27.59000015258789,26.049999237060547,22.97587776184082
2002-06-28,1268700,26.5,26.079999923706055,26.889999389648438,25.510000228881836,21.718408584594727
2002-06-27,1342300,27.350000381469727,26.1299991607666,27.850000381469727,25.950000762939453,21.76004981994629
2002-06-26,1233400,29.729999542236328,27.899999618530273,29.739999771118164,27.899999618530273,23.23403549194336
2002-06-25,794000,28.59000015258789,28.690000534057617,28.860000610351562,27.530000686645508,23.891918182373047
2002-06-24,1180600,29.440000534057617,28.700000762939453,30.5,28.110000610351562,23.900245666503906
2002-06-21,874200,29.389999389648438,28.84000015258789,29.489999771118164,28.399999618530273,24.016834259033203
2002-06-20,1159500,28.739999771118164,29.59000015258789,29.59000015258789,28.309999465942383,24.64139747619629
2002-06-19,888000,29.0,28.399999618530273,29.75,28.31999969482422,23.650415420532227
2002-06-18,660800,28.010000228881836,29.5,29.5,27.899999618530273,24.566457748413086
2002-06-17,585100,29.290000915527344,27.600000381469727,29.299999237060547,27.600000381469727,22.98421287536621
2002-06-14,660000,29.049999237060547,29.549999237060547,30.469999313354492,28.510000228881836,24.608091354370117
2002-06-13,711900,29.270000457763672,28.520000457763672,29.549999237060547,28.5,23.750350952148438
2002-06-12,1308800,29.649999618530273,29.270000457763672,30.389999389648438,29.010000228881836,24.37491798400879
2002-06-11,1922100,27.75,29.399999618530273,29.399999618530273,27.100000381469727,24.483179092407227
2002-06-10,1314900,28.75,28.229999542236328,29.450000762939453,28.110000610351562,23.508848190307617
2002-06-07,1215900,31.969999313354492,29.3700008392334,32.13999938964844,29.309999465942383,24.45819854736328
2002-06-06,936200,31.309999465942383,31.729999542236328,32.13999938964844,31.309999465942383,26.423507690429688
2002-06-05,1042700,31.3700008392334,31.700000762939453,32.18000030517578,31.049999237060547,26.398529052734375
2002-06-04,1440100,34.400001525878906,33.349998474121094,34.65999984741211,33.25,27.7725830078125
2002-06-03,1058300,31.739999771118164,33.83000183105469,33.91999816894531,31.739999771118164,28.172311782836914
2002-05-31,1257300,32.599998474121094,32.060001373291016,32.79999923706055,30.600000381469727,26.69832420349121
2002-05-30,1196100,33.70000076293945,31.760000228881836,33.709999084472656,31.760000228881836,26.448497772216797
2002-05-29,1348500,34.290000915527344,33.119998931884766,34.58000183105469,33.060001373291016,27.58104705810547
2002-05-28,1464200,32.709999084472656,34.290000915527344,34.29999923706055,32.040000915527344,28.555381774902344
2002-05-24,855000,33.88999938964844,32.65999984741211,33.88999938964844,32.61000061035156,27.197978973388672
2002-05-23,1535800,32.13999938964844,32.95000076293945,33.290000915527344,31.639999389648438,27.439483642578125
2002-05-22,1819000,33.29999923706055,32.25,33.54999923706055,32.099998474121094,26.856552124023438
2002-05-21,1427800,31.979999542236328,32.439998626708984,32.540000915527344,31.649999618530273,27.014772415161133
2002-05-20,1501500,30.799999237060547,31.639999389648438,32.2599983215332,30.610000610351562,26.348562240600586
2002-05-17,906700,29.34000015258789,30.950000762939453,30.950000762939453,29.209999084472656,25.773962020874023
2002-05-16,750000,28.8799991607666,29.079999923706055,29.389999389648438,28.799999237060547,24.21669578552246
2002-05-15,668500,28.790000915527344,28.299999237060547,29.280000686645508,28.25,23.56714630126953
2002-05-14,1234200,29.100000381469727,28.780000686645508,29.440000534057617,28.68000030517578,23.966869354248047
2002-05-13,759200,29.170000076293945,29.950000762939453,30.049999237060547,28.600000381469727,24.94120216369629
2002-05-10,735900,29.15999984741211,29.5,29.6299991607666,28.760000228881836,24.566457748413086
2002-05-09,715500,28.540000915527344,29.200000762939453,29.3700008392334,28.1200008392334,24.316627502441406
2002-05-08,1672100,29.75,28.56999969482422,29.899999618530273,28.479999542236328,23.791982650756836
2002-05-07,1311300,30.290000915527344,30.0,30.700000762939453,29.700000762939453,24.982833862304688
2002-05-06,620800,29.3700008392334,29.90999984741211,29.989999771118164,29.010000228881836,24.907888412475586
2002-05-03,888100,28.6299991607666,29.3700008392334,29.579999923706055,28.6299991607666,24.45819854736328
2002-05-02,681600,28.389999389648438,27.799999237060547,28.690000534057617,27.799999237060547,23.150760650634766
2002-05-01,1193800,26.299999237060547,28.59000015258789,28.739999771118164,26.299999237060547,23.80864143371582
2002-04-30,848300,27.3799991607666,26.81999969482422,27.450000762939453,26.649999618530273,22.334653854370117
2002-04-29,682400,27.729999542236328,27.850000381469727,28.149999618530273,27.309999465942383,23.192399978637695
2002-04-26,1500200,26.399999618530273,27.950000762939453,27.979999542236328,26.15999984741211,23.275678634643555
2002-04-25,1286000,27.0,26.0,27.270000457763672,25.860000610351562,21.651790618896484
2002-04-24,657900,26.0,25.979999542236328,26.399999618530273,25.850000381469727,21.635133743286133
2002-04-23,780000,24.799999237060547,25.700000762939453,25.860000610351562,24.709999084472656,21.401958465576172
2002-04-22,436500,25.170000076293945,25.43000030517578,25.649999618530273,24.899999618530273,21.177108764648438
2002-04-19,699300,24.75,25.100000381469727,25.56999969482422,24.649999618530273,20.90230941772461
2002-04-18,1005000,25.399999618530273,24.5,26.06999969482422,24.360000610351562,20.402647018432617
2002-04-17,757500,24.479999542236328,25.149999618530273,25.149999618530273,24.260000228881836,20.943941116333008
2002-04-16,437900,23.719999313354492,23.260000228881836,23.989999771118164,23.260000228881836,19.370027542114258
2002-04-15,279200,23.850000381469727,23.649999618530273,24.1200008392334,23.520000457763672,19.694801330566406
2002-04-12,352900,23.540000915527344,23.790000915527344,23.850000381469727,23.110000610351562,19.81138801574707
2002-04-11,868700,23.75,23.450000762939453,24.530000686645508,23.450000762939453,19.52824592590332
2002-04-10,1181500,22.850000381469727,23.860000610351562,24.049999237060547,22.850000381469727,19.869678497314453
2002-04-09,500400,22.989999771118164,22.5,22.989999771118164,22.5,18.73712921142578
2002-04-08,776300,23.700000762939453,23.209999084472656,23.860000610351562,22.84000015258789,19.328384399414062
2002-04-05,418400,23.690000534057617,23.600000381469727,23.860000610351562,23.25,19.65316390991211
2002-04-04,697800,23.75,24.100000381469727,24.100000381469727,23.5,20.069549560546875
2002-04-03,681500,24.420000076293945,24.079999923706055,24.639999389648438,23.93000030517578,20.05289077758789
2002-04-02,1171600,25.440000534057617,24.829999923706055,25.479999542236328,24.6299991607666,20.677459716796875
2002-04-01,1174600,25.239999771118164,25.010000228881836,25.610000610351562,24.850000381469727,20.827356338500977
2002-03-28,537900,25.690000534057617,25.18000030517578,25.690000534057617,24.989999771118164,20.96891975402832
2002-03-27,1318900,24.239999771118164,25.760000228881836,26.020000457763672,24.239999771118164,21.451929092407227
2002-03-26,777100,24.469999313354492,23.8700008392334,24.479999542236328,23.799999237060547,19.878009796142578
2002-03-25,932200,23.530000686645508,24.81999969482422,24.969999313354492,23.530000686645508,20.669126510620117
2002-03-22,618600,22.68000030517578,23.520000457763672,23.780000686645508,22.6299991607666,19.586544036865234
2002-03-21,369200,22.600000381469727,22.309999465942383,22.889999389648438,22.25,18.57890510559082
2002-03-20,441700,22.209999084472656,22.65999984741211,22.8799991607666,22.100000381469727,18.870370864868164
2002-03-19,508300,21.920000076293945,21.90999984741211,22.18000030517578,21.770000457763672,18.245800018310547
2002-03-18,1001700,20.899999618530273,21.889999389648438,21.889999389648438,20.790000915527344,18.229145050048828
2002-03-15,731000,21.0,21.149999618530273,21.350000381469727,20.729999542236328,17.612895965576172
2002-03-14,253300,21.260000228881836,21.760000228881836,21.899999618530273,21.190000534057617,18.120887756347656
2002-03-13,369700,22.100000381469727,21.43000030517578,22.100000381469727,21.420000076293945,17.846073150634766
2002-03-12,390400,21.90999984741211,21.889999389648438,22.389999389648438,21.81999969482422,18.229145050048828
2002-03-11,399700,21.559999465942383,21.760000228881836,22.049999237060547,21.559999465942383,18.120887756347656
2002-03-08,718300,21.469999313354492,21.299999237060547,21.600000381469727,21.100000381469727,17.737815856933594
2002-03-07,778800,23.0,21.649999618530273,23.1299991607666,21.540000915527344,18.02927589416504
2002-03-06,390300,22.670000076293945,23.670000076293945,23.739999771118164,22.65999984741211,19.71146011352539
2002-03-05,300900,23.0,22.65999984741211,23.399999618530273,22.65999984741211,18.870370864868164
2002-03-04,305700,23.239999771118164,22.799999237060547,23.450000762939453,22.530000686645508,18.986949920654297
2002-03-01,518500,22.979999542236328,23.040000915527344,23.600000381469727,22.540000915527344,19.186819076538086
2002-02-28,424500,23.110000610351562,23.5,23.829999923706055,23.040000915527344,19.569883346557617
2002-02-27,321000,23.489999771118164,23.139999389648438,23.489999771118164,23.010000228881836,19.27009391784668
2002-02-26,748100,22.459999084472656,23.739999771118164,23.809999465942383,22.459999084472656,19.769746780395508
2002-02-25,363800,22.75,22.469999313354492,22.850000381469727,22.360000610351562,18.712141036987305
2002-02-22,369400,23.15999984741211,22.979999542236328,23.290000915527344,22.75,19.13685417175293
2002-02-21,696900,22.34000015258789,23.06999969482422,23.110000610351562,22.34000015258789,19.21179962158203
2002-02-20,807500,22.510000228881836,22.40999984741211,22.739999771118164,22.100000381469727,18.662174224853516
2002-02-19,1282700,24.299999237060547,22.959999084472656,24.549999237060547,22.799999237060547,18.743793487548828
2002-02-15,995800,24.860000610351562,24.399999618530273,25.350000381469727,23.860000610351562,19.701547622680664
2002-02-14,463500,23.100000381469727,24.18000030517578,24.25,23.100000381469727,19.523910522460938
2002-02-13,342400,23.290000915527344,23.170000076293945,23.59000015258789,22.8700008392334,18.708396911621094
2002-02-12,744600,22.700000762939453,23.389999389648438,23.389999389648438,22.610000610351562,18.886035919189453
2002-02-11,675200,22.309999465942383,22.34000015258789,23.239999771118164,22.299999237060547,18.038225173950195
2002-02-08,1216700,23.290000915527344,23.489999771118164,24.25,23.049999237060547,18.96678352355957
2002-02-07,1076000,22.440000534057617,23.649999618530273,23.719999313354492,22.34000015258789,19.09596824645996
2002-02-06,1817100,24.0,22.530000686645508,24.229999542236328,22.280000686645508,18.191638946533203
2002-02-05,1343300,22.600000381469727,23.68000030517578,23.75,22.40999984741211,19.12019157409668
2002-02-04,644900,22.0,22.309999465942383,22.59000015258789,21.829999923706055,18.013996124267578
2002-02-01,1352700,20.75,21.489999771118164,21.5,20.520000457763672,17.35190200805664
2002-01-31,243200,20.84000015258789,20.639999389648438,20.889999389648438,20.200000762939453,16.665571212768555
2002-01-30,369700,20.1299991607666,20.639999389648438,20.93000030517578,20.1299991607666,16.665571212768555
2002-01-29,501900,19.760000228881836,20.559999465942383,20.68000030517578,19.760000228881836,16.600984573364258
2002-01-28,229600,19.899999618530273,19.790000915527344,19.959999084472656,19.65999984741211,15.979253768920898
2002-01-25,608400,18.950000762939453,19.940000534057617,19.959999084472656,18.75,16.100372314453125
2002-01-24,513400,19.5,19.639999389648438,19.639999389648438,19.219999313354492,15.858132362365723
2002-01-23,514400,19.729999542236328,19.6200008392334,19.989999771118164,19.510000228881836,15.8419828414917
2002-01-22,389600,19.350000381469727,19.549999237060547,19.799999237060547,19.049999237060547,15.785465240478516
2002-01-18,676900,20.170000076293945,19.93000030517578,20.170000076293945,19.770000457763672,16.09229278564453
2002-01-17,590400,20.899999618530273,20.270000457763672,20.989999771118164,20.270000457763672,16.3668212890625
2002-01-16,899500,20.1200008392334,20.40999984741211,20.8700008392334,20.059999465942383,16.479860305786133
2002-01-15,459500,19.700000762939453,20.010000228881836,20.18000030517578,19.600000381469727,16.156885147094727
2002-01-14,684100,19.59000015258789,19.889999389648438,20.200000762939453,19.59000015258789,16.059993743896484
2002-01-11,806200,19.75,19.84000015258789,19.969999313354492,19.59000015258789,16.019624710083008
2002-01-10,1016400,20.0,19.780000686645508,20.0,19.549999237060547,15.971176147460938
2002-01-09,2068800,19.219999313354492,19.399999618530273,19.479999542236328,19.0,15.664344787597656
2002-01-08,860000,18.709999084472656,18.719999313354492,18.81999969482422,18.600000381469727,15.115286827087402
2002-01-07,400200,18.639999389648438,18.709999084472656,19.0,18.5,15.107213020324707
2002-01-04,315300,18.520000457763672,18.639999389648438,18.850000381469727,18.520000457763672,15.050694465637207
2002-01-03,788600,18.309999465942383,18.610000610351562,18.780000686645508,18.260000228881836,15.026467323303223
2002-01-02,515800,17.850000381469727,18.030000686645508,18.09000015258789,17.6200008392334,14.558155059814453
2001-12-31,396300,17.520000457763672,18.059999465942383,18.219999313354492,17.510000228881836,14.582378387451172
2001-12-28,415200,17.799999237060547,17.670000076293945,17.8799991607666,17.610000610351562,14.267476081848145
2001-12-27,604200,17.799999237060547,17.799999237060547,17.940000534057617,17.350000381469727,14.372443199157715
2001-12-26,92400,18.020000457763672,18.079999923706055,18.200000762939453,17.860000610351562,14.598527908325195
2001-12-24,92100,18.010000228881836,18.010000228881836,18.280000686645508,18.0,14.542007446289062
2001-12-21,934900,18.170000076293945,18.299999237060547,18.489999771118164,18.170000076293945,14.776161193847656
2001-12-20,404000,18.25,18.40999984741211,18.799999237060547,18.25,14.864980697631836
2001-12-19,506800,19.010000228881836,18.270000457763672,19.09000015258789,18.260000228881836,14.751936912536621
2001-12-18,429600,18.559999465942383,19.270000457763672,19.450000762939453,18.559999465942383,15.559377670288086
2001-12-17,183900,18.700000762939453,18.450000762939453,18.700000762939453,18.15999984741211,14.897278785705566
2001-12-14,739700,18.25,18.729999542236328,18.780000686645508,18.110000610351562,15.12336540222168
2001-12-13,348000,17.950000762939453,18.09000015258789,18.18000030517578,17.889999389648438,14.606596946716309
2001-12-12,908100,17.889999389648438,18.100000381469727,18.299999237060547,17.700000762939453,14.614675521850586
2001-12-11,1140800,17.5,17.790000915527344,17.850000381469727,17.260000228881836,14.364371299743652
2001-12-10,888600,17.389999389648438,17.889999389648438,17.889999389648438,17.309999465942383,14.445110321044922
2001-12-07,856000,17.489999771118164,17.290000915527344,17.899999618530273,17.270000457763672,13.960649490356445
2001-12-06,790100,17.649999618530273,17.610000610351562,17.850000381469727,17.600000381469727,14.21903133392334
2001-12-05,1036000,17.200000762939453,17.360000610351562,17.510000228881836,17.200000762939453,14.017172813415527
2001-12-04,555400,17.06999969482422,16.969999313354492,17.06999969482422,16.81999969482422,13.702265739440918
2001-12-03,668200,16.8799991607666,17.079999923706055,17.09000015258789,16.65999984741211,13.791086196899414
2001-11-30,960300,16.739999771118164,16.889999389648438,16.989999771118164,16.600000381469727,13.637670516967773
2001-11-29,1880500,16.549999237060547,16.610000610351562,17.049999237060547,16.549999237060547,13.411587715148926
2001-11-28,550400,17.549999237060547,17.579999923706055,17.799999237060547,17.43000030517578,14.194804191589355
2001-11-27,403100,17.350000381469727,17.899999618530273,17.899999618530273,17.34000015258789,14.4531888961792
2001-11-26,216000,17.299999237060547,17.5,17.59000015258789,17.270000457763672,14.13021183013916
2001-11-23,79700,17.1200008392334,17.079999923706055,17.1200008392334,16.989999771118164,13.791086196899414
2001-11-21,314400,17.5,17.399999618530273,17.600000381469727,17.350000381469727,14.049467086791992
2001-11-20,270300,17.1299991607666,17.5,17.5,17.1299991607666,14.13021183013916
2001-11-19,795100,17.700000762939453,17.1299991607666,17.739999771118164,16.8700008392334,13.831459045410156
2001-11-16,1136700,17.90999984741211,17.739999771118164,18.219999313354492,17.600000381469727,14.323991775512695
2001-11-15,681800,17.5,17.670000076293945,17.700000762939453,17.25,14.267476081848145
2001-11-14,2216100,17.6299991607666,17.75,17.940000534057617,17.549999237060547,14.332071304321289
2001-11-13,658400,16.90999984741211,17.049999237060547,17.049999237060547,16.799999237060547,13.76685905456543
2001-11-12,437800,17.049999237060547,16.899999618530273,17.270000457763672,16.899999618530273,13.645746231079102
2001-11-09,270300,16.760000228881836,16.84000015258789,16.84000015258789,16.579999923706055,13.597302436828613
2001-11-08,550100,17.25,16.75,17.350000381469727,16.75,13.524630546569824
2001-11-07,295800,17.049999237060547,17.1299991607666,17.31999969482422,17.0,13.831459045410156
2001-11-06,448300,16.899999618530273,17.049999237060547,17.239999771118164,16.899999618530273,13.76685905456543
2001-11-05,282200,17.010000228881836,16.850000381469727,17.010000228881836,16.760000228881836,13.605378150939941
2001-11-02,530300,16.889999389648438,17.010000228881836,17.18000030517578,16.700000762939453,13.734564781188965
2001-11-01,538900,16.8700008392334,16.649999618530273,16.8700008392334,16.549999237060547,13.443885803222656
2001-10-31,361500,16.75,16.59000015258789,16.920000076293945,16.549999237060547,13.395439147949219
2001-10-30,768100,16.5,16.610000610351562,16.860000610351562,16.399999618530273,13.411587715148926
2001-10-29,599900,16.649999618530273,16.25,16.649999618530273,16.200000762939453,13.120909690856934
2001-10-26,497400,16.489999771118164,16.469999313354492,16.59000015258789,16.3799991607666,13.298548698425293
2001-10-25,544100,16.139999389648438,16.15999984741211,16.489999771118164,16.059999465942383,13.048240661621094
2001-10-24,469600,15.979999542236328,15.680000305175781,16.0,15.670000076293945,12.660670280456543
2001-10-23,340200,15.75,15.510000228881836,15.779999732971191,15.380000114440918,12.52340316772461
2001-10-22,620800,15.770000457763672,15.630000114440918,15.960000038146973,15.609999656677246,12.620299339294434
2001-10-19,559300,16.139999389648438,15.600000381469727,16.139999389648438,15.59000015258789,12.596073150634766
2001-10-18,525600,16.760000228881836,16.149999618530273,16.760000228881836,16.110000610351562,13.040164947509766
2001-10-17,619200,16.75,16.760000228881836,16.889999389648438,16.649999618530273,13.532705307006836
2001-10-16,473700,16.350000381469727,16.43000030517578,16.549999237060547,16.219999313354492,13.266249656677246
2001-10-15,386600,16.489999771118164,16.510000228881836,16.75,16.3799991607666,13.330846786499023
2001-10-12,755400,16.040000915527344,16.260000228881836,16.549999237060547,15.949999809265137,13.128987312316895
2001-10-11,869300,16.309999465942383,15.699999809265137,16.309999465942383,15.699999809265137,12.676817893981934
2001-10-10,713500,16.549999237060547,16.309999465942383,16.690000534057617,16.309999465942383,13.169355392456055
2001-10-09,588300,16.799999237060547,16.290000915527344,16.799999237060547,16.219999313354492,13.153210639953613
2001-10-08,370000,17.190000534057617,16.700000762939453,17.190000534057617,16.700000762939453,13.484260559082031
2001-10-05,569600,16.549999237060547,16.610000610351562,16.75,16.40999984741211,13.411587715148926
2001-10-04,722600,16.59000015258789,16.350000381469727,16.790000915527344,16.170000076293945,13.201656341552734
2001-10-03,466200,16.559999465942383,16.25,16.59000015258789,16.170000076293945,13.120909690856934
2001-10-02,920100,16.31999969482422,16.6299991607666,17.200000762939453,16.299999237060547,13.42773723602295
2001-10-01,567100,15.800000190734863,16.040000915527344,16.1299991607666,15.600000381469727,12.951347351074219
2001-09-28,317300,16.010000228881836,15.960000038146973,16.200000762939453,15.949999809265137,12.88675308227539
2001-09-27,435700,16.09000015258789,15.949999809265137,16.200000762939453,15.8100004196167,12.878676414489746
2001-09-26,1064700,15.899999618530273,16.1299991607666,16.350000381469727,15.600000381469727,13.024017333984375
2001-09-25,372000,15.710000038146973,15.510000228881836,15.949999809265137,15.5,12.52340316772461
2001-09-24,940700,16.0,15.390000343322754,16.0,15.279999732971191,12.426511764526367
2001-09-21,1229400,16.399999618530273,16.010000228881836,16.739999771118164,16.010000228881836,12.92712116241455
2001-09-20,868200,16.389999389648438,16.399999618530273,16.540000915527344,16.110000610351562,13.242025375366211
2001-09-19,1326100,16.469999313354492,16.6200008392334,16.850000381469727,16.290000915527344,13.419665336608887
2001-09-18,875300,16.469999313354492,16.540000915527344,16.649999618530273,16.25,13.355066299438477
2001-09-17,695700,16.739999771118164,16.520000457763672,17.239999771118164,16.459999084472656,13.338920593261719
2001-09-10,347500,15.649999618530273,15.819999694824219,15.829999923706055,15.600000381469727,12.773710250854492
2001-09-07,563700,15.699999809265137,15.449999809265137,15.829999923706055,15.350000381469727,12.474955558776855
2001-09-06,1111100,15.75,15.210000038146973,15.800000190734863,15.199999809265137,12.281170845031738
2001-09-05,1691600,15.989999771118164,16.0,16.399999618530273,15.989999771118164,12.919051170349121
2001-09-04,220100,17.510000228881836,17.190000534057617,17.530000686645508,17.09000015258789,13.879904747009277
2001-08-31,170500,17.6200008392334,17.850000381469727,17.899999618530273,17.600000381469727,14.412813186645508
2001-08-30,89800,17.670000076293945,17.979999542236328,17.979999542236328,17.65999984741211,14.517779350280762
2001-08-29,109100,18.09000015258789,17.670000076293945,18.09000015258789,17.6200008392334,14.267476081848145
2001-08-28,163500,17.84000015258789,17.770000457763672,17.950000762939453,17.510000228881836,14.348217010498047
2001-08-27,210700,18.100000381469727,17.889999389648438,18.100000381469727,17.75,14.445110321044922
2001-08-24,456200,17.899999618530273,17.90999984741211,18.049999237060547,17.790000915527344,14.461258888244629
2001-08-23,260300,17.979999542236328,17.969999313354492,18.049999237060547,17.950000762939453,14.50970458984375
2001-08-22,180900,17.979999542236328,17.75,18.100000381469727,17.59000015258789,14.332071304321289
2001-08-21,408400,17.950000762939453,18.18000030517578,18.190000534057617,17.809999465942383,14.33667278289795
2001-08-20,387100,17.889999389648438,18.030000686645508,18.030000686645508,17.729999542236328,14.21838665008545
2001-08-17,775200,17.950000762939453,17.959999084472656,18.25,17.68000030517578,14.163182258605957
2001-08-16,433500,18.0,17.979999542236328,18.059999465942383,17.799999237060547,14.178950309753418
2001-08-15,606900,18.139999389648438,18.0,18.18000030517578,17.860000610351562,14.19472885131836
2001-08-14,369100,18.18000030517578,18.079999923706055,18.34000015258789,18.079999923706055,14.257813453674316
2001-08-13,532300,18.479999542236328,18.389999389648438,18.600000381469727,18.219999313354492,14.502276420593262
2001-08-10,668800,18.649999618530273,18.459999084472656,18.700000762939453,18.299999237060547,14.557480812072754
2001-08-09,668500,18.110000610351562,19.0,19.139999389648438,18.110000610351562,14.983323097229004
2001-08-08,275600,18.059999465942383,18.0,18.06999969482422,17.93000030517578,14.19472885131836
2001-08-07,79600,18.149999618530273,18.049999237060547,18.149999618530273,17.969999313354492,14.23415756225586
2001-08-06,115300,18.200000762939453,18.34000015258789,18.399999618530273,18.149999618530273,14.462844848632812
2001-08-03,113400,18.489999771118164,18.170000076293945,18.520000457763672,18.15999984741211,14.32878589630127
2001-08-02,183500,18.010000228881836,18.100000381469727,18.290000915527344,17.950000762939453,14.273587226867676
2001-08-01,332200,18.09000015258789,17.8799991607666,18.100000381469727,17.770000457763672,14.100091934204102
2001-07-31,179600,17.65999984741211,17.760000228881836,18.040000915527344,17.65999984741211,14.005462646484375
2001-07-30,172300,17.920000076293945,17.719999313354492,18.18000030517578,17.709999084472656,13.973919868469238
2001-07-27,267900,17.81999969482422,17.84000015258789,18.049999237060547,17.420000076293945,14.068549156188965
2001-07-26,256000,18.110000610351562,17.979999542236328,18.450000762939453,17.979999542236328,14.178950309753418
2001-07-25,302000,18.799999237060547,18.700000762939453,18.940000534057617,18.5,14.746743202209473
2001-07-24,448900,18.65999984741211,19.049999237060547,19.18000030517578,18.65999984741211,15.022748947143555
2001-07-23,100000,18.700000762939453,18.889999389648438,18.979999542236328,18.600000381469727,14.896575927734375
2001-07-20,341200,18.709999084472656,18.610000610351562,19.170000076293945,18.610000610351562,14.67576789855957
2001-07-19,441300,18.989999771118164,18.920000076293945,19.18000030517578,18.729999542236328,14.920233726501465
2001-07-18,411500,18.799999237060547,19.100000381469727,19.149999618530273,18.399999618530273,15.06218433380127
2001-07-17,80500,18.06999969482422,18.190000534057617,18.34000015258789,18.020000457763672,14.344561576843262
2001-07-16,126900,18.110000610351562,18.0,18.25,17.719999313354492,14.19472885131836
2001-07-13,98900,18.290000915527344,18.139999389648438,18.399999618530273,18.0,14.30512809753418
2001-07-12,95200,18.200000762939453,18.459999084472656,18.59000015258789,18.170000076293945,14.557480812072754
2001-07-11,322300,18.510000228881836,18.459999084472656,18.950000762939453,18.309999465942383,14.557480812072754
2001-07-10,253000,18.170000076293945,18.25,18.329999923706055,18.010000228881836,14.391874313354492
2001-07-09,91400,17.790000915527344,17.790000915527344,17.790000915527344,17.510000228881836,14.029122352600098
2001-07-06,136000,17.290000915527344,17.510000228881836,17.540000915527344,17.219999313354492,13.80831241607666
2001-07-05,244000,17.489999771118164,17.299999237060547,17.75,17.100000381469727,13.642709732055664
2001-07-03,124800,17.75,17.799999237060547,17.989999771118164,17.75,14.037004470825195
2001-07-02,196100,17.959999084472656,17.770000457763672,18.049999237060547,17.719999313354492,14.013345718383789
2001-06-29,242000,18.25,17.90999984741211,18.40999984741211,17.899999618530273,14.123750686645508
2001-06-28,148000,18.700000762939453,17.799999237060547,18.700000762939453,17.760000228881836,14.037004470825195
2001-06-27,339800,18.75,18.709999084472656,18.959999084472656,18.65999984741211,14.754626274108887
2001-06-26,417500,18.799999237060547,18.75,19.0,18.600000381469727,14.786171913146973
2001-06-25,192000,18.700000762939453,18.399999618530273,18.84000015258789,18.34000015258789,14.51016616821289
2001-06-22,88600,18.450000762939453,18.239999771118164,18.5,18.09000015258789,14.383992195129395
2001-06-21,150400,18.06999969482422,18.030000686645508,18.200000762939453,17.950000762939453,14.21838665008545
2001-06-20,226200,18.149999618530273,18.079999923706055,18.18000030517578,17.899999618530273,14.257813453674316
2001-06-19,274700,18.690000534057617,18.399999618530273,18.700000762939453,18.399999618530273,14.51016616821289
2001-06-18,351900,18.6200008392334,18.280000686645508,18.780000686645508,18.139999389648438,14.415533065795898
2001-06-15,326600,19.010000228881836,18.6200008392334,19.200000762939453,18.40999984741211,14.6836576461792
2001-06-14,493000,18.799999237060547,19.25,19.389999389648438,18.610000610351562,15.18046760559082
2001-06-13,460300,18.950000762939453,19.0,19.040000915527344,18.5,14.983323097229004
2001-06-12,320000,18.8799991607666,18.899999618530273,18.989999771118164,18.770000457763672,14.904460906982422
2001-06-11,232500,18.950000762939453,18.6299991607666,18.950000762939453,18.59000015258789,14.69154167175293
2001-06-08,476400,18.5,19.350000381469727,19.389999389648438,18.399999618530273,15.259326934814453
2001-06-07,278700,18.110000610351562,18.1200008392334,18.299999237060547,18.020000457763672,14.289358139038086
2001-06-06,336000,18.510000228881836,18.110000610351562,18.75,18.110000610351562,14.281471252441406
2001-06-05,236900,18.5,18.700000762939453,18.700000762939453,18.270000457763672,14.746743202209473
2001-06-04,256300,18.950000762939453,18.200000762939453,18.950000762939453,18.059999465942383,14.352444648742676
2001-06-01,243100,18.09000015258789,18.190000534057617,18.350000381469727,17.90999984741211,14.344561576843262
2001-05-31,339200,18.200000762939453,18.100000381469727,18.450000762939453,17.989999771118164,14.273587226867676
2001-05-30,478500,18.799999237060547,18.1299991607666,18.889999389648438,18.1299991607666,14.2972412109375
2001-05-29,247400,19.200000762939453,19.049999237060547,19.200000762939453,18.799999237060547,15.022748947143555
2001-05-25,328400,18.75,19.450000762939453,19.5,18.700000762939453,15.3381929397583
2001-05-24,546400,19.600000381469727,18.5,20.0,18.399999618530273,14.589025497436523
2001-05-23,419200,19.799999237060547,19.299999237060547,19.809999465942383,19.020000457763672,15.21989917755127
2001-05-22,441700,20.5,20.020000457763672,20.649999618530273,19.850000381469727,15.787689208984375
2001-05-21,783800,21.200000762939453,21.149999618530273,21.479999542236328,20.59000015258789,16.678800582885742
2001-05-18,1174000,20.489999771118164,20.899999618530273,22.34000015258789,20.049999237060547,16.481647491455078
2001-05-17,391900,20.5,20.489999771118164,20.729999542236328,20.260000228881836,16.158329010009766
2001-05-16,694500,19.899999618530273,20.190000534057617,20.5,19.809999465942383,15.921753883361816
2001-05-15,207400,19.389999389648438,19.399999618530273,19.700000762939453,19.200000762939453,15.298758506774902
2001-05-14,215000,19.020000457763672,19.5,19.5,19.020000457763672,15.377618789672852
2001-05-11,296200,19.559999465942383,18.959999084472656,19.559999465942383,18.899999618530273,14.951772689819336
2001-05-10,619200,19.709999084472656,19.8799991607666,20.100000381469727,19.399999618530273,15.677288055419922
2001-05-09,1191800,18.450000762939453,19.959999084472656,20.06999969482422,18.280000686645508,15.740370750427246
2001-05-08,89400,17.799999237060547,17.93000030517578,17.969999313354492,17.520000457763672,14.13952350616455
2001-05-07,164300,17.479999542236328,17.90999984741211,18.170000076293945,17.350000381469727,14.123750686645508
2001-05-04,210900,17.649999618530273,17.479999542236328,17.889999389648438,17.200000762939453,13.784653663635254
2001-05-03,187900,18.399999618530273,17.700000762939453,18.5,17.600000381469727,13.958148002624512
2001-05-02,266800,18.399999618530273,18.290000915527344,18.399999618530273,18.010000228881836,14.423418045043945
2001-05-01,244300,17.799999237060547,18.450000762939453,18.540000915527344,17.600000381469727,14.54959487915039
2001-04-30,158000,18.100000381469727,18.100000381469727,18.200000762939453,17.75,14.273587226867676
2001-04-27,312100,17.649999618530273,17.950000762939453,18.100000381469727,17.649999618530273,14.155293464660645
2001-04-26,562700,17.5,18.299999237060547,18.299999237060547,17.260000228881836,14.431302070617676
2001-04-25,339900,17.200000762939453,16.729999542236328,17.200000762939453,16.700000762939453,13.193209648132324
2001-04-24,333700,16.200000762939453,17.5,17.5,16.200000762939453,13.800429344177246
2001-04-23,149400,15.920000076293945,15.989999771118164,16.040000915527344,15.859999656677246,12.609647750854492
2001-04-20,368900,16.25,15.9399995803833,16.25,15.699999809265137,12.570219039916992
2001-04-19,228800,16.549999237060547,16.399999618530273,16.690000534057617,16.309999465942383,12.932971954345703
2001-04-18,486500,16.049999237060547,16.540000915527344,16.540000915527344,16.049999237060547,13.043375015258789
2001-04-17,292200,16.40999984741211,16.489999771118164,16.690000534057617,16.25,13.003947257995605
2001-04-16,174200,16.399999618530273,16.8799991607666,16.899999618530273,16.350000381469727,13.311494827270508
2001-04-12,149100,16.25,16.3799991607666,16.399999618530273,16.049999237060547,12.91719913482666
2001-04-11,257700,16.3799991607666,16.25,16.600000381469727,16.190000534057617,12.814681053161621
2001-04-10,215400,16.489999771118164,16.1299991607666,16.489999771118164,16.100000381469727,12.720051765441895
2001-04-09,175200,16.5,16.260000228881836,16.700000762939453,16.110000610351562,12.82257080078125
2001-04-06,240800,15.649999618530273,16.18000030517578,16.190000534057617,15.649999618530273,12.759483337402344
2001-04-05,236000,15.739999771118164,15.699999809265137,15.789999961853027,15.399999618530273,12.38095474243164
2001-04-04,635500,14.5,15.739999771118164,15.789999961853027,14.5,12.412498474121094
2001-04-03,474100,14.25,14.25,14.350000381469727,14.0,11.2374906539917
2001-04-02,299300,14.399999618530273,13.970000267028809,14.399999618530273,13.970000267028809,11.016684532165527
2001-03-30,242100,14.010000228881836,14.449999809265137,14.479999542236328,14.010000228881836,11.395214080810547
2001-03-29,268700,14.649999618530273,14.279999732971191,14.729999542236328,14.260000228881836,11.261147499084473
2001-03-28,264100,14.699999809265137,14.5,14.75,14.319999694824219,11.434640884399414
2001-03-27,618700,15.800000190734863,14.960000038146973,15.800000190734863,14.8100004196167,11.797393798828125
2001-03-26,154100,15.5,15.350000381469727,15.5,15.199999809265137,12.104947090148926
2001-03-23,163100,15.5,15.279999732971191,15.630000114440918,15.25,12.049744606018066
2001-03-22,282400,14.800000190734863,15.100000381469727,15.220000267028809,14.710000038146973,11.907798767089844
2001-03-21,208600,14.710000038146973,14.699999809265137,14.890000343322754,14.510000228881836,11.59235668182373
2001-03-20,377800,14.890000343322754,14.75,14.979999542236328,14.399999618530273,11.631790161132812
2001-03-19,446700,14.850000381469727,14.699999809265137,15.069999694824219,14.630000114440918,11.59235668182373
2001-03-16,233800,15.350000381469727,14.40999984741211,15.350000381469727,14.40999984741211,11.363664627075195
2001-03-15,247200,16.010000228881836,15.260000228881836,16.010000228881836,15.25,12.033973693847656
2001-03-14,346900,16.149999618530273,16.3799991607666,16.559999465942383,16.0,12.91719913482666
2001-03-13,574000,16.950000762939453,16.329999923706055,16.950000762939453,16.25,12.877769470214844
2001-03-12,556000,17.059999465942383,17.190000534057617,17.489999771118164,16.899999618530273,13.555964469909668
2001-03-09,677700,17.5,16.809999465942383,17.75,16.799999237060547,13.256295204162598
2001-03-08,894300,16.25,17.229999542236328,17.25,16.1299991607666,13.587505340576172
2001-03-07,158500,16.399999618530273,16.260000228881836,16.5,16.110000610351562,12.82257080078125
2001-03-06,289100,16.5,16.059999465942383,16.5,16.059999465942383,12.664847373962402
2001-03-05,266800,15.899999618530273,16.690000534057617,16.690000534057617,15.869999885559082,13.161664962768555
2001-03-02,468300,15.550000190734863,15.75,16.100000381469727,15.539999961853027,12.420385360717773
2001-03-01,254200,16.020000457763672,16.020000457763672,16.399999618530273,15.850000381469727,12.633305549621582
2001-02-28,344400,16.399999618530273,16.25,16.5,16.010000228881836,12.814681053161621
2001-02-27,755400,18.139999389648438,17.010000228881836,18.139999389648438,17.010000228881836,13.414015769958496
2001-02-26,1023200,16.09000015258789,17.190000534057617,17.200000762939453,15.75,13.555964469909668
2001-02-23,875100,14.960000038146973,15.899999618530273,16.239999771118164,14.869999885559082,12.538671493530273
2001-02-22,765000,14.010000228881836,14.859999656677246,14.989999771118164,13.960000038146973,11.718534469604492
2001-02-21,354200,13.630000114440918,14.0,14.0,13.609999656677246,11.040339469909668
2001-02-20,251100,14.100000381469727,13.8100004196167,14.15999984741211,13.770000457763672,10.562057495117188
2001-02-16,507000,13.699999809265137,14.050000190734863,14.100000381469727,13.699999809265137,10.745613098144531
2001-02-15,216500,13.859999656677246,13.619999885559082,14.050000190734863,13.609999656677246,10.41674518585205
2001-02-14,110300,13.880000114440918,13.720000267028809,14.199999809265137,13.720000267028809,10.493227005004883
2001-02-13,196100,14.100000381469727,13.880000114440918,14.199999809265137,13.880000114440918,10.615593910217285
2001-02-12,141700,13.510000228881836,13.65999984741211,13.90999984741211,13.510000228881836,10.447338104248047
2001-02-09,310400,13.210000038146973,13.329999923706055,13.579999923706055,13.149999618530273,10.194950103759766
2001-02-08,340900,13.800000190734863,13.210000038146973,13.84000015258789,13.210000038146973,10.103171348571777
2001-02-07,258000,13.960000038146973,13.819999694824219,13.960000038146973,13.710000038146973,10.569705963134766
2001-02-06,158900,13.890000343322754,13.989999771118164,14.0,13.75,10.699725151062012
2001-02-05,295200,13.819999694824219,14.0600004196167,14.1899995803833,13.710000038146973,10.753262519836426
2001-02-02,321500,14.010000228881836,13.819999694824219,14.010000228881836,13.800000190734863,10.569705963134766
2001-02-01,419600,14.300000190734863,14.34000015258789,14.449999809265137,14.050000190734863,10.967409133911133
2001-01-31,228700,14.220000267028809,14.40999984741211,14.520000457763672,14.119999885559082,11.020944595336914
2001-01-30,322100,14.3100004196167,14.260000228881836,14.359999656677246,14.180000305175781,10.906224250793457
2001-01-29,271400,14.65999984741211,14.319999694824219,14.65999984741211,14.260000228881836,10.95211410522461
2001-01-26,377600,14.3125,14.5625,14.5625,14.25,11.137579917907715
2001-01-25,228400,14.4375,14.5,14.625,14.4375,11.0897798538208
2001-01-24,324300,14.6875,14.4375,14.6875,14.4375,11.04197883605957
2001-01-23,387900,14.8125,14.9375,15.25,14.5625,11.424384117126465
2001-01-22,1001600,14.375,15.375,15.4375,14.1875,11.758991241455078
2001-01-19,312900,14.1875,14.375,14.375,14.125,10.994178771972656
2001-01-18,428400,13.9375,14.125,14.3125,13.875,10.802972793579102
2001-01-17,237100,14.0,14.0,14.125,13.75,10.70737075805664
2001-01-16,112500,14.1875,14.0625,14.25,14.0625,10.755170822143555
2001-01-12,123700,14.3125,14.3125,14.4375,14.125,10.946374893188477
2001-01-11,178500,14.4375,14.125,14.4375,14.125,10.802972793579102
2001-01-10,92600,14.375,14.125,14.5,14.125,10.802972793579102
2001-01-09,143600,14.5,14.5,14.875,14.4375,11.0897798538208
2001-01-08,122200,14.625,14.5,14.625,14.375,11.0897798538208
2001-01-05,143000,14.3125,14.375,14.75,14.3125,10.994178771972656
2001-01-04,127100,14.375,14.3125,14.6875,14.3125,10.946374893188477
2001-01-03,266300,14.5,14.4375,14.875,14.375,11.04197883605957
2001-01-02,274700,14.9375,14.5,15.125,14.5,11.0897798538208
2000-12-29,165900,14.875,14.9375,15.0625,14.8125,11.424384117126465
2000-12-28,296400,15.125,15.0625,15.25,14.9375,11.519986152648926
2000-12-27,178500,15.375,15.0625,15.375,14.875,11.519986152648926
2000-12-26,164200,15.25,14.875,15.25,14.875,11.376585960388184
2000-12-22,172600,15.125,15.125,15.3125,15.0,11.56778621673584
2000-12-21,445800,14.875,15.25,15.375,14.8125,11.663389205932617
2000-12-20,399500,14.375,14.6875,14.75,14.3125,11.233182907104492
2000-12-19,151200,14.125,14.0625,14.25,13.9375,10.755170822143555
2000-12-18,211200,14.1875,13.875,14.1875,13.875,10.611770629882812
2000-12-15,339900,13.6875,14.125,14.125,13.5625,10.802972793579102
2000-12-14,98500,13.875,13.5625,13.875,13.3125,10.37276840209961
2000-12-13,181900,14.0,13.8125,14.0625,13.6875,10.563970565795898
2000-12-12,147300,14.0,14.0,14.125,14.0,10.70737075805664
2000-12-11,209000,13.9375,14.0,14.0625,13.625,10.70737075805664
2000-12-08,314300,13.9375,14.0625,14.125,13.5625,10.755170822143555
2000-12-07,251500,14.4375,14.0625,14.4375,13.9375,10.755170822143555
2000-12-06,396000,13.4375,14.25,14.4375,13.3125,10.898575782775879
2000-12-05,488900,13.125,13.1875,13.3125,13.0625,10.085963249206543
2000-12-04,520200,13.0,13.3125,13.375,12.8125,10.181565284729004
2000-12-01,385700,12.4375,12.5625,12.75,12.25,9.607954025268555
2000-11-30,367400,12.75,12.375,12.8125,12.375,9.464554786682129
2000-11-29,139500,12.9375,12.8125,12.9375,12.75,9.799158096313477
2000-11-28,386500,13.0625,12.9375,13.125,12.75,9.89476203918457
2000-11-27,625100,12.6875,13.1875,13.1875,12.6875,10.085963249206543
2000-11-24,278100,13.25,12.9375,13.25,12.8125,9.89476203918457
2000-11-22,517100,12.75,13.3125,13.3125,12.75,10.181565284729004
2000-11-21,267900,12.75,12.8125,12.9375,12.625,9.799158096313477
2000-11-20,156800,12.875,12.875,13.125,12.75,9.846955299377441
2000-11-17,320000,13.1875,12.8125,13.3125,12.8125,9.799158096313477
2000-11-16,205200,13.4375,13.25,13.4375,13.125,10.133764266967773
2000-11-15,150500,13.4375,13.3125,13.5,13.25,10.181565284729004
2000-11-14,162300,13.5,13.375,13.5625,13.375,10.229366302490234
2000-11-13,209800,13.5,13.625,13.9375,13.5,10.420571327209473
2000-11-10,153600,13.5625,13.6875,13.75,13.5625,10.468366622924805
2000-11-09,188900,13.5,13.75,14.0625,13.5,10.516172409057617
2000-11-08,246800,14.25,14.0,14.25,13.5,10.70737075805664
2000-11-07,246900,14.25,14.125,14.4375,14.0,10.802972793579102
2000-11-06,71300,14.1875,14.125,14.25,14.0625,10.802972793579102
2000-11-03,125000,14.125,14.1875,14.1875,13.8125,10.850776672363281
2000-11-02,206800,14.375,14.0625,14.5,14.0625,10.755170822143555
2000-11-01,99400,14.4375,14.3125,14.5625,14.25,10.946374893188477
2000-10-31,216300,14.375,14.375,14.5,14.25,10.994178771972656
2000-10-30,265800,14.5,14.5,14.8125,14.4375,11.0897798538208
2000-10-27,190500,14.4375,14.625,14.6875,14.1875,11.185379981994629
2000-10-26,582500,14.875,14.5625,14.9375,14.25,11.137579917907715
2000-10-25,115300,15.4375,15.25,15.4375,15.0,11.663389205932617
2000-10-24,126200,16.0,15.75,16.0,15.6875,12.045794486999512
2000-10-23,113800,16.0,16.0,16.125,15.875,12.23699951171875
2000-10-20,322800,16.25,16.125,16.375,15.9375,12.332599639892578
2000-10-19,61800,16.1875,16.4375,16.5,16.125,12.57160472869873
2000-10-18,148500,16.5625,16.1875,16.6875,16.1875,12.38039779663086
2000-10-17,119500,17.0,16.5625,17.0,16.375,12.667203903198242
2000-10-16,66100,17.1875,17.0625,17.4375,17.0625,13.049612998962402
2000-10-13,231500,17.5,17.4375,17.9375,17.3125,13.336417198181152
2000-10-12,364600,16.75,17.5,17.8125,16.6875,13.384218215942383
2000-10-11,154900,17.125,16.625,17.25,16.5,12.715006828308105
2000-10-10,113900,16.75,16.875,17.125,16.625,12.906209945678711
2000-10-09,85000,16.75,16.6875,17.0625,16.625,12.762807846069336
2000-10-06,255700,16.6875,16.4375,16.75,16.375,12.57160472869873
2000-10-05,255600,17.0,16.75,17.1875,16.5,12.8106050491333
2000-10-04,191500,17.4375,17.1875,17.625,16.9375,13.145211219787598
2000-10-03,201000,18.0,17.4375,18.0625,17.125,13.336417198181152
2000-10-02,156200,18.5,18.0,18.5,17.8125,13.76662540435791
2000-09-29,156000,18.4375,18.375,18.625,18.0,14.053423881530762
2000-09-28,143200,19.375,18.6875,19.375,18.6875,14.292434692382812
2000-09-27,178000,18.625,19.25,19.375,18.5625,14.722636222839355
2000-09-26,80300,18.5625,18.3125,18.625,18.25,14.005622863769531
2000-09-25,129700,18.5,18.5,18.5625,18.3125,14.149030685424805
2000-09-22,150500,18.6875,18.25,18.6875,18.1875,13.957825660705566
2000-09-21,89300,17.75,18.0625,18.0625,17.6875,13.814425468444824
2000-09-20,171100,18.25,17.875,18.3125,17.6875,13.67102336883545
2000-09-19,177100,18.5,18.125,18.5625,18.0625,13.862222671508789
2000-09-18,208300,18.75,18.6875,18.9375,18.4375,14.292434692382812
2000-09-15,234100,19.25,18.5625,19.375,18.5625,14.196829795837402
2000-09-14,63100,19.75,19.375,19.875,19.25,14.81824016571045
2000-09-13,57800,19.5625,19.75,19.8125,19.5,15.105048179626465
2000-09-12,242700,19.6875,19.875,20.25,19.625,15.200647354125977
2000-09-11,52900,19.75,19.625,19.75,19.4375,15.009438514709473
2000-09-08,106100,19.875,19.75,19.9375,19.6875,15.105048179626465
2000-09-07,117400,19.875,20.0625,20.125,19.6875,15.344046592712402
2000-09-06,101100,19.75,19.9375,20.0625,19.75,15.24845027923584
2000-09-05,84400,19.9375,19.875,19.9375,19.75,15.200647354125977
2000-09-01,137200,19.8125,20.125,20.1875,19.6875,15.391851425170898
2000-08-31,251000,19.3125,19.8125,20.1875,19.3125,15.15284538269043
2000-08-30,93000,19.125,19.3125,19.3125,19.0625,14.770437240600586
2000-08-29,36400,19.3125,19.3125,19.5,19.125,14.770437240600586
2000-08-28,81900,19.4375,19.0625,19.4375,19.0625,14.579242706298828
2000-08-25,87900,19.625,19.4375,19.625,19.3125,14.866043090820312
2000-08-24,64000,19.5,19.375,19.625,19.375,14.81824016571045
2000-08-23,56800,19.375,19.375,19.75,19.25,14.81824016571045
2000-08-22,68800,19.3125,19.5625,19.625,19.3125,14.96164321899414
2000-08-21,102800,19.8125,19.25,19.8125,19.1875,14.722636222839355
2000-08-18,120400,20.1875,19.8125,20.1875,19.75,15.15284538269043
2000-08-17,76800,20.8125,20.5625,20.875,20.5,15.726452827453613
2000-08-16,123000,20.5625,20.875,20.875,20.25,15.965459823608398
2000-08-15,83200,20.375,20.25,20.375,20.125,15.487451553344727
2000-08-14,114200,20.125,20.4375,20.4375,20.0,15.630850791931152
2000-08-11,203700,19.5625,20.375,20.4375,19.5625,15.583054542541504
2000-08-10,138200,19.125,19.5,19.5,19.0625,14.913840293884277
2000-08-09,68100,19.4375,18.8125,19.4375,18.8125,14.388030052185059
2000-08-08,48300,19.625,19.5,19.625,19.3125,14.502376556396484
2000-08-07,59900,19.3125,19.1875,19.4375,19.1875,14.269965171813965
2000-08-04,174500,19.125,19.0625,19.1875,18.9375,14.177000999450684
2000-08-03,261600,19.6875,18.3125,19.75,18.3125,13.619215965270996
2000-08-02,180500,19.6875,19.75,19.9375,19.5625,14.688300132751465
2000-08-01,76000,19.875,19.6875,19.9375,19.5625,14.641819953918457
2000-07-31,66500,19.9375,19.8125,19.9375,19.625,14.734785079956055
2000-07-28,36100,19.625,19.9375,19.9375,19.625,14.827746391296387
2000-07-27,60100,19.625,19.8125,19.8125,19.5,14.734785079956055
2000-07-26,257200,19.0,19.8125,19.8125,19.0,14.734785079956055
2000-07-25,83500,18.875,18.8125,19.125,18.75,13.991074562072754
2000-07-24,77500,18.75,18.625,18.8125,18.5,13.8516263961792
2000-07-21,451200,18.8125,18.5625,19.0625,18.0,13.805143356323242
2000-07-20,115900,19.3125,18.8125,19.3125,18.8125,13.991074562072754
2000-07-19,158000,19.5625,19.1875,19.625,19.125,14.269965171813965
2000-07-18,173900,19.9375,19.875,20.0625,19.8125,14.781265258789062
2000-07-17,71600,19.8125,19.8125,19.875,19.625,14.734785079956055
2000-07-14,62400,20.0,19.8125,20.0,19.8125,14.734785079956055
2000-07-13,147600,20.125,19.875,20.1875,19.875,14.781265258789062
2000-07-12,305800,20.3125,20.0,20.3125,19.9375,14.874224662780762
2000-07-11,234800,19.375,20.0625,20.125,19.375,14.920713424682617
2000-07-10,103300,19.1875,19.375,19.375,19.1875,14.40941047668457
2000-07-07,145500,19.5625,19.0625,19.5625,18.9375,14.177000999450684
2000-07-06,54800,19.625,19.4375,19.625,19.375,14.455891609191895
2000-07-05,167200,19.75,19.375,20.0,19.375,14.40941047668457
2000-07-03,79700,20.25,20.0625,20.4375,20.0625,14.920713424682617
2000-06-30,117800,20.5,20.5625,20.5625,20.25,15.292569160461426
2000-06-29,93400,20.875,20.375,20.875,20.3125,15.153118133544922
2000-06-28,205300,20.375,21.0625,21.1875,20.25,15.664419174194336
2000-06-27,212000,19.875,20.25,20.3125,19.75,15.060154914855957
2000-06-26,200900,19.9375,20.0,20.1875,19.875,14.874224662780762
2000-06-23,132400,20.3125,19.9375,20.375,19.875,14.827746391296387
2000-06-22,144400,20.5,20.3125,20.6875,20.1875,15.106637001037598
2000-06-21,161400,20.5625,20.4375,20.5625,20.125,15.19959831237793
2000-06-20,167000,20.8125,20.375,21.0,20.3125,15.153118133544922
2000-06-19,215700,21.4375,20.6875,21.4375,20.625,15.38553237915039
2000-06-16,340600,21.375,21.1875,21.5,21.0625,15.75738525390625
2000-06-15,110300,21.125,21.125,21.25,20.75,15.710904121398926
2000-06-14,251700,21.25,21.375,21.625,21.25,15.896827697753906
2000-06-13,287200,21.4375,21.0,21.625,20.9375,15.617935180664062
2000-06-12,253900,20.5,20.5,20.6875,20.3125,15.246082305908203
2000-06-09,194700,20.5625,19.9375,20.625,19.75,14.827746391296387
2000-06-08,117900,21.0625,20.5625,21.0625,20.5,15.292569160461426
2000-06-07,99600,21.5,21.4375,21.5625,21.1875,15.943312644958496
2000-06-06,176700,22.0,21.625,22.0625,21.5625,16.082759857177734
2000-06-05,205400,21.6875,21.5625,22.0625,21.1875,16.036277770996094
2000-06-02,302400,20.375,21.625,21.625,20.3125,16.082759857177734
2000-06-01,103800,19.6875,19.6875,19.875,19.625,14.641819953918457
2000-05-31,274200,19.75,19.5625,19.9375,19.5625,14.548853874206543
2000-05-30,231800,19.625,19.4375,19.6875,19.1875,14.455891609191895
2000-05-26,130600,18.5,18.75,19.125,18.5,13.944589614868164
2000-05-25,259100,18.3125,18.25,18.5625,18.25,13.572734832763672
2000-05-24,435100,18.4375,18.125,18.5,18.0625,13.479767799377441
2000-05-23,126200,18.5,18.625,18.6875,18.4375,13.8516263961792
2000-05-22,476500,18.4375,18.5,19.0625,18.3125,13.75866413116455
2000-05-19,374100,18.25,18.375,18.75,18.25,13.665698051452637
2000-05-18,340700,18.5,18.5,18.875,18.3125,13.75866413116455
2000-05-17,314000,19.0,18.875,19.125,18.5625,14.037550926208496
2000-05-16,242000,19.6875,19.75,19.8125,19.5,14.688300132751465
2000-05-15,191600,19.8125,19.75,20.125,19.75,14.688300132751465
2000-05-12,115400,20.0,20.0625,20.1875,19.75,14.920713424682617
2000-05-11,131400,20.1875,20.0,20.3125,20.0,14.874224662780762
2000-05-10,307200,19.6875,20.0,20.3125,19.6875,14.874224662780762
2000-05-09,296600,19.8125,19.6875,19.875,19.5,14.641819953918457
2000-05-08,184200,19.9375,19.875,19.9375,19.625,14.781265258789062
2000-05-05,350300,20.375,20.0625,20.375,19.6875,14.920713424682617
2000-05-04,1052400,20.0,20.3125,20.4375,19.9375,15.106637001037598
2000-05-03,547700,20.625,19.8125,20.6875,19.8125,14.734785079956055
2000-05-02,786600,19.375,21.5625,21.625,19.375,16.036277770996094
2000-05-01,116700,19.4375,19.75,19.875,19.375,14.688300132751465
2000-04-28,304200,19.0625,19.4375,19.4375,18.875,14.455891609191895
2000-04-27,202300,19.8125,20.3125,20.4375,19.8125,15.106637001037598
2000-04-26,452800,19.75,20.1875,20.1875,19.5,15.013670921325684
2000-04-25,89900,20.625,20.5625,20.75,20.375,15.292569160461426
2000-04-24,106100,20.375,20.25,20.75,20.25,15.060154914855957
2000-04-20,199400,20.875,20.125,21.125,20.125,14.967191696166992
2000-04-19,342500,20.75,20.9375,20.9375,20.4375,15.571462631225586
2000-04-18,304100,21.0,21.1875,21.1875,20.5625,15.75738525390625
2000-04-17,240300,22.5,22.1875,22.5,21.6875,16.501094818115234
2000-04-14,585900,22.1875,22.9375,23.125,22.0,17.058879852294922
2000-04-13,80700,22.3125,22.25,22.3125,22.0,16.547578811645508
2000-04-12,190500,22.25,22.3125,22.5,21.1875,16.594066619873047
2000-04-11,144700,22.875,22.625,23.0,22.625,16.826473236083984
2000-04-10,212700,22.6875,22.8125,23.0,22.5625,16.965917587280273
2000-04-07,121000,22.625,22.9375,23.0625,22.5,17.058879852294922
2000-04-06,79000,23.3125,23.375,23.6875,23.1875,17.38425064086914
2000-04-05,112300,23.5625,24.0,24.0,23.3125,17.84907341003418
2000-04-04,157700,23.9375,24.3125,25.0,23.5625,18.081480026245117
2000-04-03,47400,24.0625,24.0,24.125,23.875,17.84907341003418
2000-03-31,175500,23.625,24.0,24.1875,23.625,17.84907341003418
2000-03-30,90500,24.0,23.5,24.25,23.5,17.477218627929688
2000-03-29,50100,24.375,24.1875,24.75,24.125,17.9885196685791
2000-03-28,88600,25.0,24.75,25.0,24.5625,18.4068546295166
2000-03-27,117100,24.9375,25.0,25.0,24.8125,18.592782974243164
2000-03-24,77600,24.75,24.9375,25.0625,24.625,18.54630470275879
2000-03-23,70700,24.8125,24.6875,24.875,24.5,18.360374450683594
2000-03-22,80500,25.1875,24.5625,25.1875,24.5625,18.267414093017578
2000-03-21,130100,24.625,25.625,25.625,24.625,19.057601928710938
2000-03-20,105400,24.25,24.5,24.625,24.1875,18.220924377441406
2000-03-17,182400,25.9375,24.375,25.9375,23.75,18.127965927124023
2000-03-16,141500,25.1875,25.0,25.1875,24.75,18.592782974243164
2000-03-15,99100,25.1875,25.4375,25.4375,24.9375,18.91815948486328
2000-03-14,33700,25.8125,25.4375,25.8125,25.375,18.91815948486328
2000-03-13,65900,25.8125,25.8125,26.0,25.375,19.19704818725586
2000-03-10,40500,25.875,25.75,25.9375,25.0,19.15056800842285
2000-03-09,87000,25.9375,26.0625,26.1875,25.875,19.38298225402832
2000-03-08,227900,26.1875,25.75,26.375,25.625,19.15056800842285
2000-03-07,230000,25.8125,26.625,27.0,25.8125,19.801315307617188
2000-03-06,123100,25.4375,25.9375,26.0,25.375,19.290016174316406
2000-03-03,69800,25.9375,25.75,25.9375,25.375,19.15056800842285
2000-03-02,156100,26.625,26.625,26.625,26.25,19.801315307617188
2000-03-01,102300,26.375,26.75,26.75,26.1875,19.894277572631836
2000-02-29,107600,26.0,25.625,26.0,25.625,19.057601928710938
2000-02-28,81000,25.125,25.0,25.4375,25.0,18.592782974243164
2000-02-25,212700,25.375,25.125,25.375,24.75,18.685745239257812
2000-02-24,174000,26.875,25.75,26.875,25.75,19.15056800842285
2000-02-23,103600,27.75,26.625,27.75,26.25,19.801315307617188
2000-02-22,219500,27.75,28.0,28.4375,27.375,20.185293197631836
2000-02-18,212200,28.0,28.1875,28.25,27.875,20.32046127319336
2000-02-17,129200,28.0,27.625,28.125,27.4375,19.91495132446289
2000-02-16,63500,26.9375,27.1875,27.4375,26.9375,19.59956169128418
2000-02-15,112000,26.5,26.6875,27.0625,26.5,19.23910903930664
2000-02-14,73000,27.0,26.5,27.0,25.875,19.103939056396484
2000-02-11,109200,26.875,26.875,26.875,26.25,19.37428092956543
2000-02-10,186300,27.3125,27.3125,27.9375,27.0,19.68967056274414
2000-02-09,209200,27.3125,27.3125,27.9375,26.875,19.68967056274414
2000-02-08,99700,26.25,26.375,26.6875,26.1875,19.01382827758789
2000-02-07,521200,27.8125,26.4375,28.0625,26.3125,19.058879852294922
2000-02-04,747400,25.25,27.1875,27.1875,25.1875,19.59956169128418
2000-02-03,143600,24.9375,24.875,25.25,24.375,17.932476043701172
2000-02-02,43800,24.8125,24.9375,25.0,24.8125,17.977529525756836
2000-02-01,65900,24.75,24.4375,24.75,24.4375,17.617074966430664
2000-01-31,71400,24.0,24.0,24.375,23.875,17.301681518554688
2000-01-28,159400,24.5625,23.0,24.875,23.0,16.580778121948242
2000-01-27,187200,25.0,25.3125,25.3125,24.5625,18.247867584228516
2000-01-26,60800,25.3125,25.0,25.625,25.0,18.0225830078125
2000-01-25,103300,26.25,25.9375,26.25,25.625,18.698434829711914
2000-01-24,179900,26.0,25.625,26.0,25.375,18.473146438598633
2000-01-21,185100,27.5,25.75,27.5,25.75,18.56325912475586
2000-01-20,70100,28.375,27.875,28.375,27.875,20.095176696777344
2000-01-19,140700,28.5,28.625,28.625,28.125,20.635860443115234
2000-01-18,214200,28.5,28.6875,28.6875,27.875,20.6809139251709
2000-01-14,80100,26.75,26.6875,26.9375,26.625,19.23910903930664
2000-01-13,101000,26.0625,26.5625,26.625,26.0,19.148998260498047
2000-01-12,74200,25.9375,25.6875,26.0,25.6875,18.518205642700195
2000-01-11,101300,26.0625,26.0625,26.0625,25.75,18.78854751586914
2000-01-10,140900,26.5,26.0,26.5625,26.0,18.743484497070312
2000-01-07,151000,25.3125,25.8125,26.0,25.3125,18.608314514160156
2000-01-06,41500,24.5625,24.875,24.9375,24.5625,17.932476043701172
2000-01-05,117500,24.6875,25.0,25.0625,24.625,18.0225830078125
2000-01-04,143400,24.625,24.9375,25.6875,24.5625,17.977529525756836
2000-01-03,56300,25.5,25.5625,25.875,25.375,18.428089141845703
1999-12-31,112400,25.375,25.6875,25.8125,25.375,18.518205642700195
1999-12-30,90900,25.1875,25.375,25.4375,25.125,18.29292106628418
1999-12-29,150300,25.5,25.3125,25.8125,25.125,18.247867584228516
1999-12-28,129500,25.9375,25.375,25.9375,25.1875,18.29292106628418
1999-12-27,111200,25.6875,25.8125,25.9375,25.4375,18.608314514160156
1999-12-23,183300,25.5625,25.6875,26.25,25.5625,18.518205642700195
1999-12-22,117800,26.125,25.5,26.125,25.0625,18.383031845092773
1999-12-21,266700,25.5625,25.875,26.4375,25.3125,18.653377532958984
1999-12-20,234400,25.8125,24.875,25.8125,24.875,17.932476043701172
1999-12-17,296100,26.0,25.3125,26.0,25.3125,18.247867584228516
1999-12-16,225600,23.9375,24.125,24.375,23.8125,17.391796112060547
1999-12-15,342600,23.9375,24.3125,24.5,23.9375,17.526960372924805
1999-12-14,69400,23.9375,23.75,23.9375,23.6875,17.121456146240234
1999-12-13,257000,23.5625,23.8125,23.875,23.5625,17.16651153564453
1999-12-10,201400,23.9375,23.75,24.25,23.75,17.121456146240234
1999-12-09,348800,24.5625,23.875,24.5625,23.875,17.211566925048828
1999-12-08,193600,24.75,24.75,25.1875,24.5625,17.842357635498047
1999-12-07,310200,24.5625,25.0,25.1875,24.5,18.0225830078125
1999-12-06,310800,24.5,24.5625,24.75,24.4375,17.707191467285156
1999-12-03,201600,24.875,25.1875,25.3125,24.875,18.157751083374023
1999-12-02,349900,25.1875,24.8125,25.375,24.5625,17.88741111755371
1999-12-01,286800,25.6875,25.25,25.8125,25.1875,18.20280647277832
1999-11-30,166000,26.125,25.6875,26.125,25.5625,18.518205642700195
1999-11-29,440500,26.75,26.25,26.75,25.6875,18.9237117767334
1999-11-26,209800,27.625,27.625,27.625,27.5,19.91495132446289
1999-11-24,370000,27.75,27.9375,27.9375,27.4375,20.140239715576172
1999-11-23,342300,27.25,27.5625,27.625,27.125,19.869895935058594
1999-11-22,396400,27.3125,26.75,27.3125,26.25,19.284160614013672
1999-11-19,151100,28.0,27.625,28.0625,27.625,19.91495132446289
1999-11-18,223200,28.5,28.0,28.5,28.0,20.185293197631836
1999-11-17,292600,28.4375,28.375,28.6875,28.3125,20.455636978149414
1999-11-16,280800,28.625,28.4375,28.6875,28.0,20.500686645507812
1999-11-15,140600,28.5,28.625,28.625,28.4375,20.635860443115234
1999-11-12,121700,28.5,28.625,28.875,28.375,20.635860443115234
1999-11-11,155600,28.9375,28.75,28.9375,28.6875,20.725971221923828
1999-11-10,426400,28.625,29.125,29.1875,28.625,20.996309280395508
1999-11-09,267600,28.125,28.625,28.9375,27.625,20.635860443115234
1999-11-08,224600,28.1875,28.375,28.4375,27.9375,20.455636978149414
1999-11-05,328100,28.8125,28.625,28.9375,28.5,20.635860443115234
1999-11-04,133300,28.0625,28.25,28.375,28.0,20.36551856994629
1999-11-03,190600,27.375,27.5625,28.0,27.3125,19.869895935058594
1999-11-02,420700,27.0625,27.3125,27.3125,27.0,19.68967056274414
1999-11-01,247600,27.5625,27.0,27.5625,26.875,19.46438217163086
1999-10-29,515300,27.5,28.0625,28.25,27.5,20.230350494384766
1999-10-28,475100,27.0,27.0,27.5,26.25,19.46438217163086
1999-10-27,396300,25.4375,25.625,25.875,25.375,18.473146438598633
1999-10-26,530100,25.625,24.8125,25.6875,24.75,17.88741111755371
1999-10-25,430400,25.4375,25.875,26.0,25.125,18.653377532958984
1999-10-22,145200,26.25,25.6875,26.375,25.25,18.518205642700195
1999-10-21,282500,27.25,27.0,27.25,26.0625,19.46438217163086
1999-10-20,121200,28.4375,27.9375,28.4375,27.875,20.140239715576172
1999-10-19,301600,28.6875,28.1875,28.8125,27.625,20.32046127319336
1999-10-18,142800,28.9375,29.0625,29.25,28.9375,20.95125389099121
1999-10-15,197500,28.6875,28.75,29.0,28.4375,20.725971221923828
1999-10-14,248700,29.8125,28.75,30.0,28.1875,20.725971221923828
1999-10-13,211500,29.9375,29.9375,30.25,29.875,21.58204460144043
1999-10-12,191800,29.875,29.5,30.125,29.5,21.266651153564453
1999-10-11,323200,29.0625,29.6875,29.8125,28.6875,21.40182113647461
1999-10-08,337600,30.8125,30.0,31.1875,29.8125,21.627105712890625
1999-10-07,144200,31.8125,31.0625,32.125,31.0625,22.3930606842041
1999-10-06,153800,32.1875,31.8125,32.875,31.4375,22.933738708496094
1999-10-05,589400,33.75,32.9375,34.3125,32.5625,23.744754791259766
1999-10-04,373900,33.0,33.5,33.9375,32.625,24.150266647338867
1999-10-01,230300,32.25,31.9375,32.5625,31.5,23.023853302001953
1999-09-30,432000,32.0,31.4375,32.625,31.0625,22.663402557373047
1999-09-29,638500,33.875,33.5625,33.9375,31.875,24.19532012939453
1999-09-28,1382600,36.0,34.5,37.0,34.0,24.87116813659668
1999-09-27,877400,30.5,34.375,34.6875,30.5,24.781051635742188
1999-09-24,343000,27.25,28.9375,29.0,27.25,20.861141204833984
1999-09-23,86700,27.125,26.9375,27.5625,26.875,19.419336318969727
1999-09-22,259300,27.375,27.375,27.8125,27.1875,19.73472785949707
1999-09-21,275100,25.75,26.5625,26.5625,25.75,19.148998260498047
1999-09-20,112100,24.75,25.0625,25.4375,24.75,18.06764030456543
1999-09-17,276500,26.125,25.0,26.125,24.75,18.0225830078125
1999-09-16,92600,26.1875,26.0,26.1875,25.8125,18.743484497070312
1999-09-15,114600,27.25,26.4375,27.25,26.4375,19.058879852294922
1999-09-14,150100,27.3125,27.4375,27.625,27.3125,19.779783248901367
1999-09-13,99300,27.25,27.1875,27.3125,26.8125,19.59956169128418
1999-09-10,172200,27.1875,27.125,27.25,26.5,19.55450439453125
1999-09-09,65300,27.25,27.375,27.625,27.1875,19.73472785949707
1999-09-08,162500,26.9375,26.875,27.25,26.75,19.37428092956543
1999-09-07,141500,26.3125,26.875,27.0,26.3125,19.37428092956543
1999-09-03,111400,26.1875,26.0625,26.3125,25.875,18.78854751586914
1999-09-02,79200,25.4375,26.0625,26.375,25.3125,18.78854751586914
1999-09-01,85500,25.8125,25.6875,25.8125,25.3125,18.518205642700195
1999-08-31,192100,25.1875,25.875,26.0,25.1875,18.653377532958984
1999-08-30,122800,24.75,25.3125,25.5,24.75,18.247867584228516
1999-08-27,32100,24.5,25.0,25.0625,24.5,18.0225830078125
1999-08-26,113900,24.3125,24.5625,24.6875,24.3125,17.707191467285156
1999-08-25,82900,24.3125,24.25,24.4375,24.25,17.481910705566406
1999-08-24,143600,24.0625,24.875,25.0,24.0625,17.932476043701172
1999-08-23,73100,24.5,24.625,24.75,24.4375,17.75225067138672
1999-08-20,234200,25.0,25.0,25.0,24.6875,18.0225830078125
1999-08-19,304200,24.9375,24.875,25.25,24.6875,17.932476043701172
1999-08-18,253000,26.0,25.75,26.1875,25.75,18.56325912475586
1999-08-17,146700,26.0,26.5625,26.625,26.0,18.672842025756836
1999-08-16,101400,25.5625,25.5,25.625,25.125,17.925922393798828
1999-08-13,118100,26.0,26.0,26.10930061340332,25.6875,18.277416229248047
1999-08-12,209900,26.5,26.25,26.625,26.0,18.453161239624023
1999-08-11,495800,26.0,27.0625,27.375,25.875,19.024328231811523
1999-08-10,288400,24.5625,24.875,24.9375,24.5625,17.486568450927734
1999-08-09,137300,22.9375,23.6875,23.6875,22.875,16.651779174804688
1999-08-06,53600,22.875,22.875,23.0,22.6875,16.080608367919922
1999-08-05,449400,22.8125,22.75,23.0,22.625,15.992731094360352
1999-08-04,328400,22.375,22.8125,22.9375,22.3125,16.036672592163086
1999-08-03,163600,21.3125,22.0,22.125,21.3125,15.465500831604004
1999-08-02,38400,21.125,21.0,21.1875,20.75,14.762526512145996
1999-07-30,53400,21.3125,21.125,21.4375,20.6875,14.850401878356934
1999-07-29,181500,20.375,21.375,21.5,20.375,15.026143074035645
1999-07-28,26000,20.125,20.5625,20.5625,20.125,14.454977035522461
1999-07-27,41800,20.3125,20.3125,20.4375,20.125,14.279228210449219
1999-07-26,75700,20.6875,20.25,20.6875,20.1875,14.2352933883667
1999-07-23,29800,20.8125,20.5625,20.9375,20.4375,14.454977035522461
1999-07-22,155600,20.5625,20.9375,21.875,20.375,14.718594551086426
1999-07-21,87100,19.9375,20.3125,20.5,19.9375,14.279228210449219
1999-07-20,82100,19.3125,20.0,20.125,19.3125,14.059551239013672
1999-07-19,62600,19.3125,19.1875,19.4375,19.125,13.48837947845459
1999-07-16,93100,19.625,19.375,19.9375,19.0625,13.620186805725098
1999-07-15,32000,19.1875,19.1875,19.3125,19.0,13.48837947845459
1999-07-14,72400,19.5625,19.3125,19.5625,19.125,13.576250076293945
1999-07-13,134600,19.875,19.75,19.875,19.3125,13.883807182312012
1999-07-12,88900,20.5625,20.3125,20.9375,20.3125,14.279228210449219
1999-07-09,124700,21.25,20.8125,21.25,20.6875,14.63072395324707
1999-07-08,97800,21.0,20.75,21.0,20.5625,14.58678150177002
1999-07-07,114200,20.5625,20.5,20.5625,20.1875,14.411035537719727
1999-07-06,227900,21.5625,20.375,21.5625,20.1875,14.323169708251953
1999-07-02,49600,21.8125,22.0,22.0,21.8125,15.465500831604004
1999-07-01,64200,21.75,21.875,21.875,21.6875,15.37763786315918
1999-06-30,93200,21.3125,21.5,21.5,21.25,15.114012718200684
1999-06-29,102600,21.5,21.375,21.5,21.25,15.026143074035645
1999-06-28,86100,20.5625,21.0625,21.125,20.5625,14.806463241577148
1999-06-25,56400,20.1875,20.0625,20.375,19.8125,14.103486061096191
1999-06-24,113500,19.875,20.0,20.375,19.8125,14.059551239013672
1999-06-23,79900,19.0,19.875,19.9375,19.0,13.971677780151367
1999-06-22,57000,18.9375,19.0,19.125,18.8125,13.356571197509766
1999-06-21,36900,19.1875,18.875,19.3125,18.8125,13.268702507019043
1999-06-18,88000,19.3125,19.1875,19.375,19.0,13.48837947845459
1999-06-17,31600,19.125,19.125,19.125,18.875,13.444443702697754
1999-06-16,53600,18.5,18.8125,18.9375,18.5,13.224764823913574
1999-06-15,59900,19.25,18.625,19.25,18.625,13.09295654296875
1999-06-14,45100,19.5625,19.25,19.5625,19.0625,13.532317161560059
1999-06-11,47200,19.0,19.5,19.625,19.0,13.708060264587402
1999-06-10,117900,18.8125,19.0,19.375,18.75,13.356571197509766
1999-06-09,84100,18.625,18.8125,19.0,18.625,13.224764823913574
1999-06-08,127100,19.125,18.8125,19.1875,18.8125,13.224764823913574
1999-06-07,48800,19.6875,19.5625,19.6875,19.3125,13.751996040344238
1999-06-04,32500,19.5625,19.5,19.625,19.25,13.708060264587402
1999-06-03,60000,19.4375,19.6875,19.9375,19.3125,13.839871406555176
1999-06-02,41700,20.125,19.6875,20.125,19.4375,13.839871406555176
1999-06-01,74100,19.75,19.75,19.8125,19.4375,13.883807182312012
1999-05-28,119100,19.9375,20.125,20.125,19.625,14.147425651550293
1999-05-27,219100,18.875,19.875,19.875,18.75,13.971677780151367
1999-05-26,153700,18.9375,19.125,19.4375,18.875,13.444443702697754
1999-05-25,139500,19.5625,19.0625,19.5625,18.875,13.400505065917969
1999-05-24,226100,19.75,19.5625,19.9375,19.5,13.751996040344238
1999-05-21,130600,20.625,20.1875,20.6875,20.1875,14.191357612609863
1999-05-20,107100,20.8125,20.6875,20.875,20.625,14.542852401733398
1999-05-19,101600,20.25,20.3125,20.625,20.125,14.279228210449219
1999-05-18,118200,21.3125,20.8125,21.5,20.75,14.63072395324707
1999-05-17,58000,21.875,21.375,21.875,21.3125,15.026143074035645
1999-05-14,113200,21.375,21.625,21.8125,21.375,15.201887130737305
1999-05-13,79800,21.625,21.5,21.875,21.4375,15.114012718200684
1999-05-12,38900,21.5,21.5625,21.75,21.4375,15.157954216003418
1999-05-11,146300,21.4375,21.5625,22.0,21.375,15.157954216003418
1999-05-10,220400,22.0,21.1875,22.0,21.125,14.89433765411377
1999-05-07,285200,22.8125,22.9375,23.0,22.5625,16.124542236328125
1999-05-06,286400,24.0,24.125,24.3125,24.0,16.959331512451172
1999-05-05,288600,22.9375,24.25,24.4375,22.9375,17.047203063964844
1999-05-04,79100,23.9375,23.3125,23.9375,22.8125,16.38816261291504
1999-05-03,85400,23.625,24.4375,24.4375,23.5,17.17901611328125
1999-04-30,207200,23.5625,23.875,24.0625,23.4375,16.78358268737793
1999-04-29,280000,22.6875,23.4375,23.5,22.4375,16.476036071777344
1999-04-28,142600,21.625,22.75,22.75,21.5625,15.992731094360352
1999-04-27,162200,21.1875,21.4375,21.4375,21.125,15.070077896118164
1999-04-26,59900,21.75,21.0625,21.75,21.0625,14.806463241577148
1999-04-23,36100,21.9375,21.625,21.9375,21.5625,15.201887130737305
1999-04-22,76000,21.5625,21.875,21.9375,21.5625,15.37763786315918
1999-04-21,63000,21.875,22.0,22.0625,21.625,15.465500831604004
1999-04-20,81400,23.0,22.8125,23.25,22.75,16.036672592163086
1999-04-19,232300,23.4375,23.0625,23.4375,23.0,16.212421417236328
1999-04-16,201700,22.8125,23.1875,23.3125,22.6875,16.300289154052734
1999-04-15,290900,20.6875,21.6875,21.75,20.6875,15.245827674865723
1999-04-14,77900,20.5,20.0,20.5625,19.875,14.059551239013672
1999-04-13,119700,19.9375,20.3125,20.4375,19.9375,14.279228210449219
1999-04-12,43200,20.0625,19.9375,20.125,19.875,14.015613555908203
1999-04-09,40300,19.875,19.6875,19.9375,19.375,13.839871406555176
1999-04-08,28900,20.0,19.875,20.0,19.625,13.971677780151367
1999-04-07,81900,19.8125,19.875,20.0,19.75,13.971677780151367
1999-04-06,55500,19.6875,20.0,20.0625,19.5625,14.059551239013672
1999-04-05,65200,20.0625,19.875,20.125,19.875,13.971677780151367
1999-04-01,81400,20.1875,20.125,20.375,20.0,14.147425651550293
1999-03-31,79100,19.5,20.125,20.125,19.5,14.147425651550293
1999-03-30,115100,19.5,19.5,19.5,19.25,13.708060264587402
1999-03-29,96800,19.1875,19.125,19.1875,18.75,13.444443702697754
1999-03-26,82200,19.5625,19.0,19.5625,18.875,13.356571197509766
1999-03-25,74000,19.375,19.5625,19.6875,19.375,13.751996040344238
1999-03-24,38100,19.4375,19.375,19.4375,19.125,13.620186805725098
1999-03-23,48400,19.25,19.25,19.375,19.0625,13.532317161560059
1999-03-22,46400,19.4375,19.25,19.4375,19.125,13.532317161560059
1999-03-19,32200,19.375,19.3125,19.5,19.1875,13.576250076293945
1999-03-18,65200,19.625,19.375,19.625,19.375,13.620186805725098
1999-03-17,45000,20.1875,19.8125,20.25,19.5,13.927745819091797
1999-03-16,147200,20.375,19.9375,20.375,19.25,14.015613555908203
1999-03-15,37800,20.75,20.125,20.75,20.125,14.147425651550293
1999-03-12,66800,21.875,21.4375,21.875,21.4375,15.070077896118164
1999-03-11,121600,22.4375,22.6875,22.875,22.0625,15.948799133300781
1999-03-10,35100,21.25,21.625,21.75,21.25,15.201887130737305
1999-03-09,221600,21.3125,21.6875,21.875,21.25,15.245827674865723
1999-03-08,69000,20.625,21.125,21.1875,20.5,14.850401878356934
1999-03-05,29400,20.0625,20.1875,20.375,20.0625,14.191357612609863
1999-03-04,52900,19.9375,20.3125,20.3125,19.9375,14.279228210449219
1999-03-03,63200,19.0625,19.4375,19.4375,19.0625,13.664128303527832
1999-03-02,75000,18.875,19.0,19.25,18.875,13.356571197509766
1999-03-01,69000,18.5,18.4375,18.6875,18.3125,12.961146354675293
1999-02-26,27400,18.5,18.125,18.5,18.125,12.741466522216797
1999-02-25,75400,18.3125,18.5625,18.5625,18.125,13.049017906188965
1999-02-24,63600,18.3125,18.0625,18.5,18.0625,12.697530746459961
1999-02-23,54100,18.625,18.4375,18.6875,18.375,12.961146354675293
1999-02-22,37000,19.25,18.5625,19.25,18.3125,13.049017906188965
1999-02-19,70500,19.25,19.25,19.375,19.0,13.532317161560059
1999-02-18,17900,19.25,19.375,19.4375,19.1875,13.620186805725098
1999-02-17,190600,18.875,19.0,19.125,18.75,13.356571197509766
1999-02-16,100200,19.1875,19.3125,19.3125,19.0,13.10919189453125
1999-02-12,65000,20.125,19.5625,20.125,19.4375,13.278890609741211
1999-02-11,114300,19.75,19.6875,20.0,19.625,13.36374282836914
1999-02-10,91500,20.125,19.25,20.125,19.25,13.06676959991455
1999-02-09,50900,20.4375,20.0,20.4375,20.0,13.575865745544434
1999-02-08,98700,20.5,20.75,21.125,20.375,14.08495807647705
1999-02-05,70400,20.4375,20.375,20.625,20.3125,13.830415725708008
1999-02-04,164000,20.25,20.375,20.5,19.9375,13.830415725708008
1999-02-03,35700,20.1875,19.9375,20.25,19.875,13.533439636230469
1999-02-02,86100,20.0,20.4375,20.5625,20.0,13.87283706665039
1999-02-01,152800,20.75,20.375,20.75,20.25,13.830415725708008
1999-01-29,207500,20.25,20.0,20.25,19.875,13.575865745544434
1999-01-28,98600,19.75,19.875,20.125,19.5625,13.491015434265137
1999-01-27,116000,20.6875,19.875,20.6875,19.75,13.491015434265137
1999-01-26,147300,20.4375,20.125,20.5,19.9375,13.660717964172363
1999-01-25,212900,20.375,20.375,20.6875,20.375,13.830415725708008
1999-01-22,156800,20.875,20.375,20.875,20.375,13.830415725708008
1999-01-21,146700,21.125,21.0,21.25,20.875,14.254654884338379
1999-01-20,156100,21.0625,21.0,21.1875,20.875,14.254654884338379
1999-01-19,106100,21.75,21.5,21.75,21.1875,14.594051361083984
1999-01-15,84400,20.875,21.875,21.9375,20.875,14.848607063293457
1999-01-14,83200,21.0625,20.9375,21.125,20.75,14.212237358093262
1999-01-13,61100,21.25,21.3125,21.5,20.9375,14.466778755187988
1999-01-12,171600,22.25,21.75,22.25,21.5625,14.763750076293945
1999-01-11,251100,21.5625,22.140600204467773,22.4375,21.5,15.028885841369629
1999-01-08,171400,22.0625,21.75,22.0625,21.625,14.763750076293945
1999-01-07,134100,21.6875,22.3125,22.5,21.6875,15.145567893981934
1999-01-06,101500,20.875,21.625,21.75,20.875,14.678900718688965
1999-01-05,29300,19.8125,20.125,20.3125,19.75,13.660717964172363
1999-01-04,83800,19.9375,19.5625,19.9375,19.375,13.278890609741211
1998-12-31,47400,19.125,19.5625,19.6875,19.125,13.278890609741211
1998-12-30,76800,19.5625,19.125,19.875,19.125,12.98192024230957
1998-12-29,99300,19.375,19.5,19.6875,19.3125,13.236468315124512
1998-12-28,59700,19.8125,19.1875,20.0,19.125,13.024344444274902
1998-12-24,30800,19.4375,19.8125,19.8125,19.4375,13.44859504699707
1998-12-23,320300,18.875,19.4375,19.4375,18.25,13.194045066833496
1998-12-22,202300,19.75,18.75,19.75,18.625,12.727373123168945
1998-12-21,214800,20.4375,19.6875,20.4375,19.5,13.36374282836914
1998-12-18,89300,20.0,20.4375,20.8125,20.0,13.87283706665039
1998-12-17,122600,21.875,20.625,21.875,20.5,14.000109672546387
1998-12-16,116500,20.6875,21.0625,21.125,20.5,14.297082901000977
1998-12-15,86300,20.5625,20.125,20.625,20.125,13.660717964172363
1998-12-14,53200,19.75,19.9375,20.1875,19.75,13.533439636230469
1998-12-11,110400,20.125,19.875,20.1875,19.6875,13.491015434265137
1998-12-10,195400,20.3125,20.75,20.75,20.3125,14.08495807647705
1998-12-09,181500,19.625,19.8125,20.0,19.625,13.44859504699707
1998-12-08,174000,20.375,19.5625,20.375,19.5,13.278890609741211
1998-12-07,262600,20.125,20.3125,20.625,20.125,13.787984848022461
1998-12-04,164200,20.8125,19.625,20.9375,19.375,13.321314811706543
1998-12-03,78400,20.9375,21.0625,21.375,20.875,14.297082901000977
1998-12-02,109300,22.0,21.3125,22.0,21.0625,14.466778755187988
1998-12-01,159700,22.75,22.0,23.125,21.75,14.93344783782959
1998-11-30,254900,24.125,22.5625,24.125,22.5625,15.315267562866211
1998-11-27,32500,24.125,24.3125,24.3125,24.0625,16.50316047668457
1998-11-25,72800,24.125,24.375,24.5,24.0,16.54558563232422
1998-11-24,60900,24.5,24.125,24.5,24.125,16.375886917114258
1998-11-23,119100,24.375,24.1875,24.4375,24.0,16.418312072753906
1998-11-20,68800,25.1875,24.4375,25.1875,24.4375,16.588014602661133
1998-11-19,111500,25.875,24.875,25.875,24.8125,16.88498306274414
1998-11-18,215800,24.75,25.0,25.5,24.6875,16.96982765197754
1998-11-17,15500,23.8125,24.0625,24.25,23.75,16.333459854125977
1998-11-16,78900,23.9375,24.0,24.125,23.625,16.29103660583496
1998-11-13,117000,24.25,23.8125,24.75,23.75,16.16376304626465
1998-11-12,187900,23.0,23.9375,24.0,22.625,16.24861717224121
1998-11-11,87500,23.5,23.0,23.625,23.0,15.612244606018066
1998-11-10,48400,23.5625,23.6875,24.0,23.375,16.07891273498535
1998-11-09,30900,24.0625,24.0,24.0625,23.75,16.29103660583496
1998-11-06,220100,24.5625,24.125,24.9375,24.125,16.375886917114258
1998-11-05,315100,24.6875,24.5625,25.125,24.0,16.672855377197266
1998-11-04,248100,24.0,24.4375,24.75,23.5,16.588014602661133
1998-11-03,128300,24.25,24.0,24.25,23.5625,16.29103660583496
1998-11-02,46200,24.9375,24.625,25.0625,24.5,16.715282440185547
1998-10-30,73500,25.4375,25.0,25.4375,24.9375,16.96982765197754
1998-10-29,93200,25.6875,25.5625,25.9375,25.375,17.351648330688477
1998-10-28,41700,25.625,25.5625,25.6875,25.3125,17.351648330688477
1998-10-27,189100,25.125,25.875,25.875,25.125,17.563772201538086
1998-10-26,84900,24.5,24.5,24.625,24.4375,16.630434036254883
1998-10-23,22700,24.875,24.625,24.875,24.625,16.715282440185547
1998-10-22,58900,24.625,24.625,24.8125,24.5,16.715282440185547
1998-10-21,20300,25.5,25.5,25.6875,25.4375,17.309223175048828
1998-10-20,96600,25.5,25.5,25.75,25.375,17.309223175048828
1998-10-19,67600,25.8125,25.25,25.875,25.125,17.1395263671875
1998-10-16,198400,26.75,26.0625,26.75,25.375,17.6910457611084
1998-10-15,270800,25.5625,25.1875,26.0,24.625,17.097103118896484
1998-10-14,168100,25.0625,24.9375,25.375,24.875,16.92740821838379
1998-10-13,277300,25.75,25.125,26.0,25.0625,17.05467987060547
1998-10-12,235600,27.6875,25.5,27.6875,25.0625,17.309223175048828
1998-10-09,169400,29.5,28.0625,29.5,27.75,19.048635482788086
1998-10-08,417100,31.0,30.125,31.0,29.8125,20.44864273071289
1998-10-07,299000,28.5,30.0625,30.25,28.5,20.406219482421875
1998-10-06,140400,26.75,27.75,27.875,26.5625,18.836511611938477
1998-10-05,166500,28.5,27.0,28.5,26.875,18.327417373657227
1998-10-02,491300,29.25,29.25,29.625,28.8125,19.85470199584961
1998-10-01,489000,28.0,29.125,29.25,27.25,19.769855499267578
1998-09-30,173900,26.5,26.875,27.125,26.125,18.242570877075195
1998-09-29,133200,26.375,26.625,26.875,26.375,18.0728702545166
1998-09-28,299000,24.5,26.25,26.3125,24.375,17.81832504272461
1998-09-25,348100,25.0,25.125,25.375,24.4375,17.05467987060547
1998-09-24,276000,21.5,23.6875,23.75,21.5,16.07891273498535
1998-09-23,136400,21.5625,21.25,21.5625,20.75,14.42435359954834
1998-09-22,46800,21.75,21.5625,22.0,21.5625,14.636481285095215
1998-09-21,99000,22.625,22.1875,22.625,22.125,15.060721397399902
1998-09-18,35400,22.5,22.125,22.5,21.75,15.018298149108887
1998-09-17,74000,22.25,22.5,22.6875,22.0,15.272850036621094
1998-09-16,148500,22.0,21.0625,22.25,21.0,14.297082901000977
1998-09-15,29300,22.25,22.25,22.4375,22.125,15.1031494140625
1998-09-14,97000,22.5,22.0,22.5,21.3125,14.93344783782959
1998-09-11,217700,24.0625,22.625,24.375,22.625,15.357699394226074
1998-09-10,308300,22.375,23.375,24.0625,22.25,15.866787910461426
1998-09-09,52400,20.8125,20.9375,21.0,20.4375,14.212237358093262
1998-09-08,150700,22.0,21.0,22.5,20.0,14.254654884338379
1998-09-04,214700,20.3125,21.75,22.5,20.3125,14.763750076293945
1998-09-03,246900,18.125,20.625,20.6875,18.0625,14.000109672546387
1998-09-02,45700,18.0625,18.5,18.6875,17.8125,12.55767822265625
1998-09-01,109600,17.5,18.6875,18.6875,17.375,12.684952735900879
1998-08-31,117300,17.17180061340332,16.25,17.17180061340332,16.0625,11.030391693115234
1998-08-28,109400,16.5625,16.3125,17.125,16.0,11.072813987731934
1998-08-27,98400,17.0,16.8125,17.125,16.5,11.412211418151855
1998-08-26,112300,18.375,17.5625,18.375,17.5,11.921305656433105
1998-08-25,53200,19.0,18.875,19.5,18.8125,12.812224388122559
1998-08-24,73500,19.875,19.75,19.875,19.0625,13.406167030334473
1998-08-21,102700,19.625,19.9375,20.0,19.5,13.533439636230469
1998-08-20,76700,19.9375,19.75,20.0,19.25,13.406167030334473
1998-08-19,58000,20.25,19.75,20.25,19.75,13.406167030334473
1998-08-18,20100,20.25,20.3125,20.375,20.125,13.787984848022461
1998-08-17,40000,20.4375,20.375,20.4375,20.125,13.830415725708008
1998-08-14,28700,20.125,20.3125,20.375,20.0,13.787984848022461
1998-08-13,61500,19.4375,20.0,20.1875,19.4375,13.575865745544434
1998-08-12,69200,20.9375,20.75,21.0,20.625,14.08495807647705
1998-08-11,101500,21.25,21.5,21.5,21.125,14.594051361083984
1998-08-10,73300,22.125,22.25,22.25,22.0625,15.1031494140625
1998-08-07,89800,21.75,22.0,22.125,21.75,14.93344783782959
1998-08-06,90700,21.3125,21.75,21.8125,21.25,14.763750076293945
1998-08-05,107900,21.25,21.375,21.6875,21.0,14.509204864501953
