date,volume,open,close,high,low,adjclose
2019-04-18,63100,28.260000228881836,28.450000762939453,28.5,28.054000854492188,28.450000762939453
2019-04-17,78300,28.459999084472656,28.350000381469727,28.56999969482422,28.295000076293945,28.350000381469727
2019-04-16,135600,28.3799991607666,28.3799991607666,28.59000015258789,28.350000381469727,28.3799991607666
2019-04-15,62400,28.389999389648438,28.420000076293945,28.670000076293945,28.19499969482422,28.420000076293945
2019-04-12,91900,28.06999969482422,28.459999084472656,28.510000228881836,27.899999618530273,28.459999084472656
2019-04-11,58400,28.06999969482422,27.969999313354492,28.239999771118164,27.899999618530273,27.969999313354492
2019-04-10,58100,27.6200008392334,28.09000015258789,28.1299991607666,27.559999465942383,28.09000015258789
2019-04-09,170100,27.540000915527344,27.530000686645508,27.829999923706055,27.469999313354492,27.530000686645508
2019-04-08,70100,27.690000534057617,27.59000015258789,27.84000015258789,27.34000015258789,27.59000015258789
2019-04-05,92000,27.239999771118164,27.700000762939453,27.760000228881836,26.979999542236328,27.700000762939453
2019-04-04,89900,27.450000762939453,27.139999389648438,27.59000015258789,27.059999465942383,27.139999389648438
2019-04-03,51000,27.450000762939453,27.420000076293945,27.709999084472656,27.329999923706055,27.420000076293945
2019-04-02,206100,27.56999969482422,27.270000457763672,27.75,26.940000534057617,27.270000457763672
2019-04-01,85500,27.860000610351562,27.579999923706055,27.940000534057617,27.420000076293945,27.579999923706055
2019-03-29,98900,28.200000762939453,27.770000457763672,28.200000762939453,27.459999084472656,27.770000457763672
2019-03-28,54600,27.920000076293945,28.030000686645508,28.15999984741211,27.920000076293945,28.030000686645508
2019-03-27,90800,28.100000381469727,27.899999618530273,28.309999465942383,27.8799991607666,27.899999618530273
2019-03-26,66500,28.270000457763672,28.100000381469727,28.6299991607666,28.049999237060547,28.100000381469727
2019-03-25,110000,27.889999389648438,28.139999389648438,28.280000686645508,27.760000228881836,28.139999389648438
2019-03-22,88800,28.520000457763672,27.979999542236328,28.565000534057617,27.969999313354492,27.979999542236328
2019-03-21,187100,28.40999984741211,28.510000228881836,28.81999969482422,28.389999389648438,28.510000228881836
2019-03-20,122500,28.610000610351562,28.40999984741211,28.729999542236328,28.190000534057617,28.40999984741211
2019-03-19,117800,28.549999237060547,28.56999969482422,28.78499984741211,28.209999084472656,28.56999969482422
2019-03-18,100200,28.43000030517578,28.450000762939453,28.559999465942383,28.170000076293945,28.450000762939453
2019-03-15,170100,28.1299991607666,28.440000534057617,28.600000381469727,28.1299991607666,28.440000534057617
2019-03-14,63300,28.290000915527344,28.079999923706055,28.350000381469727,28.030000686645508,28.079999923706055
2019-03-13,81700,28.420000076293945,28.209999084472656,28.65999984741211,28.170000076293945,28.209999084472656
2019-03-12,122400,28.209999084472656,28.34000015258789,28.68000030517578,28.079999923706055,28.34000015258789
2019-03-11,232100,28.1299991607666,28.110000610351562,28.360000610351562,28.030000686645508,28.110000610351562
2019-03-08,384400,27.760000228881836,28.1200008392334,28.18000030517578,27.684999465942383,28.1200008392334
2019-03-07,340800,27.729999542236328,27.809999465942383,27.868999481201172,27.56999969482422,27.809999465942383
2019-03-06,232700,27.969999313354492,27.729999542236328,27.969999313354492,27.540000915527344,27.729999542236328
2019-03-05,261700,28.100000381469727,27.829999923706055,28.25,27.829999923706055,27.829999923706055
2019-03-04,536300,28.3799991607666,28.079999923706055,28.3799991607666,27.889999389648438,28.079999923706055
2019-03-01,377600,28.030000686645508,28.280000686645508,28.280000686645508,27.75,28.280000686645508
2019-02-28,372500,28.65999984741211,27.84000015258789,28.829999923706055,27.770000457763672,27.84000015258789
2019-02-27,146400,28.709999084472656,28.579999923706055,28.81999969482422,28.579999923706055,28.579999923706055
2019-02-26,129100,29.3799991607666,28.729999542236328,29.389999389648438,28.709999084472656,28.729999542236328
2019-02-25,270500,29.68000030517578,29.3799991607666,29.700000762939453,29.360000610351562,29.3799991607666
2019-02-22,302400,29.34000015258789,29.59000015258789,29.739999771118164,29.299999237060547,29.59000015258789
2019-02-21,226200,28.81999969482422,29.209999084472656,29.450000762939453,28.75,29.209999084472656
2019-02-20,113000,29.020000457763672,28.899999618530273,29.1200008392334,28.84000015258789,28.899999618530273
2019-02-19,95300,28.950000762939453,28.920000076293945,29.040000915527344,28.690000534057617,28.920000076293945
2019-02-15,128000,29.030000686645508,28.959999084472656,29.110000610351562,28.809999465942383,28.959999084472656
2019-02-14,129700,28.940000534057617,28.920000076293945,29.15999984741211,28.770000457763672,28.920000076293945
2019-02-13,230700,29.100000381469727,29.010000228881836,29.299999237060547,28.8799991607666,29.010000228881836
2019-02-12,322400,29.010000228881836,29.049999237060547,29.299999237060547,28.790000915527344,29.049999237060547
2019-02-11,335500,28.729999542236328,28.950000762939453,29.06999969482422,28.65999984741211,28.950000762939453
2019-02-08,223300,28.15999984741211,28.68000030517578,28.760000228881836,28.1200008392334,28.68000030517578
2019-02-07,179300,28.40999984741211,28.229999542236328,28.600000381469727,28.15999984741211,28.229999542236328
2019-02-06,346800,28.219999313354492,28.56999969482422,28.739999771118164,28.110000610351562,28.56999969482422
2019-02-05,435700,27.510000228881836,28.139999389648438,28.149999618530273,27.510000228881836,28.139999389648438
2019-02-04,333800,27.059999465942383,27.559999465942383,27.649999618530273,27.010000228881836,27.559999465942383
2019-02-01,124700,27.059999465942383,27.059999465942383,27.440000534057617,26.920000076293945,27.059999465942383
2019-01-31,115400,26.8799991607666,26.959999084472656,27.1299991607666,26.84000015258789,26.959999084472656
2019-01-30,128200,26.75,26.8700008392334,27.0,26.399999618530273,26.8700008392334
2019-01-29,108900,26.75,26.719999313354492,27.13599967956543,26.709999084472656,26.719999313354492
2019-01-28,144900,26.56999969482422,26.739999771118164,26.75,26.440000534057617,26.739999771118164
2019-01-25,151400,26.639999389648438,26.75,26.809999465942383,26.579999923706055,26.75
2019-01-24,175400,26.139999389648438,26.6299991607666,26.864999771118164,26.139999389648438,26.6299991607666
2019-01-23,133000,25.790000915527344,26.309999465942383,26.34000015258789,25.71500015258789,26.309999465942383
2019-01-22,263600,25.850000381469727,25.860000610351562,26.18000030517578,25.635000228881836,25.860000610351562
2019-01-18,90300,25.850000381469727,25.989999771118164,26.290000915527344,25.816999435424805,25.989999771118164
2019-01-17,108600,25.309999465942383,25.770000457763672,25.909000396728516,25.309999465942383,25.770000457763672
2019-01-16,136700,25.5,25.43000030517578,25.65999984741211,25.309999465942383,25.43000030517578
2019-01-15,155400,25.489999771118164,25.450000762939453,25.65999984741211,25.239999771118164,25.450000762939453
2019-01-14,59000,25.299999237060547,25.3799991607666,25.479999542236328,25.200000762939453,25.3799991607666
2019-01-11,92700,25.290000915527344,25.3799991607666,25.889999389648438,25.290000915527344,25.3799991607666
2019-01-10,93200,25.239999771118164,25.43000030517578,25.579999923706055,25.18000030517578,25.43000030517578
2019-01-09,196300,25.56999969482422,25.309999465942383,25.56999969482422,25.190000534057617,25.309999465942383
2019-01-08,115300,24.84000015258789,25.450000762939453,25.520000457763672,24.84000015258789,25.450000762939453
2019-01-07,193700,24.899999618530273,24.850000381469727,25.094999313354492,24.469999313354492,24.850000381469727
2019-01-04,103000,25.09000015258789,24.90999984741211,25.114999771118164,24.84000015258789,24.90999984741211
2019-01-03,170900,24.860000610351562,24.950000762939453,25.049999237060547,24.520000457763672,24.950000762939453
2019-01-02,183500,24.719999313354492,24.969999313354492,25.0,24.3700008392334,24.969999313354492
2018-12-31,98600,24.8799991607666,24.889999389648438,25.049999237060547,24.510000228881836,24.889999389648438
2018-12-28,107900,24.65999984741211,24.690000534057617,24.790000915527344,24.31100082397461,24.690000534057617
2018-12-27,110100,24.459999084472656,24.549999237060547,24.81999969482422,23.899999618530273,24.549999237060547
2018-12-26,144200,23.670000076293945,24.700000762939453,24.780000686645508,23.59000015258789,24.700000762939453
2018-12-24,65300,24.3799991607666,23.670000076293945,24.68000030517578,23.670000076293945,23.670000076293945
2018-12-21,220800,24.84000015258789,24.239999771118164,25.40999984741211,24.219999313354492,24.239999771118164
2018-12-20,165400,24.549999237060547,24.780000686645508,24.940000534057617,24.15999984741211,24.780000686645508
2018-12-19,206000,24.950000762939453,24.5,25.030000686645508,24.479999542236328,24.5
2018-12-18,135000,25.270000457763672,24.8700008392334,25.270000457763672,24.790000915527344,24.8700008392334
2018-12-17,217900,25.559999465942383,24.989999771118164,25.628000259399414,24.979999542236328,24.989999771118164
2018-12-14,228000,25.56999969482422,25.549999237060547,25.719999313354492,25.280000686645508,25.549999237060547
2018-12-13,135600,25.655000686645508,25.65999984741211,25.790000915527344,25.5,25.65999984741211
2018-12-12,197600,26.040000915527344,25.770000457763672,26.049999237060547,25.739999771118164,25.770000457763672
2018-12-11,165900,25.799999237060547,25.829999923706055,26.030000686645508,25.56999969482422,25.829999923706055
2018-12-10,191800,25.209999084472656,25.610000610351562,25.610000610351562,25.079999923706055,25.610000610351562
2018-12-07,114100,25.43000030517578,25.260000228881836,25.59000015258789,25.059999465942383,25.260000228881836
2018-12-06,126300,24.899999618530273,25.459999084472656,25.489999771118164,24.75,25.459999084472656
2018-12-04,231400,25.010000228881836,25.030000686645508,25.469999313354492,24.90999984741211,25.030000686645508
2018-12-03,176600,25.209999084472656,25.010000228881836,25.209999084472656,24.610000610351562,25.010000228881836
2018-11-30,236300,25.290000915527344,25.0,25.34000015258789,24.68000030517578,25.0
2018-11-29,140500,24.969999313354492,25.229999542236328,25.309999465942383,24.954999923706055,25.229999542236328
2018-11-28,184100,24.520000457763672,25.1299991607666,25.170000076293945,24.479999542236328,25.1299991607666
2018-11-27,104500,24.280000686645508,24.520000457763672,24.600000381469727,24.079999923706055,24.520000457763672
2018-11-26,107100,24.6200008392334,24.40999984741211,24.6200008392334,24.239999771118164,24.40999984741211
2018-11-23,41800,24.399999618530273,24.530000686645508,24.81999969482422,23.809999465942383,24.530000686645508
2018-11-21,248000,23.84000015258789,24.559999465942383,24.700000762939453,23.790000915527344,24.559999465942383
2018-11-20,415600,23.719999313354492,23.760000228881836,23.799999237060547,23.440000534057617,23.760000228881836
2018-11-19,126100,24.6200008392334,23.950000762939453,24.711000442504883,23.81999969482422,23.950000762939453
2018-11-16,222200,24.780000686645508,24.68000030517578,24.895000457763672,24.59000015258789,24.68000030517578
2018-11-15,376300,24.709999084472656,24.899999618530273,25.100000381469727,24.1200008392334,24.899999618530273
2018-11-14,198300,25.040000915527344,24.770000457763672,25.174999237060547,24.760000228881836,24.770000457763672
2018-11-13,157100,24.889999389648438,24.8700008392334,25.200000762939453,24.700000762939453,24.8700008392334
2018-11-12,155600,25.3799991607666,24.790000915527344,26.1200008392334,24.579999923706055,24.790000915527344
2018-11-09,157300,26.0,25.280000686645508,26.1200008392334,25.239999771118164,25.280000686645508
2018-11-08,386600,25.719999313354492,25.969999313354492,26.518999099731445,25.03499984741211,25.969999313354492
2018-11-07,201200,25.739999771118164,26.020000457763672,26.020000457763672,25.56999969482422,26.020000457763672
2018-11-06,121500,25.649999618530273,25.760000228881836,25.860000610351562,25.579999923706055,25.760000228881836
2018-11-05,83900,25.969999313354492,25.56999969482422,26.010000228881836,25.459999084472656,25.56999969482422
2018-11-02,93100,25.860000610351562,26.0,26.06999969482422,25.53499984741211,26.0
2018-11-01,132400,25.969999313354492,25.84000015258789,26.139999389648438,25.700000762939453,25.84000015258789
2018-10-31,302200,25.600000381469727,25.899999618530273,25.989999771118164,25.440000534057617,25.899999618530273
2018-10-30,122700,25.1299991607666,25.34000015258789,25.68000030517578,25.100000381469727,25.34000015258789
2018-10-29,85100,25.65999984741211,25.139999389648438,25.889999389648438,24.809999465942383,25.139999389648438
2018-10-26,105500,25.209999084472656,25.40999984741211,25.649999618530273,24.940000534057617,25.40999984741211
2018-10-25,163700,25.3799991607666,25.489999771118164,25.690000534057617,25.149999618530273,25.489999771118164
2018-10-24,124400,26.020000457763672,25.309999465942383,26.110000610351562,25.299999237060547,25.309999465942383
2018-10-23,139000,26.059999465942383,26.170000076293945,26.31999969482422,25.700000762939453,26.170000076293945
2018-10-22,227600,25.84000015258789,26.309999465942383,26.309999465942383,25.739999771118164,26.309999465942383
2018-10-19,128000,25.75,25.75,26.219999313354492,25.485000610351562,25.75
2018-10-18,75700,26.040000915527344,25.790000915527344,26.100000381469727,25.610000610351562,25.790000915527344
2018-10-17,173100,25.850000381469727,26.09000015258789,26.209999084472656,25.59000015258789,26.09000015258789
2018-10-16,78000,25.06999969482422,25.760000228881836,25.799999237060547,25.06999969482422,25.760000228881836
2018-10-15,82200,24.68000030517578,25.139999389648438,25.329999923706055,24.510000228881836,25.139999389648438
2018-10-12,156600,25.0,24.790000915527344,25.209999084472656,24.510000228881836,24.790000915527344
2018-10-11,155300,24.729999542236328,24.860000610351562,25.1299991607666,24.59000015258789,24.860000610351562
2018-10-10,196400,25.809999465942383,24.93000030517578,25.950000762939453,24.780000686645508,24.93000030517578
2018-10-09,79900,26.270000457763672,25.81999969482422,26.549999237060547,25.809999465942383,25.81999969482422
2018-10-08,131000,26.360000610351562,26.350000381469727,26.979999542236328,25.979999542236328,26.350000381469727
2018-10-05,163500,26.34000015258789,26.360000610351562,26.40999984741211,25.530000686645508,26.360000610351562
2018-10-04,150400,26.979999542236328,26.450000762939453,27.020000457763672,26.43000030517578,26.450000762939453
2018-10-03,146600,26.649999618530273,27.030000686645508,27.184999465942383,26.56999969482422,27.030000686645508
2018-10-02,109800,27.06999969482422,26.579999923706055,27.06999969482422,26.479999542236328,26.579999923706055
2018-10-01,146500,27.34000015258789,27.079999923706055,27.959999084472656,26.93199920654297,27.079999923706055
2018-09-28,250400,26.719999313354492,27.25,27.5,26.469999313354492,27.25
2018-09-27,158400,27.299999237060547,26.75,27.329999923706055,26.56800079345703,26.75
2018-09-26,470600,26.40999984741211,27.15999984741211,27.59000015258789,26.40999984741211,27.15999984741211
2018-09-25,477800,26.270000457763672,26.3700008392334,26.559999465942383,26.200000762939453,26.3700008392334
2018-09-24,131000,26.299999237060547,26.219999313354492,26.43000030517578,26.139999389648438,26.219999313354492
2018-09-21,389700,26.459999084472656,26.3799991607666,26.56999969482422,26.110000610351562,26.3799991607666
2018-09-20,171700,26.440000534057617,26.360000610351562,26.440000534057617,26.110000610351562,26.360000610351562
2018-09-19,138900,25.81999969482422,26.329999923706055,26.5,25.815000534057617,26.329999923706055
2018-09-18,358600,25.6299991607666,25.780000686645508,26.110000610351562,25.5,25.780000686645508
2018-09-17,220600,26.010000228881836,25.489999771118164,26.139999389648438,25.34000015258789,25.489999771118164
2018-09-14,171900,26.190000534057617,26.010000228881836,26.690000534057617,25.989999771118164,26.010000228881836
2018-09-13,89800,26.010000228881836,26.190000534057617,26.3799991607666,26.010000228881836,26.190000534057617
2018-09-12,288600,25.299999237060547,25.920000076293945,25.969999313354492,25.049999237060547,25.920000076293945
2018-09-11,398800,25.5,25.350000381469727,25.760000228881836,24.65999984741211,25.350000381469727
2018-09-10,132900,25.81999969482422,25.56999969482422,25.860000610351562,25.350000381469727,25.56999969482422
2018-09-07,176200,25.709999084472656,25.760000228881836,25.996000289916992,25.510000228881836,25.760000228881836
2018-09-06,143500,25.84000015258789,25.760000228881836,26.06999969482422,25.100000381469727,25.760000228881836
2018-09-05,171800,26.520000457763672,25.81999969482422,26.520000457763672,25.709999084472656,25.81999969482422
2018-09-04,76200,26.600000381469727,26.540000915527344,26.760000228881836,26.299999237060547,26.540000915527344
2018-08-31,131200,26.510000228881836,26.56999969482422,26.75,26.329999923706055,26.56999969482422
2018-08-30,60800,26.450000762939453,26.65999984741211,26.729999542236328,26.219999313354492,26.65999984741211
2018-08-29,105000,26.479999542236328,26.479999542236328,26.549999237060547,26.149999618530273,26.479999542236328
2018-08-28,97500,26.549999237060547,26.43000030517578,26.549999237060547,26.229999542236328,26.43000030517578
2018-08-27,114800,26.790000915527344,26.43000030517578,26.790000915527344,26.3799991607666,26.43000030517578
2018-08-24,123200,26.469999313354492,26.700000762939453,26.815000534057617,26.200000762939453,26.700000762939453
2018-08-23,114000,26.6200008392334,26.520000457763672,27.149999618530273,26.389999389648438,26.520000457763672
2018-08-22,112100,26.260000228881836,26.639999389648438,26.84000015258789,26.09000015258789,26.639999389648438
2018-08-21,144600,26.06999969482422,26.290000915527344,26.729999542236328,25.959999084472656,26.290000915527344
2018-08-20,136100,26.399999618530273,26.079999923706055,26.450000762939453,25.899999618530273,26.079999923706055
2018-08-17,125400,26.75,26.260000228881836,26.8700008392334,26.219999313354492,26.260000228881836
2018-08-16,117700,26.829999923706055,26.860000610351562,27.350000381469727,26.81999969482422,26.860000610351562
2018-08-15,386100,26.790000915527344,26.790000915527344,26.8799991607666,26.450000762939453,26.790000915527344
2018-08-14,175700,26.100000381469727,26.790000915527344,26.84000015258789,26.100000381469727,26.790000915527344
2018-08-13,87100,26.329999923706055,26.079999923706055,26.489999771118164,25.899999618530273,26.079999923706055
2018-08-10,49500,25.899999618530273,26.260000228881836,26.299999237060547,25.81999969482422,26.260000228881836
2018-08-09,76200,26.219999313354492,26.020000457763672,26.65999984741211,25.920000076293945,26.020000457763672
2018-08-08,278100,25.010000228881836,26.239999771118164,26.440000534057617,25.010000228881836,26.239999771118164
2018-08-07,182200,25.280000686645508,25.139999389648438,25.56999969482422,24.979999542236328,25.139999389648438
2018-08-06,334700,25.31999969482422,25.280000686645508,25.530000686645508,25.139999389648438,25.280000686645508
2018-08-03,221200,25.280000686645508,25.31999969482422,25.59000015258789,25.030000686645508,25.31999969482422
2018-08-02,76000,25.280000686645508,25.479999542236328,25.6200008392334,25.219999313354492,25.479999542236328
2018-08-01,336600,25.68000030517578,25.3799991607666,25.700000762939453,25.229999542236328,25.3799991607666
2018-07-31,86300,25.40999984741211,25.770000457763672,26.0,25.40999984741211,25.770000457763672
2018-07-30,132600,25.5,25.43000030517578,25.579999923706055,25.299999237060547,25.43000030517578
2018-07-27,84000,25.530000686645508,25.5,25.56999969482422,25.200000762939453,25.5
2018-07-26,56500,25.31999969482422,25.520000457763672,25.559999465942383,25.170000076293945,25.520000457763672
2018-07-25,72000,25.079999923706055,25.270000457763672,25.399999618530273,24.989999771118164,25.270000457763672
2018-07-24,105300,25.219999313354492,25.149999618530273,25.280000686645508,24.899999618530273,25.149999618530273
2018-07-23,75700,25.459999084472656,25.219999313354492,25.65999984741211,25.18000030517578,25.219999313354492
2018-07-20,77800,25.43000030517578,25.600000381469727,25.65999984741211,25.299999237060547,25.600000381469727
2018-07-19,60600,25.540000915527344,25.450000762939453,25.729999542236328,25.395000457763672,25.450000762939453
2018-07-18,69300,26.06999969482422,25.56999969482422,26.06999969482422,25.5,25.56999969482422
2018-07-17,62000,26.100000381469727,26.020000457763672,26.229999542236328,25.84000015258789,26.020000457763672
2018-07-16,59000,26.290000915527344,26.06999969482422,26.350000381469727,25.790000915527344,26.06999969482422
2018-07-13,57600,25.799999237060547,26.200000762939453,26.25,25.670000076293945,26.200000762939453
2018-07-12,81400,25.760000228881836,25.780000686645508,25.825000762939453,25.3799991607666,25.780000686645508
2018-07-11,76400,25.93000030517578,25.65999984741211,26.139999389648438,25.5,25.65999984741211
2018-07-10,61900,26.299999237060547,25.959999084472656,26.299999237060547,25.83799934387207,25.959999084472656
2018-07-09,54700,26.31999969482422,26.239999771118164,26.520000457763672,26.170000076293945,26.239999771118164
2018-07-06,184200,26.639999389648438,26.18000030517578,26.704999923706055,26.149999618530273,26.18000030517578
2018-07-05,147200,26.09000015258789,26.56999969482422,26.655000686645508,25.959999084472656,26.56999969482422
2018-07-03,33700,26.0,26.010000228881836,26.200000762939453,25.8799991607666,26.010000228881836
2018-07-02,63400,25.719999313354492,25.920000076293945,25.93000030517578,25.530000686645508,25.920000076293945
2018-06-29,132400,25.739999771118164,25.860000610351562,26.139999389648438,25.389999389648438,25.860000610351562
2018-06-28,126300,25.139999389648438,25.729999542236328,25.760000228881836,25.139999389648438,25.729999542236328
2018-06-27,90000,25.510000228881836,25.209999084472656,25.6200008392334,25.18000030517578,25.209999084472656
2018-06-26,89400,25.09000015258789,25.510000228881836,25.520000457763672,24.969999313354492,25.510000228881836
2018-06-25,98200,25.420000076293945,25.09000015258789,25.420000076293945,24.966999053955078,25.09000015258789
2018-06-22,313100,25.5,25.420000076293945,25.719999313354492,25.34000015258789,25.420000076293945
2018-06-21,143100,25.799999237060547,25.40999984741211,25.799999237060547,25.1299991607666,25.40999984741211
2018-06-20,140500,26.0,25.670000076293945,26.31999969482422,25.649999618530273,25.670000076293945
2018-06-19,140600,25.829999923706055,25.93000030517578,26.079999923706055,25.770000457763672,25.93000030517578
2018-06-18,173600,25.8700008392334,25.829999923706055,26.040000915527344,25.639999389648438,25.829999923706055
2018-06-15,257600,25.809999465942383,25.8700008392334,26.059999465942383,25.729999542236328,25.8700008392334
2018-06-14,130900,25.899999618530273,25.889999389648438,26.110000610351562,25.670000076293945,25.889999389648438
2018-06-13,114300,25.8799991607666,25.8700008392334,26.030000686645508,25.719999313354492,25.8700008392334
2018-06-12,129400,25.709999084472656,25.8799991607666,26.010000228881836,25.690000534057617,25.8799991607666
2018-06-11,87400,25.540000915527344,25.709999084472656,25.809999465942383,25.540000915527344,25.709999084472656
2018-06-08,88400,25.610000610351562,25.489999771118164,25.950000762939453,25.40999984741211,25.489999771118164
2018-06-07,155200,25.360000610351562,25.719999313354492,25.81999969482422,25.239999771118164,25.719999313354492
2018-06-06,168700,24.8799991607666,25.209999084472656,25.34000015258789,24.65999984741211,25.209999084472656
2018-06-05,173500,24.950000762939453,24.84000015258789,25.3799991607666,24.709999084472656,24.84000015258789
2018-06-04,229500,25.209999084472656,24.899999618530273,25.540000915527344,24.670000076293945,24.899999618530273
2018-06-01,172900,25.030000686645508,25.079999923706055,25.290000915527344,24.790000915527344,25.079999923706055
2018-05-31,220600,25.309999465942383,24.979999542236328,25.309999465942383,24.6200008392334,24.979999542236328
2018-05-30,158000,25.309999465942383,25.290000915527344,25.899999618530273,25.239999771118164,25.290000915527344
2018-05-29,209500,24.860000610351562,25.34000015258789,25.420000076293945,24.43000030517578,25.34000015258789
2018-05-25,141300,25.309999465942383,24.950000762939453,25.485000610351562,24.8700008392334,24.950000762939453
2018-05-24,124600,25.09000015258789,25.239999771118164,25.454999923706055,24.989999771118164,25.239999771118164
2018-05-23,145700,25.3700008392334,25.139999389648438,25.690000534057617,25.06999969482422,25.139999389648438
2018-05-22,101000,25.829999923706055,25.290000915527344,25.84000015258789,25.270000457763672,25.290000915527344
2018-05-21,242400,25.31999969482422,25.75,25.850000381469727,25.25,25.75
2018-05-18,253700,25.09000015258789,25.25,25.459999084472656,24.969999313354492,25.25
2018-05-17,515500,24.850000381469727,24.950000762939453,25.1200008392334,24.655000686645508,24.950000762939453
2018-05-16,426700,24.479999542236328,24.700000762939453,24.84000015258789,24.065000534057617,24.700000762939453
2018-05-15,527100,24.469999313354492,24.510000228881836,25.149999618530273,24.209999084472656,24.510000228881836
2018-05-14,783800,23.8700008392334,24.5,24.81999969482422,23.75,24.5
2018-05-11,140400,23.670000076293945,23.84000015258789,23.920000076293945,23.559999465942383,23.84000015258789
2018-05-10,167900,23.450000762939453,23.610000610351562,23.75,23.329999923706055,23.610000610351562
2018-05-09,313500,24.5,23.520000457763672,24.690000534057617,22.93000030517578,23.520000457763672
2018-05-08,249600,23.420000076293945,23.399999618530273,23.690000534057617,23.350000381469727,23.399999618530273
2018-05-07,376300,22.920000076293945,23.469999313354492,23.520000457763672,22.719999313354492,23.469999313354492
2018-05-04,354800,22.850000381469727,22.790000915527344,23.329999923706055,22.5,22.790000915527344
2018-05-03,627000,22.81999969482422,22.770000457763672,23.15999984741211,22.540000915527344,22.770000457763672
2018-05-02,209600,22.0,22.81999969482422,23.030000686645508,22.0,22.81999969482422
2018-05-01,123700,21.950000762939453,22.030000686645508,22.06999969482422,21.850000381469727,22.030000686645508
2018-04-30,73700,22.049999237060547,22.040000915527344,22.1299991607666,21.920000076293945,22.040000915527344
2018-04-27,78800,22.239999771118164,21.989999771118164,22.239999771118164,21.8799991607666,21.989999771118164
2018-04-26,79100,22.530000686645508,22.190000534057617,22.610000610351562,22.170000076293945,22.190000534057617
2018-04-25,81100,22.549999237060547,22.559999465942383,22.700000762939453,22.40999984741211,22.559999465942383
2018-04-24,86600,22.760000228881836,22.540000915527344,22.850000381469727,22.3700008392334,22.540000915527344
2018-04-23,82600,22.68000030517578,22.690000534057617,22.940000534057617,22.489999771118164,22.690000534057617
2018-04-20,75600,22.65999984741211,22.610000610351562,22.8799991607666,22.520000457763672,22.610000610351562
2018-04-19,61700,22.8799991607666,22.780000686645508,23.110000610351562,22.709999084472656,22.780000686645508
2018-04-18,102200,23.049999237060547,22.8700008392334,23.15999984741211,22.860000610351562,22.8700008392334
2018-04-17,80500,23.239999771118164,23.020000457763672,23.239999771118164,22.8700008392334,23.020000457763672
2018-04-16,130100,22.690000534057617,23.219999313354492,23.420000076293945,22.520000457763672,23.219999313354492
2018-04-13,64800,22.610000610351562,22.600000381469727,22.690000534057617,22.489999771118164,22.600000381469727
2018-04-12,112100,22.489999771118164,22.559999465942383,22.75,22.450000762939453,22.559999465942383
2018-04-11,80400,22.280000686645508,22.399999618530273,22.479999542236328,22.270000457763672,22.399999618530273
2018-04-10,142300,22.649999618530273,22.399999618530273,22.860000610351562,22.3799991607666,22.399999618530273
2018-04-09,225300,22.8799991607666,22.399999618530273,22.950000762939453,22.34000015258789,22.399999618530273
2018-04-06,86300,23.06999969482422,22.770000457763672,23.350000381469727,22.579999923706055,22.770000457763672
2018-04-05,152000,22.969999313354492,23.229999542236328,23.260000228881836,22.75,23.229999542236328
2018-04-04,132600,22.6200008392334,22.84000015258789,23.040000915527344,22.600000381469727,22.84000015258789
2018-04-03,360300,22.780000686645508,22.739999771118164,22.979999542236328,22.299999237060547,22.739999771118164
2018-04-02,196000,22.770000457763672,22.760000228881836,22.854999542236328,22.290000915527344,22.760000228881836
2018-03-29,146600,22.920000076293945,22.81999969482422,23.165000915527344,22.799999237060547,22.81999969482422
2018-03-28,169800,23.290000915527344,22.790000915527344,23.399999618530273,22.770000457763672,22.790000915527344
2018-03-27,133500,23.6299991607666,23.270000457763672,23.71500015258789,23.15999984741211,23.270000457763672
2018-03-26,128800,23.440000534057617,23.579999923706055,23.65999984741211,23.200000762939453,23.579999923706055
2018-03-23,219300,23.18000030517578,23.1200008392334,23.540000915527344,23.100000381469727,23.1200008392334
2018-03-22,148700,23.059999465942383,23.290000915527344,23.6200008392334,23.049999237060547,23.290000915527344
2018-03-21,108600,23.139999389648438,23.270000457763672,23.799999237060547,23.1299991607666,23.270000457763672
2018-03-20,164600,23.360000610351562,23.18000030517578,23.510000228881836,22.8799991607666,23.18000030517578
2018-03-19,180700,23.440000534057617,23.3700008392334,23.459999084472656,23.010000228881836,23.3700008392334
2018-03-16,198700,23.09000015258789,23.43000030517578,23.75,23.09000015258789,23.43000030517578
2018-03-15,76700,23.34000015258789,23.110000610351562,23.350000381469727,23.040000915527344,23.110000610351562
2018-03-14,52700,23.6299991607666,23.360000610351562,23.65999984741211,23.299999237060547,23.360000610351562
2018-03-13,80900,23.90999984741211,23.540000915527344,23.90999984741211,23.489999771118164,23.540000915527344
2018-03-12,80400,23.75,23.84000015258789,23.90999984741211,23.670000076293945,23.84000015258789
2018-03-09,130900,23.260000228881836,23.700000762939453,23.729999542236328,23.020000457763672,23.700000762939453
2018-03-08,86900,23.799999237060547,23.200000762939453,23.899999618530273,23.170000076293945,23.200000762939453
2018-03-07,151300,23.440000534057617,23.829999923706055,23.8799991607666,23.3799991607666,23.829999923706055
2018-03-06,123600,23.200000762939453,23.65999984741211,23.68000030517578,23.049999237060547,23.65999984741211
2018-03-05,185500,23.84000015258789,23.34000015258789,23.920000076293945,23.280000686645508,23.34000015258789
2018-03-02,113800,23.200000762939453,23.790000915527344,23.834999084472656,23.200000762939453,23.790000915527344
2018-03-01,192100,23.190000534057617,23.389999389648438,23.940000534057617,22.729999542236328,23.389999389648438
2018-02-28,354600,23.6200008392334,22.959999084472656,23.6299991607666,22.920000076293945,22.959999084472656
2018-02-27,120900,23.920000076293945,23.610000610351562,24.020000457763672,23.579999923706055,23.610000610351562
2018-02-26,130900,23.6200008392334,23.989999771118164,24.145999908447266,23.54199981689453,23.989999771118164
2018-02-23,61800,23.059999465942383,23.489999771118164,23.520000457763672,22.979999542236328,23.489999771118164
2018-02-22,54500,23.139999389648438,22.93000030517578,23.309999465942383,22.90999984741211,22.93000030517578
2018-02-21,118700,22.8799991607666,23.1200008392334,23.350000381469727,22.829999923706055,23.1200008392334
2018-02-20,145700,22.729999542236328,22.760000228881836,22.950000762939453,22.610000610351562,22.760000228881836
2018-02-16,136900,22.790000915527344,22.850000381469727,23.010000228881836,22.670000076293945,22.850000381469727
2018-02-15,206600,22.760000228881836,22.860000610351562,23.0,22.5,22.860000610351562
2018-02-14,198200,22.43000030517578,22.719999313354492,22.799999237060547,22.280000686645508,22.719999313354492
2018-02-13,241600,22.420000076293945,22.639999389648438,22.739999771118164,22.100000381469727,22.639999389648438
2018-02-12,177300,22.8799991607666,22.56999969482422,22.989999771118164,22.5,22.56999969482422
2018-02-09,265200,22.8700008392334,22.760000228881836,22.950000762939453,22.420000076293945,22.760000228881836
2018-02-08,162500,22.8799991607666,22.65999984741211,23.2189998626709,22.579999923706055,22.65999984741211
2018-02-07,131700,23.170000076293945,22.8799991607666,23.34000015258789,22.770000457763672,22.8799991607666
2018-02-06,196900,22.65999984741211,23.139999389648438,23.280000686645508,22.5,23.139999389648438
2018-02-05,113200,23.6299991607666,23.0,23.719999313354492,22.979999542236328,23.0
2018-02-02,102700,23.469999313354492,23.719999313354492,23.799999237060547,23.469999313354492,23.719999313354492
2018-02-01,186100,23.3700008392334,23.690000534057617,23.84000015258789,23.18000030517578,23.690000534057617
2018-01-31,137800,24.0,23.510000228881836,24.040000915527344,23.469999313354492,23.510000228881836
2018-01-30,81500,23.889999389648438,23.90999984741211,24.18000030517578,23.684999465942383,23.90999984741211
2018-01-29,115700,24.049999237060547,24.06999969482422,24.34000015258789,23.8799991607666,24.06999969482422
2018-01-26,101300,23.989999771118164,24.049999237060547,24.290000915527344,23.860000610351562,24.049999237060547
2018-01-25,72000,23.610000610351562,23.889999389648438,23.979999542236328,23.389999389648438,23.889999389648438
2018-01-24,185600,24.149999618530273,23.540000915527344,24.25,23.530000686645508,23.540000915527344
2018-01-23,145400,23.84000015258789,24.110000610351562,24.219999313354492,23.670000076293945,24.110000610351562
2018-01-22,132900,23.530000686645508,23.969999313354492,24.09000015258789,23.510000228881836,23.969999313354492
2018-01-19,101300,22.989999771118164,23.43000030517578,23.520000457763672,22.989999771118164,23.43000030517578
2018-01-18,127800,23.040000915527344,23.049999237060547,23.270000457763672,22.8700008392334,23.049999237060547
2018-01-17,87700,22.829999923706055,23.059999465942383,23.059999465942383,22.65999984741211,23.059999465942383
2018-01-16,128200,23.309999465942383,22.799999237060547,23.600000381469727,22.739999771118164,22.799999237060547
2018-01-12,94000,22.889999389648438,23.309999465942383,23.34000015258789,22.628000259399414,23.309999465942383
2018-01-11,188700,21.969999313354492,22.889999389648438,23.027999877929688,21.959999084472656,22.889999389648438
2018-01-10,161100,21.850000381469727,21.899999618530273,22.219999313354492,21.610000610351562,21.899999618530273
2018-01-09,122400,22.15999984741211,21.809999465942383,22.270000457763672,21.809999465942383,21.809999465942383
2018-01-08,71200,22.459999084472656,22.15999984741211,22.459999084472656,22.07900047302246,22.15999984741211
2018-01-05,78700,22.350000381469727,22.420000076293945,22.518999099731445,22.270000457763672,22.420000076293945
2018-01-04,143700,22.579999923706055,22.280000686645508,22.799999237060547,21.979999542236328,22.280000686645508
2018-01-03,94800,22.270000457763672,22.559999465942383,22.770000457763672,22.06999969482422,22.559999465942383
2018-01-02,180400,22.219999313354492,22.260000228881836,22.34000015258789,21.940000534057617,22.260000228881836
2017-12-29,168200,22.350000381469727,22.219999313354492,22.559999465942383,22.040000915527344,22.219999313354492
2017-12-28,121900,22.969999313354492,22.34000015258789,22.969999313354492,22.079999923706055,22.34000015258789
2017-12-27,100900,22.739999771118164,22.940000534057617,23.059999465942383,22.600000381469727,22.940000534057617
2017-12-26,70100,22.65999984741211,22.739999771118164,22.8799991607666,22.440000534057617,22.739999771118164
2017-12-22,81900,22.75,22.739999771118164,22.797000885009766,22.56999969482422,22.739999771118164
2017-12-21,116400,23.219999313354492,22.799999237060547,23.290000915527344,22.760000228881836,22.799999237060547
2017-12-20,106100,23.520000457763672,23.229999542236328,23.540000915527344,23.190000534057617,23.229999542236328
2017-12-19,92200,23.690000534057617,23.540000915527344,23.999000549316406,23.5,23.540000915527344
2017-12-18,102900,23.520000457763672,23.649999618530273,23.860000610351562,23.15999984741211,23.649999618530273
2017-12-15,199800,23.15999984741211,23.3700008392334,23.520000457763672,23.100000381469727,23.3700008392334
2017-12-14,187700,22.729999542236328,23.139999389648438,23.260000228881836,22.690000534057617,23.139999389648438
2017-12-13,67600,22.56999969482422,22.739999771118164,22.969999313354492,22.540000915527344,22.739999771118164
2017-12-12,95200,22.170000076293945,22.559999465942383,22.719999313354492,22.06999969482422,22.559999465942383
2017-12-11,323000,22.0,22.059999465942383,22.059999465942383,21.770000457763672,22.059999465942383
2017-12-08,87300,22.100000381469727,21.770000457763672,22.18000030517578,21.75,21.770000457763672
2017-12-07,134600,21.860000610351562,22.0,22.209999084472656,21.709999084472656,22.0
2017-12-06,182200,22.010000228881836,21.889999389648438,22.110000610351562,21.799999237060547,21.889999389648438
2017-12-05,263100,22.540000915527344,22.020000457763672,22.75,21.790000915527344,22.020000457763672
2017-12-04,135500,22.56999969482422,22.549999237060547,22.940000534057617,22.5,22.549999237060547
2017-12-01,221100,22.6299991607666,22.389999389648438,22.760000228881836,22.059999465942383,22.389999389648438
2017-11-30,101400,22.6200008392334,22.639999389648438,22.75,22.459999084472656,22.639999389648438
2017-11-29,146400,22.520000457763672,22.59000015258789,22.649999618530273,22.3700008392334,22.59000015258789
2017-11-28,150200,22.3700008392334,22.510000228881836,22.6200008392334,22.049999237060547,22.510000228881836
2017-11-27,121500,22.649999618530273,22.350000381469727,22.860000610351562,22.260000228881836,22.350000381469727
2017-11-24,33300,22.799999237060547,22.68000030517578,22.860000610351562,22.520000457763672,22.68000030517578
2017-11-22,158600,23.139999389648438,22.760000228881836,23.170000076293945,22.75,22.760000228881836
2017-11-21,141200,22.790000915527344,23.1200008392334,23.18000030517578,22.649999618530273,23.1200008392334
2017-11-20,308500,22.360000610351562,22.729999542236328,22.8799991607666,22.170000076293945,22.729999542236328
2017-11-17,105500,22.209999084472656,22.350000381469727,22.59600067138672,22.209999084472656,22.350000381469727
2017-11-16,205600,21.790000915527344,22.360000610351562,22.420000076293945,21.65999984741211,22.360000610351562
2017-11-15,109000,21.56999969482422,21.690000534057617,21.889999389648438,21.549999237060547,21.690000534057617
2017-11-14,525200,22.25,21.760000228881836,22.461999893188477,21.530000686645508,21.760000228881836
2017-11-13,104000,22.420000076293945,22.290000915527344,22.6299991607666,22.264999389648438,22.290000915527344
2017-11-10,170500,22.700000762939453,22.600000381469727,23.1200008392334,22.299999237060547,22.600000381469727
2017-11-09,216600,22.739999771118164,22.59000015258789,23.44499969482422,22.299999237060547,22.59000015258789
2017-11-08,232700,22.6200008392334,22.84000015258789,22.940000534057617,22.309999465942383,22.84000015258789
2017-11-07,124400,22.920000076293945,22.719999313354492,23.100000381469727,22.5,22.719999313354492
2017-11-06,180300,22.729999542236328,22.81999969482422,23.0,22.59000015258789,22.81999969482422
2017-11-03,257800,22.93000030517578,22.719999313354492,22.93000030517578,22.479999542236328,22.719999313354492
2017-11-02,154300,23.309999465942383,23.0,23.309999465942383,22.81999969482422,23.0
2017-11-01,296700,23.850000381469727,23.270000457763672,23.850000381469727,23.1299991607666,23.270000457763672
2017-10-31,258100,24.1200008392334,23.610000610351562,24.1200008392334,23.420000076293945,23.610000610351562
2017-10-30,158200,24.350000381469727,23.969999313354492,24.520000457763672,23.90999984741211,23.969999313354492
2017-10-27,101900,24.3700008392334,24.520000457763672,24.540000915527344,24.000999450683594,24.520000457763672
2017-10-26,74800,24.75,24.399999618530273,24.760000228881836,24.260000228881836,24.399999618530273
2017-10-25,65100,24.459999084472656,24.639999389648438,24.65999984741211,24.280000686645508,24.639999389648438
2017-10-24,132000,24.68000030517578,24.520000457763672,24.93000030517578,24.485000610351562,24.520000457763672
2017-10-23,90600,24.739999771118164,24.6299991607666,24.739999771118164,24.360000610351562,24.6299991607666
2017-10-20,42900,25.0,24.829999923706055,25.0,24.65999984741211,24.829999923706055
2017-10-19,91700,24.75,24.760000228881836,24.899999618530273,24.469999313354492,24.760000228881836
2017-10-18,59100,24.850000381469727,24.860000610351562,25.020000457763672,24.530000686645508,24.860000610351562
2017-10-17,137800,24.719999313354492,24.68000030517578,25.989999771118164,24.489999771118164,24.68000030517578
2017-10-16,60300,25.0,24.739999771118164,25.139999389648438,24.725000381469727,24.739999771118164
2017-10-13,131200,24.809999465942383,25.010000228881836,25.1200008392334,24.389999389648438,25.010000228881836
2017-10-12,115000,24.969999313354492,24.610000610351562,25.084999084472656,24.600000381469727,24.610000610351562
2017-10-11,214200,25.149999618530273,25.040000915527344,25.610000610351562,24.889999389648438,25.040000915527344
2017-10-10,276100,25.450000762939453,25.200000762939453,25.700000762939453,25.049999237060547,25.200000762939453
2017-10-09,68600,25.600000381469727,25.3700008392334,25.719999313354492,25.1200008392334,25.3700008392334
2017-10-06,61800,25.489999771118164,25.510000228881836,25.670000076293945,25.309999465942383,25.510000228881836
2017-10-05,66700,25.780000686645508,25.6200008392334,25.8799991607666,25.450000762939453,25.6200008392334
2017-10-04,83000,26.1200008392334,25.65999984741211,26.170000076293945,25.639999389648438,25.65999984741211
2017-10-03,136100,26.190000534057617,26.079999923706055,26.200000762939453,25.90999984741211,26.079999923706055
2017-10-02,179200,25.43000030517578,26.0,26.0,25.299999237060547,26.0
2017-09-29,91100,25.450000762939453,25.270000457763672,25.59000015258789,25.25,25.270000457763672
2017-09-28,156400,26.020000457763672,25.420000076293945,26.200000762939453,25.184999465942383,25.420000076293945
2017-09-27,163100,25.350000381469727,25.979999542236328,26.170000076293945,25.299999237060547,25.979999542236328
2017-09-26,96200,25.81999969482422,25.299999237060547,25.90999984741211,25.170000076293945,25.299999237060547
2017-09-25,159600,26.020000457763672,25.68000030517578,26.190000534057617,25.540000915527344,25.68000030517578
2017-09-22,122600,25.809999465942383,26.049999237060547,26.149999618530273,25.440000534057617,26.049999237060547
2017-09-21,93500,25.059999465942383,25.809999465942383,26.170000076293945,25.059999465942383,25.809999465942383
2017-09-20,298200,24.950000762939453,25.200000762939453,25.31999969482422,24.780000686645508,25.200000762939453
2017-09-19,119000,25.149999618530273,24.899999618530273,25.149999618530273,24.649999618530273,24.899999618530273
2017-09-18,95000,24.989999771118164,25.030000686645508,25.229999542236328,24.8799991607666,25.030000686645508
2017-09-15,190300,24.989999771118164,24.93000030517578,24.989999771118164,24.670000076293945,24.93000030517578
2017-09-14,70400,25.170000076293945,24.899999618530273,25.219999313354492,24.760000228881836,24.899999618530273
2017-09-13,63100,25.15999984741211,25.299999237060547,25.3799991607666,25.09000015258789,25.299999237060547
2017-09-12,54200,25.510000228881836,25.290000915527344,25.579999923706055,25.0,25.290000915527344
2017-09-11,105500,25.40999984741211,25.450000762939453,25.450000762939453,25.100000381469727,25.450000762939453
2017-09-08,108700,25.100000381469727,25.229999542236328,25.434999465942383,24.889999389648438,25.229999542236328
2017-09-07,227500,25.290000915527344,25.110000610351562,25.329999923706055,24.809999465942383,25.110000610351562
2017-09-06,155700,24.8700008392334,25.25,25.3799991607666,24.690000534057617,25.25
2017-09-05,188800,24.770000457763672,24.770000457763672,25.079999923706055,24.469999313354492,24.770000457763672
2017-09-01,86700,24.489999771118164,24.770000457763672,24.780000686645508,24.485000610351562,24.770000457763672
2017-08-31,107400,23.90999984741211,24.469999313354492,24.469999313354492,23.860000610351562,24.469999313354492
2017-08-30,100100,23.729999542236328,23.860000610351562,23.94499969482422,23.670000076293945,23.860000610351562
2017-08-29,51300,23.850000381469727,23.729999542236328,23.90999984741211,23.6200008392334,23.729999542236328
2017-08-28,55800,23.809999465942383,23.969999313354492,23.979999542236328,23.690000534057617,23.969999313354492
2017-08-25,63400,23.979999542236328,23.68000030517578,24.059999465942383,23.600000381469727,23.68000030517578
2017-08-24,98000,23.719999313354492,23.8799991607666,23.959999084472656,23.5,23.8799991607666
2017-08-23,184900,23.950000762939453,23.559999465942383,24.110000610351562,23.229999542236328,23.559999465942383
2017-08-22,109900,24.100000381469727,24.149999618530273,24.420000076293945,24.0,24.149999618530273
2017-08-21,201000,24.290000915527344,24.020000457763672,24.389999389648438,23.989999771118164,24.020000457763672
2017-08-18,176400,24.15999984741211,24.350000381469727,24.579999923706055,24.15999984741211,24.350000381469727
2017-08-17,83600,24.719999313354492,24.3799991607666,24.850000381469727,24.3700008392334,24.3799991607666
2017-08-16,70100,24.940000534057617,24.829999923706055,25.100000381469727,24.799999237060547,24.829999923706055
2017-08-15,67600,25.139999389648438,25.0,25.172000885009766,24.729999542236328,25.0
2017-08-14,79800,24.579999923706055,25.139999389648438,25.139999389648438,24.579999923706055,25.139999389648438
2017-08-11,177100,24.889999389648438,24.520000457763672,24.889999389648438,24.450000762939453,24.520000457763672
2017-08-10,210000,24.65999984741211,24.75,25.010000228881836,24.40999984741211,24.75
2017-08-09,195400,24.690000534057617,24.770000457763672,25.0,24.329999923706055,24.770000457763672
2017-08-08,99500,24.899999618530273,24.809999465942383,25.420000076293945,24.719999313354492,24.809999465942383
2017-08-07,169600,25.280000686645508,24.8799991607666,25.5,24.809999465942383,24.8799991607666
2017-08-04,61400,25.170000076293945,25.31999969482422,25.43000030517578,24.889999389648438,25.31999969482422
2017-08-03,489900,24.950000762939453,25.1299991607666,25.6200008392334,24.829999923706055,25.1299991607666
2017-08-02,160700,25.5,25.030000686645508,25.56999969482422,24.950000762939453,25.030000686645508
2017-08-01,587900,25.219999313354492,25.5,25.709999084472656,24.700000762939453,25.5
2017-07-31,189200,25.780000686645508,25.229999542236328,25.829999923706055,25.1200008392334,25.229999542236328
2017-07-28,289900,25.030000686645508,25.700000762939453,25.809999465942383,25.030000686645508,25.700000762939453
2017-07-27,398600,25.34000015258789,25.139999389648438,25.780000686645508,25.059999465942383,25.139999389648438
2017-07-26,64200,24.969999313354492,25.239999771118164,25.295000076293945,24.799999237060547,25.239999771118164
2017-07-25,139700,25.059999465942383,24.920000076293945,25.299999237060547,24.795000076293945,24.920000076293945
2017-07-24,298300,25.239999771118164,24.979999542236328,25.270000457763672,24.670000076293945,24.979999542236328
2017-07-21,154700,25.969999313354492,25.229999542236328,25.969999313354492,24.75,25.229999542236328
2017-07-20,443900,24.219999313354492,25.18000030517578,25.530000686645508,23.899999618530273,25.18000030517578
2017-07-19,1140700,23.940000534057617,24.239999771118164,24.3799991607666,23.75,24.239999771118164
2017-07-18,138200,23.59000015258789,23.920000076293945,24.040000915527344,23.3799991607666,23.920000076293945
2017-07-17,108300,23.940000534057617,23.600000381469727,24.059999465942383,23.52899932861328,23.600000381469727
2017-07-14,108600,23.440000534057617,23.8799991607666,24.020000457763672,23.399999618530273,23.8799991607666
2017-07-13,90000,23.200000762939453,23.579999923706055,23.579999923706055,23.020000457763672,23.579999923706055
2017-07-12,155500,23.799999237060547,23.260000228881836,23.979999542236328,22.940000534057617,23.260000228881836
2017-07-11,62700,23.59000015258789,23.670000076293945,23.825000762939453,23.420000076293945,23.670000076293945
2017-07-10,79800,23.75,23.559999465942383,23.860000610351562,23.510000228881836,23.559999465942383
2017-07-07,98200,23.290000915527344,23.8700008392334,23.93000030517578,23.18000030517578,23.8700008392334
2017-07-06,145000,23.360000610351562,23.25,23.799999237060547,23.040000915527344,23.25
2017-07-05,83700,23.8799991607666,23.56999969482422,23.979999542236328,23.25,23.56999969482422
2017-07-03,68700,24.020000457763672,23.829999923706055,24.18000030517578,23.559999465942383,23.829999923706055
2017-06-30,105200,23.969999313354492,23.969999313354492,24.06999969482422,23.729999542236328,23.969999313354492
2017-06-29,301700,24.170000076293945,23.889999389648438,24.190000534057617,23.799999237060547,23.889999389648438
2017-06-28,187700,23.979999542236328,24.1299991607666,24.249000549316406,23.875,24.1299991607666
2017-06-27,151900,23.8700008392334,23.889999389648438,24.030000686645508,23.770000457763672,23.889999389648438
2017-06-26,137000,23.059999465942383,23.8799991607666,24.020000457763672,23.059999465942383,23.8799991607666
2017-06-23,1265800,22.979999542236328,23.059999465942383,23.219999313354492,22.760000228881836,23.059999465942383
2017-06-22,64100,23.0,23.030000686645508,23.209999084472656,22.760000228881836,23.030000686645508
2017-06-21,88700,23.329999923706055,22.90999984741211,23.329999923706055,22.709999084472656,22.90999984741211
2017-06-20,141800,23.920000076293945,23.18000030517578,24.30500030517578,23.170000076293945,23.18000030517578
2017-06-19,183200,23.989999771118164,23.920000076293945,24.229999542236328,23.719999313354492,23.920000076293945
2017-06-16,176000,23.8799991607666,23.90999984741211,24.100000381469727,23.610000610351562,23.90999984741211
2017-06-15,99500,23.90999984741211,24.049999237060547,24.200000762939453,23.8799991607666,24.049999237060547
2017-06-14,90500,24.0,24.020000457763672,24.149999618530273,23.579999923706055,24.020000457763672
2017-06-13,99300,23.940000534057617,23.850000381469727,24.25,23.489999771118164,23.850000381469727
2017-06-12,124400,24.049999237060547,23.8700008392334,24.3700008392334,23.809999465942383,23.8700008392334
2017-06-09,87000,24.25,23.979999542236328,24.270000457763672,23.729999542236328,23.979999542236328
2017-06-08,128300,23.950000762939453,24.18000030517578,24.219999313354492,23.729999542236328,24.18000030517578
2017-06-07,170600,24.0,23.989999771118164,24.360000610351562,23.90999984741211,23.989999771118164
2017-06-06,134100,23.860000610351562,24.05500030517578,24.139999389648438,23.65999984741211,24.05500030517578
2017-06-05,53100,24.290000915527344,24.079999923706055,24.34000015258789,24.059999465942383,24.079999923706055
2017-06-02,121300,24.309999465942383,24.239999771118164,24.639999389648438,24.149999618530273,24.239999771118164
2017-06-01,124900,23.469999313354492,24.229999542236328,24.34000015258789,23.34000015258789,24.229999542236328
2017-05-31,91700,23.799999237060547,23.31999969482422,24.350000381469727,23.239999771118164,23.31999969482422
2017-05-30,134800,24.1200008392334,23.639999389648438,24.350000381469727,23.530000686645508,23.639999389648438
2017-05-26,120300,23.899999618530273,24.079999923706055,24.290000915527344,23.860000610351562,24.079999923706055
2017-05-25,144600,23.8799991607666,23.790000915527344,24.059999465942383,23.530000686645508,23.790000915527344
2017-05-24,48400,24.010000228881836,23.81999969482422,24.059999465942383,23.65999984741211,23.81999969482422
2017-05-23,37300,24.09000015258789,23.889999389648438,24.100000381469727,23.700000762939453,23.889999389648438
2017-05-22,72900,23.729999542236328,24.040000915527344,24.079999923706055,23.469999313354492,24.040000915527344
2017-05-19,80700,23.40999984741211,23.6299991607666,23.950000762939453,23.329999923706055,23.6299991607666
2017-05-18,103600,23.43000030517578,23.459999084472656,23.520000457763672,23.229999542236328,23.459999084472656
2017-05-17,185000,23.770000457763672,23.440000534057617,23.959999084472656,23.40999984741211,23.440000534057617
2017-05-16,76300,24.139999389648438,24.040000915527344,24.540000915527344,23.650999069213867,24.040000915527344
2017-05-15,81500,24.0,24.020000457763672,24.15999984741211,23.530000686645508,24.020000457763672
2017-05-12,67800,23.920000076293945,23.8700008392334,24.219999313354492,23.6299991607666,23.8700008392334
2017-05-11,99700,23.860000610351562,24.079999923706055,24.149999618530273,23.360000610351562,24.079999923706055
2017-05-10,85900,24.09000015258789,24.0,24.200000762939453,23.959999084472656,24.0
2017-05-09,108500,24.170000076293945,24.040000915527344,24.485000610351562,23.700000762939453,24.040000915527344
2017-05-08,104800,24.389999389648438,24.059999465942383,24.540000915527344,23.889999389648438,24.059999465942383
2017-05-05,220200,23.8700008392334,24.479999542236328,24.709999084472656,23.860000610351562,24.479999542236328
2017-05-04,134700,23.829999923706055,23.719999313354492,23.969999313354492,23.489999771118164,23.719999313354492
2017-05-03,134300,24.450000762939453,23.75,24.479999542236328,23.614999771118164,23.75
2017-05-02,77100,24.729999542236328,24.6200008392334,24.899999618530273,24.360000610351562,24.6200008392334
2017-05-01,56300,24.690000534057617,24.670000076293945,24.81999969482422,24.450000762939453,24.670000076293945
2017-04-28,88900,24.8700008392334,24.520000457763672,24.905000686645508,24.34000015258789,24.520000457763672
2017-04-27,82900,25.1200008392334,24.739999771118164,25.1200008392334,24.5,24.739999771118164
2017-04-26,213900,24.649999618530273,24.979999542236328,25.3799991607666,24.649999618530273,24.979999542236328
2017-04-25,135100,24.709999084472656,24.610000610351562,24.920000076293945,24.44099998474121,24.610000610351562
2017-04-24,70500,24.649999618530273,24.479999542236328,24.790000915527344,24.270000457763672,24.479999542236328
2017-04-21,94600,24.559999465942383,24.280000686645508,24.850000381469727,24.079999923706055,24.280000686645508
2017-04-20,257800,24.174999237060547,24.6200008392334,24.899999618530273,24.040000915527344,24.6200008392334
2017-04-19,103900,23.959999084472656,23.989999771118164,24.360000610351562,23.850000381469727,23.989999771118164
2017-04-18,79300,23.809999465942383,24.0,24.049999237060547,23.610000610351562,24.0
2017-04-17,169200,23.8799991607666,23.760000228881836,24.360000610351562,23.520000457763672,23.760000228881836
2017-04-13,95500,23.450000762939453,23.93000030517578,24.0,22.719999313354492,23.93000030517578
2017-04-12,68500,23.200000762939453,23.469999313354492,23.520000457763672,23.075000762939453,23.469999313354492
2017-04-11,110300,22.90999984741211,23.31999969482422,23.31999969482422,22.719999313354492,23.31999969482422
2017-04-10,175700,23.200000762939453,22.940000534057617,23.239999771118164,22.65999984741211,22.940000534057617
2017-04-07,55100,23.040000915527344,23.1299991607666,23.31999969482422,23.0,23.1299991607666
2017-04-06,81100,23.299999237060547,23.170000076293945,23.350000381469727,22.899999618530273,23.170000076293945
2017-04-05,109700,23.8700008392334,23.280000686645508,23.93000030517578,23.25,23.280000686645508
2017-04-04,63100,23.270000457763672,23.649999618530273,23.65999984741211,23.260000228881836,23.649999618530273
2017-04-03,89200,23.540000915527344,23.31999969482422,23.780000686645508,23.18000030517578,23.31999969482422
2017-03-31,143000,23.510000228881836,23.649999618530273,23.790000915527344,23.09000015258789,23.649999618530273
2017-03-30,58300,23.559999465942383,23.510000228881836,23.90999984741211,23.035999298095703,23.510000228881836
2017-03-29,71500,22.739999771118164,23.56999969482422,23.690000534057617,22.65999984741211,23.56999969482422
2017-03-28,55700,22.229999542236328,22.899999618530273,22.90999984741211,22.18000030517578,22.899999618530273
2017-03-27,47300,22.299999237060547,22.3799991607666,22.5,22.18000030517578,22.3799991607666
2017-03-24,37600,22.459999084472656,22.3700008392334,22.719999313354492,22.235000610351562,22.3700008392334
2017-03-23,49100,22.260000228881836,22.360000610351562,22.690000534057617,22.229999542236328,22.360000610351562
2017-03-22,84900,22.270000457763672,22.3799991607666,22.7549991607666,21.989999771118164,22.3799991607666
2017-03-21,72300,23.139999389648438,22.309999465942383,23.209999084472656,22.25,22.309999465942383
2017-03-20,90200,22.709999084472656,22.959999084472656,23.229999542236328,22.649999618530273,22.959999084472656
2017-03-17,168700,22.3700008392334,22.700000762939453,22.790000915527344,22.299999237060547,22.700000762939453
2017-03-16,76100,22.530000686645508,22.540000915527344,22.84000015258789,22.31999969482422,22.540000915527344
2017-03-15,111800,22.649999618530273,22.489999771118164,22.67300033569336,22.34000015258789,22.489999771118164
2017-03-14,70900,22.829999923706055,22.639999389648438,22.849000930786133,22.21500015258789,22.639999389648438
2017-03-13,250200,21.65999984741211,22.93000030517578,23.170000076293945,21.65999984741211,22.93000030517578
2017-03-10,58300,21.6299991607666,21.809999465942383,21.950000762939453,21.34000015258789,21.809999465942383
2017-03-09,64100,21.520000457763672,21.420000076293945,21.700000762939453,21.3799991607666,21.420000076293945
2017-03-08,82400,22.040000915527344,21.520000457763672,22.280000686645508,21.420000076293945,21.520000457763672
2017-03-07,37700,21.68000030517578,21.860000610351562,22.010000228881836,21.489999771118164,21.860000610351562
2017-03-06,671300,21.850000381469727,21.68000030517578,21.889999389648438,21.530000686645508,21.68000030517578
2017-03-03,101000,22.6200008392334,21.850000381469727,22.650999069213867,21.760000228881836,21.850000381469727
2017-03-02,56600,22.760000228881836,22.469999313354492,22.80299949645996,22.43000030517578,22.469999313354492
2017-03-01,86200,22.170000076293945,22.700000762939453,22.81999969482422,22.139999389648438,22.700000762939453
2017-02-28,538400,21.440000534057617,21.989999771118164,22.260000228881836,21.31999969482422,21.989999771118164
2017-02-27,123700,21.299999237060547,21.34000015258789,21.510000228881836,21.270000457763672,21.34000015258789
2017-02-24,70300,21.450000762939453,21.260000228881836,21.5,21.219999313354492,21.260000228881836
2017-02-23,148800,22.3799991607666,21.5,22.3799991607666,21.375,21.5
2017-02-22,96400,21.40999984741211,22.219999313354492,22.270000457763672,21.299999237060547,22.219999313354492
2017-02-21,38600,21.34000015258789,21.3700008392334,21.440000534057617,21.1299991607666,21.3700008392334
2017-02-17,83900,21.25,21.190000534057617,21.350000381469727,20.780000686645508,21.190000534057617
2017-02-16,102100,20.979999542236328,21.040000915527344,21.170000076293945,20.799999237060547,21.040000915527344
2017-02-15,36400,21.049999237060547,21.239999771118164,21.489999771118164,21.049999237060547,21.239999771118164
2017-02-14,107800,21.3700008392334,21.209999084472656,21.639999389648438,20.850000381469727,21.209999084472656
2017-02-13,71200,21.8700008392334,21.459999084472656,21.8700008392334,21.31999969482422,21.459999084472656
2017-02-10,323900,20.100000381469727,21.709999084472656,21.75,19.649999618530273,21.709999084472656
2017-02-09,324800,19.389999389648438,19.969999313354492,20.010000228881836,19.350000381469727,19.969999313354492
2017-02-08,101900,19.420000076293945,19.450000762939453,19.649999618530273,19.299999237060547,19.450000762939453
2017-02-07,105600,19.729999542236328,19.559999465942383,19.739999771118164,19.450000762939453,19.559999465942383
2017-02-06,113800,19.8700008392334,19.6299991607666,19.8700008392334,19.559999465942383,19.6299991607666
2017-02-03,107700,19.950000762939453,19.780000686645508,20.201000213623047,19.610000610351562,19.780000686645508
2017-02-02,169700,20.020000457763672,19.780000686645508,20.020000457763672,19.780000686645508,19.780000686645508
2017-02-01,158400,20.110000610351562,19.979999542236328,20.209999084472656,19.860000610351562,19.979999542236328
2017-01-31,226400,20.309999465942383,19.979999542236328,20.540000915527344,19.90999984741211,19.979999542236328
2017-01-30,155600,20.8799991607666,20.31999969482422,20.8799991607666,20.209999084472656,20.31999969482422
2017-01-27,67800,20.8799991607666,20.829999923706055,20.8799991607666,20.649999618530273,20.829999923706055
2017-01-26,51600,21.040000915527344,20.8799991607666,21.209999084472656,20.770000457763672,20.8799991607666
2017-01-25,62100,21.25,21.1200008392334,21.399999618530273,21.06999969482422,21.1200008392334
2017-01-24,93300,21.68000030517578,21.280000686645508,21.719999313354492,20.889999389648438,21.280000686645508
2017-01-23,131500,21.329999923706055,21.700000762939453,21.719999313354492,21.239999771118164,21.700000762939453
2017-01-20,191100,20.59000015258789,21.170000076293945,21.642000198364258,20.59000015258789,21.170000076293945
2017-01-19,153100,20.459999084472656,20.709999084472656,20.75,20.239999771118164,20.709999084472656
2017-01-18,126600,19.65999984741211,20.360000610351562,20.389999389648438,19.510000228881836,20.360000610351562
2017-01-17,138200,19.709999084472656,19.540000915527344,19.780000686645508,19.5,19.540000915527344
2017-01-13,83700,19.989999771118164,19.860000610351562,20.25,19.68000030517578,19.860000610351562
2017-01-12,130900,20.149999618530273,19.860000610351562,20.260000228881836,19.6200008392334,19.860000610351562
2017-01-11,91800,20.389999389648438,20.270000457763672,20.549999237060547,20.239999771118164,20.270000457763672
2017-01-10,98500,20.469999313354492,20.469999313354492,20.5,20.360000610351562,20.469999313354492
2017-01-09,73700,20.649999618530273,20.489999771118164,20.68000030517578,20.31999969482422,20.489999771118164
2017-01-06,67200,20.889999389648438,20.649999618530273,20.889999389648438,20.450000762939453,20.649999618530273
2017-01-05,48700,20.979999542236328,20.770000457763672,20.979999542236328,20.719999313354492,20.770000457763672
2017-01-04,79400,20.770000457763672,20.899999618530273,20.959999084472656,20.600000381469727,20.899999618530273
2017-01-03,93800,20.709999084472656,20.639999389648438,20.799999237060547,20.329999923706055,20.639999389648438
2016-12-30,206900,20.670000076293945,20.59000015258789,20.850000381469727,20.44499969482422,20.59000015258789
2016-12-29,56100,20.729999542236328,20.729999542236328,21.23900032043457,20.639999389648438,20.729999542236328
2016-12-28,62500,20.600000381469727,20.639999389648438,20.860000610351562,20.510000228881836,20.639999389648438
2016-12-27,67800,21.100000381469727,20.6299991607666,21.100000381469727,20.520000457763672,20.6299991607666
2016-12-23,68600,20.6200008392334,21.010000228881836,21.079999923706055,20.31999969482422,21.010000228881836
2016-12-22,114900,20.459999084472656,20.549999237060547,20.739999771118164,20.450000762939453,20.549999237060547
2016-12-21,72500,20.670000076293945,20.579999923706055,20.670000076293945,20.399999618530273,20.579999923706055
2016-12-20,110900,20.739999771118164,20.760000228881836,20.8700008392334,20.5,20.760000228881836
2016-12-19,154600,20.079999923706055,20.739999771118164,20.790000915527344,19.889999389648438,20.739999771118164
2016-12-16,337300,19.989999771118164,20.0,20.18000030517578,19.75,20.0
2016-12-15,160100,20.559999465942383,19.90999984741211,20.559999465942383,19.799999237060547,19.90999984741211
2016-12-14,55400,20.280000686645508,20.459999084472656,20.56999969482422,19.93000030517578,20.459999084472656
2016-12-13,95000,20.239999771118164,20.260000228881836,20.350000381469727,20.1299991607666,20.260000228881836
2016-12-12,76500,20.510000228881836,20.1299991607666,20.540000915527344,20.059999465942383,20.1299991607666
2016-12-09,84300,20.459999084472656,20.56999969482422,20.610000610351562,18.56999969482422,20.56999969482422
2016-12-08,70400,20.040000915527344,20.3700008392334,20.579999923706055,20.040000915527344,20.3700008392334
2016-12-07,85700,19.760000228881836,19.959999084472656,20.09000015258789,19.55500030517578,19.959999084472656
2016-12-06,65100,19.860000610351562,19.799999237060547,19.860000610351562,19.469999313354492,19.799999237060547
2016-12-05,94100,19.649999618530273,19.780000686645508,19.809999465942383,19.3799991607666,19.780000686645508
2016-12-02,79300,19.5,19.5,19.84000015258789,19.440000534057617,19.5
2016-12-01,109800,19.93000030517578,19.600000381469727,20.0,19.450000762939453,19.600000381469727
2016-11-30,92900,19.959999084472656,19.8700008392334,20.020000457763672,19.65999984741211,19.8700008392334
2016-11-29,63600,19.989999771118164,19.899999618530273,20.0,19.799999237060547,19.899999618530273
2016-11-28,56800,20.260000228881836,19.90999984741211,20.260000228881836,19.809999465942383,19.90999984741211
2016-11-25,28000,20.540000915527344,20.3700008392334,20.540000915527344,20.100000381469727,20.3700008392334
2016-11-23,125300,19.760000228881836,20.59000015258789,20.610000610351562,19.479999542236328,20.59000015258789
2016-11-22,140900,19.420000076293945,19.75,19.8700008392334,19.030000686645508,19.75
2016-11-21,177400,18.829999923706055,19.399999618530273,19.43000030517578,18.670000076293945,19.399999618530273
2016-11-18,137300,19.079999923706055,18.8700008392334,19.15999984741211,18.829999923706055,18.8700008392334
2016-11-17,148300,19.440000534057617,18.989999771118164,19.59000015258789,18.959999084472656,18.989999771118164
2016-11-16,183400,18.850000381469727,19.18000030517578,19.489999771118164,18.43000030517578,19.18000030517578
2016-11-15,145700,18.90999984741211,18.850000381469727,19.559999465942383,18.299999237060547,18.850000381469727
2016-11-14,261600,20.18000030517578,18.93000030517578,20.18000030517578,18.510000228881836,18.93000030517578
2016-11-11,323200,18.81999969482422,19.979999542236328,20.850000381469727,18.81999969482422,19.979999542236328
2016-11-10,299200,16.979999542236328,18.889999389648438,18.920000076293945,16.969999313354492,18.889999389648438
2016-11-09,134000,16.889999389648438,16.860000610351562,16.889999389648438,16.6200008392334,16.860000610351562
2016-11-08,128000,16.75,16.989999771118164,17.09000015258789,16.514999389648438,16.989999771118164
2016-11-07,100700,16.59000015258789,16.700000762939453,16.75,16.489999771118164,16.700000762939453
2016-11-04,82700,16.459999084472656,16.299999237060547,16.700000762939453,16.280000686645508,16.299999237060547
2016-11-03,51200,16.239999771118164,16.40999984741211,16.540000915527344,16.239999771118164,16.40999984741211
2016-11-02,113400,16.420000076293945,16.190000534057617,16.510000228881836,16.18000030517578,16.190000534057617
2016-11-01,108300,16.639999389648438,16.3799991607666,16.709999084472656,16.34000015258789,16.3799991607666
2016-10-31,61900,16.6200008392334,16.670000076293945,16.799999237060547,16.510000228881836,16.670000076293945
2016-10-28,25400,16.65999984741211,16.6299991607666,16.829999923706055,16.600000381469727,16.6299991607666
2016-10-27,53400,17.0,16.690000534057617,17.0,16.540000915527344,16.690000534057617
2016-10-26,137700,16.899999618530273,16.93000030517578,17.190000534057617,16.8799991607666,16.93000030517578
2016-10-25,105800,17.299999237060547,16.989999771118164,17.299999237060547,16.950000762939453,16.989999771118164
2016-10-24,65800,17.25,17.280000686645508,17.399999618530273,17.110000610351562,17.280000686645508
2016-10-21,42100,16.920000076293945,17.219999313354492,17.239999771118164,16.78499984741211,17.219999313354492
2016-10-20,48200,16.940000534057617,17.0,17.035999298095703,16.8700008392334,17.0
2016-10-19,65800,16.739999771118164,16.950000762939453,17.079999923706055,16.575000762939453,16.950000762939453
2016-10-18,31900,16.739999771118164,16.739999771118164,16.899999618530273,16.700000762939453,16.739999771118164
2016-10-17,52100,16.649999618530273,16.729999542236328,16.799999237060547,16.5,16.729999542236328
2016-10-14,167700,16.780000686645508,16.690000534057617,16.920000076293945,16.56999969482422,16.690000534057617
2016-10-13,458900,16.850000381469727,16.760000228881836,16.864999771118164,16.65999984741211,16.760000228881836
2016-10-12,84700,17.299999237060547,16.889999389648438,17.329999923706055,16.8700008392334,16.889999389648438
2016-10-11,105700,17.389999389648438,17.229999542236328,17.549999237060547,17.190000534057617,17.229999542236328
2016-10-10,55600,17.600000381469727,17.540000915527344,17.656999588012695,17.459999084472656,17.540000915527344
2016-10-07,46000,17.350000381469727,17.5,17.540000915527344,17.209999084472656,17.5
2016-10-06,28200,17.31999969482422,17.3700008392334,17.420000076293945,17.110000610351562,17.3700008392334
2016-10-05,187500,17.350000381469727,17.40999984741211,17.489999771118164,17.290000915527344,17.40999984741211
2016-10-04,155300,17.420000076293945,17.34000015258789,17.549999237060547,17.299999237060547,17.34000015258789
2016-10-03,759400,17.450000762939453,17.43000030517578,17.5,17.190000534057617,17.43000030517578
2016-09-30,501000,16.969999313354492,17.3799991607666,17.469999313354492,16.770000457763672,17.3799991607666
2016-09-29,84700,17.1200008392334,16.8700008392334,17.239999771118164,16.860000610351562,16.8700008392334
2016-09-28,89400,17.15999984741211,17.190000534057617,17.350000381469727,17.15999984741211,17.190000534057617
2016-09-27,69900,16.93000030517578,17.209999084472656,17.239999771118164,16.93000030517578,17.209999084472656
2016-09-26,87300,17.1299991607666,16.93000030517578,17.152000427246094,16.899999618530273,16.93000030517578
2016-09-23,67500,17.350000381469727,17.229999542236328,17.360000610351562,17.219999313354492,17.229999542236328
2016-09-22,80700,17.399999618530273,17.399999618530273,17.44499969482422,17.239999771118164,17.399999618530273
2016-09-21,92400,17.06999969482422,17.350000381469727,17.399999618530273,17.0,17.350000381469727
2016-09-20,106100,17.06999969482422,17.100000381469727,17.290000915527344,16.8799991607666,17.100000381469727
2016-09-19,86600,17.1299991607666,17.06999969482422,17.25,16.739999771118164,17.06999969482422
2016-09-16,738600,17.309999465942383,17.059999465942383,17.440000534057617,16.850000381469727,17.059999465942383
2016-09-15,109000,16.84000015258789,17.25,17.260000228881836,16.690000534057617,17.25
2016-09-14,40400,16.950000762939453,16.84000015258789,17.030000686645508,16.799999237060547,16.84000015258789
2016-09-13,121100,16.950000762939453,16.8700008392334,17.09000015258789,16.559999465942383,16.8700008392334
2016-09-12,78100,16.809999465942383,17.040000915527344,17.079999923706055,16.739999771118164,17.040000915527344
2016-09-09,109200,17.100000381469727,16.799999237060547,17.145000457763672,16.780000686645508,16.799999237060547
2016-09-08,111200,17.200000762939453,17.170000076293945,17.309999465942383,17.010000228881836,17.170000076293945
2016-09-07,207600,17.270000457763672,17.18000030517578,17.31999969482422,17.0,17.18000030517578
2016-09-06,319900,16.969999313354492,17.31999969482422,17.40999984741211,16.799999237060547,17.31999969482422
2016-09-02,202700,16.760000228881836,16.940000534057617,16.950000762939453,16.68000030517578,16.940000534057617
2016-09-01,211300,16.479999542236328,16.719999313354492,16.729999542236328,16.239999771118164,16.719999313354492
2016-08-31,705300,16.739999771118164,16.459999084472656,16.81999969482422,16.40999984741211,16.459999084472656
2016-08-30,71600,16.600000381469727,16.670000076293945,16.799999237060547,16.5,16.670000076293945
2016-08-29,234000,16.729999542236328,16.56999969482422,16.7450008392334,16.450000762939453,16.56999969482422
2016-08-26,110300,16.65999984741211,16.6299991607666,16.81999969482422,16.459999084472656,16.6299991607666
2016-08-25,127700,16.540000915527344,16.639999389648438,16.760000228881836,16.510000228881836,16.639999389648438
2016-08-24,141800,16.690000534057617,16.649999618530273,16.739999771118164,16.489999771118164,16.649999618530273
2016-08-23,292500,16.65999984741211,16.639999389648438,16.809999465942383,16.600000381469727,16.639999389648438
2016-08-22,576900,16.799999237060547,16.610000610351562,16.899999618530273,16.450000762939453,16.610000610351562
2016-08-19,77800,16.40999984741211,16.389999389648438,16.450000762939453,16.200000762939453,16.389999389648438
2016-08-18,109200,16.479999542236328,16.40999984741211,16.479999542236328,16.260000228881836,16.40999984741211
2016-08-17,226200,16.40999984741211,16.43000030517578,16.559999465942383,16.270000457763672,16.43000030517578
2016-08-16,215500,16.229999542236328,16.43000030517578,16.538000106811523,16.09000015258789,16.43000030517578
2016-08-15,75000,16.09000015258789,16.309999465942383,16.350000381469727,16.09000015258789,16.309999465942383
2016-08-12,130000,16.059999465942383,16.040000915527344,16.170000076293945,15.949999809265137,16.040000915527344
2016-08-11,151400,15.930000305175781,16.030000686645508,16.18000030517578,15.920000076293945,16.030000686645508
2016-08-10,258400,15.569999694824219,15.920000076293945,15.960000038146973,15.4399995803833,15.920000076293945
2016-08-09,226100,15.579999923706055,15.510000228881836,15.699999809265137,15.210000038146973,15.510000228881836
2016-08-08,87900,15.670000076293945,15.579999923706055,15.829999923706055,15.520000457763672,15.579999923706055
2016-08-05,103100,15.729999542236328,15.609999656677246,15.859999656677246,15.5600004196167,15.609999656677246
2016-08-04,254100,15.739999771118164,15.65999984741211,15.84000015258789,15.51099967956543,15.65999984741211
2016-08-03,77800,15.90999984741211,15.789999961853027,15.989999771118164,15.770000457763672,15.789999961853027
2016-08-02,126100,16.059999465942383,15.779999732971191,16.110000610351562,15.699999809265137,15.779999732971191
2016-08-01,224800,15.989999771118164,16.040000915527344,16.100000381469727,15.899999618530273,16.040000915527344
2016-07-29,325700,16.030000686645508,15.979999542236328,16.09000015258789,15.819999694824219,15.979999542236328
2016-07-28,158200,16.049999237060547,16.049999237060547,16.09000015258789,15.890000343322754,16.049999237060547
2016-07-27,415500,15.890000343322754,15.989999771118164,16.149999618530273,15.829999923706055,15.989999771118164
2016-07-26,209600,15.760000228881836,15.84000015258789,16.0,15.760000228881836,15.84000015258789
2016-07-25,937900,15.640000343322754,15.710000038146973,15.949999809265137,15.5,15.710000038146973
2016-07-22,576400,15.579999923706055,15.710000038146973,15.869999885559082,15.510000228881836,15.710000038146973
2016-07-21,154200,15.539999961853027,15.619999885559082,15.670000076293945,15.460000038146973,15.619999885559082
2016-07-20,263100,15.510000228881836,15.579999923706055,15.619999885559082,15.420000076293945,15.579999923706055
2016-07-19,188400,15.479999542236328,15.5,15.619999885559082,15.369999885559082,15.5
2016-07-18,141400,15.489999771118164,15.470000267028809,15.5600004196167,15.314000129699707,15.470000267028809
2016-07-15,229900,15.569999694824219,15.470000267028809,15.569999694824219,15.319999694824219,15.470000267028809
2016-07-14,219000,15.420000076293945,15.460000038146973,15.520000457763672,15.239999771118164,15.460000038146973
2016-07-13,248200,15.520000457763672,15.329999923706055,15.5600004196167,15.279999732971191,15.329999923706055
2016-07-12,298700,15.430000305175781,15.479999542236328,15.725000381469727,15.420000076293945,15.479999542236328
2016-07-11,1024300,14.9399995803833,15.449999809265137,15.510000228881836,14.937000274658203,15.449999809265137
2016-07-08,502900,14.739999771118164,14.869999885559082,15.069999694824219,14.699999809265137,14.869999885559082
2016-07-07,440900,14.470000267028809,14.640000343322754,14.789999961853027,14.420000076293945,14.640000343322754
2016-07-06,376600,14.5,14.520000457763672,15.029999732971191,14.449999809265137,14.520000457763672
2016-07-05,185600,14.960000038146973,14.819999694824219,14.979999542236328,14.729999542236328,14.819999694824219
2016-07-01,273100,14.710000038146973,14.949999809265137,15.020000457763672,14.630000114440918,14.949999809265137
2016-06-30,791900,14.0,14.65999984741211,14.670000076293945,14.0,14.65999984741211
2016-06-29,690500,14.180000305175781,14.029999732971191,14.399999618530273,13.930000305175781,14.029999732971191
2016-06-28,804700,14.529999732971191,14.029999732971191,14.739999771118164,13.920000076293945,14.029999732971191
2016-06-27,404700,15.010000228881836,14.350000381469727,15.010000228881836,14.329999923706055,14.350000381469727
2016-06-24,3311400,15.170000076293945,15.130000114440918,15.729999542236328,15.100000381469727,15.130000114440918
2016-06-23,398600,15.630000114440918,15.59000015258789,15.90999984741211,15.449999809265137,15.59000015258789
2016-06-22,728800,15.149999618530273,15.579999923706055,15.729999542236328,15.149999618530273,15.579999923706055
2016-06-21,670500,15.039999961853027,15.149999618530273,15.210000038146973,14.90999984741211,15.149999618530273
2016-06-20,410500,14.869999885559082,15.0,15.145000457763672,14.869999885559082,15.0
2016-06-17,1113800,15.199999809265137,14.800000190734863,15.199999809265137,14.789999961853027,14.800000190734863
2016-06-16,765100,14.6899995803833,15.15999984741211,15.343000411987305,14.640000343322754,15.15999984741211
2016-06-15,557700,14.380000114440918,14.699999809265137,14.760000228881836,14.3100004196167,14.699999809265137
2016-06-14,397800,14.510000228881836,14.369999885559082,14.550000190734863,14.279999732971191,14.369999885559082
2016-06-13,366600,14.9399995803833,14.5,14.970000267028809,14.470000267028809,14.5
2016-06-10,1164300,14.760000228881836,14.930000305175781,15.0,14.475000381469727,14.930000305175781
2016-06-09,484900,14.84000015258789,14.880000114440918,14.979999542236328,14.770000457763672,14.880000114440918
2016-06-08,307800,14.779999732971191,14.899999618530273,14.989999771118164,14.75,14.899999618530273
2016-06-07,380700,14.819999694824219,14.8100004196167,14.859999656677246,14.579999923706055,14.8100004196167
2016-06-06,527300,14.90999984741211,14.84000015258789,15.069999694824219,14.8100004196167,14.84000015258789
2016-06-03,465600,15.069999694824219,14.930000305175781,15.109999656677246,14.850000381469727,14.930000305175781
2016-06-02,566600,15.119999885559082,15.140000343322754,15.210000038146973,14.9399995803833,15.140000343322754
2016-06-01,594100,15.010000228881836,15.109999656677246,15.210000038146973,14.890000343322754,15.109999656677246
2016-05-31,748400,15.100000381469727,15.0,15.239999771118164,14.880000114440918,15.0
2016-05-27,610000,15.100000381469727,15.050000190734863,15.170000076293945,14.989999771118164,15.050000190734863
2016-05-26,534700,15.329999923706055,15.130000114440918,15.399999618530273,15.079999923706055,15.130000114440918
2016-05-25,1047900,15.4399995803833,15.34000015258789,15.5,15.270000457763672,15.34000015258789
2016-05-24,302100,15.369999885559082,15.34000015258789,15.390000343322754,15.220000267028809,15.34000015258789
2016-05-23,265600,15.300000190734863,15.239999771118164,15.380000114440918,15.09000015258789,15.239999771118164
2016-05-20,391600,15.649999618530273,15.289999961853027,15.829999923706055,15.210000038146973,15.289999961853027
2016-05-19,700600,15.75,15.739999771118164,15.899999618530273,15.390000343322754,15.739999771118164
2016-05-18,1458800,16.829999923706055,16.950000762939453,17.059999465942383,16.1299991607666,16.950000762939453
2016-05-17,543800,16.899999618530273,16.899999618530273,17.139999389648438,16.719999313354492,16.899999618530273
2016-05-16,243800,16.280000686645508,16.850000381469727,16.969999313354492,16.209999084472656,16.850000381469727
2016-05-13,404700,16.1200008392334,16.530000686645508,16.690000534057617,16.010000228881836,16.530000686645508
2016-05-12,294000,16.329999923706055,16.219999313354492,16.350000381469727,16.030000686645508,16.219999313354492
2016-05-11,1514500,16.110000610351562,16.329999923706055,16.399999618530273,15.90999984741211,16.329999923706055
2016-05-10,423600,15.829999923706055,16.200000762939453,16.420000076293945,15.6899995803833,16.200000762939453
2016-05-09,491500,15.319999694824219,15.859999656677246,16.0,15.319999694824219,15.859999656677246
2016-05-06,491600,15.140000343322754,15.5,15.510000228881836,15.079999923706055,15.5
2016-05-05,2683400,15.430000305175781,15.300000190734863,15.574999809265137,15.020000457763672,15.300000190734863
2016-05-04,1044000,15.119999885559082,15.399999618530273,15.619999885559082,15.119999885559082,15.399999618530273
2016-05-03,1045200,14.899999618530273,15.460000038146973,15.899999618530273,14.829999923706055,15.460000038146973
2016-05-02,217400,15.119999885559082,15.029999732971191,15.180000305175781,14.640000343322754,15.029999732971191
2016-04-29,339200,14.4399995803833,14.920000076293945,15.0600004196167,14.4399995803833,14.920000076293945
2016-04-28,585200,13.84000015258789,14.90999984741211,15.180000305175781,13.84000015258789,14.90999984741211
2016-04-27,696900,14.020000457763672,14.109999656677246,14.423999786376953,13.510000228881836,14.109999656677246
2016-04-26,1505900,15.069999694824219,14.399999618530273,15.199999809265137,14.25,14.399999618530273
2016-04-25,845600,16.709999084472656,15.319999694824219,16.799999237060547,15.279999732971191,15.319999694824219
2016-04-22,383700,17.510000228881836,16.950000762939453,17.649999618530273,16.940000534057617,16.950000762939453
2016-04-21,660600,17.049999237060547,17.520000457763672,17.600000381469727,16.93000030517578,17.520000457763672
2016-04-20,978300,17.059999465942383,17.280000686645508,17.677000045776367,17.0,17.280000686645508
2016-04-19,1344000,18.8799991607666,17.5,19.110000610351562,17.270000457763672,17.5
2016-04-18,542900,27.0,19.139999389648438,27.0,18.760000228881836,19.139999389648438
