date,volume,open,close,high,low,adjclose
2019-04-18,2242700,31.31999969482422,31.31999969482422,31.389999389648438,31.0,31.31999969482422
2019-04-17,4481200,30.610000610351562,31.31999969482422,31.350000381469727,30.309999465942383,31.31999969482422
2019-04-16,1966800,29.670000076293945,30.299999237060547,30.3700008392334,29.540000915527344,30.299999237060547
2019-04-15,1545100,29.809999465942383,29.6200008392334,29.979999542236328,29.479999542236328,29.6200008392334
2019-04-12,2286700,30.200000762939453,29.81999969482422,30.459999084472656,29.780000686645508,29.81999969482422
2019-04-11,6202000,29.360000610351562,29.6299991607666,29.979999542236328,29.209999084472656,29.6299991607666
2019-04-10,3018000,29.329999923706055,29.6299991607666,29.75,29.260000228881836,29.6299991607666
2019-04-09,3452200,29.239999771118164,29.34000015258789,29.40999984741211,28.899999618530273,29.34000015258789
2019-04-08,2040500,28.790000915527344,29.239999771118164,29.399999618530273,28.780000686645508,29.239999771118164
2019-04-05,2485000,27.760000228881836,28.670000076293945,28.700000762939453,27.700000762939453,28.670000076293945
2019-04-04,2273800,27.68000030517578,27.709999084472656,27.8799991607666,27.079999923706055,27.709999084472656
2019-04-03,4265900,28.06999969482422,27.719999313354492,28.399999618530273,27.56999969482422,27.719999313354492
2019-04-02,2068300,28.040000915527344,27.809999465942383,28.09000015258789,27.59000015258789,27.809999465942383
2019-04-01,3520500,27.799999237060547,27.940000534057617,28.059999465942383,27.68000030517578,27.940000534057617
2019-03-29,2718800,27.860000610351562,27.5,28.010000228881836,27.350000381469727,27.5
2019-03-28,1786900,27.020000457763672,27.459999084472656,27.540000915527344,26.959999084472656,27.459999084472656
2019-03-27,3204200,27.700000762939453,27.15999984741211,27.8799991607666,27.040000915527344,27.15999984741211
2019-03-26,2946500,27.1299991607666,27.770000457763672,28.09000015258789,27.059999465942383,27.770000457763672
2019-03-25,3350100,27.350000381469727,27.030000686645508,27.610000610351562,26.959999084472656,27.030000686645508
2019-03-22,1850800,28.040000915527344,27.559999465942383,28.15999984741211,27.420000076293945,27.559999465942383
2019-03-21,2504900,28.0,28.450000762939453,28.56999969482422,27.979999542236328,28.450000762939453
2019-03-20,3504000,27.65999984741211,28.399999618530273,28.579999923706055,27.59000015258789,28.117998123168945
2019-03-19,2952700,28.299999237060547,27.799999237060547,28.59000015258789,27.709999084472656,27.523956298828125
2019-03-18,2451300,27.850000381469727,28.020000457763672,28.18000030517578,27.639999389648438,27.74177360534668
2019-03-15,2807400,27.84000015258789,27.719999313354492,28.1299991607666,27.549999237060547,27.444751739501953
2019-03-14,3427500,27.8700008392334,28.020000457763672,28.280000686645508,27.799999237060547,27.74177360534668
2019-03-13,2243400,27.670000076293945,27.90999984741211,28.100000381469727,27.540000915527344,27.632863998413086
2019-03-12,2387300,27.299999237060547,27.290000915527344,27.56999969482422,27.1200008392334,27.01902198791504
2019-03-11,2674600,27.0,27.18000030517578,27.329999923706055,26.760000228881836,26.910114288330078
2019-03-08,3867200,26.56999969482422,26.760000228881836,26.799999237060547,25.690000534057617,26.49428367614746
2019-03-07,4589300,26.719999313354492,27.31999969482422,27.59000015258789,26.5,27.048723220825195
2019-03-06,4147500,27.219999313354492,26.690000534057617,27.219999313354492,26.600000381469727,26.42498016357422
2019-03-05,3489700,27.40999984741211,27.309999465942383,27.479999542236328,27.06999969482422,27.038822174072266
2019-03-04,4951500,28.280000686645508,27.280000686645508,28.280000686645508,26.639999389648438,27.00912094116211
2019-03-01,2928800,28.489999771118164,28.559999465942383,29.040000915527344,28.450000762939453,28.276411056518555
2019-02-28,1893400,28.530000686645508,28.399999618530273,28.65999984741211,28.1299991607666,28.117998123168945
2019-02-27,2148100,28.530000686645508,28.59000015258789,29.030000686645508,28.3700008392334,28.30611228942871
2019-02-26,1677400,28.049999237060547,28.239999771118164,28.450000762939453,27.989999771118164,27.95958709716797
2019-02-25,1454700,27.84000015258789,28.049999237060547,28.270000457763672,27.81999969482422,27.771474838256836
2019-02-22,1908700,28.31999969482422,28.079999923706055,28.350000381469727,28.0,27.801176071166992
2019-02-21,2745300,28.15999984741211,27.979999542236328,28.299999237060547,27.860000610351562,27.70216941833496
2019-02-20,2965300,28.040000915527344,28.270000457763672,28.350000381469727,28.030000686645508,27.989290237426758
2019-02-19,2415300,27.549999237060547,28.1200008392334,28.190000534057617,27.479999542236328,27.84078025817871
2019-02-15,2387900,27.010000228881836,27.850000381469727,27.8700008392334,26.950000762939453,27.573461532592773
2019-02-14,2221800,26.6299991607666,26.649999618530273,26.889999389648438,26.559999465942383,26.3853759765625
2019-02-13,2886500,26.979999542236328,26.739999771118164,27.510000228881836,26.739999771118164,26.4744815826416
2019-02-12,2336700,26.489999771118164,26.920000076293945,27.079999923706055,26.489999771118164,26.652694702148438
2019-02-11,3789300,25.510000228881836,26.09000015258789,26.280000686645508,25.399999618530273,25.830936431884766
2019-02-08,1840200,25.979999542236328,25.729999542236328,26.09000015258789,25.5,25.474510192871094
2019-02-07,3040700,26.5,25.940000534057617,26.56999969482422,25.65999984741211,25.68242645263672
2019-02-06,2872200,27.0,26.65999984741211,27.06999969482422,26.6299991607666,26.39527702331543
2019-02-05,3617900,27.110000610351562,27.209999084472656,27.479999542236328,27.059999465942383,26.939815521240234
2019-02-04,3141300,26.549999237060547,27.149999618530273,27.229999542236328,26.5,26.88041114807129
2019-02-01,3097600,26.969999313354492,26.75,27.15999984741211,26.6299991607666,26.48438262939453
2019-01-31,2962900,27.31999969482422,26.860000610351562,27.450000762939453,26.790000915527344,26.593292236328125
2019-01-30,3556700,26.90999984741211,27.170000076293945,27.399999618530273,26.729999542236328,26.90021324157715
2019-01-29,3201900,26.479999542236328,26.6299991607666,26.93000030517578,26.459999084472656,26.36557388305664
2019-01-28,3610700,26.0,26.209999084472656,26.350000381469727,25.6200008392334,25.949745178222656
2019-01-25,3920700,26.3700008392334,26.3799991607666,26.479999542236328,26.1299991607666,26.118057250976562
2019-01-24,3747300,25.75,26.170000076293945,26.299999237060547,25.450000762939453,25.91014289855957
2019-01-23,3173800,25.790000915527344,25.670000076293945,26.170000076293945,25.329999923706055,25.41510772705078
2019-01-22,4280400,27.020000457763672,25.690000534057617,27.030000686645508,25.68000030517578,25.43490982055664
2019-01-18,2249600,27.600000381469727,27.5,27.829999923706055,27.329999923706055,27.22693634033203
2019-01-17,5681800,27.209999084472656,27.399999618530273,27.68000030517578,27.0,27.127927780151367
2019-01-16,4439200,27.93000030517578,27.59000015258789,28.170000076293945,27.3700008392334,27.316041946411133
2019-01-15,6998700,27.56999969482422,28.06999969482422,28.06999969482422,27.489999771118164,27.791275024414062
2019-01-14,2486600,26.8700008392334,27.34000015258789,27.610000610351562,26.860000610351562,27.068525314331055
2019-01-11,4650800,26.6299991607666,27.15999984741211,27.350000381469727,26.450000762939453,26.89031219482422
2019-01-10,7597300,26.239999771118164,26.90999984741211,27.1200008392334,26.1299991607666,26.642793655395508
2019-01-09,7373100,26.360000610351562,26.56999969482422,26.610000610351562,25.770000457763672,26.306169509887695
2019-01-08,3990100,26.170000076293945,26.030000686645508,26.670000076293945,25.75,25.771533966064453
2019-01-07,4204600,25.93000030517578,25.920000076293945,26.139999389648438,25.450000762939453,25.66262435913086
2019-01-04,3036600,25.5,25.850000381469727,25.989999771118164,25.350000381469727,25.593320846557617
2019-01-03,3489100,24.739999771118164,24.969999313354492,25.1299991607666,24.450000762939453,24.722057342529297
2019-01-02,2945000,23.09000015258789,24.739999771118164,24.770000457763672,23.09000015258789,24.494340896606445
2018-12-31,1981700,24.1299991607666,24.1299991607666,24.40999984741211,23.65999984741211,23.890398025512695
2018-12-28,3469900,23.829999923706055,24.020000457763672,24.56999969482422,23.739999771118164,23.781492233276367
2018-12-27,2961800,23.030000686645508,23.700000762939453,23.709999084472656,22.729999542236328,23.464670181274414
2018-12-26,2816800,22.309999465942383,23.610000610351562,23.6200008392334,21.850000381469727,23.37556266784668
2018-12-24,2713200,23.059999465942383,22.209999084472656,23.149999618530273,22.149999618530273,21.98946189880371
2018-12-21,5358400,23.90999984741211,23.260000228881836,24.280000686645508,23.1200008392334,23.029037475585938
2018-12-20,6111500,23.959999084472656,24.030000686645508,24.440000534057617,23.579999923706055,23.791393280029297
2018-12-19,3607400,24.610000610351562,24.15999984741211,24.899999618530273,24.010000228881836,23.920101165771484
2018-12-18,3608700,24.729999542236328,24.489999771118164,24.940000534057617,24.309999465942383,24.246824264526367
2018-12-17,3294400,25.540000915527344,24.709999084472656,25.760000228881836,24.59000015258789,24.46463966369629
2018-12-14,2013800,26.110000610351562,25.6299991607666,26.25,25.450000762939453,25.375503540039062
2018-12-13,4037700,26.610000610351562,26.440000534057617,26.809999465942383,26.299999237060547,26.177461624145508
2018-12-12,3180500,26.329999923706055,26.6200008392334,27.290000915527344,26.239999771118164,26.355674743652344
2018-12-11,3680500,27.219999313354492,25.989999771118164,27.780000686645508,25.950000762939453,25.731929779052734
2018-12-10,4438000,26.520000457763672,26.84000015258789,27.0,26.139999389648438,26.573490142822266
2018-12-07,5783400,27.049999237060547,26.93000030517578,28.049999237060547,26.8799991607666,26.662595748901367
2018-12-06,6787500,26.850000381469727,26.3799991607666,27.260000228881836,26.149999618530273,25.78638458251953
2018-12-04,4205000,27.549999237060547,27.030000686645508,28.06999969482422,26.940000534057617,26.4217586517334
2018-12-03,7673400,27.899999618530273,27.690000534057617,29.3700008392334,27.059999465942383,27.066905975341797
2018-11-30,4494400,24.8799991607666,25.149999618530273,25.299999237060547,24.479999542236328,24.584062576293945
2018-11-29,6751900,24.450000762939453,25.200000762939453,25.420000076293945,24.450000762939453,24.632938385009766
2018-11-28,3378200,24.489999771118164,24.3700008392334,24.760000228881836,24.020000457763672,23.82161521911621
2018-11-27,3232300,25.350000381469727,24.559999465942383,25.6299991607666,24.5,24.00733757019043
2018-11-26,2948100,25.56999969482422,25.440000534057617,26.079999923706055,25.399999618530273,24.867536544799805
2018-11-23,1744100,26.270000457763672,25.219999313354492,26.440000534057617,25.190000534057617,24.652484893798828
2018-11-21,3299600,26.489999771118164,26.90999984741211,27.280000686645508,26.489999771118164,26.30445671081543
2018-11-20,3854400,26.579999923706055,26.260000228881836,26.760000228881836,26.1299991607666,25.669084548950195
2018-11-19,5307100,26.760000228881836,27.200000762939453,27.780000686645508,26.690000534057617,26.587932586669922
2018-11-16,2706400,27.299999237060547,27.1200008392334,27.440000534057617,26.709999084472656,26.509733200073242
2018-11-15,2656200,27.420000076293945,27.1299991607666,27.68000030517578,26.8700008392334,26.519506454467773
2018-11-14,2483800,27.770000457763672,27.489999771118164,27.90999984741211,26.90999984741211,26.87140655517578
2018-11-13,4313300,27.93000030517578,27.260000228881836,28.280000686645508,27.200000762939453,26.646581649780273
2018-11-12,3727000,28.389999389648438,28.1200008392334,28.399999618530273,27.989999771118164,27.48723030090332
2018-11-09,5641000,28.260000228881836,28.15999984741211,28.299999237060547,27.329999923706055,27.526329040527344
2018-11-08,3018400,29.06999969482422,29.0,29.360000610351562,28.920000076293945,28.347427368164062
2018-11-07,3045500,30.219999313354492,29.209999084472656,30.31999969482422,28.950000762939453,28.552701950073242
2018-11-06,2341300,29.43000030517578,29.829999923706055,29.829999923706055,29.329999923706055,29.158750534057617
2018-11-05,2888100,29.020000457763672,29.290000915527344,29.530000686645508,28.979999542236328,28.630901336669922
2018-11-02,4471500,29.030000686645508,28.639999389648438,29.15999984741211,28.030000686645508,27.995527267456055
2018-11-01,5981400,27.889999389648438,28.90999984741211,29.850000381469727,27.81999969482422,28.259450912475586
2018-10-31,4372800,27.90999984741211,27.31999969482422,28.450000762939453,27.270000457763672,26.705230712890625
2018-10-30,3369400,27.0,27.709999084472656,27.760000228881836,26.899999618530273,27.086454391479492
2018-10-29,3004000,28.260000228881836,27.25,28.420000076293945,26.899999618530273,26.63680648803711
2018-10-26,3003300,27.65999984741211,28.190000534057617,28.3700008392334,27.40999984741211,27.555654525756836
2018-10-25,3786900,27.84000015258789,27.959999084472656,28.420000076293945,27.68000030517578,27.330829620361328
2018-10-24,4557300,28.40999984741211,27.579999923706055,28.649999618530273,27.579999923706055,26.959379196166992
2018-10-23,4664700,28.0,28.1200008392334,28.260000228881836,27.530000686645508,27.48723030090332
2018-10-22,5083500,28.3700008392334,28.600000381469727,28.790000915527344,28.1200008392334,27.95642852783203
2018-10-19,2974200,28.360000610351562,28.34000015258789,28.700000762939453,28.309999465942383,27.702280044555664
2018-10-18,2715500,28.309999465942383,28.309999465942383,28.350000381469727,27.959999084472656,27.67295265197754
2018-10-17,4300700,29.239999771118164,28.639999389648438,29.239999771118164,28.420000076293945,27.995527267456055
2018-10-16,4500900,28.850000381469727,29.350000381469727,29.450000762939453,28.809999465942383,28.689552307128906
2018-10-15,3934000,29.209999084472656,28.770000457763672,29.260000228881836,28.760000228881836,28.122602462768555
2018-10-12,3831100,29.350000381469727,29.040000915527344,29.3799991607666,28.760000228881836,28.38652801513672
2018-10-11,4771400,29.780000686645508,28.899999618530273,29.979999542236328,28.8700008392334,28.249677658081055
2018-10-10,5348800,30.959999084472656,29.969999313354492,31.06999969482422,29.90999984741211,29.29559898376465
2018-10-09,6834200,31.530000686645508,31.149999618530273,31.579999923706055,30.989999771118164,30.449047088623047
2018-10-08,2477900,31.559999465942383,31.65999984741211,32.04999923706055,31.43000030517578,30.94757080078125
2018-10-05,4137000,32.61000061035156,31.920000076293945,32.810001373291016,31.760000228881836,31.201719284057617
2018-10-04,3056800,32.61000061035156,32.59000015258789,33.099998474121094,32.189998626708984,31.856643676757812
2018-10-03,5980200,32.77000045776367,32.880001068115234,33.20000076293945,32.29999923706055,32.14011764526367
2018-10-02,4611000,33.68000030517578,32.720001220703125,33.68000030517578,32.630001068115234,31.98371696472168
2018-10-01,7294800,32.849998474121094,33.61000061035156,33.86000061035156,32.849998474121094,32.85369110107422
2018-09-28,3019400,33.16999816894531,32.65999984741211,33.18000030517578,32.59000015258789,31.92506980895996
2018-09-27,4725000,33.119998931884766,33.029998779296875,33.33000183105469,32.86000061035156,32.286739349365234
2018-09-26,4402900,32.4900016784668,32.93000030517578,33.599998474121094,32.4900016784668,32.188995361328125
2018-09-25,3744700,33.25,32.7400016784668,33.36000061035156,32.709999084472656,32.00326919555664
2018-09-24,3422000,32.86000061035156,32.95000076293945,33.22999954223633,32.650001525878906,32.20854568481445
2018-09-21,4064500,32.540000915527344,32.40999984741211,32.81999969482422,32.18000030517578,31.680692672729492
2018-09-20,2011100,32.970001220703125,32.380001068115234,33.119998931884766,32.22999954223633,31.651369094848633
2018-09-19,2549500,32.689998626708984,32.86000061035156,33.029998779296875,32.40999984741211,32.120567321777344
2018-09-18,3112000,31.950000762939453,32.709999084472656,32.720001220703125,31.860000610351562,31.973939895629883
2018-09-17,2566200,31.8799991607666,31.600000381469727,32.08000183105469,31.440000534057617,30.888919830322266
2018-09-14,1989200,32.06999969482422,31.770000457763672,32.33000183105469,31.75,31.055095672607422
2018-09-13,3758800,31.670000076293945,32.04999923706055,32.189998626708984,31.290000915527344,31.328794479370117
2018-09-12,2503000,32.400001525878906,31.940000534057617,32.470001220703125,31.93000030517578,30.893808364868164
2018-09-11,2455100,32.220001220703125,31.920000076293945,32.380001068115234,31.600000381469727,30.87446403503418
2018-09-10,2093000,32.599998474121094,32.41999816894531,32.810001373291016,32.33000183105469,31.358083724975586
2018-09-07,3212200,32.540000915527344,32.43000030517578,32.650001525878906,31.719999313354492,31.36775779724121
2018-09-06,2263100,33.189998626708984,32.790000915527344,33.220001220703125,32.560001373291016,31.715967178344727
2018-09-05,1863700,33.209999084472656,33.290000915527344,33.33000183105469,32.720001220703125,32.19959259033203
2018-09-04,1878300,34.25,33.369998931884766,34.2599983215332,33.310001373291016,32.2769660949707
2018-08-31,2921800,34.709999084472656,34.16999816894531,34.810001373291016,34.060001373291016,33.05076599121094
2018-08-30,2380100,35.599998474121094,34.970001220703125,35.65999984741211,34.47999954223633,33.82456588745117
2018-08-29,1145100,35.4900016784668,35.599998474121094,35.77000045776367,35.36000061035156,34.43392562866211
2018-08-28,1159600,35.79999923706055,35.31999969482422,35.95000076293945,35.130001068115234,34.1630973815918
2018-08-27,1396000,35.060001373291016,35.63999938964844,35.63999938964844,35.060001373291016,34.472618103027344
2018-08-24,1431500,35.20000076293945,34.900001525878906,35.279998779296875,34.88999938964844,33.75685501098633
2018-08-23,1047100,35.040000915527344,34.970001220703125,35.16999816894531,34.83000183105469,33.82456588745117
2018-08-22,1738400,34.9900016784668,35.2599983215332,35.54999923706055,34.83000183105469,34.10506057739258
2018-08-21,1625400,34.65999984741211,34.599998474121094,34.91999816894531,34.439998626708984,33.466678619384766
2018-08-20,1564300,34.06999969482422,34.290000915527344,34.400001525878906,33.97999954223633,33.16683578491211
2018-08-17,1925200,33.939998626708984,34.150001525878906,34.20000076293945,33.689998626708984,33.03142166137695
2018-08-16,1837300,33.70000076293945,33.630001068115234,34.040000915527344,33.61000061035156,32.5284538269043
2018-08-15,4857800,34.41999816894531,33.540000915527344,34.470001220703125,33.380001068115234,32.441402435302734
2018-08-14,1705500,34.84000015258789,34.900001525878906,35.09000015258789,34.66999816894531,33.75685501098633
2018-08-13,1921900,34.68000030517578,34.470001220703125,35.02000045776367,34.369998931884766,33.340938568115234
2018-08-10,2517800,34.599998474121094,34.86000061035156,34.95000076293945,34.06999969482422,33.71816635131836
2018-08-09,2085600,34.70000076293945,34.77000045776367,35.25,34.66999816894531,33.63111114501953
2018-08-08,3133100,34.560001373291016,34.560001373291016,34.63999938964844,34.099998474121094,33.42799377441406
2018-08-07,3185900,36.43000030517578,34.869998931884766,36.43000030517578,34.849998474121094,33.72783660888672
2018-08-06,1458500,35.88999938964844,36.029998779296875,36.11000061035156,35.709999084472656,34.84983825683594
2018-08-03,1870400,35.599998474121094,35.630001068115234,36.0099983215332,35.5099983215332,34.46294403076172
2018-08-02,3069400,36.41999816894531,35.689998626708984,36.459999084472656,35.349998474121094,34.52097702026367
2018-08-01,2865600,36.43000030517578,36.33000183105469,36.68000030517578,35.9900016784668,35.140018463134766
2018-07-31,3159400,36.279998779296875,36.63999938964844,36.79999923706055,36.279998779296875,35.43986129760742
2018-07-30,1880100,36.189998626708984,36.470001220703125,36.560001373291016,36.06999969482422,35.27543258666992
2018-07-27,2010700,35.810001373291016,35.79999923706055,36.13999938964844,35.68000030517578,34.62737274169922
2018-07-26,2857200,35.880001068115234,35.9900016784668,36.2599983215332,35.81999969482422,34.811153411865234
2018-07-25,2530400,35.279998779296875,36.099998474121094,36.119998931884766,35.27000045776367,34.917545318603516
2018-07-24,1452100,35.22999954223633,35.33000183105469,35.810001373291016,35.08000183105469,34.17277526855469
2018-07-23,1815900,35.41999816894531,35.0099983215332,35.45000076293945,34.84000015258789,33.863250732421875
2018-07-20,1548000,35.38999938964844,35.22999954223633,35.47999954223633,35.06999969482422,34.076045989990234
2018-07-19,2524000,35.38999938964844,35.130001068115234,35.72999954223633,35.06999969482422,33.97932052612305
2018-07-18,2296800,35.95000076293945,35.66999816894531,35.970001220703125,35.38999938964844,34.50163269042969
2018-07-17,2111900,36.119998931884766,36.08000183105469,36.150001525878906,35.77000045776367,34.8982048034668
2018-07-16,1730400,36.380001068115234,36.31999969482422,36.619998931884766,36.130001068115234,35.13034439086914
2018-07-13,1830500,36.540000915527344,36.900001525878906,37.04999923706055,36.439998626708984,35.69134521484375
2018-07-12,3079000,36.43000030517578,36.58000183105469,36.68000030517578,35.97999954223633,35.38182830810547
2018-07-11,2812300,36.869998931884766,36.279998779296875,37.09000015258789,35.959999084472656,35.091651916503906
2018-07-10,2871100,36.939998626708984,37.34000015258789,37.40999984741211,36.81999969482422,36.1169319152832
2018-07-09,2866100,36.61000061035156,36.79999923706055,36.90999984741211,36.380001068115234,35.59461975097656
2018-07-06,2043000,35.310001373291016,36.45000076293945,36.540000915527344,35.16999816894531,35.25608444213867
2018-07-05,3027700,35.939998626708984,35.470001220703125,36.08000183105469,35.380001068115234,34.30818557739258
2018-07-03,2633500,36.040000915527344,35.959999084472656,36.560001373291016,35.810001373291016,34.782135009765625
2018-07-02,3113400,35.63999938964844,35.529998779296875,35.869998931884766,35.220001220703125,34.366214752197266
2018-06-29,5618600,35.220001220703125,36.06999969482422,36.150001525878906,35.220001220703125,34.888526916503906
2018-06-28,5255800,34.54999923706055,34.880001068115234,34.97999954223633,34.04999923706055,33.737510681152344
2018-06-27,7785600,34.459999084472656,34.33000183105469,34.68000030517578,34.279998779296875,33.205528259277344
2018-06-26,5167800,33.06999969482422,33.95000076293945,34.189998626708984,33.0099983215332,32.83797073364258
2018-06-25,4632700,33.220001220703125,32.84000015258789,33.349998474121094,32.779998779296875,31.76432991027832
2018-06-22,4677500,32.38999938964844,33.2599983215332,33.43000030517578,32.38999938964844,32.17057418823242
2018-06-21,4553300,31.75,31.540000915527344,31.84000015258789,31.440000534057617,30.506912231445312
2018-06-20,3274100,31.899999618530273,32.02000045776367,32.150001525878906,31.420000076293945,30.971187591552734
2018-06-19,2683300,31.40999984741211,31.540000915527344,32.119998931884766,31.260000228881836,30.506912231445312
2018-06-18,5178600,31.200000762939453,31.860000610351562,32.189998626708984,31.110000610351562,30.816429138183594
2018-06-15,3669700,31.860000610351562,31.219999313354492,31.860000610351562,30.90999984741211,30.1973934173584
2018-06-14,4146700,32.90999984741211,32.06999969482422,33.029998779296875,32.04999923706055,31.019550323486328
2018-06-13,2970800,33.04999923706055,33.0,33.38999938964844,32.869998931884766,31.595062255859375
2018-06-12,3896100,33.29999923706055,33.06999969482422,33.56999969482422,32.88999938964844,31.662080764770508
2018-06-11,3268700,33.66999816894531,33.29999923706055,33.7599983215332,33.29999923706055,31.88228988647461
2018-06-08,3061800,33.900001525878906,33.7400016784668,34.06999969482422,33.52000045776367,32.303558349609375
2018-06-07,2825800,33.849998474121094,33.88999938964844,34.619998931884766,33.72999954223633,32.44717025756836
2018-06-06,2365700,33.900001525878906,33.56999969482422,34.119998931884766,33.45000076293945,32.14079666137695
2018-06-05,2775700,33.72999954223633,33.66999816894531,34.029998779296875,33.529998779296875,32.236541748046875
2018-06-04,4123100,34.65999984741211,33.86000061035156,34.7599983215332,33.36000061035156,32.41844940185547
2018-06-01,3078600,34.65999984741211,34.459999084472656,35.029998779296875,34.369998931884766,32.99290084838867
2018-05-31,3718400,34.84000015258789,34.560001373291016,35.0099983215332,34.099998474121094,33.08864974975586
2018-05-30,3876500,34.61000061035156,35.189998626708984,35.220001220703125,34.5099983215332,33.69182205200195
2018-05-29,3464900,34.11000061035156,34.27000045776367,34.56999969482422,33.9900016784668,32.81099319458008
2018-05-25,5162700,34.83000183105469,34.349998474121094,34.91999816894531,34.09000015258789,32.8875846862793
2018-05-24,2763400,36.119998931884766,35.75,36.45000076293945,35.5099983215332,34.22798538208008
2018-05-23,2826400,36.47999954223633,36.56999969482422,37.0,36.209999084472656,35.0130729675293
2018-05-22,3382800,37.65999984741211,36.869998931884766,38.20000076293945,36.849998474121094,35.30030059814453
2018-05-21,2094300,37.790000915527344,37.349998474121094,37.93000030517578,37.150001525878906,35.759864807128906
2018-05-18,3599200,37.25,37.38999938964844,37.529998779296875,37.189998626708984,35.798160552978516
2018-05-17,5493000,37.16999816894531,37.5,37.72999954223633,36.939998626708984,35.903480529785156
2018-05-16,3010900,36.349998474121094,36.70000076293945,36.7599983215332,36.349998474121094,35.13753890991211
2018-05-15,3417400,36.66999816894531,36.40999984741211,36.79999923706055,36.36000061035156,34.85988235473633
2018-05-14,6159300,36.29999923706055,36.709999084472656,36.83000183105469,36.2400016784668,35.14710998535156
2018-05-11,3631800,36.29999923706055,35.9900016784668,36.38999938964844,35.77000045776367,34.457767486572266
2018-05-10,7390600,35.95000076293945,36.22999954223633,36.5099983215332,35.65999984741211,34.68754577636719
2018-05-09,8812200,35.06999969482422,35.650001525878906,35.97999954223633,34.939998626708984,34.13224411010742
2018-05-08,18044900,33.75,34.27000045776367,34.38999938964844,33.540000915527344,32.81099319458008
2018-05-07,2936600,35.849998474121094,35.11000061035156,36.18000030517578,35.06999969482422,33.615230560302734
2018-05-04,1535200,35.220001220703125,35.540000915527344,35.849998474121094,35.11000061035156,34.02692413330078
2018-05-03,2487300,35.790000915527344,35.400001525878906,36.029998779296875,34.540000915527344,33.89288330078125
2018-05-02,1410200,35.81999969482422,36.06999969482422,36.400001525878906,35.7599983215332,34.53435516357422
2018-05-01,1131200,35.779998779296875,35.810001373291016,36.130001068115234,35.52000045776367,34.28542709350586
2018-04-30,2164700,35.689998626708984,36.08000183105469,36.2599983215332,35.689998626708984,34.5439338684082
2018-04-27,1806100,35.91999816894531,35.75,36.470001220703125,35.59000015258789,34.22798538208008
2018-04-26,2062800,36.369998931884766,36.310001373291016,36.54999923706055,36.15999984741211,34.76414489746094
2018-04-25,1813000,35.529998779296875,36.25,36.2599983215332,35.34000015258789,34.706695556640625
2018-04-24,2076200,35.72999954223633,35.689998626708984,36.22999954223633,35.400001525878906,34.170536041259766
2018-04-23,1718100,35.099998474121094,35.779998779296875,35.81999969482422,34.81999969482422,34.25670623779297
2018-04-20,2420000,35.619998931884766,35.2599983215332,35.77000045776367,34.97999954223633,33.75884246826172
2018-04-19,2624100,35.83000183105469,36.02000045776367,36.540000915527344,35.83000183105469,34.48649215698242
2018-04-18,1982400,35.11000061035156,35.75,36.0,35.060001373291016,34.22798538208008
2018-04-17,1627600,34.720001220703125,34.84000015258789,35.02000045776367,34.400001525878906,33.356727600097656
2018-04-16,1736700,35.0,34.630001068115234,35.09000015258789,34.54999923706055,33.155670166015625
2018-04-13,3588700,34.709999084472656,35.130001068115234,35.33000183105469,34.61000061035156,33.63438034057617
2018-04-12,2773400,34.380001068115234,34.52000045776367,34.58000183105469,34.119998931884766,33.050350189208984
2018-04-11,2375200,33.66999816894531,34.36000061035156,34.5099983215332,33.529998779296875,32.897159576416016
2018-04-10,3197000,33.36000061035156,33.630001068115234,33.959999084472656,33.060001373291016,32.1982421875
2018-04-09,2282500,33.33000183105469,32.7400016784668,33.36000061035156,32.619998931884766,31.34613037109375
2018-04-06,2812500,33.560001373291016,33.02000045776367,33.959999084472656,32.810001373291016,31.61421012878418
2018-04-05,3556800,32.52000045776367,33.79999923706055,34.0,32.349998474121094,32.36100387573242
2018-04-04,3486300,31.68000030517578,32.45000076293945,32.47999954223633,31.459999084472656,31.068477630615234
2018-04-03,3919300,30.989999771118164,32.29999923706055,32.29999923706055,30.760000228881836,30.924861907958984
2018-04-02,2322300,31.260000228881836,30.68000030517578,31.420000076293945,30.25,29.37383460998535
2018-03-29,2107400,30.700000762939453,31.469999313354492,31.5,30.579999923706055,30.130199432373047
2018-03-28,2336500,30.6200008392334,30.510000228881836,30.770000457763672,30.219999313354492,29.211071014404297
2018-03-27,3684900,30.0,30.65999984741211,31.1200008392334,29.799999237060547,29.354684829711914
2018-03-26,3563500,30.139999389648438,29.84000015258789,30.15999984741211,29.43000030517578,28.569595336914062
2018-03-23,3439800,30.540000915527344,29.969999313354492,30.75,29.950000762939453,28.694059371948242
2018-03-22,1941400,31.1299991607666,30.260000228881836,31.1299991607666,30.25,28.971712112426758
2018-03-21,4055500,30.260000228881836,31.450000762939453,31.610000610351562,30.260000228881836,30.111051559448242
2018-03-20,2384300,30.0,30.040000915527344,30.15999984741211,29.860000610351562,28.76108169555664
2018-03-19,1378200,30.260000228881836,29.799999237060547,30.360000610351562,29.75,28.53129768371582
2018-03-16,2621800,29.860000610351562,30.360000610351562,30.489999771118164,29.709999084472656,29.06745719909668
2018-03-15,2170200,30.059999465942383,29.889999389648438,30.149999618530273,29.65999984741211,28.617467880249023
2018-03-14,1283900,30.15999984741211,29.920000076293945,30.239999771118164,29.780000686645508,28.325450897216797
2018-03-13,2048500,30.200000762939453,29.959999084472656,30.299999237060547,29.8799991607666,28.363319396972656
2018-03-12,2054400,30.399999618530273,30.110000610351562,30.459999084472656,30.100000381469727,28.505327224731445
2018-03-09,1821700,30.440000534057617,30.360000610351562,30.440000534057617,30.100000381469727,28.74200439453125
2018-03-08,2121000,30.5,30.139999389648438,30.56999969482422,29.969999313354492,28.533727645874023
2018-03-07,2104900,30.780000686645508,30.479999542236328,30.90999984741211,30.09000015258789,28.855606079101562
2018-03-06,1482700,31.260000228881836,30.920000076293945,31.299999237060547,30.84000015258789,29.272157669067383
2018-03-05,2294400,30.719999313354492,31.030000686645508,31.190000534057617,30.6200008392334,29.376296997070312
2018-03-02,3995200,30.940000534057617,30.889999389648438,31.010000228881836,30.25,29.243755340576172
2018-03-01,3300100,31.770000457763672,31.049999237060547,32.0099983215332,31.0,29.395231246948242
2018-02-28,2929800,32.61000061035156,31.459999084472656,32.79999923706055,31.450000762939453,29.78337860107422
2018-02-27,2173900,32.33000183105469,32.43000030517578,32.720001220703125,32.22999954223633,30.701683044433594
2018-02-26,1997900,32.22999954223633,32.5,32.54999923706055,32.040000915527344,30.767955780029297
2018-02-23,1884800,31.729999542236328,32.150001525878906,32.209999084472656,31.520000457763672,30.43661117553711
2018-02-22,1514200,31.239999771118164,31.520000457763672,32.08000183105469,31.049999237060547,29.84018325805664
2018-02-21,1649400,31.229999542236328,31.09000015258789,31.579999923706055,31.09000015258789,29.4330997467041
2018-02-20,1417800,31.549999237060547,31.239999771118164,31.600000381469727,31.170000076293945,29.575105667114258
2018-02-16,1946600,31.079999923706055,31.520000457763672,31.600000381469727,31.020000457763672,29.84018325805664
2018-02-15,2464800,31.690000534057617,31.229999542236328,31.739999771118164,30.829999923706055,29.565637588500977
2018-02-14,3413500,30.309999465942383,31.719999313354492,32.02000045776367,30.110000610351562,30.029523849487305
2018-02-13,3792700,30.200000762939453,30.649999618530273,30.790000915527344,30.139999389648438,29.01654815673828
2018-02-12,3085300,30.459999084472656,30.43000030517578,30.799999237060547,30.170000076293945,28.808273315429688
2018-02-09,4494400,29.959999084472656,30.110000610351562,30.25,29.200000762939453,28.505327224731445
2018-02-08,4258600,30.719999313354492,29.760000228881836,30.940000534057617,29.760000228881836,28.173978805541992
2018-02-07,5512400,31.709999084472656,30.68000030517578,31.93000030517578,30.65999984741211,29.044950485229492
2018-02-06,3293900,31.3700008392334,31.93000030517578,32.400001525878906,31.06999969482422,30.228330612182617
2018-02-05,3562300,33.380001068115234,32.08000183105469,33.75,31.850000381469727,30.370342254638672
2018-02-02,2655000,34.04999923706055,33.689998626708984,34.290000915527344,33.59000015258789,31.89453125
2018-02-01,1942700,34.18000030517578,34.63999938964844,34.66999816894531,33.93000030517578,32.793907165527344
2018-01-31,2658200,34.61000061035156,34.150001525878906,34.849998474121094,34.02000045776367,32.330020904541016
2018-01-30,3361700,35.08000183105469,34.529998779296875,35.130001068115234,34.5,32.68976974487305
2018-01-29,2026800,35.779998779296875,35.439998626708984,35.95000076293945,35.34000015258789,33.551265716552734
2018-01-26,1417500,35.959999084472656,36.029998779296875,36.209999084472656,35.849998474121094,34.109825134277344
2018-01-25,2541700,36.400001525878906,35.95000076293945,36.650001525878906,35.779998779296875,34.034095764160156
2018-01-24,2807600,36.290000915527344,36.20000076293945,36.599998474121094,35.88999938964844,34.27077102661133
2018-01-23,2812300,36.20000076293945,36.06999969482422,36.40999984741211,35.86000061035156,34.1476936340332
2018-01-22,2585900,36.209999084472656,36.06999969482422,36.2400016784668,35.77000045776367,34.1476936340332
2018-01-19,1839800,36.209999084472656,36.150001525878906,36.400001525878906,35.880001068115234,34.22343444824219
2018-01-18,2042400,36.939998626708984,36.27000045776367,36.939998626708984,36.130001068115234,34.337039947509766
2018-01-17,2316900,36.9900016784668,36.959999084472656,37.380001068115234,36.349998474121094,34.990264892578125
2018-01-16,1918400,37.310001373291016,36.81999969482422,37.630001068115234,36.810001373291016,34.85772705078125
2018-01-12,1779600,36.7400016784668,37.13999938964844,37.20000076293945,36.459999084472656,35.16067123413086
2018-01-11,1949800,36.56999969482422,36.72999954223633,37.2599983215332,36.540000915527344,34.77252197265625
2018-01-10,2226100,36.88999938964844,36.52000045776367,37.2599983215332,36.38999938964844,34.57371139526367
2018-01-09,2591300,36.66999816894531,36.95000076293945,37.380001068115234,36.47999954223633,34.98080062866211
2018-01-08,2526600,36.59000015258789,36.65999984741211,36.88999938964844,36.400001525878906,34.70625305175781
2018-01-05,1467000,37.06999969482422,36.529998779296875,37.150001525878906,36.36000061035156,34.58317947387695
2018-01-04,1882600,37.290000915527344,37.25,37.369998931884766,36.779998779296875,35.264808654785156
2018-01-03,2256900,36.70000076293945,37.150001525878906,37.31999969482422,36.63999938964844,35.17013931274414
2018-01-02,2070100,35.25,36.540000915527344,36.63999938964844,34.9900016784668,34.592647552490234
2017-12-29,1349000,36.0,35.720001220703125,36.0,35.59000015258789,33.816349029541016
2017-12-28,1938900,35.59000015258789,35.88999938964844,35.900001525878906,35.529998779296875,33.97728729248047
2017-12-27,1411800,35.439998626708984,35.52000045776367,35.59000015258789,35.22999954223633,33.627010345458984
2017-12-26,1925500,34.84000015258789,35.72999954223633,35.970001220703125,34.77000045776367,33.82581329345703
2017-12-22,1518600,34.77000045776367,34.75,34.81999969482422,34.380001068115234,32.898040771484375
2017-12-21,1344700,34.29999923706055,34.83000183105469,34.91999816894531,34.11000061035156,32.97378158569336
2017-12-20,1360500,34.0099983215332,34.22999954223633,34.29999923706055,33.63999938964844,32.405757904052734
2017-12-19,2207800,33.70000076293945,33.79999923706055,34.06999969482422,33.61000061035156,31.998672485351562
2017-12-18,1914700,33.290000915527344,33.70000076293945,34.029998779296875,33.150001525878906,31.904001235961914
2017-12-15,2912100,33.869998931884766,33.060001373291016,33.91999816894531,33.029998779296875,31.29810905456543
2017-12-14,2313400,33.68000030517578,33.650001525878906,34.2599983215332,33.56999969482422,31.856670379638672
2017-12-13,3231400,34.369998931884766,33.83000183105469,34.65999984741211,33.79999923706055,32.027076721191406
2017-12-12,2728000,34.689998626708984,34.41999816894531,34.810001373291016,34.22999954223633,32.585628509521484
2017-12-11,1663900,34.38999938964844,34.61000061035156,34.779998779296875,34.310001373291016,32.76551055908203
2017-12-08,1234200,34.88999938964844,34.849998474121094,34.93000030517578,34.5099983215332,32.73237228393555
2017-12-07,1597200,34.470001220703125,34.56999969482422,34.779998779296875,34.400001525878906,32.46938705444336
2017-12-06,1642500,35.0,34.540000915527344,35.2599983215332,34.470001220703125,32.44120788574219
2017-12-05,1598300,34.93000030517578,35.150001525878906,35.45000076293945,34.849998474121094,33.01414108276367
2017-12-04,2699000,35.150001525878906,34.849998474121094,35.459999084472656,34.72999954223633,32.73237228393555
2017-12-01,3053800,34.599998474121094,35.2400016784668,35.599998474121094,34.459999084472656,33.09867858886719
2017-11-30,2665300,33.40999984741211,33.91999816894531,34.290000915527344,33.400001525878906,31.85887908935547
2017-11-29,2164100,33.18000030517578,33.27000045776367,33.59000015258789,32.959999084472656,31.248380661010742
2017-11-28,2896700,33.599998474121094,33.36000061035156,33.84000015258789,33.349998474121094,31.33291244506836
2017-11-27,2932200,34.4900016784668,33.529998779296875,34.54999923706055,33.47999954223633,31.49258041381836
2017-11-24,558800,34.81999969482422,34.70000076293945,34.93000030517578,34.65999984741211,32.59148406982422
2017-11-22,1487900,34.720001220703125,34.599998474121094,35.0099983215332,34.58000183105469,32.49755859375
2017-11-21,1447300,34.25,34.290000915527344,34.45000076293945,34.040000915527344,32.206398010253906
2017-11-20,2321600,34.68000030517578,33.97999954223633,34.779998779296875,33.599998474121094,31.915239334106445
2017-11-17,1517100,35.130001068115234,34.869998931884766,35.25,34.66999816894531,32.75115203857422
2017-11-16,1654000,34.849998474121094,34.939998626708984,35.130001068115234,34.709999084472656,32.816898345947266
2017-11-15,2228100,34.06999969482422,34.810001373291016,35.15999984741211,33.88999938964844,32.694801330566406
2017-11-14,2818700,35.84000015258789,34.41999816894531,35.84000015258789,34.31999969482422,32.328495025634766
2017-11-13,1312300,36.33000183105469,36.060001373291016,36.47999954223633,35.880001068115234,33.86884689331055
2017-11-10,2071700,36.36000061035156,36.52000045776367,36.709999084472656,36.33000183105469,34.30089569091797
2017-11-09,2290600,36.41999816894531,36.45000076293945,36.619998931884766,36.16999816894531,34.23515319824219
2017-11-08,1798500,36.189998626708984,36.54999923706055,36.65999984741211,36.02000045776367,34.329071044921875
2017-11-07,2465800,36.58000183105469,36.18000030517578,36.790000915527344,36.02000045776367,33.98155212402344
2017-11-06,3007000,35.9900016784668,36.72999954223633,36.779998779296875,35.90999984741211,34.498138427734375
2017-11-03,2395200,35.47999954223633,36.02000045776367,36.09000015258789,35.310001373291016,33.83127212524414
2017-11-02,2787700,34.959999084472656,35.279998779296875,35.54999923706055,34.540000915527344,33.1362419128418
2017-11-01,2923300,35.040000915527344,35.02000045776367,35.290000915527344,34.599998474121094,32.89204025268555
2017-10-31,2062700,34.630001068115234,34.900001525878906,35.25,34.58000183105469,32.77933120727539
2017-10-30,2718000,33.810001373291016,34.79999923706055,34.88999938964844,33.75,32.68540954589844
2017-10-27,1843300,32.619998931884766,33.83000183105469,33.86000061035156,32.41999816894531,31.774354934692383
2017-10-26,1593600,32.5,32.83000183105469,32.84000015258789,32.5,30.835115432739258
2017-10-25,1170900,32.40999984741211,32.47999954223633,32.619998931884766,32.11000061035156,30.506380081176758
2017-10-24,1365400,32.790000915527344,32.54999923706055,33.06999969482422,32.529998779296875,30.572126388549805
2017-10-23,1287600,32.9900016784668,32.540000915527344,33.29999923706055,32.52000045776367,30.5627384185791
2017-10-20,838500,32.95000076293945,33.02000045776367,33.08000183105469,32.810001373291016,31.013568878173828
2017-10-19,833700,33.04999923706055,33.09000015258789,33.459999084472656,32.959999084472656,31.079315185546875
2017-10-18,923500,33.22999954223633,33.209999084472656,33.40999984741211,33.11000061035156,31.19202423095703
2017-10-17,1397600,33.16999816894531,33.2599983215332,33.31999969482422,32.869998931884766,31.238985061645508
2017-10-16,1564400,33.15999984741211,33.16999816894531,33.38999938964844,33.04999923706055,31.15445327758789
2017-10-13,2023500,32.97999954223633,33.0,33.209999084472656,32.779998779296875,30.994781494140625
2017-10-12,1421500,32.869998931884766,32.599998474121094,32.95000076293945,32.58000183105469,30.61908721923828
2017-10-11,2420000,33.119998931884766,33.310001373291016,33.34000015258789,32.83000183105469,31.28594970703125
2017-10-10,1516800,33.22999954223633,33.18000030517578,33.599998474121094,33.150001525878906,31.16384506225586
2017-10-09,551300,33.0099983215332,32.9900016784668,33.09000015258789,32.779998779296875,30.98539161682129
2017-10-06,1306500,33.029998779296875,32.77000045776367,33.11000061035156,32.689998626708984,30.778759002685547
2017-10-05,1769400,33.5099983215332,33.40999984741211,33.650001525878906,33.369998931884766,31.379871368408203
2017-10-04,1250400,33.81999969482422,33.56999969482422,33.95000076293945,33.529998779296875,31.530149459838867
2017-10-03,1474500,33.59000015258789,33.84000015258789,33.939998626708984,33.5099983215332,31.78374481201172
2017-10-02,1388800,32.91999816894531,33.63999938964844,33.65999984741211,32.91999816894531,31.595897674560547
2017-09-29,1677800,34.029998779296875,33.4900016784668,34.060001373291016,33.47999954223633,31.45501136779785
2017-09-28,1690800,34.310001373291016,34.099998474121094,34.349998474121094,34.02000045776367,32.027950286865234
2017-09-27,3644400,34.13999938964844,34.25,34.279998779296875,34.0,32.168827056884766
2017-09-26,1946000,34.08000183105469,34.02000045776367,34.349998474121094,34.0,31.952810287475586
2017-09-25,1491500,34.2599983215332,34.2400016784668,34.41999816894531,34.18000030517578,32.1594352722168
2017-09-22,1271400,34.150001525878906,34.09000015258789,34.4900016784668,34.060001373291016,32.0185546875
2017-09-21,1215400,33.540000915527344,34.20000076293945,34.209999084472656,33.43000030517578,32.12186813354492
2017-09-20,2038900,33.2400016784668,33.599998474121094,34.02000045776367,33.209999084472656,31.558326721191406
2017-09-19,978700,32.880001068115234,33.0,33.16999816894531,32.70000076293945,30.994781494140625
2017-09-18,1276300,32.810001373291016,32.779998779296875,32.970001220703125,32.540000915527344,30.788150787353516
2017-09-15,1837600,33.04999923706055,32.849998474121094,33.119998931884766,32.720001220703125,30.853899002075195
2017-09-14,2072900,32.970001220703125,32.97999954223633,33.220001220703125,32.880001068115234,30.975997924804688
2017-09-13,2161700,32.2400016784668,33.029998779296875,33.09000015258789,32.2400016784668,30.764671325683594
2017-09-12,1679900,32.119998931884766,32.130001068115234,32.369998931884766,31.989999771118164,29.92639923095703
2017-09-11,1582200,32.29999923706055,32.189998626708984,32.459999084472656,32.099998474121094,29.982280731201172
2017-09-08,1010000,32.689998626708984,32.27000045776367,32.70000076293945,32.08000183105469,30.056795120239258
2017-09-07,1373800,32.79999923706055,32.70000076293945,32.900001525878906,32.56999969482422,30.457304000854492
2017-09-06,1789000,31.8799991607666,32.72999954223633,32.790000915527344,31.68000030517578,30.485248565673828
2017-09-05,1706200,31.5,31.719999313354492,31.809999465942383,31.31999969482422,29.54451560974121
2017-09-01,2418900,30.979999542236328,31.239999771118164,31.350000381469727,30.75,29.097436904907227
2017-08-31,2465700,30.610000610351562,30.81999969482422,30.84000015258789,30.329999923706055,28.70624351501465
2017-08-30,2537500,30.899999618530273,30.389999389648438,30.899999618530273,30.389999389648438,28.30573272705078
2017-08-29,1983900,30.65999984741211,31.1299991607666,31.200000762939453,30.329999923706055,28.994979858398438
2017-08-28,1090400,31.030000686645508,30.8700008392334,31.030000686645508,30.43000030517578,28.75281524658203
2017-08-25,1261100,30.979999542236328,30.959999084472656,31.209999084472656,30.850000381469727,28.836639404296875
2017-08-24,1899100,30.670000076293945,30.90999984741211,31.030000686645508,30.6299991607666,28.790069580078125
2017-08-23,1937700,30.229999542236328,30.8700008392334,31.030000686645508,30.209999084472656,28.75281524658203
2017-08-22,2163900,30.360000610351562,30.3799991607666,30.700000762939453,30.270000457763672,28.296417236328125
2017-08-21,1481900,30.6200008392334,30.219999313354492,30.770000457763672,30.079999923706055,28.147390365600586
2017-08-18,1941900,30.809999465942383,30.780000686645508,31.06999969482422,30.450000762939453,28.668989181518555
2017-08-17,1861900,30.690000534057617,30.75,31.059999465942383,30.65999984741211,28.641042709350586
2017-08-16,1946400,30.829999923706055,30.8700008392334,31.399999618530273,30.790000915527344,28.75281524658203
2017-08-15,1069700,30.760000228881836,30.81999969482422,30.979999542236328,30.6299991607666,28.70624351501465
2017-08-14,1353500,31.100000381469727,30.860000610351562,31.350000381469727,30.790000915527344,28.743501663208008
2017-08-11,1856300,31.290000915527344,31.200000762939453,31.56999969482422,31.110000610351562,29.060178756713867
2017-08-10,1922100,32.209999084472656,31.309999465942383,32.27000045776367,31.299999237060547,29.16263771057129
2017-08-09,2232300,32.09000015258789,32.08000183105469,32.16999816894531,31.84000015258789,29.87982749938965
2017-08-08,2163500,32.16999816894531,32.189998626708984,32.43000030517578,32.060001373291016,29.982280731201172
2017-08-07,2591000,31.959999084472656,32.560001373291016,32.70000076293945,31.809999465942383,30.326908111572266
2017-08-04,2725500,31.850000381469727,32.11000061035156,32.25,31.530000686645508,29.90777015686035
2017-08-03,5223400,31.450000762939453,31.729999542236328,32.09000015258789,31.3700008392334,29.553829193115234
2017-08-02,2672700,30.15999984741211,30.700000762939453,30.889999389648438,30.079999923706055,28.594472885131836
2017-08-01,2606300,30.56999969482422,30.520000457763672,30.790000915527344,29.81999969482422,28.42681884765625
2017-07-31,2635600,30.75,30.600000381469727,30.90999984741211,30.260000228881836,28.501331329345703
2017-07-28,1612400,30.93000030517578,30.950000762939453,31.25,30.780000686645508,28.827327728271484
2017-07-27,2905000,30.760000228881836,30.760000228881836,31.170000076293945,30.309999465942383,28.650358200073242
2017-07-26,2325200,30.540000915527344,30.790000915527344,31.020000457763672,30.3700008392334,28.678302764892578
2017-07-25,2178100,30.079999923706055,30.40999984741211,30.549999237060547,29.940000534057617,28.32436180114746
2017-07-24,2360600,29.84000015258789,29.850000381469727,30.010000228881836,29.459999084472656,27.80276870727539
2017-07-21,5175600,30.0,29.700000762939453,30.139999389648438,29.239999771118164,27.66305923461914
2017-07-20,2815600,30.6299991607666,30.360000610351562,30.780000686645508,30.31999969482422,28.27779197692871
2017-07-19,2634600,30.190000534057617,30.479999542236328,30.540000915527344,30.059999465942383,28.389556884765625
2017-07-18,1945900,29.809999465942383,29.920000076293945,29.959999084472656,29.600000381469727,27.867969512939453
2017-07-17,1572800,29.200000762939453,29.440000534057617,29.770000457763672,29.06999969482422,27.42089080810547
2017-07-14,1534300,29.31999969482422,29.350000381469727,29.540000915527344,29.209999084472656,27.33706283569336
2017-07-13,1605900,29.149999618530273,29.190000534057617,29.360000610351562,28.969999313354492,27.18803596496582
2017-07-12,2482200,29.40999984741211,29.309999465942383,29.75,29.010000228881836,27.2998046875
2017-07-11,1837400,28.549999237060547,29.030000686645508,29.079999923706055,28.270000457763672,27.03900718688965
2017-07-10,1913500,28.139999389648438,28.68000030517578,28.8799991607666,28.020000457763672,26.7130126953125
2017-07-07,2659700,28.350000381469727,28.190000534057617,28.440000534057617,27.8799991607666,26.25661849975586
2017-07-06,2908400,28.479999542236328,28.440000534057617,29.0,28.31999969482422,26.48947525024414
2017-07-05,2736400,28.889999389648438,28.399999618530273,28.90999984741211,28.010000228881836,26.45221519470215
2017-07-03,1243100,28.93000030517578,29.3799991607666,29.520000457763672,28.889999389648438,27.36500358581543
2017-06-30,2660700,29.5,28.84000015258789,29.579999923706055,28.6200008392334,26.86203956604004
2017-06-29,2434200,29.469999313354492,29.280000686645508,29.670000076293945,28.8700008392334,27.27186393737793
2017-06-28,2152100,28.700000762939453,29.350000381469727,29.639999389648438,28.5,27.33706283569336
2017-06-27,2755900,28.56999969482422,28.540000915527344,28.75,28.219999313354492,26.58261489868164
2017-06-26,1926500,28.709999084472656,28.329999923706055,28.780000686645508,28.149999618530273,26.38701629638672
2017-06-23,1900300,28.469999313354492,28.5,28.81999969482422,28.219999313354492,26.54535675048828
2017-06-22,2065100,28.3700008392334,28.459999084472656,28.81999969482422,28.270000457763672,26.508100509643555
2017-06-21,3174700,27.90999984741211,28.1200008392334,28.639999389648438,27.649999618530273,26.191417694091797
2017-06-20,3239000,27.989999771118164,27.920000076293945,28.100000381469727,27.610000610351562,26.005136489868164
2017-06-19,2360200,28.25,28.459999084472656,28.780000686645508,28.15999984741211,26.508100509643555
2017-06-16,2632300,27.93000030517578,28.34000015258789,28.479999542236328,27.520000457763672,26.396331787109375
2017-06-15,2729500,28.0,27.75,28.239999771118164,27.530000686645508,25.8467960357666
2017-06-14,2865200,29.3799991607666,28.219999313354492,29.43000030517578,28.110000610351562,26.28455924987793
2017-06-13,2376900,29.579999923706055,29.68000030517578,29.75,29.1200008392334,27.388288497924805
2017-06-12,2466800,29.530000686645508,29.389999389648438,30.09000015258789,29.09000015258789,27.120683670043945
2017-06-09,3032600,28.770000457763672,29.25,29.489999771118164,28.709999084472656,26.991493225097656
2017-06-08,2820300,28.3799991607666,28.6299991607666,29.06999969482422,28.31999969482422,26.41936492919922
2017-06-07,2276200,29.25,28.530000686645508,29.469999313354492,28.350000381469727,26.32708740234375
2017-06-06,2392700,29.030000686645508,29.469999313354492,29.540000915527344,28.860000610351562,27.194503784179688
2017-06-05,2644400,28.760000228881836,29.110000610351562,29.299999237060547,28.530000686645508,26.862300872802734
2017-06-02,1938500,28.950000762939453,28.850000381469727,28.969999313354492,28.540000915527344,26.62237548828125
2017-06-01,1810200,28.889999389648438,29.170000076293945,29.459999084472656,28.850000381469727,26.917667388916016
2017-05-31,3856900,28.760000228881836,28.860000610351562,29.040000915527344,28.65999984741211,26.63160514831543
2017-05-30,2676400,29.329999923706055,29.059999465942383,29.440000534057617,28.889999389648438,26.816160202026367
2017-05-26,2805500,29.899999618530273,29.729999542236328,30.040000915527344,29.56999969482422,27.43442726135254
2017-05-25,2594700,30.399999618530273,29.81999969482422,31.1299991607666,29.5,27.51747703552246
2017-05-24,2047800,30.450000762939453,30.559999465942383,30.8799991607666,30.350000381469727,28.200340270996094
2017-05-23,3644600,31.219999313354492,30.549999237060547,31.389999389648438,30.389999389648438,28.19111442565918
2017-05-22,1487600,31.399999618530273,31.1200008392334,31.399999618530273,30.889999389648438,28.71710205078125
2017-05-19,2533600,30.75,31.079999923706055,31.260000228881836,30.690000534057617,28.680187225341797
2017-05-18,3027300,30.100000381469727,30.440000534057617,30.65999984741211,29.739999771118164,28.0896053314209
2017-05-17,2076100,31.079999923706055,30.270000457763672,31.1299991607666,30.25,27.9327335357666
2017-05-16,2898800,31.639999389648438,31.190000534057617,31.760000228881836,31.110000610351562,28.78169822692871
2017-05-15,1986000,31.6299991607666,31.420000076293945,32.02000045776367,31.40999984741211,28.993938446044922
2017-05-12,2255400,30.920000076293945,30.809999465942383,31.209999084472656,30.65999984741211,28.43103790283203
2017-05-11,2708100,31.6200008392334,30.979999542236328,31.6200008392334,30.920000076293945,28.587909698486328
2017-05-10,1984900,31.170000076293945,31.450000762939453,31.65999984741211,30.850000381469727,29.021621704101562
2017-05-09,2137200,31.469999313354492,30.84000015258789,31.489999771118164,30.549999237060547,28.458721160888672
2017-05-08,1719500,30.889999389648438,31.389999389648438,31.549999237060547,30.719999313354492,28.96625518798828
2017-05-05,2626900,30.139999389648438,30.989999771118164,31.030000686645508,29.8700008392334,28.597135543823242
2017-05-04,5142300,30.709999084472656,30.110000610351562,30.8700008392334,29.780000686645508,27.78508758544922
2017-05-03,1978600,31.579999923706055,31.530000686645508,32.0,31.5,29.09544563293457
2017-05-02,2380800,31.889999389648438,31.68000030517578,32.18000030517578,31.3799991607666,29.23386001586914
2017-05-01,1375100,31.809999465942383,31.93000030517578,32.099998474121094,31.68000030517578,29.464557647705078
2017-04-28,3092700,32.029998779296875,31.8700008392334,32.27000045776367,31.770000457763672,29.409191131591797
2017-04-27,3366600,32.84000015258789,31.8799991607666,32.88999938964844,31.469999313354492,29.418415069580078
2017-04-26,2133200,33.040000915527344,33.119998931884766,33.88999938964844,32.88999938964844,30.562667846679688
2017-04-25,1917000,32.7400016784668,33.40999984741211,33.4900016784668,32.540000915527344,30.830284118652344
2017-04-24,1330300,32.97999954223633,32.7599983215332,33.060001373291016,32.709999084472656,30.23046875
2017-04-21,2692900,32.529998779296875,32.66999816894531,32.81999969482422,32.27000045776367,30.147418975830078
2017-04-20,1797500,32.470001220703125,32.529998779296875,33.130001068115234,32.400001525878906,30.01822853088379
2017-04-19,2438200,32.939998626708984,32.40999984741211,33.40999984741211,32.279998779296875,29.907495498657227
2017-04-18,2338800,33.41999816894531,33.040000915527344,33.720001220703125,32.970001220703125,30.48885154724121
2017-04-17,1327800,33.45000076293945,33.77000045776367,33.869998931884766,33.290000915527344,31.162490844726562
2017-04-13,2462100,33.7400016784668,33.290000915527344,33.810001373291016,33.150001525878906,30.719547271728516
2017-04-12,1473200,34.04999923706055,33.689998626708984,34.29999923706055,33.63999938964844,31.088659286499023
2017-04-11,2245600,33.959999084472656,33.970001220703125,34.310001373291016,33.689998626708984,31.347043991088867
2017-04-10,1704900,33.470001220703125,33.97999954223633,34.2599983215332,33.459999084472656,31.356273651123047
2017-04-07,2186300,33.59000015258789,33.290000915527344,33.79999923706055,33.2400016784668,30.719547271728516
2017-04-06,1533400,33.34000015258789,33.400001525878906,33.59000015258789,33.209999084472656,30.8210506439209
2017-04-05,3658100,33.54999923706055,33.13999938964844,33.93000030517578,33.13999938964844,30.581127166748047
2017-04-04,3752700,32.650001525878906,33.2599983215332,33.310001373291016,32.45000076293945,30.691862106323242
2017-04-03,2602800,32.650001525878906,32.66999816894531,32.81999969482422,32.22999954223633,30.147418975830078
2017-03-31,3740100,32.560001373291016,32.790000915527344,32.849998474121094,32.349998474121094,30.258155822753906
2017-03-30,3838500,33.04999923706055,32.560001373291016,33.2400016784668,32.4900016784668,30.04591178894043
2017-03-29,5080400,31.979999542236328,32.88999938964844,33.040000915527344,31.969999313354492,30.350431442260742
2017-03-28,3764800,31.829999923706055,31.989999771118164,32.20000076293945,31.670000076293945,29.51992416381836
2017-03-27,2553500,31.559999465942383,31.709999084472656,31.8799991607666,31.530000686645508,29.261545181274414
2017-03-24,3840500,31.950000762939453,32.02000045776367,32.22999954223633,31.780000686645508,29.547607421875
2017-03-23,2259100,31.889999389648438,31.920000076293945,32.130001068115234,31.68000030517578,29.45532989501953
2017-03-22,2705700,31.540000915527344,32.02000045776367,32.06999969482422,31.450000762939453,29.547607421875
2017-03-21,2903100,32.439998626708984,31.790000915527344,32.7400016784668,31.719999313354492,29.335369110107422
2017-03-20,2280200,32.439998626708984,32.22999954223633,32.709999084472656,32.040000915527344,29.741395950317383
2017-03-17,2944900,32.90999984741211,32.7400016784668,33.13999938964844,32.650001525878906,30.21201515197754
2017-03-16,3372100,33.02000045776367,32.81999969482422,33.38999938964844,32.81999969482422,30.28583526611328
2017-03-15,5749000,31.479999542236328,32.86000061035156,32.970001220703125,31.389999389648438,30.322750091552734
2017-03-14,2477200,31.149999618530273,31.260000228881836,31.5,30.829999923706055,28.5925235748291
2017-03-13,2103800,32.15999984741211,31.790000915527344,32.38999938964844,31.68000030517578,29.077299118041992
2017-03-10,5136200,32.310001373291016,32.209999084472656,33.29999923706055,31.469999313354492,29.461458206176758
2017-03-09,8686400,30.75,32.04999923706055,32.150001525878906,30.139999389648438,29.31511116027832
2017-03-08,3031700,30.56999969482422,29.219999313354492,30.59000015258789,29.190000534057617,26.726600646972656
2017-03-07,2799200,31.100000381469727,30.770000457763672,31.229999542236328,30.770000457763672,28.14434051513672
2017-03-06,3757700,31.219999313354492,31.100000381469727,31.270000457763672,30.709999084472656,28.446178436279297
2017-03-03,6185100,30.43000030517578,31.219999313354492,31.59000015258789,30.350000381469727,28.555936813354492
2017-03-02,9552300,29.260000228881836,30.229999542236328,30.709999084472656,28.799999237060547,27.650419235229492
2017-03-01,7862600,28.989999771118164,28.81999969482422,29.1200008392334,28.649999618530273,26.360733032226562
2017-02-28,3921400,28.709999084472656,28.709999084472656,28.90999984741211,28.510000228881836,26.260122299194336
2017-02-27,3873900,28.93000030517578,29.110000610351562,29.209999084472656,28.670000076293945,26.62598991394043
2017-02-24,3804500,29.190000534057617,28.809999465942383,29.239999771118164,28.6200008392334,26.35158920288086
2017-02-23,3633700,29.639999389648438,29.399999618530273,29.760000228881836,29.31999969482422,26.891244888305664
2017-02-22,2426600,30.0,29.049999237060547,30.1299991607666,29.040000915527344,26.571109771728516
2017-02-21,1782900,30.299999237060547,30.239999771118164,30.5,30.06999969482422,27.659561157226562
2017-02-17,2367700,30.1200008392334,30.06999969482422,30.229999542236328,29.90999984741211,27.504070281982422
2017-02-16,3044900,30.56999969482422,30.34000015258789,31.09000015258789,30.260000228881836,27.75102996826172
2017-02-15,3098300,30.280000686645508,30.40999984741211,30.600000381469727,30.219999313354492,27.8150577545166
2017-02-14,2362700,30.049999237060547,30.360000610351562,30.389999389648438,29.860000610351562,27.769323348999023
2017-02-13,2094300,29.93000030517578,29.950000762939453,30.040000915527344,29.780000686645508,27.39431381225586
2017-02-10,2539000,30.299999237060547,30.15999984741211,30.489999771118164,30.06999969482422,27.586389541625977
2017-02-09,2087000,29.25,29.700000762939453,29.729999542236328,29.25,27.1656436920166
2017-02-08,5266400,28.649999618530273,28.790000915527344,29.149999618530273,28.3799991607666,26.333297729492188
2017-02-07,2887500,29.479999542236328,28.829999923706055,29.719999313354492,28.809999465942383,26.369882583618164
2017-02-06,1644500,30.489999771118164,29.75,30.6200008392334,29.719999313354492,27.21137809753418
2017-02-03,2145800,31.010000228881836,30.6200008392334,31.110000610351562,30.610000610351562,28.007137298583984
2017-02-02,3729400,30.440000534057617,30.969999313354492,31.049999237060547,30.420000076293945,28.327268600463867
2017-02-01,2041100,30.389999389648438,30.1299991607666,30.399999618530273,29.780000686645508,27.558950424194336
2017-01-31,1847000,30.190000534057617,30.229999542236328,30.25,29.889999389648438,27.650419235229492
2017-01-30,3477300,30.510000228881836,29.799999237060547,30.610000610351562,29.530000686645508,27.25710678100586
2017-01-27,2779400,30.770000457763672,30.68000030517578,30.93000030517578,30.469999313354492,28.0620174407959
2017-01-26,1665300,30.739999771118164,30.719999313354492,30.829999923706055,30.559999465942383,28.09860610961914
2017-01-25,1561500,30.25,30.610000610351562,30.6200008392334,30.15999984741211,27.99799346923828
2017-01-24,3938000,29.889999389648438,30.079999923706055,30.309999465942383,29.770000457763672,27.513216018676758
2017-01-23,2317900,30.420000076293945,29.59000015258789,30.489999771118164,29.559999465942383,27.06502914428711
2017-01-20,2172600,30.75,30.739999771118164,31.200000762939453,30.649999618530273,28.116897583007812
2017-01-19,3081900,30.579999923706055,30.329999923706055,30.729999542236328,30.229999542236328,27.74188232421875
2017-01-18,1521900,31.110000610351562,30.6200008392334,31.450000762939453,30.59000015258789,28.007137298583984
2017-01-17,2097000,31.81999969482422,31.5,32.150001525878906,31.43000030517578,28.81204605102539
2017-01-13,3225900,30.610000610351562,31.43000030517578,31.600000381469727,30.510000228881836,28.74802017211914
2017-01-12,2536200,31.5,30.770000457763672,31.520000457763672,30.43000030517578,28.14434051513672
2017-01-11,4605500,31.239999771118164,31.0,31.40999984741211,30.770000457763672,28.35470962524414
2017-01-10,4158700,31.579999923706055,31.149999618530273,31.799999237060547,31.06999969482422,28.491912841796875
2017-01-09,2497200,32.209999084472656,31.600000381469727,32.209999084472656,31.59000015258789,28.903512954711914
2017-01-06,2536300,32.70000076293945,32.58000183105469,33.099998474121094,32.45000076293945,29.799888610839844
2017-01-05,3043000,33.040000915527344,32.790000915527344,33.27000045776367,32.709999084472656,29.99197006225586
2017-01-04,1865100,32.720001220703125,32.84000015258789,32.97999954223633,32.5099983215332,30.037700653076172
2017-01-03,2711700,32.150001525878906,32.4900016784668,32.84000015258789,31.920000076293945,29.71756935119629
2016-12-30,1163700,32.08000183105469,31.8799991607666,32.33000183105469,31.780000686645508,29.159616470336914
2016-12-29,1566200,32.150001525878906,31.969999313354492,32.34000015258789,31.90999984741211,29.241939544677734
2016-12-28,2160900,32.060001373291016,32.209999084472656,32.34000015258789,31.940000534057617,29.461458206176758
2016-12-27,2724600,32.209999084472656,31.989999771118164,32.25,31.729999542236328,29.26023292541504
2016-12-23,1672400,32.349998474121094,32.15999984741211,32.529998779296875,32.11000061035156,29.415725708007812
2016-12-22,2023300,32.58000183105469,32.439998626708984,32.779998779296875,32.43000030517578,29.671833038330078
2016-12-21,2038600,33.04999923706055,32.70000076293945,33.2599983215332,32.540000915527344,29.909648895263672
2016-12-20,2134300,33.22999954223633,33.02000045776367,33.41999816894531,32.9900016784668,30.202342987060547
2016-12-19,2800400,33.439998626708984,33.099998474121094,33.52000045776367,32.959999084472656,30.275514602661133
2016-12-16,2981500,33.400001525878906,33.5,33.56999969482422,33.04999923706055,30.641380310058594
2016-12-15,4221700,33.369998931884766,33.06999969482422,33.709999084472656,32.880001068115234,30.248077392578125
2016-12-14,2755200,34.58000183105469,33.720001220703125,34.68000030517578,33.63999938964844,30.842609405517578
2016-12-13,3494200,34.130001068115234,34.91999816894531,35.099998474121094,33.900001525878906,31.940210342407227
2016-12-12,3695800,34.5,33.70000076293945,35.279998779296875,33.63999938964844,30.824316024780273
2016-12-09,2985600,33.2400016784668,33.380001068115234,33.47999954223633,33.029998779296875,30.531620025634766
2016-12-08,2163900,33.33000183105469,33.15999984741211,33.349998474121094,32.5,30.330394744873047
2016-12-07,2625200,33.63999938964844,33.22999954223633,33.70000076293945,33.02000045776367,30.394420623779297
2016-12-06,2734500,33.70000076293945,33.79999923706055,34.060001373291016,33.540000915527344,30.687116622924805
2016-12-05,3253400,34.38999938964844,34.060001373291016,34.560001373291016,34.02000045776367,30.923175811767578
2016-12-02,3193800,34.040000915527344,34.11000061035156,34.540000915527344,33.70000076293945,30.96856689453125
2016-12-01,3910000,34.45000076293945,34.06999969482422,35.02000045776367,33.79999923706055,30.932249069213867
2016-11-30,4795300,32.939998626708984,33.77000045776367,34.40999984741211,32.849998474121094,30.65987777709961
2016-11-29,2626500,31.100000381469727,31.010000228881836,31.270000457763672,30.34000015258789,28.15406608581543
2016-11-28,1951500,32.540000915527344,31.760000228881836,32.56999969482422,31.690000534057617,28.834991455078125
2016-11-25,483200,32.439998626708984,32.130001068115234,32.45000076293945,32.029998779296875,29.170917510986328
2016-11-23,1829400,32.36000061035156,32.70000076293945,33.18000030517578,32.349998474121094,29.688419342041016
2016-11-22,1129500,32.91999816894531,32.7400016784668,33.150001525878906,32.189998626708984,29.7247371673584
2016-11-21,1699500,32.540000915527344,32.880001068115234,32.939998626708984,32.290000915527344,29.85184669494629
2016-11-18,1608300,31.260000228881836,31.899999618530273,32.0,31.200000762939453,28.96210479736328
2016-11-17,1642500,32.09000015258789,31.3799991607666,32.15999984741211,31.31999969482422,28.489994049072266
2016-11-16,2331600,31.559999465942383,31.68000030517578,32.09000015258789,31.280000686645508,28.762365341186523
2016-11-15,2257800,31.15999984741211,31.790000915527344,31.899999618530273,31.059999465942383,28.862232208251953
2016-11-14,3479300,30.3799991607666,30.84000015258789,30.8700008392334,30.059999465942383,27.99972152709961
2016-11-11,2807400,30.540000915527344,30.520000457763672,30.59000015258789,29.729999542236328,27.709196090698242
2016-11-10,2970100,30.829999923706055,30.959999084472656,31.209999084472656,30.520000457763672,28.108673095703125
2016-11-09,2814100,30.420000076293945,31.049999237060547,31.219999313354492,30.1299991607666,28.190380096435547
2016-11-08,2546000,30.1200008392334,30.540000915527344,30.84000015258789,29.979999542236328,27.72735023498535
2016-11-07,2720700,30.34000015258789,30.3799991607666,30.5,29.829999923706055,27.58208656311035
2016-11-04,2967100,30.389999389648438,29.93000030517578,30.440000534057617,29.459999084472656,27.173532485961914
2016-11-03,5959400,31.520000457763672,30.59000015258789,31.56999969482422,30.15999984741211,27.772747039794922
2016-11-02,2776800,31.260000228881836,31.469999313354492,31.729999542236328,30.979999542236328,28.571701049804688
2016-11-01,2237100,32.02000045776367,31.649999618530273,32.119998931884766,31.200000762939453,28.73512077331543
2016-10-31,2425700,32.150001525878906,31.709999084472656,32.38999938964844,31.709999084472656,28.78959846496582
2016-10-28,2055900,32.369998931884766,32.38999938964844,32.849998474121094,32.08000183105469,29.406972885131836
2016-10-27,1784400,32.81999969482422,32.52000045776367,32.84000015258789,32.400001525878906,29.524999618530273
2016-10-26,1867400,32.470001220703125,32.560001373291016,32.939998626708984,32.209999084472656,29.561315536499023
2016-10-25,2046000,33.029998779296875,32.709999084472656,33.290000915527344,32.59000015258789,29.69750213623047
2016-10-24,3608700,33.0,33.06999969482422,33.2400016784668,32.59000015258789,30.02434539794922
2016-10-21,1891400,32.91999816894531,33.13999938964844,33.279998779296875,32.79999923706055,30.087900161743164
2016-10-20,1781800,32.599998474121094,33.119998931884766,33.20000076293945,32.560001373291016,30.069740295410156
2016-10-19,1476200,32.619998931884766,33.06999969482422,33.220001220703125,32.52000045776367,30.02434539794922
2016-10-18,1966200,32.65999984741211,32.349998474121094,32.84000015258789,32.290000915527344,29.370656967163086
2016-10-17,2245800,32.099998474121094,32.20000076293945,32.25,31.899999618530273,29.234472274780273
2016-10-14,2385900,32.59000015258789,32.130001068115234,32.91999816894531,32.02000045776367,29.170917510986328
2016-10-13,2527000,32.20000076293945,32.41999816894531,32.560001373291016,31.950000762939453,29.434207916259766
2016-10-12,2471600,32.349998474121094,32.470001220703125,32.619998931884766,32.18000030517578,29.47960662841797
2016-10-11,3757500,32.2599983215332,32.56999969482422,32.599998474121094,32.22999954223633,29.57039451599121
2016-10-10,954600,32.29999923706055,32.33000183105469,32.939998626708984,32.2599983215332,29.35249900817871
2016-10-07,2590800,32.29999923706055,31.90999984741211,32.540000915527344,31.6299991607666,28.971176147460938
2016-10-06,2963700,32.65999984741211,32.29999923706055,32.81999969482422,32.189998626708984,29.325260162353516
2016-10-05,2577600,32.310001373291016,32.529998779296875,32.75,32.209999084472656,29.534076690673828
2016-10-04,1717900,32.099998474121094,31.850000381469727,32.41999816894531,31.579999923706055,28.91670799255371
2016-10-03,1850900,32.040000915527344,32.209999084472656,32.380001068115234,31.719999313354492,29.243549346923828
2016-09-30,2031400,32.16999816894531,32.040000915527344,32.38999938964844,31.989999771118164,29.089208602905273
2016-09-29,3673400,31.420000076293945,32.040000915527344,32.27000045776367,31.420000076293945,29.089208602905273
2016-09-28,4040800,29.309999465942383,31.43000030517578,31.450000762939453,29.170000076293945,28.535385131835938
2016-09-27,2795200,29.139999389648438,29.110000610351562,29.25,28.690000534057617,26.429052352905273
2016-09-26,1560900,29.790000915527344,29.549999237060547,30.049999237060547,29.469999313354492,26.828529357910156
2016-09-23,2442800,30.40999984741211,29.6299991607666,30.549999237060547,29.559999465942383,26.901155471801758
2016-09-22,3556100,30.719999313354492,30.65999984741211,31.1299991607666,30.559999465942383,27.836301803588867
2016-09-21,2061900,29.639999389648438,30.010000228881836,30.079999923706055,29.450000762939453,27.24616241455078
2016-09-20,1841200,29.31999969482422,29.270000457763672,29.649999618530273,29.260000228881836,26.574316024780273
2016-09-19,1962700,29.56999969482422,29.3700008392334,29.760000228881836,29.350000381469727,26.66510772705078
2016-09-16,2193700,28.770000457763672,29.200000762939453,29.31999969482422,28.709999084472656,26.51076316833496
2016-09-15,1981100,29.200000762939453,29.190000534057617,29.540000915527344,29.1200008392334,26.50168228149414
2016-09-14,2615400,29.309999465942383,29.09000015258789,29.739999771118164,29.020000457763672,26.4108943939209
2016-09-13,3076600,30.309999465942383,29.459999084472656,30.350000381469727,29.450000762939453,26.537996292114258
2016-09-12,3015500,30.309999465942383,30.940000534057617,31.040000915527344,30.020000457763672,27.871204376220703
2016-09-09,2072100,31.510000228881836,30.6299991607666,31.530000686645508,30.6299991607666,27.591951370239258
2016-09-08,2964800,32.2400016784668,32.09000015258789,32.529998779296875,31.690000534057617,28.907142639160156
2016-09-07,1938700,32.290000915527344,32.0099983215332,32.41999816894531,31.93000030517578,28.835079193115234
2016-09-06,2254200,31.940000534057617,32.20000076293945,32.380001068115234,31.8799991607666,29.00623321533203
2016-09-02,1934600,31.520000457763672,31.850000381469727,32.06999969482422,31.43000030517578,28.690948486328125
2016-09-01,1915200,30.850000381469727,31.170000076293945,31.399999618530273,30.770000457763672,28.07839012145996
2016-08-31,2319100,31.469999313354492,31.049999237060547,31.709999084472656,30.850000381469727,27.970293045043945
2016-08-30,1431400,32.040000915527344,31.729999542236328,32.45000076293945,31.700000762939453,28.582847595214844
2016-08-29,1175600,31.739999771118164,31.959999084472656,32.220001220703125,31.579999923706055,28.790035247802734
2016-08-26,1490500,32.13999938964844,31.899999618530273,32.630001068115234,31.760000228881836,28.73598861694336
2016-08-25,1245400,31.780000686645508,31.989999771118164,32.20000076293945,31.600000381469727,28.817060470581055
2016-08-24,1695700,32.040000915527344,31.920000076293945,32.380001068115234,31.809999465942383,28.754003524780273
2016-08-23,1189800,32.209999084472656,32.220001220703125,32.459999084472656,32.04999923706055,29.02425193786621
2016-08-22,1711500,32.06999969482422,32.16999816894531,32.220001220703125,31.719999313354492,28.979204177856445
2016-08-19,1422400,32.68000030517578,32.5099983215332,32.77000045776367,32.439998626708984,29.28548240661621
2016-08-18,2355900,32.689998626708984,32.869998931884766,32.939998626708984,32.54999923706055,29.609773635864258
2016-08-17,2488400,32.220001220703125,32.400001525878906,32.5099983215332,32.029998779296875,29.1863956451416
2016-08-16,1589900,32.41999816894531,32.310001373291016,32.560001373291016,32.220001220703125,29.10532569885254
2016-08-15,1065000,32.2400016784668,32.45000076293945,32.650001525878906,32.20000076293945,29.23143768310547
2016-08-12,972600,32.02000045776367,32.08000183105469,32.310001373291016,31.889999389648438,28.89813804626465
2016-08-11,1119000,31.450000762939453,31.850000381469727,32.099998474121094,31.450000762939453,28.690948486328125
2016-08-10,2100700,31.459999084472656,31.219999313354492,31.709999084472656,31.149999618530273,28.123432159423828
2016-08-09,1711300,31.440000534057617,31.389999389648438,31.799999237060547,31.209999084472656,28.27657127380371
2016-08-08,1621000,31.059999465942383,31.280000686645508,31.59000015258789,31.030000686645508,28.17748260498047
2016-08-05,2037400,30.170000076293945,30.790000915527344,30.84000015258789,29.940000534057617,27.736080169677734
2016-08-04,2647500,29.889999389648438,30.25,30.489999771118164,29.700000762939453,27.249643325805664
2016-08-03,2723000,29.709999084472656,30.139999389648438,30.239999771118164,29.329999923706055,27.15055274963379
2016-08-02,4494200,29.700000762939453,29.600000381469727,30.170000076293945,29.270000457763672,26.66411590576172
2016-08-01,2797500,29.93000030517578,29.079999923706055,29.93000030517578,28.950000762939453,26.195690155029297
2016-07-29,2535900,29.540000915527344,30.229999542236328,30.299999237060547,29.530000686645508,27.231626510620117
2016-07-28,1271800,29.760000228881836,29.809999465942383,30.049999237060547,29.670000076293945,26.853282928466797
2016-07-27,2719700,30.299999237060547,29.739999771118164,30.6200008392334,29.56999969482422,26.79022789001465
2016-07-26,3149000,29.90999984741211,30.190000534057617,30.329999923706055,29.799999237060547,27.195594787597656
2016-07-25,2547300,31.170000076293945,30.06999969482422,31.200000762939453,29.969999313354492,27.087495803833008
2016-07-22,1264200,31.6200008392334,31.6200008392334,31.690000534057617,31.09000015258789,28.483760833740234
2016-07-21,1356500,31.940000534057617,31.469999313354492,31.989999771118164,31.43000030517578,28.348636627197266
2016-07-20,1822900,31.440000534057617,31.940000534057617,32.060001373291016,31.43000030517578,28.77202033996582
2016-07-19,1264400,31.8700008392334,31.809999465942383,32.0,31.559999465942383,28.6549129486084
2016-07-18,1802600,31.739999771118164,32.06999969482422,32.11000061035156,31.360000610351562,28.88912582397461
2016-07-15,1796800,32.220001220703125,32.0,32.290000915527344,31.8799991607666,28.826066970825195
2016-07-14,2520200,32.13999938964844,32.119998931884766,32.400001525878906,31.850000381469727,28.934165954589844
2016-07-13,3606600,31.579999923706055,31.75,31.829999923706055,31.010000228881836,28.600866317749023
2016-07-12,2485300,31.270000457763672,31.739999771118164,31.799999237060547,31.06999969482422,28.591856002807617
2016-07-11,2275400,31.1299991607666,30.479999542236328,31.360000610351562,30.459999084472656,27.456829071044922
2016-07-08,2850700,30.809999465942383,30.93000030517578,31.170000076293945,30.290000915527344,27.86219596862793
2016-07-07,3221300,31.889999389648438,30.40999984741211,31.969999313354492,30.280000686645508,27.39377212524414
2016-07-06,2778300,30.639999389648438,31.43000030517578,31.450000762939453,30.34000015258789,28.31260108947754
2016-07-05,2690500,30.290000915527344,30.8799991607666,31.020000457763672,30.290000915527344,27.817155838012695
2016-07-01,1595300,30.829999923706055,30.920000076293945,31.520000457763672,30.6299991607666,27.85318946838379
2016-06-30,2197000,30.3799991607666,30.829999923706055,30.889999389648438,30.209999084472656,27.772113800048828
2016-06-29,3321900,29.790000915527344,30.559999465942383,30.690000534057617,29.729999542236328,27.528892517089844
2016-06-28,3303400,29.459999084472656,29.3700008392334,29.719999313354492,29.149999618530273,26.456926345825195
2016-06-27,4932100,29.40999984741211,28.799999237060547,29.709999084472656,28.639999389648438,25.94346046447754
2016-06-24,3517500,29.170000076293945,29.90999984741211,30.1200008392334,29.040000915527344,26.94336700439453
2016-06-23,2237300,30.219999313354492,30.889999389648438,30.90999984741211,29.979999542236328,27.82616424560547
2016-06-22,2479100,30.579999923706055,29.68000030517578,30.6299991607666,29.520000457763672,26.73617935180664
2016-06-21,1934200,29.8700008392334,30.34000015258789,30.489999771118164,29.690000534057617,27.330717086791992
2016-06-20,2297300,30.079999923706055,30.030000686645508,30.34000015258789,29.739999771118164,27.051464080810547
2016-06-17,3019900,29.25,29.399999618530273,29.610000610351562,29.139999389648438,26.483949661254883
2016-06-16,3344500,28.43000030517578,28.700000762939453,28.850000381469727,27.799999237060547,25.853382110595703
2016-06-15,3507900,28.489999771118164,28.709999084472656,29.170000076293945,28.420000076293945,25.862388610839844
2016-06-14,3632700,28.65999984741211,28.899999618530273,29.3799991607666,28.6200008392334,25.826356887817383
2016-06-13,2581200,28.459999084472656,28.709999084472656,29.190000534057617,28.299999237060547,25.65656280517578
2016-06-10,1979200,29.59000015258789,28.709999084472656,29.799999237060547,28.6200008392334,25.65656280517578
2016-06-09,1693100,29.850000381469727,29.959999084472656,30.290000915527344,29.709999084472656,26.77362060546875
2016-06-08,3821100,31.799999237060547,30.389999389648438,32.02000045776367,30.149999618530273,27.157886505126953
2016-06-07,2618000,30.229999542236328,31.329999923706055,31.34000015258789,30.139999389648438,27.997915267944336
2016-06-06,1959800,29.920000076293945,29.940000534057617,30.010000228881836,29.600000381469727,26.755746841430664
2016-06-03,2136200,29.670000076293945,29.489999771118164,29.940000534057617,29.25,26.353607177734375
2016-06-02,2976400,28.610000610351562,29.420000076293945,29.420000076293945,28.510000228881836,26.29105567932129
2016-06-01,3712600,29.1299991607666,29.030000686645508,29.260000228881836,28.690000534057617,25.94253158569336
2016-05-31,3201900,29.639999389648438,29.739999771118164,30.280000686645508,29.540000915527344,26.57701873779297
2016-05-27,1556000,29.5,29.81999969482422,29.93000030517578,29.469999313354492,26.648508071899414
2016-05-26,2332900,30.299999237060547,29.979999542236328,30.459999084472656,29.690000534057617,26.791494369506836
2016-05-25,2673000,29.31999969482422,29.899999618530273,30.049999237060547,29.309999465942383,26.720001220703125
2016-05-24,2911700,29.239999771118164,28.950000762939453,29.6299991607666,28.790000915527344,25.871034622192383
2016-05-23,1375800,28.549999237060547,29.049999237060547,29.25,28.299999237060547,25.960405349731445
2016-05-20,1952600,28.760000228881836,28.889999389648438,29.139999389648438,28.59000015258789,25.817419052124023
2016-05-19,3833500,28.540000915527344,28.540000915527344,28.68000030517578,27.979999542236328,25.504642486572266
2016-05-18,2675900,29.420000076293945,29.170000076293945,29.670000076293945,28.950000762939453,26.067638397216797
2016-05-17,3594400,29.1299991607666,29.690000534057617,29.8799991607666,28.969999313354492,26.53233528137207
2016-05-16,3117800,29.18000030517578,29.280000686645508,29.65999984741211,29.030000686645508,26.16594696044922
2016-05-13,2387500,28.81999969482422,28.56999969482422,29.290000915527344,28.450000762939453,25.531455993652344
2016-05-12,3615000,29.329999923706055,29.15999984741211,29.649999618530273,28.350000381469727,26.05870246887207
2016-05-11,3057800,28.520000457763672,28.8700008392334,29.239999771118164,27.8700008392334,25.79954719543457
2016-05-10,2693400,27.899999618530273,28.600000381469727,28.799999237060547,27.799999237060547,25.55826187133789
2016-05-09,3134900,27.469999313354492,27.649999618530273,27.690000534057617,27.079999923706055,24.709300994873047
2016-05-06,4134000,27.56999969482422,27.719999313354492,28.170000076293945,27.309999465942383,24.7718563079834
2016-05-05,4028800,28.719999313354492,27.850000381469727,28.989999771118164,27.360000610351562,24.88802719116211
2016-05-04,4135000,28.280000686645508,27.899999618530273,28.700000762939453,27.399999618530273,24.932708740234375
2016-05-03,3499400,28.639999389648438,28.229999542236328,28.770000457763672,27.719999313354492,25.227615356445312
2016-05-02,3547200,30.0,29.25,30.0,29.06999969482422,26.139129638671875
2016-04-29,3192500,30.540000915527344,30.020000457763672,30.8799991607666,29.770000457763672,26.827241897583008
2016-04-28,3444500,30.540000915527344,30.200000762939453,30.959999084472656,30.0,26.988096237182617
2016-04-27,4287400,30.950000762939453,30.6299991607666,31.459999084472656,30.280000686645508,27.37236213684082
2016-04-26,2490400,30.459999084472656,30.549999237060547,30.93000030517578,30.209999084472656,27.300870895385742
2016-04-25,5073300,30.3700008392334,30.079999923706055,30.6200008392334,29.809999465942383,26.880855560302734
2016-04-22,2996900,30.479999542236328,30.530000686645508,31.100000381469727,30.40999984741211,27.28299903869629
2016-04-21,4001800,30.15999984741211,30.40999984741211,30.559999465942383,29.959999084472656,27.17576026916504
2016-04-20,4534400,29.760000228881836,30.149999618530273,30.43000030517578,29.56999969482422,26.94341278076172
2016-04-19,5033600,29.65999984741211,30.020000457763672,30.299999237060547,29.200000762939453,26.827241897583008
2016-04-18,4277800,27.5,29.3700008392334,29.510000228881836,27.3799991607666,26.246370315551758
2016-04-15,2761600,28.540000915527344,28.559999465942383,28.799999237060547,28.270000457763672,25.522518157958984
2016-04-14,3436600,29.459999084472656,29.18000030517578,29.489999771118164,28.780000686645508,26.07657814025879
2016-04-13,5060100,29.40999984741211,29.280000686645508,29.780000686645508,29.0,26.16594696044922
2016-04-12,6056400,27.889999389648438,29.40999984741211,29.81999969482422,27.790000915527344,26.282114028930664
2016-04-11,3291400,27.959999084472656,27.600000381469727,28.3700008392334,27.600000381469727,24.66461753845215
2016-04-08,4564700,27.1200008392334,27.65999984741211,27.799999237060547,27.030000686645508,24.71823501586914
2016-04-07,2441100,26.350000381469727,26.1200008392334,26.520000457763672,25.670000076293945,23.342021942138672
2016-04-06,3994400,25.68000030517578,26.709999084472656,26.75,25.459999084472656,23.869272232055664
2016-04-05,4156100,25.299999237060547,25.299999237060547,25.59000015258789,25.079999923706055,22.609230041503906
2016-04-04,3516200,25.690000534057617,25.579999923706055,26.030000686645508,25.3799991607666,22.859453201293945
2016-04-01,5569600,26.229999542236328,25.799999237060547,26.229999542236328,25.549999237060547,23.05605125427246
2016-03-31,3364100,26.739999771118164,27.0,27.239999771118164,26.739999771118164,24.12843132019043
2016-03-30,2793900,27.200000762939453,26.770000457763672,27.43000030517578,26.6200008392334,23.92289161682129
2016-03-29,2621100,26.1299991607666,26.719999313354492,26.850000381469727,25.770000457763672,23.87820816040039
2016-03-28,2246200,26.670000076293945,26.639999389648438,26.719999313354492,26.030000686645508,23.806718826293945
2016-03-24,5828400,25.649999618530273,26.579999923706055,27.020000457763672,25.420000076293945,23.753095626831055
2016-03-23,5175400,27.290000915527344,26.329999923706055,27.299999237060547,26.18000030517578,23.529685974121094
2016-03-22,4567800,26.899999618530273,27.65999984741211,28.010000228881836,26.81999969482422,24.71823501586914
2016-03-21,3684200,27.399999618530273,27.219999313354492,27.809999465942383,27.170000076293945,24.325031280517578
2016-03-18,6146700,28.290000915527344,27.440000534057617,28.3799991607666,27.260000228881836,24.521635055541992
2016-03-17,5779000,28.149999618530273,28.059999465942383,28.450000762939453,27.920000076293945,25.075693130493164
2016-03-16,5064400,26.610000610351562,27.579999923706055,27.68000030517578,26.510000228881836,24.646745681762695
2016-03-15,6146200,26.649999618530273,26.489999771118164,26.899999618530273,25.969999313354492,23.467132568359375
2016-03-14,4305000,26.690000534057617,27.209999084472656,27.40999984741211,26.559999465942383,24.10497283935547
2016-03-11,6574100,26.84000015258789,27.299999237060547,27.690000534057617,26.780000686645508,24.184694290161133
2016-03-10,7167400,25.940000534057617,26.399999618530273,26.760000228881836,25.65999984741211,23.387399673461914
2016-03-09,7320500,25.34000015258789,26.299999237060547,26.649999618530273,25.110000610351562,23.29881477355957
2016-03-08,7877200,25.6200008392334,25.020000457763672,25.790000915527344,24.889999389648438,22.16487693786621
2016-03-07,7941600,25.600000381469727,26.139999389648438,26.280000686645508,25.600000381469727,23.157068252563477
2016-03-04,13436000,24.75,25.829999923706055,25.920000076293945,24.739999771118164,22.882442474365234
2016-03-03,13821200,23.0,24.5,24.68000030517578,23.0,21.704214096069336
2016-03-02,6085300,21.209999084472656,22.459999084472656,22.469999313354492,21.040000915527344,19.89700698852539
2016-03-01,7934700,21.09000015258789,21.459999084472656,21.559999465942383,21.059999465942383,19.011119842529297
2016-02-29,5269700,20.540000915527344,20.860000610351562,21.030000686645508,20.43000030517578,18.479591369628906
2016-02-26,5986800,20.299999237060547,20.280000686645508,21.020000457763672,19.989999771118164,17.965774536132812
2016-02-25,5410100,19.989999771118164,19.770000457763672,20.350000381469727,19.329999923706055,17.513973236083984
2016-02-24,6576200,19.3700008392334,19.950000762939453,20.100000381469727,19.049999237060547,17.67343521118164
2016-02-23,5005100,20.709999084472656,20.0,21.040000915527344,19.979999542236328,17.717727661132812
2016-02-22,5661000,21.100000381469727,21.040000915527344,21.309999465942383,20.829999923706055,18.639053344726562
2016-02-19,5521200,20.489999771118164,20.40999984741211,20.6299991607666,20.139999389648438,18.08094024658203
2016-02-18,6138300,22.18000030517578,21.170000076293945,22.280000686645508,20.729999542236328,18.75421714782715
2016-02-17,5483900,20.5,21.75,21.8700008392334,20.450000762939453,19.26803207397461
2016-02-16,5288000,20.459999084472656,20.049999237060547,20.600000381469727,19.719999313354492,17.76202392578125
2016-02-12,6547600,19.68000030517578,20.030000686645508,20.520000457763672,19.40999984741211,17.744304656982422
2016-02-11,8077800,18.989999771118164,19.079999923706055,19.450000762939453,18.329999923706055,16.902713775634766
2016-02-10,7251800,20.049999237060547,19.6299991607666,20.200000762939453,19.579999923706055,17.389949798583984
2016-02-09,6599100,20.559999465942383,20.260000228881836,21.030000686645508,20.020000457763672,17.948057174682617
2016-02-08,7478800,21.15999984741211,20.979999542236328,21.530000686645508,20.540000915527344,18.58589744567871
2016-02-05,7865200,21.579999923706055,21.729999542236328,22.100000381469727,21.25,19.25031089782715
2016-02-04,7433500,22.079999923706055,22.059999465942383,22.520000457763672,21.600000381469727,19.542654037475586
2016-02-03,6818000,20.360000610351562,21.739999771118164,21.809999465942383,19.729999542236328,19.259170532226562
2016-02-02,5500800,19.90999984741211,19.790000915527344,20.3700008392334,19.700000762939453,17.531692504882812
2016-02-01,5917800,20.850000381469727,20.899999618530273,20.959999084472656,20.299999237060547,18.515024185180664
2016-01-29,8068200,21.010000228881836,21.260000228881836,21.40999984741211,20.559999465942383,18.83394432067871
2016-01-28,8217200,20.829999923706055,20.760000228881836,21.43000030517578,20.139999389648438,18.391000747680664
2016-01-27,8691800,18.56999969482422,19.610000610351562,19.899999618530273,18.420000076293945,17.37223243713379
2016-01-26,4471200,17.90999984741211,18.760000228881836,18.81999969482422,17.68000030517578,16.619226455688477
2016-01-25,4421900,17.790000915527344,17.450000762939453,18.229999542236328,17.43000030517578,15.458719253540039
2016-01-22,6685100,18.309999465942383,18.40999984741211,18.90999984741211,18.110000610351562,16.309171676635742
2016-01-21,7372300,15.720000267028809,17.3799991607666,17.559999465942383,15.680000305175781,15.396703720092773
2016-01-20,11967000,15.1899995803833,15.779999732971191,15.890000343322754,14.600000381469727,13.979287147521973
2016-01-19,5394000,16.809999465942383,15.760000228881836,16.889999389648438,15.489999771118164,13.96157169342041
2016-01-15,7292600,16.760000228881836,16.81999969482422,17.209999084472656,16.149999618530273,14.90061092376709
2016-01-14,6610000,17.329999923706055,18.0,18.139999389648438,16.989999771118164,15.945955276489258
2016-01-13,6496100,17.860000610351562,17.239999771118164,18.020000457763672,16.84000015258789,15.27268123626709
2016-01-12,8903600,18.299999237060547,17.530000686645508,18.31999969482422,17.059999465942383,15.529589653015137
2016-01-11,7105100,19.170000076293945,18.1200008392334,19.25,17.90999984741211,16.05225944519043
2016-01-08,4980500,19.65999984741211,19.309999465942383,19.739999771118164,18.920000076293945,17.106464385986328
2016-01-07,4740700,20.170000076293945,19.549999237060547,20.489999771118164,19.489999771118164,17.31907844543457
2016-01-06,2886500,21.209999084472656,20.850000381469727,21.3799991607666,20.81999969482422,18.470731735229492
2016-01-05,3748900,21.59000015258789,21.93000030517578,21.950000762939453,21.219999313354492,19.427490234375
2016-01-04,3687500,21.3700008392334,21.56999969482422,21.989999771118164,21.06999969482422,19.108570098876953
2015-12-31,1779600,21.579999923706055,21.829999923706055,22.079999923706055,21.56999969482422,19.338899612426758
2015-12-30,2207300,22.079999923706055,21.81999969482422,22.309999465942383,21.75,19.330041885375977
2015-12-29,3440100,22.309999465942383,22.520000457763672,22.700000762939453,22.15999984741211,19.950162887573242
2015-12-28,1999600,21.93000030517578,21.889999389648438,22.15999984741211,21.760000228881836,19.39204978942871
2015-12-24,1225700,22.510000228881836,22.43000030517578,22.559999465942383,22.270000457763672,19.870433807373047
2015-12-23,3843100,21.219999313354492,22.450000762939453,22.510000228881836,21.170000076293945,19.888153076171875
2015-12-22,2721600,20.670000076293945,20.790000915527344,20.940000534057617,20.5,18.41758155822754
2015-12-21,3744300,20.889999389648438,20.649999618530273,21.139999389648438,20.450000762939453,18.293556213378906
2015-12-18,8543700,20.18000030517578,20.889999389648438,20.93000030517578,20.1299991607666,18.50616455078125
2015-12-17,5803800,20.920000076293945,20.239999771118164,20.959999084472656,19.84000015258789,17.930339813232422
2015-12-16,8493300,21.31999969482422,21.040000915527344,21.40999984741211,20.65999984741211,18.639053344726562
2015-12-15,5014600,21.209999084472656,21.59000015258789,21.729999542236328,21.209999084472656,19.12628746032715
2015-12-14,4109600,20.8700008392334,20.959999084472656,21.190000534057617,20.540000915527344,18.568178176879883
2015-12-11,3342800,21.389999389648438,21.100000381469727,21.5,21.049999237060547,18.69220542907715
2015-12-10,4111500,21.15999984741211,21.969999313354492,22.059999465942383,21.100000381469727,19.46292495727539
2015-12-09,3420900,21.299999237060547,21.350000381469727,21.940000534057617,21.110000610351562,18.91367530822754
2015-12-08,3943100,20.729999542236328,21.239999771118164,21.530000686645508,20.549999237060547,18.61247444152832
2015-12-07,4543700,22.200000762939453,21.34000015258789,22.239999771118164,21.09000015258789,18.700101852416992
2015-12-04,4389700,22.610000610351562,22.940000534057617,23.09000015258789,22.3700008392334,20.1021728515625
2015-12-03,4178300,23.469999313354492,23.100000381469727,23.510000228881836,22.889999389648438,20.24237823486328
2015-12-02,3983100,23.8799991607666,23.209999084472656,24.100000381469727,23.110000610351562,20.338768005371094
2015-12-01,3227800,24.18000030517578,24.200000762939453,24.389999389648438,24.049999237060547,21.206302642822266
2015-11-30,2789300,23.8700008392334,24.200000762939453,24.450000762939453,23.799999237060547,21.206302642822266
2015-11-27,956600,24.309999465942383,24.149999618530273,24.489999771118164,24.020000457763672,21.162487030029297
2015-11-25,1840700,24.8700008392334,24.6200008392334,25.06999969482422,24.469999313354492,21.574344635009766
2015-11-24,3847700,24.90999984741211,24.989999771118164,25.450000762939453,24.790000915527344,21.898574829101562
2015-11-23,3139300,24.600000381469727,24.670000076293945,25.059999465942383,24.31999969482422,21.618162155151367
2015-11-20,4082400,24.809999465942383,24.690000534057617,25.1200008392334,24.639999389648438,21.63568687438965
2015-11-19,3051600,24.709999084472656,24.829999923706055,25.1200008392334,24.459999084472656,21.758363723754883
2015-11-18,3752700,25.030000686645508,24.90999984741211,25.18000030517578,24.399999618530273,21.82847023010254
2015-11-17,3544600,24.84000015258789,24.829999923706055,25.25,24.450000762939453,21.758363723754883
2015-11-16,4209900,23.65999984741211,24.90999984741211,24.969999313354492,23.540000915527344,21.82847023010254
2015-11-13,4443100,23.25,23.690000534057617,23.84000015258789,22.979999542236328,20.75939178466797
2015-11-12,3374600,23.270000457763672,23.420000076293945,23.75,23.06999969482422,20.522794723510742
2015-11-11,3477600,24.399999618530273,23.920000076293945,24.459999084472656,23.700000762939453,20.960941314697266
2015-11-10,4399800,24.639999389648438,24.489999771118164,25.010000228881836,24.229999542236328,21.46042823791504
2015-11-09,4814800,25.649999618530273,24.829999923706055,25.670000076293945,24.709999084472656,21.758363723754883
2015-11-06,5105900,25.229999542236328,25.299999237060547,25.5,24.760000228881836,22.170225143432617
2015-11-05,6754500,24.43000030517578,25.600000381469727,26.239999771118164,24.110000610351562,22.43311309814453
2015-11-04,4688700,24.440000534057617,24.270000457763672,24.579999923706055,23.739999771118164,21.26764678955078
2015-11-03,4673100,23.989999771118164,24.450000762939453,24.670000076293945,23.93000030517578,21.425376892089844
2015-11-02,2907100,23.010000228881836,23.799999237060547,23.979999542236328,22.84000015258789,20.855785369873047
2015-10-30,4668600,23.200000762939453,23.219999313354492,23.579999923706055,23.0,20.347532272338867
2015-10-29,3103000,23.190000534057617,23.049999237060547,23.860000610351562,22.989999771118164,20.198562622070312
2015-10-28,3862300,22.549999237060547,23.229999542236328,23.530000686645508,22.260000228881836,20.356294631958008
2015-10-27,4393600,22.479999542236328,22.280000686645508,22.530000686645508,22.100000381469727,19.523820877075195
2015-10-26,3430300,23.65999984741211,23.020000457763672,23.690000534057617,22.979999542236328,20.172273635864258
2015-10-23,2868800,23.520000457763672,23.59000015258789,23.690000534057617,23.15999984741211,20.671764373779297
2015-10-22,3251200,23.350000381469727,23.770000457763672,24.0,23.350000381469727,20.829498291015625
2015-10-21,3837000,23.850000381469727,23.209999084472656,23.850000381469727,23.049999237060547,20.338768005371094
2015-10-20,4373300,23.360000610351562,23.979999542236328,24.260000228881836,23.190000534057617,21.01351547241211
2015-10-19,2883800,23.639999389648438,23.280000686645508,23.770000457763672,23.059999465942383,20.400115966796875
2015-10-16,4240300,24.020000457763672,24.020000457763672,24.209999084472656,23.6200008392334,21.048568725585938
2015-10-15,4267900,23.790000915527344,23.860000610351562,24.010000228881836,23.06999969482422,20.908363342285156
2015-10-14,3208500,23.3799991607666,24.010000228881836,24.100000381469727,23.3799991607666,21.039810180664062
2015-10-13,5389900,23.43000030517578,23.469999313354492,24.290000915527344,23.200000762939453,20.566608428955078
2015-10-12,3200700,24.84000015258789,24.1299991607666,24.860000610351562,23.719999313354492,21.144960403442383
2015-10-09,7913400,24.860000610351562,24.760000228881836,25.18000030517578,24.639999389648438,21.697025299072266
2015-10-08,4621900,23.84000015258789,24.700000762939453,24.780000686645508,23.600000381469727,21.644447326660156
2015-10-07,11006700,23.15999984741211,23.8799991607666,23.899999618530273,23.030000686645508,20.925888061523438
2015-10-06,8422200,21.639999389648438,22.690000534057617,22.739999771118164,21.540000915527344,19.883102416992188
2015-10-05,7736300,20.549999237060547,21.549999237060547,21.729999542236328,20.43000030517578,18.88412094116211
2015-10-02,8265700,19.229999542236328,19.799999237060547,19.959999084472656,19.1200008392334,17.350608825683594
2015-10-01,5891600,19.889999389648438,19.360000610351562,20.360000610351562,19.219999313354492,16.965044021606445
2015-09-30,4604300,19.639999389648438,19.450000762939453,19.90999984741211,19.06999969482422,17.043909072875977
2015-09-29,3955600,19.06999969482422,19.540000915527344,19.729999542236328,19.0,17.122774124145508
2015-09-28,3313700,19.399999618530273,19.049999237060547,19.530000686645508,19.020000457763672,16.693387985229492
2015-09-25,3403000,19.65999984741211,19.649999618530273,19.799999237060547,19.350000381469727,17.219165802001953
2015-09-24,8174700,19.200000762939453,19.479999542236328,19.700000762939453,19.149999618530273,17.07019805908203
2015-09-23,7014800,20.200000762939453,19.40999984741211,20.360000610351562,19.389999389648438,17.00885772705078
2015-09-22,5930400,20.100000381469727,20.079999923706055,20.670000076293945,19.989999771118164,17.59597396850586
2015-09-21,5076600,20.68000030517578,20.59000015258789,20.950000762939453,20.440000534057617,18.042888641357422
2015-09-18,4981900,20.739999771118164,20.450000762939453,20.889999389648438,20.31999969482422,17.920204162597656
2015-09-17,5540500,21.1200008392334,21.219999313354492,21.639999389648438,20.799999237060547,18.59494972229004
2015-09-16,4260700,20.15999984741211,21.209999084472656,21.280000686645508,20.1200008392334,18.586183547973633
2015-09-15,3344700,19.799999237060547,19.8700008392334,20.270000457763672,19.709999084472656,17.411951065063477
2015-09-14,4093500,19.93000030517578,19.700000762939453,19.979999542236328,19.559999465942383,17.262981414794922
2015-09-11,2954300,20.489999771118164,20.030000686645508,20.549999237060547,19.889999389648438,17.55215835571289
2015-09-10,4168100,20.530000686645508,20.84000015258789,21.06999969482422,20.329999923706055,18.261959075927734
2015-09-09,5578400,21.239999771118164,20.520000457763672,21.399999618530273,20.25,17.981544494628906
2015-09-08,4898200,21.030000686645508,21.059999465942383,21.15999984741211,20.540000915527344,18.253192901611328
2015-09-04,5572600,21.079999923706055,20.65999984741211,21.190000534057617,20.469999313354492,17.90650177001953
2015-09-03,6638500,21.719999313354492,21.489999771118164,22.34000015258789,21.299999237060547,18.625885009765625
2015-09-02,6512400,21.65999984741211,21.600000381469727,21.780000686645508,20.690000534057617,18.721221923828125
2015-09-01,7009500,21.690000534057617,21.469999313354492,21.790000915527344,21.239999771118164,18.608549118041992
2015-08-31,8071200,21.469999313354492,22.469999313354492,22.520000457763672,20.639999389648438,19.47527503967285
2015-08-28,5614800,21.280000686645508,21.799999237060547,22.09000015258789,21.190000534057617,18.894567489624023
2015-08-27,5385200,19.920000076293945,21.350000381469727,21.479999542236328,19.8700008392334,18.50454330444336
2015-08-26,5184200,19.6299991607666,19.489999771118164,19.649999618530273,19.049999237060547,16.892433166503906
2015-08-25,6737100,20.459999084472656,19.34000015258789,20.56999969482422,19.280000686645508,16.762432098388672
2015-08-24,11848600,19.139999389648438,19.600000381469727,19.889999389648438,18.940000534057617,16.987775802612305
2015-08-21,6571300,20.860000610351562,20.360000610351562,21.309999465942383,20.18000030517578,17.646486282348633
2015-08-20,5502400,21.40999984741211,21.059999465942383,21.8700008392334,21.040000915527344,18.253192901611328
2015-08-19,5448500,22.75,21.6299991607666,22.84000015258789,21.56999969482422,18.747224807739258
2015-08-18,3043300,22.979999542236328,22.969999313354492,23.010000228881836,22.610000610351562,19.908632278442383
2015-08-17,3198800,23.06999969482422,22.979999542236328,23.229999542236328,22.93000030517578,19.91730308532715
2015-08-14,3843700,23.829999923706055,23.309999465942383,24.15999984741211,23.270000457763672,20.20332145690918
2015-08-13,5034700,24.34000015258789,23.700000762939453,24.3700008392334,23.510000228881836,20.541343688964844
2015-08-12,8888500,25.260000228881836,24.579999923706055,25.420000076293945,24.5,21.304059982299805
2015-08-11,4304100,24.889999389648438,25.09000015258789,25.15999984741211,24.360000610351562,21.746089935302734
2015-08-10,2992500,25.049999237060547,25.510000228881836,25.559999465942383,24.8700008392334,22.1101131439209
2015-08-07,5196900,24.850000381469727,24.989999771118164,25.510000228881836,24.850000381469727,21.659414291381836
2015-08-06,4712200,24.280000686645508,25.049999237060547,25.100000381469727,24.15999984741211,21.71141815185547
2015-08-05,5775300,24.760000228881836,24.489999771118164,25.260000228881836,24.360000610351562,21.226055145263672
2015-08-04,4492300,24.040000915527344,24.479999542236328,24.739999771118164,23.979999542236328,21.217388153076172
2015-08-03,2823900,24.1299991607666,23.860000610351562,24.309999465942383,23.6200008392334,20.68001937866211
2015-07-31,3964900,24.299999237060547,24.3799991607666,24.559999465942383,24.020000457763672,21.13071632385254
2015-07-30,4228500,23.719999313354492,24.34000015258789,24.3799991607666,23.5,21.09604835510254
2015-07-29,5483400,23.440000534057617,23.719999313354492,24.040000915527344,23.260000228881836,20.55867576599121
2015-07-28,5958400,23.309999465942383,23.489999771118164,23.68000030517578,23.030000686645508,20.359331130981445
2015-07-27,4481800,23.100000381469727,23.15999984741211,23.489999771118164,23.040000915527344,20.073312759399414
2015-07-24,6223200,23.600000381469727,23.520000457763672,23.700000762939453,23.309999465942383,20.385330200195312
2015-07-23,3594800,23.899999618530273,23.6200008392334,24.010000228881836,23.1299991607666,20.47200584411621
2015-07-22,2384200,24.229999542236328,23.829999923706055,24.239999771118164,23.729999542236328,20.654016494750977
2015-07-21,7151400,24.31999969482422,24.530000686645508,24.8799991607666,24.31999969482422,21.260719299316406
2015-07-20,2577300,25.09000015258789,24.219999313354492,25.139999389648438,24.219999313354492,20.99203872680664
2015-07-17,2814900,25.420000076293945,25.229999542236328,25.420000076293945,24.959999084472656,21.867429733276367
2015-07-16,2506600,25.739999771118164,25.40999984741211,25.84000015258789,25.3799991607666,22.0234375
2015-07-15,2331100,25.979999542236328,25.549999237060547,26.260000228881836,25.3700008392334,22.1447811126709
2015-07-14,2884100,25.899999618530273,26.209999084472656,26.3700008392334,25.75,22.716819763183594
2015-07-13,2357500,26.020000457763672,26.079999923706055,26.260000228881836,25.81999969482422,22.604145050048828
2015-07-10,1624300,25.989999771118164,26.030000686645508,26.270000457763672,25.760000228881836,22.560806274414062
2015-07-09,2899400,26.360000610351562,25.809999465942383,26.559999465942383,25.790000915527344,22.370128631591797
2015-07-08,2582400,26.1200008392334,25.899999618530273,26.399999618530273,25.670000076293945,22.44813346862793
2015-07-07,3362000,26.239999771118164,26.3799991607666,26.5,25.579999923706055,22.864158630371094
2015-07-06,2208700,26.280000686645508,26.350000381469727,26.889999389648438,26.200000762939453,22.83816146850586
2015-07-02,1803600,26.799999237060547,26.979999542236328,27.049999237060547,26.6299991607666,23.38419532775879
2015-07-01,1477000,27.1299991607666,26.59000015258789,27.229999542236328,26.399999618530273,23.046175003051758
2015-06-30,2436000,27.510000228881836,27.15999984741211,27.559999465942383,26.93000030517578,23.54020881652832
2015-06-29,2474000,27.579999923706055,27.25,27.709999084472656,27.229999542236328,23.618209838867188
2015-06-26,1558300,28.399999618530273,28.200000762939453,28.420000076293945,28.020000457763672,24.441598892211914
2015-06-25,1507100,28.959999084472656,28.479999542236328,29.0,28.420000076293945,24.68427848815918
2015-06-24,1994000,28.969999313354492,28.950000762939453,29.5,28.84000015258789,25.091642379760742
2015-06-23,2382300,28.43000030517578,29.149999618530273,29.18000030517578,28.190000534057617,25.264982223510742
2015-06-22,1964700,28.190000534057617,28.450000762939453,28.6200008392334,27.969999313354492,24.65827751159668
2015-06-19,2205500,28.260000228881836,28.1299991607666,28.690000534057617,28.0,24.380929946899414
2015-06-18,2568500,28.889999389648438,28.780000686645508,29.06999969482422,28.540000915527344,24.94429588317871
2015-06-17,4972100,28.639999389648438,28.68000030517578,28.829999923706055,28.049999237060547,24.85762596130371
2015-06-16,3885800,28.239999771118164,28.399999618530273,28.5,28.0,24.61494255065918
2015-06-15,2312500,28.389999389648438,28.270000457763672,28.479999542236328,28.209999084472656,24.502269744873047
2015-06-12,2912600,29.510000228881836,28.639999389648438,29.6299991607666,28.6299991607666,24.82295799255371
2015-06-11,1465400,30.170000076293945,29.8799991607666,30.190000534057617,29.65999984741211,25.89769172668457
2015-06-10,1865700,30.549999237060547,30.219999313354492,30.6299991607666,30.15999984741211,26.1923770904541
2015-06-09,1478900,29.780000686645508,29.989999771118164,30.239999771118164,29.770000457763672,25.793685913085938
2015-06-08,2266900,30.100000381469727,29.5,30.270000457763672,29.389999389648438,25.37224769592285
2015-06-05,2041200,29.809999465942383,30.200000762939453,30.65999984741211,29.739999771118164,25.974302291870117
2015-06-04,3078900,30.190000534057617,30.149999618530273,30.329999923706055,29.8799991607666,25.931299209594727
2015-06-03,1694100,30.8700008392334,30.489999771118164,31.030000686645508,30.440000534057617,26.223726272583008
2015-06-02,1516600,30.600000381469727,31.010000228881836,31.31999969482422,30.56999969482422,26.670970916748047
2015-06-01,3281400,30.950000762939453,30.3799991607666,30.950000762939453,30.25,26.12911605834961
2015-05-29,2622300,30.56999969482422,30.84000015258789,30.989999771118164,30.149999618530273,26.524749755859375
2015-05-28,2145800,30.229999542236328,30.739999771118164,30.81999969482422,30.110000610351562,26.438743591308594
2015-05-27,1610500,30.360000610351562,30.459999084472656,30.540000915527344,30.06999969482422,26.197917938232422
2015-05-26,2137200,30.690000534057617,30.520000457763672,30.770000457763672,30.260000228881836,26.249528884887695
2015-05-22,1177100,31.469999313354492,31.40999984741211,31.670000076293945,31.15999984741211,27.014995574951172
2015-05-21,1386700,31.34000015258789,31.790000915527344,31.989999771118164,31.1299991607666,27.341827392578125
2015-05-20,2280100,30.899999618530273,31.1299991607666,31.5,30.8799991607666,26.774171829223633
2015-05-19,1820500,30.8700008392334,30.84000015258789,31.0,30.600000381469727,26.524749755859375
2015-05-18,892700,31.56999969482422,31.34000015258789,31.6299991607666,31.030000686645508,26.954790115356445
2015-05-15,1359200,31.239999771118164,31.59000015258789,31.649999618530273,31.040000915527344,27.169809341430664
2015-05-14,2771200,32.18000030517578,31.530000686645508,32.220001220703125,31.479999542236328,27.118202209472656
2015-05-13,2318000,32.029998779296875,31.989999771118164,32.31999969482422,31.719999313354492,27.513837814331055
2015-05-12,2055000,31.56999969482422,31.690000534057617,32.060001373291016,31.389999389648438,27.255817413330078
2015-05-11,3034400,31.760000228881836,31.479999542236328,32.099998474121094,31.329999923706055,27.075204849243164
2015-05-08,2851000,31.809999465942383,31.6200008392334,32.029998779296875,31.010000228881836,27.19561195373535
2015-05-07,3986700,31.3700008392334,31.40999984741211,31.84000015258789,30.829999923706055,27.014995574951172
2015-05-06,7386300,32.400001525878906,31.959999084472656,32.5,31.559999465942383,27.488035202026367
2015-05-05,4470900,33.189998626708984,32.810001373291016,33.5,32.68000030517578,28.219099044799805
2015-05-04,1881600,32.880001068115234,32.75,33.130001068115234,32.4900016784668,28.167499542236328
2015-05-01,2252300,33.029998779296875,32.86000061035156,33.279998779296875,32.5,28.26210594177246
2015-04-30,2941200,33.70000076293945,33.25,33.7400016784668,32.7400016784668,28.5975341796875
2015-04-29,2769400,33.290000915527344,33.66999816894531,34.16999816894531,33.130001068115234,28.958765029907227
2015-04-28,2626300,33.63999938964844,33.41999816894531,33.810001373291016,33.099998474121094,28.743751525878906
2015-04-27,1760700,33.79999923706055,33.540000915527344,34.0,33.40999984741211,28.846956253051758
2015-04-24,1435900,33.689998626708984,33.619998931884766,33.93000030517578,33.18000030517578,28.91576385498047
2015-04-23,1502300,33.11000061035156,33.630001068115234,34.08000183105469,33.099998474121094,28.924360275268555
2015-04-22,2370600,32.90999984741211,33.06999969482422,33.369998931884766,32.18000030517578,28.442724227905273
2015-04-21,2168100,33.38999938964844,32.66999816894531,33.470001220703125,32.22999954223633,28.098690032958984
2015-04-20,2102600,33.61000061035156,33.470001220703125,34.09000015258789,33.369998931884766,28.786754608154297
2015-04-17,1713300,33.349998474121094,33.7400016784668,33.849998474121094,33.22999954223633,29.018970489501953
2015-04-16,2788200,33.97999954223633,33.52000045776367,34.15999984741211,33.16999816894531,28.829757690429688
2015-04-15,2742400,33.220001220703125,34.150001525878906,34.459999084472656,33.06999969482422,29.371604919433594
2015-04-14,2147100,32.5,33.0099983215332,33.220001220703125,32.470001220703125,28.3911190032959
2015-04-13,1464500,32.540000915527344,32.18000030517578,32.619998931884766,31.989999771118164,27.6772518157959
2015-04-10,1937500,32.34000015258789,32.33000183105469,32.630001068115234,32.099998474121094,27.806264877319336
2015-04-09,2002100,31.889999389648438,32.18000030517578,32.790000915527344,31.889999389648438,27.6772518157959
2015-04-08,2679600,33.0,31.920000076293945,33.18000030517578,31.809999465942383,27.453636169433594
2015-04-07,2668500,32.060001373291016,32.81999969482422,33.540000915527344,31.989999771118164,28.22770118713379
2015-04-06,3824700,31.600000381469727,32.2599983215332,32.560001373291016,31.530000686645508,27.746057510375977
2015-04-02,2360700,30.770000457763672,31.299999237060547,31.6299991607666,30.729999542236328,26.920387268066406
2015-04-01,2518900,30.899999618530273,30.969999313354492,31.329999923706055,30.690000534057617,26.636560440063477
2015-03-31,2030700,30.40999984741211,30.709999084472656,30.979999542236328,30.170000076293945,26.412939071655273
2015-03-30,2268300,30.649999618530273,30.829999923706055,31.040000915527344,30.579999923706055,26.516151428222656
2015-03-27,2397000,31.040000915527344,30.729999542236328,31.18000030517578,30.610000610351562,26.430143356323242
2015-03-26,3148300,31.670000076293945,31.309999465942383,31.760000228881836,31.18000030517578,26.928987503051758
2015-03-25,3294600,30.610000610351562,30.829999923706055,31.15999984741211,30.290000915527344,26.516151428222656
2015-03-24,2267100,30.059999465942383,30.31999969482422,30.399999618530273,29.93000030517578,26.077510833740234
2015-03-23,2205000,29.670000076293945,29.8700008392334,30.209999084472656,29.549999237060547,25.69047737121582
2015-03-20,2348200,29.329999923706055,29.600000381469727,29.719999313354492,29.1299991607666,25.4582576751709
2015-03-19,3665000,29.469999313354492,28.739999771118164,29.520000457763672,28.670000076293945,24.718591690063477
2015-03-18,3516700,29.059999465942383,30.049999237060547,30.3799991607666,28.920000076293945,25.845293045043945
2015-03-17,4011600,28.579999923706055,29.440000534057617,29.540000915527344,28.350000381469727,25.320642471313477
2015-03-16,3219300,28.1200008392334,29.06999969482422,29.18000030517578,27.940000534057617,25.00242042541504
2015-03-13,3238600,28.239999771118164,28.530000686645508,28.56999969482422,27.6299991607666,24.537973403930664
2015-03-12,2552300,28.959999084472656,28.65999984741211,29.040000915527344,28.40999984741211,24.649784088134766
2015-03-11,2600900,28.6200008392334,28.81999969482422,29.110000610351562,28.530000686645508,24.589580535888672
2015-03-10,3310100,28.790000915527344,28.690000534057617,29.059999465942383,28.59000015258789,24.478666305541992
2015-03-09,6400900,29.790000915527344,29.15999984741211,30.329999923706055,29.110000610351562,24.87967300415039
2015-03-06,3674900,30.3799991607666,29.709999084472656,30.829999923706055,29.59000015258789,25.348939895629883
2015-03-05,4810300,30.549999237060547,30.899999618530273,31.09000015258789,30.020000457763672,26.3642635345459
2015-03-04,4936200,29.510000228881836,29.639999389648438,29.829999923706055,28.84000015258789,25.289215087890625
2015-03-03,2565100,29.579999923706055,29.56999969482422,29.950000762939453,29.3700008392334,25.229488372802734
2015-03-02,3813500,29.149999618530273,29.420000076293945,29.489999771118164,28.68000030517578,25.10150909423828
2015-02-27,2639900,29.56999969482422,29.149999618530273,29.860000610351562,29.09000015258789,24.87114143371582
2015-02-26,2522200,29.65999984741211,29.489999771118164,29.8700008392334,29.440000534057617,25.161231994628906
2015-02-25,1944800,29.989999771118164,30.260000228881836,30.290000915527344,29.6299991607666,25.818206787109375
2015-02-24,2368900,30.0,30.079999923706055,30.329999923706055,29.75,25.66462516784668
2015-02-23,3768900,29.479999542236328,29.700000762939453,29.760000228881836,28.969999313354492,25.340404510498047
2015-02-20,2664400,30.479999542236328,29.8700008392334,30.799999237060547,29.739999771118164,25.48545265197754
2015-02-19,3411600,29.649999618530273,30.450000762939453,30.510000228881836,29.530000686645508,25.980318069458008
2015-02-18,2420200,31.3700008392334,30.75,31.540000915527344,30.729999542236328,26.236276626586914
2015-02-17,3296000,31.280000686645508,31.979999542236328,32.209999084472656,31.079999923706055,27.285728454589844
2015-02-13,1802600,31.790000915527344,31.6299991607666,31.790000915527344,31.260000228881836,26.987104415893555
2015-02-12,2734500,31.489999771118164,31.18000030517578,31.739999771118164,30.850000381469727,26.60316276550293
2015-02-11,2094200,30.079999923706055,30.770000457763672,30.850000381469727,29.84000015258789,26.253339767456055
2015-02-10,2731700,31.5,30.719999313354492,31.540000915527344,29.969999313354492,26.21068572998047
2015-02-09,3659000,31.610000610351562,31.690000534057617,31.93000030517578,31.469999313354492,27.03830337524414
2015-02-06,2131200,31.6299991607666,31.25,31.860000610351562,31.049999237060547,26.662885665893555
2015-02-05,2972400,30.559999465942383,31.31999969482422,31.399999618530273,30.299999237060547,26.722612380981445
2015-02-04,5899000,30.959999084472656,30.0,31.049999237060547,29.809999465942383,25.596370697021484
2015-02-03,7849200,31.520000457763672,31.920000076293945,32.56999969482422,31.34000015258789,27.234539031982422
2015-02-02,5642400,29.6299991607666,30.950000762939453,30.979999542236328,29.510000228881836,26.40692138671875
2015-01-30,3599700,27.25,28.940000534057617,29.329999923706055,26.90999984741211,24.691965103149414
2015-01-29,2499500,28.309999465942383,27.719999313354492,28.5,27.079999923706055,23.651046752929688
2015-01-28,4223500,29.25,28.219999313354492,29.260000228881836,28.139999389648438,24.077648162841797
2015-01-27,3728700,29.149999618530273,29.469999313354492,29.59000015258789,28.540000915527344,25.144168853759766
2015-01-26,3299000,29.309999465942383,29.1200008392334,29.479999542236328,28.959999084472656,24.845542907714844
2015-01-23,3869300,29.030000686645508,29.260000228881836,29.860000610351562,28.969999313354492,24.96499252319336
2015-01-22,4374900,29.270000457763672,29.209999084472656,29.450000762939453,28.649999618530273,24.922332763671875
2015-01-21,5225300,28.65999984741211,29.020000457763672,29.729999542236328,28.459999084472656,24.760225296020508
2015-01-20,4991300,28.670000076293945,28.270000457763672,28.719999313354492,27.899999618530273,24.120309829711914
2015-01-16,7245300,27.420000076293945,29.65999984741211,30.100000381469727,27.309999465942383,25.306276321411133
2015-01-15,6599500,28.170000076293945,27.290000915527344,28.739999771118164,27.260000228881836,23.28416633605957
2015-01-14,4884000,26.350000381469727,27.389999389648438,27.450000762939453,26.1299991607666,23.36948585510254
2015-01-13,5804100,26.729999542236328,26.690000534057617,27.1200008392334,26.510000228881836,22.772241592407227
2015-01-12,4605700,27.219999313354492,26.559999465942383,27.56999969482422,26.399999618530273,22.66132164001465
2015-01-09,4724400,28.110000610351562,27.940000534057617,28.280000686645508,27.709999084472656,23.83875274658203
2015-01-08,5510400,27.639999389648438,27.940000534057617,28.229999542236328,27.459999084472656,23.83875274658203
2015-01-07,5184100,28.079999923706055,27.219999313354492,28.3799991607666,27.190000534057617,23.22443962097168
2015-01-06,5616700,28.350000381469727,27.760000228881836,28.889999389648438,27.739999771118164,23.68517303466797
2015-01-05,5501600,29.969999313354492,28.739999771118164,30.040000915527344,28.200000762939453,24.521324157714844
2015-01-02,2686700,30.270000457763672,30.84000015258789,31.190000534057617,30.190000534057617,26.313068389892578
2014-12-31,2604300,30.549999237060547,30.8799991607666,31.299999237060547,30.0,26.347198486328125
2014-12-30,2335200,30.979999542236328,30.899999618530273,31.31999969482422,30.65999984741211,26.3642635345459
2014-12-29,3887200,31.40999984741211,31.100000381469727,31.889999389648438,31.079999923706055,26.5349063873291
2014-12-26,1463600,31.68000030517578,31.15999984741211,31.709999084472656,30.889999389648438,26.586095809936523
2014-12-24,1269500,31.389999389648438,31.40999984741211,31.56999969482422,30.959999084472656,26.799400329589844
2014-12-23,2867400,31.34000015258789,31.56999969482422,31.75,30.950000762939453,26.9359130859375
2014-12-22,6491700,31.219999313354492,30.969999313354492,31.280000686645508,30.3799991607666,26.42398452758789
2014-12-19,15029100,30.579999923706055,31.649999618530273,31.760000228881836,30.190000534057617,27.00417137145996
2014-12-18,11153600,30.709999084472656,30.190000534057617,30.889999389648438,29.34000015258789,25.758480072021484
2014-12-17,11656600,27.889999389648438,29.639999389648438,30.079999923706055,27.889999389648438,25.289215087890625
2014-12-16,8269200,26.809999465942383,27.920000076293945,29.139999389648438,26.530000686645508,23.821687698364258
2014-12-15,8380300,28.979999542236328,27.309999465942383,29.18000030517578,27.149999618530273,23.30122947692871
2014-12-12,7824200,29.020000457763672,28.639999389648438,30.079999923706055,28.559999465942383,24.436002731323242
2014-12-11,6759200,29.010000228881836,29.700000762939453,30.149999618530273,29.0,25.340404510498047
2014-12-10,5660100,30.450000762939453,29.459999084472656,30.510000228881836,29.139999389648438,25.135637283325195
2014-12-09,5050300,30.790000915527344,31.420000076293945,32.66999816894531,30.700000762939453,26.615957260131836
2014-12-08,7360900,31.670000076293945,31.079999923706055,31.729999542236328,30.239999771118164,26.327943801879883
2014-12-05,4964400,32.41999816894531,32.5,32.65999984741211,31.739999771118164,27.53082847595215
2014-12-04,4803500,33.779998779296875,32.75,33.880001068115234,32.66999816894531,27.74260711669922
2014-12-03,4810800,34.529998779296875,34.2599983215332,35.290000915527344,34.130001068115234,29.021724700927734
2014-12-02,3686300,33.5,34.45000076293945,34.689998626708984,33.279998779296875,29.182682037353516
2014-12-01,4979400,32.86000061035156,33.900001525878906,33.90999984741211,32.38999938964844,28.716777801513672
2014-11-28,5669500,33.56999969482422,33.279998779296875,33.70000076293945,32.11000061035156,28.191570281982422
2014-11-26,3480600,37.04999923706055,36.849998474121094,37.25,36.630001068115234,31.21572494506836
2014-11-25,4604000,37.380001068115234,37.31999969482422,37.93000030517578,36.79999923706055,31.613861083984375
2014-11-24,3840800,37.63999938964844,37.209999084472656,37.75,36.900001525878906,31.52068519592285
2014-11-21,3633600,38.0,37.97999954223633,38.38999938964844,37.56999969482422,32.172943115234375
2014-11-20,3385800,35.810001373291016,37.2400016784668,37.36000061035156,35.7400016784668,31.546096801757812
2014-11-19,2366200,35.779998779296875,35.79999923706055,36.15999984741211,35.25,30.326263427734375
2014-11-18,5238000,35.52000045776367,35.83000183105469,36.15999984741211,35.150001525878906,30.35167694091797
2014-11-17,4897500,35.540000915527344,35.56999969482422,36.09000015258789,35.33000183105469,30.131439208984375
2014-11-14,6057700,35.9900016784668,36.0,36.29999923706055,35.439998626708984,30.49568748474121
2014-11-13,9235200,36.84000015258789,35.72999954223633,36.91999816894531,35.36000061035156,30.266971588134766
2014-11-12,5493300,35.93000030517578,37.0099983215332,37.13999938964844,35.689998626708984,31.35126304626465
2014-11-11,3696300,35.630001068115234,36.290000915527344,36.540000915527344,35.41999816894531,30.741350173950195
2014-11-10,5408500,36.41999816894531,35.650001525878906,36.880001068115234,35.5099983215332,30.199203491210938
2014-11-07,4657300,34.90999984741211,36.029998779296875,36.38999938964844,34.90999984741211,30.521100997924805
2014-11-06,4302700,33.709999084472656,34.689998626708984,34.779998779296875,33.470001220703125,29.385986328125
2014-11-05,5036900,32.810001373291016,33.619998931884766,33.810001373291016,32.470001220703125,28.479578018188477
2014-11-04,8159900,33.22999954223633,32.310001373291016,33.349998474121094,31.709999084472656,27.369882583618164
2014-11-03,4986100,34.900001525878906,33.70000076293945,34.91999816894531,33.52000045776367,28.547353744506836
2014-10-31,2755000,34.189998626708984,34.880001068115234,34.91999816894531,33.75,29.546934127807617
2014-10-30,2100300,34.459999084472656,34.16999816894531,34.56999969482422,33.83000183105469,28.94548797607422
2014-10-29,8467200,35.13999938964844,34.58000183105469,35.529998779296875,34.15999984741211,29.292802810668945
2014-10-28,4453000,33.7400016784668,34.689998626708984,34.720001220703125,33.58000183105469,29.385986328125
2014-10-27,4077700,34.20000076293945,33.7599983215332,34.25,33.29999923706055,28.598173141479492
2014-10-24,2573900,35.15999984741211,34.65999984741211,35.29999923706055,34.45000076293945,29.360570907592773
2014-10-23,3882400,34.84000015258789,35.20000076293945,35.56999969482422,34.61000061035156,29.818002700805664
2014-10-22,5449700,34.91999816894531,34.2599983215332,35.099998474121094,33.970001220703125,29.021724700927734
2014-10-21,5150700,34.54999923706055,34.79999923706055,35.029998779296875,34.38999938964844,29.479167938232422
2014-10-20,7490000,34.13999938964844,33.91999816894531,34.25,33.59000015258789,28.733707427978516
2014-10-17,6803200,34.220001220703125,34.310001373291016,35.2400016784668,34.029998779296875,29.064090728759766
2014-10-16,10518100,31.219999313354492,33.40999984741211,33.66999816894531,31.219999313354492,28.301692962646484
2014-10-15,11829500,31.850000381469727,32.02000045776367,32.61000061035156,30.850000381469727,27.124216079711914
2014-10-14,7618100,33.369998931884766,32.36000061035156,33.47999954223633,32.16999816894531,27.412235260009766
2014-10-13,4915200,34.189998626708984,33.31999969482422,34.709999084472656,33.20000076293945,28.22545051574707
2014-10-10,6299300,34.630001068115234,34.349998474121094,35.15999984741211,34.08000183105469,29.09796714782715
2014-10-09,3737000,35.54999923706055,34.93000030517578,35.650001525878906,34.5,29.589296340942383
2014-10-08,3985600,35.369998931884766,35.83000183105469,36.0,34.400001525878906,30.35167694091797
2014-10-07,3074800,36.83000183105469,35.79999923706055,37.08000183105469,35.790000915527344,30.326263427734375
2014-10-06,2359700,37.0099983215332,37.150001525878906,37.310001373291016,36.869998931884766,31.4698486328125
2014-10-03,2347900,37.279998779296875,36.900001525878906,37.599998474121094,36.7599983215332,31.25808334350586
2014-10-02,3522400,37.43000030517578,37.5099983215332,37.7400016784668,36.599998474121094,31.774816513061523
2014-10-01,4069700,38.65999984741211,37.77000045776367,39.119998931884766,37.68000030517578,31.995058059692383
2014-09-30,2973000,39.18000030517578,38.84000015258789,39.61000061035156,38.380001068115234,32.90145492553711
2014-09-29,2991800,39.34000015258789,39.470001220703125,39.63999938964844,38.91999816894531,33.43513488769531
2014-09-26,2982800,38.83000183105469,39.72999954223633,39.84000015258789,38.599998474121094,33.6553840637207
2014-09-25,3199000,39.7400016784668,38.95000076293945,39.900001525878906,38.90999984741211,32.99463653564453
2014-09-24,5978600,39.619998931884766,39.91999816894531,40.2400016784668,38.75,33.81633377075195
2014-09-23,2877300,39.529998779296875,39.68000030517578,39.9900016784668,39.220001220703125,33.6130256652832
2014-09-22,4373900,40.0099983215332,39.5,40.25,39.47999954223633,33.46054458618164
2014-09-19,4066500,41.25,40.34000015258789,41.25,40.08000183105469,34.172115325927734
2014-09-18,3724900,41.43000030517578,41.189998626708984,41.56999969482422,40.97999954223633,34.89216232299805
2014-09-17,3247000,41.84000015258789,41.22999954223633,41.86000061035156,41.08000183105469,34.926029205322266
2014-09-16,3748300,41.13999938964844,41.70000076293945,42.040000915527344,41.11000061035156,35.32416534423828
2014-09-15,1601900,40.790000915527344,41.11000061035156,41.220001220703125,40.689998626708984,34.82437515258789
2014-09-12,2061900,40.91999816894531,40.86000061035156,41.029998779296875,40.4900016784668,34.61260986328125
2014-09-11,2101600,40.33000183105469,41.06999969482422,41.06999969482422,40.16999816894531,34.79050064086914
2014-09-10,2097900,40.58000183105469,40.849998474121094,40.900001525878906,40.09000015258789,34.6041374206543
2014-09-09,2619300,40.630001068115234,40.869998931884766,41.060001373291016,40.47999954223633,34.43048095703125
2014-09-08,2473100,41.52000045776367,40.75,41.599998474121094,40.5,34.32938766479492
2014-09-05,2485400,41.810001373291016,41.86000061035156,41.939998626708984,41.439998626708984,35.264495849609375
2014-09-04,2450300,42.38999938964844,41.7400016784668,42.540000915527344,41.439998626708984,35.16339874267578
2014-09-03,2349900,42.61000061035156,42.279998779296875,42.65999984741211,42.09000015258789,35.618324279785156
2014-09-02,3498300,43.15999984741211,42.25,43.459999084472656,42.029998779296875,35.59304428100586
2014-08-29,1402700,43.2400016784668,43.54999923706055,43.58000183105469,43.029998779296875,36.68821716308594
2014-08-28,1279200,42.849998474121094,43.08000183105469,43.099998474121094,42.75,36.29227066040039
2014-08-27,1419400,43.380001068115234,43.06999969482422,43.47999954223633,42.65999984741211,36.283843994140625
2014-08-26,1674800,42.5,43.06999969482422,43.349998474121094,42.5,36.283843994140625
2014-08-25,797700,42.15999984741211,42.459999084472656,42.560001373291016,42.15999984741211,35.76995849609375
2014-08-22,998900,42.220001220703125,42.25,42.36000061035156,41.880001068115234,35.59304428100586
2014-08-21,1633000,42.08000183105469,42.40999984741211,42.5,41.880001068115234,35.72783660888672
2014-08-20,1465800,41.959999084472656,42.060001373291016,42.130001068115234,41.439998626708984,35.4329719543457
2014-08-19,1379600,41.34000015258789,41.93000030517578,41.959999084472656,41.34000015258789,35.32347106933594
2014-08-18,1422800,41.790000915527344,41.31999969482422,41.810001373291016,41.04999923706055,34.809574127197266
2014-08-15,2513200,41.16999816894531,41.72999954223633,41.81999969482422,40.66999816894531,35.15496826171875
2014-08-14,2980700,41.310001373291016,41.0099983215332,41.59000015258789,40.54999923706055,34.54841613769531
2014-08-13,1527400,41.939998626708984,41.290000915527344,42.08000183105469,41.11000061035156,34.7843017578125
2014-08-12,1875600,41.84000015258789,41.84000015258789,42.11000061035156,41.54999923706055,35.24764633178711
2014-08-11,1681900,42.310001373291016,42.189998626708984,42.540000915527344,42.06999969482422,35.5424919128418
2014-08-08,3044400,41.08000183105469,42.02000045776367,42.279998779296875,40.869998931884766,35.3992805480957
2014-08-07,4643200,42.08000183105469,41.029998779296875,42.09000015258789,40.189998626708984,34.56527328491211
2014-08-06,2957400,41.810001373291016,42.0,42.15999984741211,41.72999954223633,35.38243865966797
2014-08-05,2941100,42.36000061035156,41.9900016784668,42.369998931884766,41.61000061035156,35.37400436401367
2014-08-04,2767900,42.189998626708984,42.45000076293945,42.70000076293945,42.0,35.761531829833984
2014-08-01,4814200,43.52000045776367,42.040000915527344,43.529998779296875,41.95000076293945,35.416141510009766
2014-07-31,1789400,44.63999938964844,43.599998474121094,44.7599983215332,43.58000183105469,36.73033142089844
2014-07-30,1969500,44.65999984741211,44.790000915527344,45.04999923706055,44.41999816894531,37.73284149169922
2014-07-29,1379400,44.5,44.459999084472656,44.900001525878906,44.40999984741211,37.454837799072266
2014-07-28,1660600,45.06999969482422,44.54999923706055,45.099998474121094,44.400001525878906,37.53065490722656
2014-07-25,1554700,45.43000030517578,45.11000061035156,45.58000183105469,45.04999923706055,38.00242614746094
2014-07-24,969000,45.65999984741211,45.77000045776367,45.91999816894531,45.47999954223633,38.55842971801758
2014-07-23,1171000,45.66999816894531,45.72999954223633,45.7599983215332,45.310001373291016,38.52473068237305
2014-07-22,1540000,45.40999984741211,45.650001525878906,45.7599983215332,45.279998779296875,38.457332611083984
2014-07-21,1747900,44.779998779296875,45.209999084472656,45.349998474121094,44.58000183105469,38.08666229248047
2014-07-18,2981000,44.2400016784668,45.0,45.15999984741211,44.18000030517578,37.90975570678711
2014-07-17,1556800,44.88999938964844,44.11000061035156,44.9900016784668,44.0,37.15998840332031
2014-07-16,1362100,44.619998931884766,44.79999923706055,44.90999984741211,44.38999938964844,37.74126052856445
2014-07-15,3082500,44.70000076293945,44.130001068115234,44.91999816894531,43.63999938964844,37.17683029174805
2014-07-14,2239100,44.41999816894531,45.189998626708984,45.290000915527344,44.41999816894531,38.0698127746582
2014-07-11,2696400,45.400001525878906,44.34000015258789,45.5,44.06999969482422,37.35374450683594
2014-07-10,2591100,45.220001220703125,45.650001525878906,45.720001220703125,45.040000915527344,38.457332611083984
2014-07-09,1637100,45.790000915527344,45.939998626708984,45.9900016784668,45.36000061035156,38.7016487121582
2014-07-08,2370000,45.83000183105469,45.970001220703125,46.08000183105469,45.5,38.7269172668457
2014-07-07,1844100,46.220001220703125,46.0,46.369998931884766,45.849998474121094,38.75218963623047
2014-07-03,843900,45.959999084472656,46.22999954223633,46.290000915527344,45.849998474121094,38.94595718383789
2014-07-02,1821200,46.0,46.029998779296875,46.209999084472656,45.7599983215332,38.77745819091797
2014-07-01,1879100,46.22999954223633,46.150001525878906,46.650001525878906,46.060001373291016,38.87855911254883
2014-06-30,1661800,45.529998779296875,45.90999984741211,46.13999938964844,45.369998931884766,38.67637252807617
2014-06-27,1329400,45.33000183105469,45.720001220703125,45.75,45.11000061035156,38.51630401611328
2014-06-26,1696200,44.93000030517578,45.349998474121094,45.400001525878906,44.65999984741211,38.20460510253906
2014-06-25,1986800,44.599998474121094,44.9900016784668,45.290000915527344,44.599998474121094,37.901329040527344
2014-06-24,4288000,45.45000076293945,44.65999984741211,45.65999984741211,44.599998474121094,37.623321533203125
2014-06-23,3856300,45.2400016784668,45.63999938964844,45.77000045776367,45.2400016784668,38.448917388916016
2014-06-20,2528100,44.5099983215332,45.209999084472656,45.310001373291016,44.290000915527344,38.08666229248047
2014-06-19,1810800,43.970001220703125,44.15999984741211,44.25,43.79999923706055,37.202110290527344
2014-06-18,2074600,43.84000015258789,43.86000061035156,44.2599983215332,43.5099983215332,36.94937515258789
2014-06-17,2631400,43.900001525878906,43.59000015258789,44.0099983215332,43.400001525878906,36.7219123840332
2014-06-16,1821800,44.13999938964844,44.029998779296875,44.470001220703125,43.90999984741211,37.09259033203125
2014-06-13,2500800,43.439998626708984,44.2400016784668,44.380001068115234,43.33000183105469,37.269493103027344
2014-06-12,2137200,42.79999923706055,43.36000061035156,43.650001525878906,42.7599983215332,36.52815628051758
2014-06-11,1478500,42.34000015258789,42.5099983215332,42.59000015258789,42.18000030517578,35.81208038330078
2014-06-10,2047300,42.369998931884766,42.529998779296875,42.58000183105469,42.119998931884766,35.61410140991211
2014-06-09,1722100,42.11000061035156,42.470001220703125,42.52000045776367,42.08000183105469,35.563865661621094
2014-06-06,1447500,41.619998931884766,42.09000015258789,42.130001068115234,41.58000183105469,35.24565124511719
2014-06-05,1059000,41.459999084472656,41.56999969482422,41.720001220703125,41.33000183105469,34.81021499633789
2014-06-04,1670600,41.20000076293945,41.61000061035156,41.70000076293945,41.02000045776367,34.843711853027344
2014-06-03,1152400,40.77000045776367,41.380001068115234,41.45000076293945,40.72999954223633,34.651119232177734
2014-06-02,1370800,40.61000061035156,40.880001068115234,40.9900016784668,40.58000183105469,34.232425689697266
2014-05-30,1731400,40.779998779296875,40.66999816894531,40.810001373291016,40.31999969482422,34.056556701660156
2014-05-29,1474400,40.47999954223633,40.849998474121094,40.849998474121094,40.06999969482422,34.20729446411133
2014-05-28,1265800,40.439998626708984,40.400001525878906,40.529998779296875,39.97999954223633,33.83047103881836
2014-05-27,1679400,41.040000915527344,40.459999084472656,41.119998931884766,40.15999984741211,33.880714416503906
2014-05-23,2573400,40.7599983215332,41.099998474121094,41.29999923706055,40.68000030517578,34.41664123535156
2014-05-22,1380400,40.619998931884766,40.7599983215332,40.939998626708984,40.290000915527344,34.13192367553711
2014-05-21,1887600,39.939998626708984,40.560001373291016,40.63999938964844,39.880001068115234,33.96446228027344
2014-05-20,1457300,39.66999816894531,39.75,39.959999084472656,39.459999084472656,33.286170959472656
2014-05-19,876600,39.93000030517578,39.779998779296875,40.20000076293945,39.75,33.31128692626953
2014-05-16,1819700,40.27000045776367,39.84000015258789,40.33000183105469,39.58000183105469,33.361534118652344
2014-05-15,2231100,40.70000076293945,40.349998474121094,40.7599983215332,39.77000045776367,33.788597106933594
2014-05-14,2031700,40.349998474121094,40.7400016784668,41.0099983215332,40.349998474121094,34.11519241333008
2014-05-13,2934300,40.38999938964844,40.439998626708984,42.0,40.08000183105469,33.86396408081055
2014-05-12,7882600,39.529998779296875,40.31999969482422,40.34000015258789,39.529998779296875,33.76348114013672
2014-05-09,6154000,40.150001525878906,39.349998474121094,40.18000030517578,39.08000183105469,32.95121765136719
2014-05-08,3631500,40.869998931884766,39.79999923706055,40.939998626708984,39.459999084472656,33.328041076660156
2014-05-07,3176700,40.95000076293945,40.869998931884766,41.06999969482422,40.61000061035156,34.22404479980469
2014-05-06,1826900,41.09000015258789,40.68000030517578,41.16999816894531,40.4900016784668,34.06494140625
2014-05-05,1359100,40.79999923706055,40.880001068115234,40.970001220703125,40.58000183105469,34.232425689697266
2014-05-02,1024100,40.790000915527344,40.91999816894531,41.209999084472656,40.7400016784668,34.265907287597656
2014-05-01,4113400,40.709999084472656,40.83000183105469,40.84000015258789,40.56999969482422,34.1905517578125
2014-04-30,3676400,40.88999938964844,40.77000045776367,41.029998779296875,40.529998779296875,34.14030838012695
2014-04-29,2101100,40.95000076293945,41.09000015258789,41.599998474121094,40.900001525878906,34.40827560424805
2014-04-28,2458000,40.61000061035156,40.68000030517578,40.720001220703125,40.459999084472656,34.06494140625
2014-04-25,1756800,40.59000015258789,40.45000076293945,40.63999938964844,40.130001068115234,33.87233352661133
2014-04-24,2235100,40.83000183105469,40.81999969482422,41.189998626708984,40.709999084472656,34.18217849731445
2014-04-23,1627300,40.56999969482422,40.779998779296875,40.95000076293945,40.43000030517578,34.148677825927734
2014-04-22,1610200,40.439998626708984,40.439998626708984,40.4900016784668,40.119998931884766,33.86396408081055
2014-04-21,2663500,40.349998474121094,40.400001525878906,40.470001220703125,40.2599983215332,33.83047103881836
2014-04-17,3460900,40.099998474121094,40.63999938964844,40.900001525878906,40.029998779296875,34.03144454956055
2014-04-16,2867600,40.11000061035156,40.0,40.52000045776367,39.849998474121094,33.495521545410156
2014-04-15,3194600,39.43000030517578,39.880001068115234,39.9900016784668,39.33000183105469,33.395023345947266
2014-04-14,2249000,39.630001068115234,39.540000915527344,39.90999984741211,39.310001373291016,33.11031723022461
2014-04-11,2656800,39.88999938964844,39.400001525878906,40.20000076293945,39.25,32.99307632446289
2014-04-10,1841200,40.29999923706055,40.06999969482422,40.5,39.9900016784668,33.55412673950195
2014-04-09,1937800,40.02000045776367,40.540000915527344,40.56999969482422,39.880001068115234,33.94770050048828
2014-04-08,2721000,39.470001220703125,40.0099983215332,40.2599983215332,39.470001220703125,33.50388717651367
2014-04-07,2653700,39.52000045776367,39.41999816894531,39.779998779296875,39.310001373291016,33.00982666015625
2014-04-04,2072400,39.720001220703125,39.72999954223633,40.279998779296875,39.560001373291016,33.26941680908203
2014-04-03,1801000,39.130001068115234,39.45000076293945,39.599998474121094,38.9900016784668,33.03495407104492
2014-04-02,2167200,38.43000030517578,39.04999923706055,39.16999816894531,38.36000061035156,32.69999694824219
2014-04-01,1232100,38.4900016784668,38.47999954223633,38.689998626708984,38.22999954223633,32.222686767578125
2014-03-31,1894700,38.220001220703125,38.369998931884766,38.439998626708984,37.9900016784668,32.13057327270508
2014-03-28,3112600,38.119998931884766,38.06999969482422,38.25,37.880001068115234,31.879350662231445
2014-03-27,4848900,37.599998474121094,37.88999938964844,38.40999984741211,37.470001220703125,31.728628158569336
2014-03-26,1492400,37.709999084472656,37.290000915527344,37.939998626708984,37.22999954223633,31.2261962890625
2014-03-25,1458400,37.58000183105469,37.439998626708984,37.63999938964844,37.15999984741211,31.35179901123047
2014-03-24,1447600,37.38999938964844,37.40999984741211,37.630001068115234,37.119998931884766,31.326677322387695
2014-03-21,2496800,37.04999923706055,37.27000045776367,37.41999816894531,37.0099983215332,31.209447860717773
2014-03-20,2362500,36.279998779296875,36.97999954223633,37.09000015258789,36.06999969482422,30.96660041809082
2014-03-19,2751400,36.630001068115234,36.400001525878906,37.029998779296875,36.16999816894531,30.480918884277344
2014-03-18,1866900,36.060001373291016,36.439998626708984,36.58000183105469,36.0099983215332,30.514415740966797
2014-03-17,1161000,35.83000183105469,36.06999969482422,36.130001068115234,35.59000015258789,30.2045841217041
2014-03-14,1916200,35.47999954223633,35.79999923706055,35.90999984741211,35.470001220703125,29.978485107421875
2014-03-13,1466700,36.04999923706055,35.68000030517578,36.150001525878906,35.4900016784668,29.87800407409668
2014-03-12,2674100,36.220001220703125,36.09000015258789,36.2400016784668,35.56999969482422,30.032913208007812
2014-03-11,2026300,37.0,36.66999816894531,37.29999923706055,36.529998779296875,30.51556968688965
2014-03-10,2252200,37.25,37.31999969482422,37.4900016784668,36.77000045776367,31.056480407714844
2014-03-07,1739500,37.2599983215332,37.38999938964844,37.599998474121094,37.150001525878906,31.11473274230957
2014-03-06,4199200,36.97999954223633,37.27000045776367,37.59000015258789,36.650001525878906,31.014869689941406
2014-03-05,2219200,36.849998474121094,36.880001068115234,37.0099983215332,36.599998474121094,30.690322875976562
2014-03-04,2484500,37.08000183105469,36.81999969482422,37.150001525878906,36.70000076293945,30.640396118164062
2014-03-03,2556300,36.439998626708984,36.790000915527344,37.20000076293945,36.31999969482422,30.615427017211914
2014-02-28,1193000,36.29999923706055,36.619998931884766,36.880001068115234,36.29999923706055,30.47396469116211
2014-02-27,2375200,36.65999984741211,36.290000915527344,36.75,36.04999923706055,30.199350357055664
2014-02-26,2366700,36.97999954223633,36.630001068115234,37.029998779296875,36.54999923706055,30.482290267944336
2014-02-25,2650200,36.869998931884766,36.86000061035156,36.9900016784668,36.41999816894531,30.673686981201172
2014-02-24,3661100,37.040000915527344,37.04999923706055,37.63999938964844,36.95000076293945,30.8317928314209
2014-02-21,2288600,36.599998474121094,36.9900016784668,37.41999816894531,36.599998474121094,30.781869888305664
2014-02-20,3630200,36.47999954223633,36.84000015258789,37.04999923706055,36.349998474121094,30.657039642333984
2014-02-19,6672500,36.27000045776367,36.689998626708984,37.529998779296875,36.220001220703125,30.53221321105957
2014-02-18,1921700,35.04999923706055,35.77000045776367,35.95000076293945,35.04999923706055,29.766624450683594
2014-02-14,2394000,35.2599983215332,35.040000915527344,35.61000061035156,35.029998779296875,29.159143447875977
2014-02-13,2442900,34.75,35.310001373291016,35.470001220703125,34.58000183105469,29.38382339477539
2014-02-12,2517100,34.529998779296875,35.02000045776367,35.060001373291016,34.47999954223633,29.142499923706055
2014-02-11,2739300,33.81999969482422,34.209999084472656,34.5,33.77000045776367,28.468442916870117
2014-02-10,2601900,34.25,33.81999969482422,34.25,33.720001220703125,28.143896102905273
2014-02-07,2257900,34.529998779296875,34.27000045776367,34.65999984741211,34.060001373291016,28.518369674682617
2014-02-06,3947800,33.93000030517578,34.25,34.58000183105469,33.880001068115234,28.50172233581543
2014-02-05,4179100,33.290000915527344,33.939998626708984,34.0,33.040000915527344,28.243757247924805
2014-02-04,3934100,32.709999084472656,33.40999984741211,33.439998626708984,32.66999816894531,27.802709579467773
2014-02-03,5945700,32.970001220703125,32.560001373291016,32.97999954223633,32.25,27.095367431640625
2014-01-31,7764100,31.81999969482422,32.75,33.279998779296875,31.790000915527344,27.253475189208984
2014-01-30,2099400,32.41999816894531,32.25,32.529998779296875,32.220001220703125,26.8373966217041
2014-01-29,1897600,32.25,32.20000076293945,32.38999938964844,31.93000030517578,26.79578971862793
2014-01-28,3440000,31.75,32.54999923706055,32.619998931884766,31.729999542236328,27.087045669555664
2014-01-27,2019400,32.09000015258789,31.799999237060547,32.220001220703125,31.559999465942383,26.46291732788086
2014-01-24,3175700,32.45000076293945,32.0,32.529998779296875,31.81999969482422,26.629358291625977
2014-01-23,3259200,32.41999816894531,32.630001068115234,32.709999084472656,32.189998626708984,27.15361785888672
2014-01-22,4950800,32.720001220703125,32.599998474121094,32.75,32.2400016784668,27.128652572631836
2014-01-21,6327100,32.66999816894531,32.599998474121094,32.93000030517578,32.52000045776367,27.128652572631836
2014-01-17,3595700,32.790000915527344,32.529998779296875,32.86000061035156,32.529998779296875,27.07040023803711
2014-01-16,2275000,32.779998779296875,32.84000015258789,33.0,32.529998779296875,27.328369140625
2014-01-15,2872000,32.97999954223633,32.79999923706055,32.97999954223633,32.77000045776367,27.295087814331055
2014-01-14,2334700,32.91999816894531,32.90999984741211,33.02000045776367,32.619998931884766,27.386625289916992
2014-01-13,3411300,33.0,33.04999923706055,33.459999084472656,32.84000015258789,27.503128051757812
2014-01-10,3419500,32.52000045776367,33.20000076293945,33.29999923706055,32.40999984741211,27.62795639038086
2014-01-09,3728700,32.38999938964844,32.349998474121094,32.70000076293945,31.959999084472656,26.920610427856445
2014-01-08,2781300,32.52000045776367,32.65999984741211,32.88999938964844,32.380001068115234,27.178586959838867
2014-01-07,2178300,32.650001525878906,32.650001525878906,32.97999954223633,32.630001068115234,27.17026138305664
2014-01-06,1979400,32.7400016784668,32.83000183105469,32.900001525878906,32.540000915527344,27.320053100585938
2014-01-03,1650200,33.08000183105469,32.93000030517578,33.279998779296875,32.83000183105469,27.403268814086914
2014-01-02,2529700,33.439998626708984,33.099998474121094,33.47999954223633,32.880001068115234,27.544736862182617
2013-12-31,2400200,33.459999084472656,33.84000015258789,33.91999816894531,33.400001525878906,28.16054344177246
2013-12-30,1713100,33.290000915527344,33.45000076293945,33.47999954223633,33.209999084472656,27.836002349853516
2013-12-27,1405300,33.33000183105469,33.38999938964844,33.529998779296875,33.13999938964844,27.78606605529785
2013-12-26,1022200,33.34000015258789,33.31999969482422,33.5,33.20000076293945,27.727815628051758
2013-12-24,593600,33.2400016784668,33.209999084472656,33.36000061035156,33.15999984741211,27.63627052307129
2013-12-23,1748700,33.45000076293945,33.18000030517578,33.45000076293945,33.08000183105469,27.611310958862305
2013-12-20,2997100,32.88999938964844,33.15999984741211,33.4900016784668,32.41999816894531,27.594663619995117
2013-12-19,2455500,32.04999923706055,32.84000015258789,32.939998626708984,32.040000915527344,27.328369140625
2013-12-18,3113200,31.809999465942383,32.25,32.369998931884766,31.719999313354492,26.8373966217041
2013-12-17,1926200,32.09000015258789,31.899999618530273,32.119998931884766,31.729999542236328,26.54613494873047
2013-12-16,2340600,32.45000076293945,32.09000015258789,32.65999984741211,32.08000183105469,26.704248428344727
2013-12-13,1976300,32.290000915527344,32.40999984741211,32.56999969482422,31.989999771118164,26.97054100036621
2013-12-12,1802200,32.5099983215332,32.38999938964844,32.68000030517578,32.29999923706055,26.95389747619629
2013-12-11,3613400,32.83000183105469,32.56999969482422,33.0,32.310001373291016,27.103687286376953
2013-12-10,2895900,32.63999938964844,33.029998779296875,33.189998626708984,32.4900016784668,27.320045471191406
2013-12-09,3730800,32.45000076293945,32.540000915527344,32.7599983215332,32.220001220703125,26.914758682250977
2013-12-06,2168500,32.2400016784668,32.09000015258789,32.47999954223633,31.959999084472656,26.54254913330078
2013-12-05,1725700,32.16999816894531,32.150001525878906,32.45000076293945,32.029998779296875,26.592178344726562
2013-12-04,2443800,32.59000015258789,32.43000030517578,32.68000030517578,32.130001068115234,26.823776245117188
2013-12-03,3147200,32.689998626708984,32.560001373291016,32.88999938964844,32.380001068115234,26.931304931640625
2013-12-02,3073200,32.59000015258789,32.7400016784668,33.08000183105469,32.54999923706055,27.080190658569336
2013-11-29,1372100,32.540000915527344,32.91999816894531,33.22999954223633,32.43000030517578,27.22906494140625
2013-11-27,3544500,32.40999984741211,32.38999938964844,32.540000915527344,32.119998931884766,26.790685653686523
2013-11-26,2238100,32.75,32.54999923706055,32.9900016784668,32.43000030517578,26.92302703857422
2013-11-25,2444900,32.79999923706055,32.75,33.02000045776367,32.25,27.08845329284668
2013-11-22,2354200,33.380001068115234,33.099998474121094,33.41999816894531,32.79999923706055,27.37795066833496
2013-11-21,3542200,33.16999816894531,33.52000045776367,33.790000915527344,33.0099983215332,27.7253475189209
2013-11-20,4536000,32.4900016784668,33.150001525878906,33.40999984741211,32.45000076293945,27.419307708740234
2013-11-19,2081600,32.11000061035156,32.33000183105469,32.619998931884766,32.029998779296875,26.741060256958008
2013-11-18,2785900,32.630001068115234,32.220001220703125,32.709999084472656,32.09000015258789,26.65007781982422
2013-11-15,5819100,31.760000228881836,32.560001373291016,32.7599983215332,31.469999313354492,26.931304931640625
2013-11-14,5368000,30.729999542236328,31.700000762939453,31.719999313354492,30.520000457763672,26.219970703125
2013-11-13,2625000,30.600000381469727,30.8799991607666,30.920000076293945,30.420000076293945,25.541725158691406
2013-11-12,1924900,31.06999969482422,30.610000610351562,31.15999984741211,30.520000457763672,25.31840705871582
2013-11-11,3446400,31.6200008392334,31.110000610351562,31.6299991607666,31.010000228881836,25.731962203979492
2013-11-08,4317000,31.209999084472656,31.549999237060547,31.809999465942383,31.06999969482422,26.09589958190918
2013-11-07,3693900,31.84000015258789,31.15999984741211,31.90999984741211,31.09000015258789,25.7733211517334
2013-11-06,2513900,31.209999084472656,31.1299991607666,31.520000457763672,30.979999542236328,25.748504638671875
2013-11-05,2735500,31.170000076293945,30.920000076293945,31.280000686645508,30.799999237060547,25.574810028076172
2013-11-04,1952200,31.389999389648438,31.329999923706055,31.479999542236328,31.170000076293945,25.91393280029297
2013-11-01,3351800,31.920000076293945,31.260000228881836,31.920000076293945,31.170000076293945,25.856029510498047
2013-10-31,2170100,31.81999969482422,31.75,32.22999954223633,31.579999923706055,26.261329650878906
2013-10-30,1846500,32.2400016784668,31.729999542236328,32.25,31.31999969482422,26.244783401489258
2013-10-29,2188000,31.440000534057617,32.08000183105469,32.11000061035156,31.43000030517578,26.534278869628906
2013-10-28,2637300,31.84000015258789,31.290000915527344,31.84000015258789,31.25,25.88084602355957
2013-10-25,1076500,31.440000534057617,31.850000381469727,31.969999313354492,31.43000030517578,26.344043731689453
2013-10-24,1136800,31.299999237060547,31.709999084472656,31.770000457763672,31.079999923706055,26.228240966796875
2013-10-23,2042100,31.770000457763672,31.3700008392334,31.829999923706055,31.15999984741211,25.947017669677734
2013-10-22,1454500,32.52000045776367,32.08000183105469,32.72999954223633,31.959999084472656,26.534278869628906
2013-10-21,1471500,32.88999938964844,32.38999938964844,32.900001525878906,32.31999969482422,26.790685653686523
2013-10-18,1119100,32.33000183105469,32.810001373291016,32.959999084472656,32.31999969482422,27.138086318969727
2013-10-17,1511100,32.630001068115234,32.31999969482422,32.65999984741211,32.27000045776367,26.7327880859375
2013-10-16,1409800,32.619998931884766,32.650001525878906,32.72999954223633,32.40999984741211,27.005741119384766
2013-10-15,1656700,32.61000061035156,32.4900016784668,32.849998474121094,32.33000183105469,26.873403549194336
2013-10-14,1439500,32.0,32.849998474121094,32.880001068115234,31.950000762939453,27.171165466308594
2013-10-11,1429900,32.02000045776367,32.16999816894531,32.439998626708984,31.850000381469727,26.608722686767578
2013-10-10,2757900,31.329999923706055,32.13999938964844,32.25,31.31999969482422,26.583904266357422
2013-10-09,1777300,30.950000762939453,30.84000015258789,31.049999237060547,30.579999923706055,25.50864028930664
2013-10-08,1877900,31.350000381469727,30.989999771118164,31.579999923706055,30.889999389648438,25.63271141052246
2013-10-07,1585900,30.959999084472656,31.229999542236328,31.6200008392334,30.84000015258789,25.83121681213379
2013-10-04,1472300,30.8799991607666,31.299999237060547,31.5,30.709999084472656,25.88912010192871
2013-10-03,1855400,31.25,30.790000915527344,31.360000610351562,30.770000457763672,25.467287063598633
2013-10-02,1460500,31.729999542236328,31.209999084472656,31.729999542236328,31.170000076293945,25.81467628479004
2013-10-01,1578600,31.299999237060547,31.799999237060547,31.93000030517578,31.280000686645508,26.30268669128418
2013-09-30,1640100,31.15999984741211,31.440000534057617,31.850000381469727,31.110000610351562,26.004920959472656
2013-09-27,946700,31.540000915527344,31.479999542236328,31.739999771118164,31.3700008392334,26.038002014160156
2013-09-26,1384600,31.549999237060547,31.6299991607666,31.93000030517578,31.469999313354492,26.162073135375977
2013-09-25,1290800,31.209999084472656,31.43000030517578,31.81999969482422,31.209999084472656,25.996646881103516
2013-09-24,1547200,31.40999984741211,31.200000762939453,31.530000686645508,31.190000534057617,25.806407928466797
2013-09-23,1253700,31.6299991607666,31.389999389648438,31.6299991607666,31.290000915527344,25.963558197021484
2013-09-20,1326800,31.780000686645508,31.530000686645508,31.899999618530273,31.440000534057617,26.07935905456543
2013-09-19,976500,32.150001525878906,31.700000762939453,32.220001220703125,31.610000610351562,26.219970703125
2013-09-18,2424600,31.700000762939453,32.04999923706055,32.31999969482422,31.299999237060547,26.50946617126465
2013-09-17,1777900,31.670000076293945,31.65999984741211,32.16999816894531,31.59000015258789,26.186885833740234
2013-09-16,1301600,31.829999923706055,31.780000686645508,31.969999313354492,31.670000076293945,26.28614044189453
2013-09-13,1483400,31.520000457763672,31.709999084472656,31.989999771118164,31.40999984741211,26.228240966796875
2013-09-12,1810400,31.850000381469727,31.540000915527344,32.02000045776367,31.40999984741211,26.087631225585938
2013-09-11,1922200,31.389999389648438,31.829999923706055,31.899999618530273,31.309999465942383,26.327495574951172
2013-09-10,1842600,31.110000610351562,31.31999969482422,31.510000228881836,30.84000015258789,25.80227279663086
2013-09-09,1721600,31.049999237060547,31.15999984741211,31.3799991607666,31.030000686645508,25.67045783996582
2013-09-06,1369700,31.3700008392334,31.1200008392334,31.459999084472656,31.110000610351562,25.637502670288086
2013-09-05,2423500,31.1299991607666,30.940000534057617,31.1299991607666,30.809999465942383,25.489213943481445
2013-09-04,1387900,31.059999465942383,30.969999313354492,31.239999771118164,30.920000076293945,25.51392936706543
2013-09-03,2184800,30.8700008392334,31.18000030517578,31.350000381469727,30.860000610351562,25.68693733215332
2013-08-30,2324500,31.09000015258789,30.6200008392334,31.18000030517578,30.56999969482422,25.2255916595459
2013-08-29,2321700,31.229999542236328,31.110000610351562,31.389999389648438,30.940000534057617,25.62926483154297
2013-08-28,4131500,30.520000457763672,31.43000030517578,31.549999237060547,30.440000534057617,25.892887115478516
2013-08-27,3168800,30.149999618530273,30.299999237060547,30.81999969482422,30.030000686645508,24.961965560913086
2013-08-26,1070500,29.649999618530273,29.920000076293945,29.979999542236328,29.639999389648438,24.648916244506836
2013-08-23,1451600,29.790000915527344,29.639999389648438,29.850000381469727,29.389999389648438,24.418241500854492
2013-08-22,1131500,29.290000915527344,29.700000762939453,29.770000457763672,29.229999542236328,24.467670440673828
2013-08-21,1690600,29.56999969482422,29.280000686645508,29.719999313354492,29.079999923706055,24.12166404724121
2013-08-20,1510600,29.549999237060547,29.81999969482422,30.010000228881836,29.3700008392334,24.566532135009766
2013-08-19,1736300,30.469999313354492,29.65999984741211,30.489999771118164,29.6200008392334,24.434717178344727
2013-08-16,1458600,30.34000015258789,30.530000686645508,30.780000686645508,30.219999313354492,25.151447296142578
2013-08-15,1926800,30.110000610351562,30.389999389648438,30.399999618530273,29.93000030517578,25.036109924316406
2013-08-14,1794400,30.219999313354492,30.25,30.299999237060547,29.940000534057617,24.9207763671875
2013-08-13,1293100,30.200000762939453,30.18000030517578,30.299999237060547,30.049999237060547,24.86310577392578
2013-08-12,3089300,30.229999542236328,30.15999984741211,30.420000076293945,29.899999618530273,24.846628189086914
2013-08-09,2219700,30.790000915527344,30.479999542236328,30.889999389648438,30.299999237060547,25.110252380371094
2013-08-08,2447200,30.479999542236328,30.790000915527344,30.8799991607666,29.790000915527344,25.365644454956055
2013-08-07,2754600,30.399999618530273,30.3799991607666,30.690000534057617,30.239999771118164,25.02786636352539
2013-08-06,2004600,31.25,30.829999923706055,31.25,30.459999084472656,25.398595809936523
2013-08-05,1094800,31.3700008392334,31.3700008392334,31.719999313354492,31.290000915527344,25.843461990356445
2013-08-02,1408900,31.520000457763672,31.469999313354492,31.6200008392334,31.280000686645508,25.92584800720215
2013-08-01,1460600,31.440000534057617,31.59000015258789,31.709999084472656,31.309999465942383,26.024702072143555
2013-07-31,2612700,30.8700008392334,31.020000457763672,31.56999969482422,30.8700008392334,25.55512046813965
2013-07-30,2870700,31.020000457763672,30.709999084472656,31.260000228881836,30.520000457763672,25.29973793029785
2013-07-29,2951800,30.690000534057617,31.1299991607666,31.280000686645508,30.399999618530273,25.645742416381836
2013-07-26,4886400,32.630001068115234,31.350000381469727,32.63999938964844,31.190000534057617,25.826984405517578
2013-07-25,1910800,32.709999084472656,32.84000015258789,33.29999923706055,32.59000015258789,27.054485321044922
2013-07-24,4317200,33.290000915527344,32.75,33.63999938964844,32.54999923706055,26.980342864990234
2013-07-23,1932400,33.18000030517578,33.22999954223633,33.529998779296875,33.09000015258789,27.375782012939453
2013-07-22,1760200,32.90999984741211,33.15999984741211,33.38999938964844,32.90999984741211,27.31810760498047
2013-07-19,2192500,32.779998779296875,33.11000061035156,33.22999954223633,32.720001220703125,27.276914596557617
2013-07-18,2212300,32.13999938964844,32.72999954223633,32.869998931884766,32.099998474121094,26.963869094848633
2013-07-17,2054600,31.780000686645508,32.06999969482422,32.189998626708984,31.75,26.420135498046875
2013-07-16,2046300,31.729999542236328,31.790000915527344,31.8799991607666,31.260000228881836,26.189470291137695
2013-07-15,1409600,31.729999542236328,31.739999771118164,32.060001373291016,31.690000534057617,26.148279190063477
2013-07-12,2942300,32.13999938964844,31.84000015258789,32.45000076293945,31.6200008392334,26.230661392211914
2013-07-11,4649600,31.559999465942383,32.08000183105469,32.369998931884766,31.510000228881836,26.42837905883789
2013-07-10,3395000,30.440000534057617,31.059999465942383,31.229999542236328,30.40999984741211,25.588075637817383
2013-07-09,2139400,29.799999237060547,30.34000015258789,30.43000030517578,29.5,24.99492073059082
2013-07-08,1652700,29.559999465942383,29.56999969482422,29.81999969482422,29.3799991607666,24.36057472229004
2013-07-05,2179900,29.639999389648438,29.530000686645508,29.760000228881836,29.34000015258789,24.327625274658203
2013-07-03,1968300,28.799999237060547,29.170000076293945,29.18000030517578,28.709999084472656,24.03104019165039
2013-07-02,1852200,28.200000762939453,28.68000030517578,28.709999084472656,28.170000076293945,23.627363204956055
2013-07-01,1428600,27.799999237060547,28.469999313354492,28.760000228881836,27.799999237060547,23.45436668395996
2013-06-28,2991900,28.540000915527344,28.260000228881836,28.6299991607666,28.1299991607666,23.28135871887207
2013-06-27,1997600,28.479999542236328,28.530000686645508,28.719999313354492,28.350000381469727,23.503793716430664
2013-06-26,1411100,28.420000076293945,28.3799991607666,28.549999237060547,28.06999969482422,23.380216598510742
2013-06-25,2601300,28.209999084472656,28.299999237060547,28.3700008392334,27.93000030517578,23.314315795898438
2013-06-24,4495200,27.639999389648438,28.0,28.229999542236328,26.979999542236328,23.067163467407227
2013-06-21,2646700,28.3700008392334,28.1200008392334,28.549999237060547,27.860000610351562,23.166025161743164
2013-06-20,3005700,28.700000762939453,28.549999237060547,28.950000762939453,28.40999984741211,23.520265579223633
2013-06-19,1954200,29.610000610351562,29.360000610351562,29.889999389648438,29.229999542236328,24.18756675720215
2013-06-18,1876900,29.309999465942383,29.649999618530273,29.760000228881836,29.309999465942383,24.426481246948242
2013-06-17,1928200,28.920000076293945,29.469999313354492,29.579999923706055,28.8700008392334,24.278186798095703
2013-06-14,1545200,29.059999465942383,28.709999084472656,29.200000762939453,28.610000610351562,23.652076721191406
2013-06-13,1809700,28.440000534057617,28.969999313354492,29.049999237060547,28.290000915527344,23.86627197265625
2013-06-12,2644000,29.049999237060547,28.3799991607666,29.18000030517578,28.170000076293945,23.380216598510742
2013-06-11,2451900,28.920000076293945,29.010000228881836,29.290000915527344,28.639999389648438,23.796249389648438
2013-06-10,2018200,29.25,29.280000686645508,29.3799991607666,28.920000076293945,24.017724990844727
2013-06-07,1606600,29.290000915527344,29.15999984741211,29.40999984741211,28.899999618530273,23.919294357299805
2013-06-06,2543100,28.780000686645508,29.18000030517578,29.18000030517578,28.709999084472656,23.935699462890625
2013-06-05,3830800,29.270000457763672,28.81999969482422,29.540000915527344,28.6299991607666,23.64039421081543
2013-06-04,2797800,29.350000381469727,29.3799991607666,29.780000686645508,29.09000015258789,24.09975242614746
2013-06-03,3636000,29.309999465942383,29.43000030517578,29.540000915527344,29.010000228881836,24.14076805114746
2013-05-31,3368400,30.780000686645508,29.770000457763672,30.790000915527344,29.770000457763672,24.419662475585938
2013-05-30,2141100,30.979999542236328,31.0,31.110000610351562,30.649999618530273,25.428598403930664
2013-05-29,1842800,30.149999618530273,31.0,31.059999465942383,30.079999923706055,25.428598403930664
2013-05-28,1662500,30.530000686645508,30.3700008392334,30.549999237060547,30.299999237060547,24.91183090209961
2013-05-24,1528200,29.90999984741211,30.1299991607666,30.15999984741211,29.860000610351562,24.714962005615234
2013-05-23,2688300,29.899999618530273,30.31999969482422,30.43000030517578,29.719999313354492,24.870811462402344
2013-05-22,3432400,30.799999237060547,30.459999084472656,31.520000457763672,30.31999969482422,24.985654830932617
2013-05-21,3955600,30.510000228881836,30.829999923706055,31.15999984741211,30.18000030517578,25.28915786743164
2013-05-20,3936900,29.690000534057617,30.940000534057617,31.020000457763672,29.649999618530273,25.379383087158203
2013-05-17,2727500,28.90999984741211,29.520000457763672,29.690000534057617,28.700000762939453,24.21459197998047
2013-05-16,1882000,29.219999313354492,29.170000076293945,29.6200008392334,29.110000610351562,23.9274959564209
2013-05-15,2403400,29.219999313354492,29.270000457763672,29.309999465942383,28.850000381469727,24.009523391723633
2013-05-14,3328900,29.190000534057617,29.459999084472656,29.690000534057617,29.1200008392334,24.165374755859375
2013-05-13,2250600,29.56999969482422,29.280000686645508,29.700000762939453,29.100000381469727,24.017724990844727
2013-05-10,2134100,29.260000228881836,29.56999969482422,29.649999618530273,29.06999969482422,24.25560760498047
2013-05-09,1945500,29.610000610351562,29.6299991607666,29.81999969482422,29.360000610351562,24.304821014404297
2013-05-08,2338600,29.65999984741211,29.709999084472656,30.049999237060547,29.600000381469727,24.370445251464844
2013-05-07,2775900,29.399999618530273,29.760000228881836,29.770000457763672,29.100000381469727,24.41145896911621
2013-05-06,3293700,29.350000381469727,29.309999465942383,29.540000915527344,29.15999984741211,24.04233741760254
2013-05-03,4241200,29.31999969482422,29.329999923706055,30.079999923706055,29.239999771118164,24.058740615844727
2013-05-02,3740700,28.940000534057617,29.239999771118164,29.469999313354492,28.59000015258789,23.984912872314453
2013-05-01,3020800,29.079999923706055,28.790000915527344,29.1299991607666,28.75,23.61579132080078
2013-04-30,4255800,29.579999923706055,29.34000015258789,29.649999618530273,29.020000457763672,24.066940307617188
2013-04-29,2280400,29.360000610351562,29.6299991607666,29.860000610351562,29.170000076293945,24.304821014404297
2013-04-26,2574100,29.520000457763672,29.079999923706055,29.530000686645508,28.899999618530273,23.853673934936523
2013-04-25,2537600,29.6200008392334,29.579999923706055,30.0,29.399999618530273,24.263803482055664
2013-04-24,2760600,28.84000015258789,29.450000762939453,29.6299991607666,28.770000457763672,24.15717315673828
2013-04-23,3212600,29.190000534057617,28.799999237060547,29.229999542236328,28.459999084472656,23.623992919921875
2013-04-22,2203300,28.90999984741211,29.219999313354492,29.270000457763672,28.540000915527344,23.968505859375
2013-04-19,1966800,28.860000610351562,28.790000915527344,28.959999084472656,28.649999618530273,23.61579132080078
2013-04-18,3441900,28.989999771118164,28.850000381469727,29.31999969482422,28.520000457763672,23.665010452270508
2013-04-17,3168800,29.010000228881836,28.760000228881836,29.100000381469727,28.559999465942383,23.591182708740234
2013-04-16,2491500,29.579999923706055,29.420000076293945,29.739999771118164,29.030000686645508,24.132566452026367
2013-04-15,6704000,30.079999923706055,29.079999923706055,30.31999969482422,29.079999923706055,23.853673934936523
2013-04-12,3762800,31.81999969482422,30.860000610351562,31.81999969482422,30.649999618530273,25.313762664794922
2013-04-11,3767200,31.8799991607666,32.150001525878906,32.27000045776367,31.690000534057617,26.371923446655273
2013-04-10,2431200,31.520000457763672,31.940000534057617,32.04999923706055,31.5,26.199663162231445
2013-04-09,2215400,30.739999771118164,31.530000686645508,31.56999969482422,30.510000228881836,25.863353729248047
2013-04-08,2085600,30.600000381469727,30.639999389648438,30.770000457763672,30.329999923706055,25.133302688598633
2013-04-05,2986500,30.170000076293945,30.540000915527344,30.6200008392334,29.8700008392334,25.051273345947266
2013-04-04,3051800,31.0,30.540000915527344,31.0,30.389999389648438,25.051273345947266
2013-04-03,2997200,32.11000061035156,31.030000686645508,32.43000030517578,30.969999313354492,25.453214645385742
2013-04-02,2221000,31.84000015258789,32.119998931884766,32.15999984741211,31.709999084472656,26.34731674194336
2013-04-01,1742300,32.11000061035156,31.799999237060547,32.279998779296875,31.780000686645508,26.084823608398438
2013-03-28,3168800,32.13999938964844,32.130001068115234,32.4900016784668,31.84000015258789,26.35551643371582
2013-03-27,2488800,32.349998474121094,32.13999938964844,32.470001220703125,32.029998779296875,26.363718032836914
2013-03-26,2627300,32.45000076293945,32.540000915527344,32.83000183105469,32.290000915527344,26.691829681396484
2013-03-25,2394600,32.38999938964844,32.27000045776367,32.72999954223633,31.969999313354492,26.47035789489746
2013-03-22,1873800,32.02000045776367,32.15999984741211,32.33000183105469,32.0,26.380123138427734
2013-03-21,2865200,32.599998474121094,32.02000045776367,32.90999984741211,32.02000045776367,26.265287399291992
2013-03-20,2831200,32.58000183105469,32.7599983215332,32.970001220703125,32.54999923706055,26.872291564941406
2013-03-19,4002300,32.5,32.41999816894531,32.83000183105469,32.18000030517578,26.593393325805664
2013-03-18,2232200,32.470001220703125,32.540000915527344,32.779998779296875,32.279998779296875,26.691829681396484
2013-03-15,3810000,32.54999923706055,32.93000030517578,33.209999084472656,32.529998779296875,27.01173973083496
2013-03-14,5387300,31.559999465942383,32.56999969482422,32.65999984741211,31.290000915527344,26.716440200805664
2013-03-13,1570100,31.280000686645508,31.139999389648438,31.360000610351562,30.979999542236328,25.44090461730957
2013-03-12,2000500,31.34000015258789,31.309999465942383,31.600000381469727,31.18000030517578,25.579795837402344
2013-03-11,1771900,31.09000015258789,31.270000457763672,31.40999984741211,30.780000686645508,25.547119140625
2013-03-08,3464400,31.040000915527344,31.15999984741211,31.399999618530273,30.799999237060547,25.45724868774414
2013-03-07,4739300,30.049999237060547,31.190000534057617,31.649999618530273,29.729999542236328,25.481760025024414
2013-03-06,3484400,29.940000534057617,30.190000534057617,30.280000686645508,29.579999923706055,24.664772033691406
2013-03-05,4795700,30.700000762939453,29.790000915527344,30.90999984741211,29.65999984741211,24.337976455688477
2013-03-04,4254400,31.030000686645508,30.459999084472656,31.139999389648438,30.079999923706055,24.885358810424805
2013-03-01,5908300,30.239999771118164,31.200000762939453,31.3700008392334,30.0,25.489925384521484
2013-02-28,2581800,30.209999084472656,30.489999771118164,30.65999984741211,30.010000228881836,24.90986442565918
2013-02-27,2970100,29.520000457763672,30.260000228881836,30.469999313354492,29.399999618530273,24.721961975097656
2013-02-26,2604800,29.799999237060547,29.649999618530273,29.8799991607666,29.190000534057617,24.22359848022461
2013-02-25,5088600,30.049999237060547,29.739999771118164,30.350000381469727,29.709999084472656,24.29712677001953
2013-02-22,3038800,29.5,29.760000228881836,29.799999237060547,29.299999237060547,24.313465118408203
2013-02-21,3044700,29.84000015258789,29.420000076293945,29.84000015258789,29.299999237060547,24.035690307617188
2013-02-20,3533600,30.579999923706055,29.979999542236328,30.65999984741211,29.8700008392334,24.493206024169922
2013-02-19,2187500,30.799999237060547,30.700000762939453,30.950000762939453,30.65999984741211,25.081436157226562
2013-02-15,4791700,30.950000762939453,30.84000015258789,31.290000915527344,30.6200008392334,25.195812225341797
2013-02-14,3514200,31.59000015258789,31.15999984741211,31.670000076293945,31.0,25.45724868774414
2013-02-13,3623600,31.420000076293945,31.739999771118164,31.75,31.280000686645508,25.931102752685547
2013-02-12,5342600,30.450000762939453,31.469999313354492,31.6299991607666,30.440000534057617,25.71051025390625
2013-02-11,3176300,29.940000534057617,30.40999984741211,30.520000457763672,29.809999465942383,24.84450340270996
2013-02-08,2352500,30.059999465942383,30.06999969482422,30.229999542236328,29.920000076293945,24.56673240661621
2013-02-07,4019400,30.290000915527344,30.040000915527344,30.420000076293945,29.889999389648438,24.54222297668457
2013-02-06,2636000,29.979999542236328,30.309999465942383,30.350000381469727,29.8799991607666,24.76280975341797
2013-02-05,2007600,30.190000534057617,30.329999923706055,30.489999771118164,30.1200008392334,24.77914810180664
2013-02-04,2784100,30.040000915527344,30.079999923706055,30.350000381469727,29.889999389648438,24.57490348815918
2013-02-01,3486800,30.329999923706055,30.34000015258789,30.43000030517578,29.969999313354492,24.78731918334961
2013-01-31,3632300,30.940000534057617,30.219999313354492,31.110000610351562,30.219999313354492,24.68927764892578
2013-01-30,3588800,31.219999313354492,31.06999969482422,31.489999771118164,31.040000915527344,25.383716583251953
2013-01-29,2875200,30.700000762939453,31.229999542236328,31.440000534057617,30.700000762939453,25.514436721801758
2013-01-28,2189100,30.959999084472656,30.75,30.959999084472656,30.450000762939453,25.122278213500977
2013-01-25,2119200,30.549999237060547,30.729999542236328,31.0,30.469999313354492,25.105941772460938
2013-01-24,2265300,30.239999771118164,30.579999923706055,30.799999237060547,30.170000076293945,24.983394622802734
2013-01-23,2363900,30.100000381469727,30.239999771118164,30.399999618530273,29.979999542236328,24.70561981201172
2013-01-22,2521500,30.270000457763672,30.420000076293945,30.459999084472656,29.979999542236328,24.852680206298828
2013-01-18,3008100,29.739999771118164,30.200000762939453,30.329999923706055,29.690000534057617,24.672943115234375
2013-01-17,3374900,29.31999969482422,29.809999465942383,29.920000076293945,29.290000915527344,24.354312896728516
2013-01-16,3815500,29.360000610351562,29.149999618530273,29.5,29.059999465942383,23.815109252929688
2013-01-15,4734000,29.6299991607666,29.579999923706055,29.8700008392334,29.350000381469727,24.166410446166992
2013-01-14,4202600,30.290000915527344,29.729999542236328,30.440000534057617,29.6299991607666,24.288959503173828
2013-01-11,2457800,30.329999923706055,30.270000457763672,30.459999084472656,29.799999237060547,24.730133056640625
2013-01-10,2522200,29.809999465942383,30.139999389648438,30.270000457763672,29.610000610351562,24.623924255371094
2013-01-09,5033200,29.68000030517578,29.510000228881836,29.860000610351562,29.149999618530273,24.109220504760742
2013-01-08,2301600,30.100000381469727,29.75,30.190000534057617,29.600000381469727,24.305294036865234
2013-01-07,2390000,30.219999313354492,30.190000534057617,30.399999618530273,29.940000534057617,24.664772033691406
2013-01-04,2202700,29.90999984741211,30.549999237060547,30.559999465942383,29.809999465942383,24.958885192871094
2013-01-03,2231300,29.670000076293945,29.889999389648438,30.219999313354492,29.520000457763672,24.419675827026367
2013-01-02,3316600,29.520000457763672,29.65999984741211,29.989999771118164,29.329999923706055,24.231767654418945
2012-12-31,3898700,28.34000015258789,28.8700008392334,29.049999237060547,28.260000228881836,23.58635139465332
2012-12-28,2491400,28.43000030517578,28.469999313354492,28.65999984741211,28.40999984741211,23.25955581665039
2012-12-27,3146400,28.639999389648438,28.6299991607666,28.829999923706055,28.3799991607666,23.39027214050293
2012-12-26,1612400,29.200000762939453,28.5,29.43000030517578,28.450000762939453,23.284067153930664
2012-12-24,1073700,29.06999969482422,29.09000015258789,29.299999237060547,28.959999084472656,23.76609230041504
2012-12-21,3752100,28.540000915527344,29.18000030517578,29.290000915527344,28.350000381469727,23.839616775512695
2012-12-20,2477900,28.56999969482422,28.81999969482422,28.989999771118164,28.540000915527344,23.545503616333008
2012-12-19,3654400,28.700000762939453,28.729999542236328,28.93000030517578,28.5,23.471975326538086
2012-12-18,2574700,28.190000534057617,28.729999542236328,28.799999237060547,28.110000610351562,23.471975326538086
2012-12-17,4036600,28.190000534057617,28.110000610351562,28.329999923706055,27.940000534057617,22.965442657470703
2012-12-14,4022900,28.440000534057617,28.079999923706055,28.610000610351562,28.06999969482422,22.940935134887695
2012-12-13,4100800,28.399999618530273,28.690000534057617,28.739999771118164,28.299999237060547,23.439294815063477
2012-12-12,4053000,28.790000915527344,28.479999542236328,29.020000457763672,28.450000762939453,23.26772689819336
2012-12-11,3336200,28.450000762939453,28.700000762939453,28.829999923706055,28.389999389648438,23.361682891845703
2012-12-10,2603400,28.3700008392334,28.389999389648438,28.469999313354492,28.18000030517578,23.109344482421875
2012-12-07,4043900,28.31999969482422,28.1200008392334,28.510000228881836,28.0,22.889564514160156
2012-12-06,3267000,28.06999969482422,28.209999084472656,28.270000457763672,27.90999984741211,22.96282386779785
2012-12-05,4057200,27.90999984741211,28.020000457763672,28.170000076293945,27.600000381469727,22.808162689208984
2012-12-04,5666500,28.190000534057617,27.6200008392334,28.190000534057617,27.6200008392334,22.48256492614746
2012-12-03,5201100,28.8799991607666,28.299999237060547,29.040000915527344,28.260000228881836,23.03607940673828
2012-11-30,4381700,28.6299991607666,28.489999771118164,29.290000915527344,28.450000762939453,23.19074058532715
2012-11-29,4460000,28.790000915527344,28.690000534057617,29.1299991607666,28.65999984741211,23.35354232788086
2012-11-28,4465200,27.670000076293945,28.450000762939453,28.450000762939453,27.59000015258789,23.158180236816406
2012-11-27,3912100,28.40999984741211,28.049999237060547,28.770000457763672,27.989999771118164,22.83258056640625
2012-11-26,3741800,28.110000610351562,28.559999465942383,28.59000015258789,28.06999969482422,23.247724533081055
2012-11-23,1325300,27.719999313354492,28.420000076293945,28.450000762939453,27.670000076293945,23.133760452270508
2012-11-21,1462100,27.649999618530273,27.510000228881836,27.690000534057617,27.309999465942383,22.393028259277344
2012-11-20,2264200,27.549999237060547,27.65999984741211,27.739999771118164,27.40999984741211,22.515117645263672
2012-11-19,3463500,27.889999389648438,27.639999389648438,27.959999084472656,27.530000686645508,22.49884796142578
2012-11-16,5609400,27.459999084472656,27.229999542236328,27.530000686645508,26.829999923706055,22.165103912353516
2012-11-15,6224900,27.600000381469727,27.309999465942383,28.049999237060547,27.229999542236328,22.230226516723633
2012-11-14,3913300,27.799999237060547,27.649999618530273,27.940000534057617,27.3799991607666,22.506986618041992
2012-11-13,3232700,27.600000381469727,27.700000762939453,28.18000030517578,27.31999969482422,22.54768943786621
2012-11-12,2447300,28.610000610351562,27.8799991607666,28.670000076293945,27.8799991607666,22.6942081451416
2012-11-09,5047600,27.729999542236328,28.479999542236328,29.0,27.670000076293945,23.182605743408203
2012-11-08,8967600,28.0,27.989999771118164,28.510000228881836,27.639999389648438,22.78374481201172
2012-11-07,4341800,29.969999313354492,29.100000381469727,30.06999969482422,29.030000686645508,23.687278747558594
2012-11-06,3521600,30.329999923706055,30.43000030517578,30.540000915527344,29.989999771118164,24.769893646240234
2012-11-05,4778900,29.920000076293945,30.020000457763672,30.15999984741211,29.649999618530273,24.436153411865234
2012-11-02,2575300,30.639999389648438,29.989999771118164,30.65999984741211,29.8799991607666,24.411731719970703
2012-11-01,1760200,30.450000762939453,30.389999389648438,30.59000015258789,30.170000076293945,24.737335205078125
2012-10-31,2588600,30.350000381469727,30.200000762939453,30.600000381469727,30.06999969482422,24.582672119140625
2012-10-26,2696100,30.020000457763672,29.739999771118164,30.06999969482422,29.43000030517578,24.208236694335938
2012-10-25,1504800,30.1200008392334,30.1299991607666,30.389999389648438,29.670000076293945,24.52569580078125
2012-10-24,2011900,30.0,29.719999313354492,30.1200008392334,29.520000457763672,24.191957473754883
2012-10-23,3373900,30.459999084472656,29.889999389648438,30.559999465942383,29.709999084472656,24.330331802368164
2012-10-22,2332300,30.760000228881836,31.0,31.420000076293945,30.690000534057617,25.233875274658203
2012-10-19,3603300,31.239999771118164,31.25,31.3700008392334,30.75,25.437374114990234
2012-10-18,1761000,31.540000915527344,31.40999984741211,31.799999237060547,31.34000015258789,25.567611694335938
2012-10-17,1795100,31.5,31.739999771118164,31.829999923706055,31.3799991607666,25.836231231689453
2012-10-16,1702000,30.889999389648438,31.270000457763672,31.309999465942383,30.739999771118164,25.453649520874023
2012-10-15,2105200,30.719999313354492,30.729999542236328,30.8700008392334,30.190000534057617,25.01409339904785
2012-10-12,1643000,30.68000030517578,30.829999923706055,30.989999771118164,30.59000015258789,25.09548568725586
2012-10-11,2451200,30.84000015258789,30.709999084472656,31.190000534057617,30.610000610351562,24.99781036376953
2012-10-10,2074600,30.860000610351562,30.3700008392334,31.219999313354492,30.280000686645508,24.721054077148438
2012-10-09,3311700,30.979999542236328,31.079999923706055,31.229999542236328,30.610000610351562,25.29898452758789
2012-10-08,1166000,30.600000381469727,30.670000076293945,30.81999969482422,30.3799991607666,24.965251922607422
2012-10-05,2447400,31.520000457763672,30.829999923706055,31.59000015258789,30.729999542236328,25.09548568725586
2012-10-04,1846200,31.110000610351562,31.309999465942383,31.329999923706055,30.770000457763672,25.486207962036133
2012-10-03,3048700,31.389999389648438,30.6299991607666,31.40999984741211,30.399999618530273,24.932693481445312
2012-10-02,2514600,31.719999313354492,31.65999984741211,32.06999969482422,31.510000228881836,25.771108627319336
2012-10-01,2224500,31.1299991607666,31.510000228881836,31.739999771118164,31.1299991607666,25.64900779724121
2012-09-28,4335500,31.18000030517578,30.790000915527344,31.229999542236328,30.40999984741211,25.06293296813965
2012-09-27,2663300,31.540000915527344,31.459999084472656,31.6299991607666,31.149999618530273,25.608306884765625
2012-09-26,4128600,31.190000534057617,31.010000228881836,31.520000457763672,30.8799991607666,25.24201202392578
2012-09-25,3090700,32.5099983215332,31.5,32.7400016784668,31.5,25.640869140625
2012-09-24,2489500,33.02000045776367,32.15999984741211,33.02000045776367,32.130001068115234,26.178110122680664
2012-09-21,2542700,33.150001525878906,33.060001373291016,33.560001373291016,33.029998779296875,26.910703659057617
2012-09-20,3116400,32.36000061035156,32.810001373291016,33.0099983215332,32.2599983215332,26.707204818725586
2012-09-19,3254000,33.56999969482422,32.849998474121094,33.630001068115234,32.79999923706055,26.739763259887695
2012-09-18,2257400,33.619998931884766,33.650001525878906,34.18000030517578,33.38999938964844,27.390962600708008
2012-09-17,3037300,34.33000183105469,33.9900016784668,34.869998931884766,33.880001068115234,27.667722702026367
2012-09-14,3501200,34.400001525878906,34.650001525878906,35.119998931884766,34.380001068115234,28.204959869384766
2012-09-13,2725200,32.95000076293945,33.849998474121094,34.0099983215332,32.52000045776367,27.55375862121582
2012-09-12,3355500,33.31999969482422,32.720001220703125,33.400001525878906,32.5,26.633943557739258
2012-09-11,2711000,32.650001525878906,33.040000915527344,33.150001525878906,32.63999938964844,26.808958053588867
2012-09-10,3222400,32.06999969482422,32.36000061035156,32.84000015258789,31.989999771118164,26.257192611694336
2012-09-07,3667000,30.84000015258789,32.20000076293945,32.29999923706055,30.84000015258789,26.127370834350586
2012-09-06,3122200,30.09000015258789,30.6200008392334,31.270000457763672,30.0,24.84534454345703
2012-09-05,3641800,29.610000610351562,29.65999984741211,29.739999771118164,28.959999084472656,24.06639289855957
2012-09-04,2962600,30.530000686645508,29.68000030517578,30.540000915527344,29.6200008392334,24.082616806030273
2012-08-31,2318800,30.690000534057617,30.399999618530273,30.850000381469727,30.280000686645508,24.66683578491211
2012-08-30,1929000,30.479999542236328,30.100000381469727,30.760000228881836,29.989999771118164,24.423410415649414
2012-08-29,2390500,31.040000915527344,30.709999084472656,31.040000915527344,30.399999618530273,24.918371200561523
2012-08-28,2396800,31.06999969482422,30.860000610351562,31.420000076293945,30.690000534057617,25.04007911682129
2012-08-27,1974500,31.440000534057617,30.950000762939453,31.649999618530273,30.84000015258789,25.11311149597168
2012-08-24,2018000,30.829999923706055,31.34000015258789,31.729999542236328,30.790000915527344,25.4295597076416
2012-08-23,2528600,31.719999313354492,31.040000915527344,31.889999389648438,30.8700008392334,25.186134338378906
2012-08-22,2702600,32.0,31.709999084472656,32.099998474121094,31.239999771118164,25.729774475097656
2012-08-21,3389500,32.38999938964844,32.16999816894531,33.18000030517578,32.060001373291016,26.103029251098633
2012-08-20,2145600,31.950000762939453,32.15999984741211,32.2400016784668,31.729999542236328,26.09491729736328
2012-08-17,2298700,31.969999313354492,31.899999618530273,32.130001068115234,31.770000457763672,25.88395118713379
2012-08-16,2677300,31.3700008392334,31.93000030517578,32.029998779296875,31.139999389648438,25.90829086303711
2012-08-15,2226200,30.899999618530273,31.15999984741211,31.329999923706055,30.790000915527344,25.283504486083984
2012-08-14,2775200,30.700000762939453,30.959999084472656,31.110000610351562,30.6299991607666,25.1212215423584
2012-08-13,2934000,31.25,30.350000381469727,31.43000030517578,30.06999969482422,24.62626075744629
2012-08-10,3291300,31.1299991607666,31.219999313354492,31.270000457763672,30.75,25.332189559936523
2012-08-09,6058000,30.190000534057617,31.6299991607666,31.850000381469727,30.15999984741211,25.664867401123047
2012-08-08,4102400,29.81999969482422,29.809999465942383,30.360000610351562,29.700000762939453,24.188100814819336
2012-08-07,4887400,28.8799991607666,30.040000915527344,30.1200008392334,28.770000457763672,24.374727249145508
2012-08-06,2708700,27.979999542236328,28.65999984741211,28.889999389648438,27.920000076293945,23.254981994628906
2012-08-03,2329100,27.329999923706055,27.889999389648438,28.139999389648438,27.31999969482422,22.63019561767578
2012-08-02,2388000,27.049999237060547,26.610000610351562,27.209999084472656,26.530000686645508,21.59159278869629
2012-08-01,2898000,27.579999923706055,27.479999542236328,27.90999984741211,27.049999237060547,22.297523498535156
2012-07-31,2360400,28.040000915527344,27.25,28.1299991607666,27.219999313354492,22.11090087890625
2012-07-30,2745400,27.989999771118164,28.049999237060547,28.270000457763672,27.809999465942383,22.760021209716797
2012-07-27,4585600,27.799999237060547,28.010000228881836,28.06999969482422,27.489999771118164,22.727563858032227
2012-07-26,4385400,27.579999923706055,27.549999237060547,27.790000915527344,27.219999313354492,22.35431671142578
2012-07-25,2426500,27.420000076293945,27.06999969482422,27.559999465942383,26.8700008392334,21.964839935302734
2012-07-24,4727900,28.15999984741211,27.079999923706055,28.450000762939453,26.729999542236328,21.97295570373535
2012-07-23,3670300,27.540000915527344,28.260000228881836,28.31999969482422,26.93000030517578,22.930423736572266
2012-07-20,4138700,28.260000228881836,28.420000076293945,28.489999771118164,28.059999465942383,23.060239791870117
2012-07-19,5923400,28.290000915527344,28.729999542236328,28.84000015258789,28.059999465942383,23.311779022216797
2012-07-18,7883400,26.8700008392334,27.770000457763672,28.18000030517578,26.81999969482422,22.53282928466797
2012-07-17,5594800,26.309999465942383,27.010000228881836,27.079999923706055,26.030000686645508,21.91615867614746
2012-07-16,3674600,26.010000228881836,26.15999984741211,26.329999923706055,25.760000228881836,21.226463317871094
2012-07-13,2884000,25.829999923706055,26.049999237060547,26.299999237060547,25.770000457763672,21.1372013092041
2012-07-12,4983700,25.399999618530273,25.6200008392334,25.8799991607666,25.200000762939453,20.788297653198242
2012-07-11,5616400,25.40999984741211,25.8799991607666,26.100000381469727,25.31999969482422,20.999263763427734
2012-07-10,3490800,26.0,25.280000686645508,26.15999984741211,25.010000228881836,20.512422561645508
2012-07-09,3354400,26.020000457763672,25.790000915527344,26.100000381469727,25.6200008392334,20.926240921020508
2012-07-06,3198700,26.56999969482422,26.09000015258789,26.6299991607666,25.950000762939453,21.169662475585938
2012-07-05,2832700,27.8799991607666,27.18000030517578,28.1200008392334,27.15999984741211,22.054096221923828
2012-07-03,3196700,27.489999771118164,28.100000381469727,28.200000762939453,27.389999389648438,22.800596237182617
2012-07-02,1974400,26.899999618530273,26.809999465942383,26.899999618530273,26.3799991607666,21.753877639770508
2012-06-29,3731800,27.110000610351562,26.850000381469727,27.299999237060547,26.549999237060547,21.786327362060547
2012-06-28,4196700,25.75,25.719999313354492,25.84000015258789,25.1299991607666,20.86943817138672
2012-06-27,3141500,26.110000610351562,25.90999984741211,26.31999969482422,25.790000915527344,21.02360725402832
2012-06-26,2675400,26.0,25.90999984741211,26.25,25.68000030517578,21.02360725402832
2012-06-25,2299800,25.829999923706055,25.920000076293945,26.040000915527344,25.469999313354492,21.03171730041504
2012-06-22,2929100,26.260000228881836,26.34000015258789,26.389999389648438,25.850000381469727,21.372512817382812
2012-06-21,4639600,27.549999237060547,25.799999237060547,27.729999542236328,25.770000457763672,20.93435287475586
2012-06-20,3354900,28.3799991607666,27.770000457763672,28.510000228881836,27.420000076293945,22.53282928466797
2012-06-19,3148700,27.899999618530273,28.280000686645508,28.530000686645508,27.81999969482422,22.946645736694336
2012-06-18,4847800,26.760000228881836,27.6299991607666,28.170000076293945,26.639999389648438,22.419231414794922
2012-06-15,2111800,26.8700008392334,27.079999923706055,27.1299991607666,26.68000030517578,21.97295570373535
2012-06-14,2495800,26.5,26.649999618530273,26.75,26.360000610351562,21.624048233032227
2012-06-13,3121800,26.6299991607666,26.3799991607666,27.09000015258789,26.260000228881836,21.404970169067383
2012-06-12,3265400,27.100000381469727,26.920000076293945,27.270000457763672,26.780000686645508,21.757932662963867
2012-06-11,2937800,27.8700008392334,26.790000915527344,27.899999618530273,26.780000686645508,21.65285873413086
2012-06-08,3743800,27.329999923706055,27.389999389648438,27.579999923706055,27.059999465942383,22.137802124023438
2012-06-07,4972200,29.329999923706055,27.969999313354492,29.65999984741211,27.950000762939453,22.60659408569336
2012-06-06,4443700,28.600000381469727,28.639999389648438,29.1200008392334,28.260000228881836,23.148115158081055
2012-06-05,2945900,27.459999084472656,27.989999771118164,28.350000381469727,27.459999084472656,22.62274932861328
2012-06-04,2797600,27.520000457763672,27.559999465942383,27.68000030517578,26.829999923706055,22.27520751953125
2012-06-01,4636600,27.93000030517578,27.420000076293945,27.969999313354492,26.8700008392334,22.16205406188965
2012-05-31,4895500,29.030000686645508,28.579999923706055,29.229999542236328,28.059999465942383,23.099618911743164
2012-05-30,5054100,30.579999923706055,28.979999542236328,30.579999923706055,28.899999618530273,23.422908782958984
2012-05-29,2275300,31.049999237060547,31.34000015258789,31.770000457763672,31.020000457763672,25.330371856689453
2012-05-25,3134300,30.6299991607666,30.75,30.93000030517578,30.479999542236328,24.853506088256836
2012-05-24,3076100,30.90999984741211,30.65999984741211,31.0,30.100000381469727,24.78076171875
2012-05-23,3758000,29.6299991607666,30.729999542236328,30.760000228881836,29.360000610351562,24.83734130859375
2012-05-22,4462300,30.200000762939453,30.3700008392334,30.829999923706055,30.049999237060547,24.546377182006836
2012-05-21,1556500,29.440000534057617,30.270000457763672,30.31999969482422,29.440000534057617,24.465553283691406
2012-05-18,3624700,29.610000610351562,29.360000610351562,29.979999542236328,29.200000762939453,23.73004150390625
2012-05-17,4200800,29.270000457763672,29.18000030517578,29.670000076293945,29.040000915527344,23.58456039428711
2012-05-16,4522400,29.280000686645508,28.940000534057617,29.920000076293945,28.709999084472656,23.39058494567871
2012-05-15,2667100,30.139999389648438,29.25,30.149999618530273,29.149999618530273,23.641141891479492
2012-05-14,2589000,30.219999313354492,30.190000534057617,30.59000015258789,30.0,24.400888442993164
2012-05-11,2729300,30.889999389648438,30.979999542236328,31.770000457763672,30.760000228881836,25.039403915405273
2012-05-10,3049500,31.079999923706055,31.079999923706055,31.530000686645508,30.899999618530273,25.120223999023438
2012-05-09,3465500,29.93000030517578,30.65999984741211,30.950000762939453,29.799999237060547,24.78076171875
2012-05-08,4447600,31.510000228881836,30.75,31.549999237060547,30.329999923706055,24.853506088256836
2012-05-07,3300000,31.649999618530273,31.829999923706055,31.90999984741211,31.280000686645508,25.72640609741211
2012-05-04,7533800,31.90999984741211,31.809999465942383,32.349998474121094,31.450000762939453,25.71024513244629
2012-05-03,3704000,33.810001373291016,33.310001373291016,34.349998474121094,33.189998626708984,26.92261505126953
2012-05-02,2617600,34.79999923706055,34.41999816894531,34.79999923706055,34.189998626708984,27.81976890563965
2012-05-01,2327800,34.900001525878906,35.15999984741211,35.400001525878906,34.7400016784668,28.417861938476562
2012-04-30,3845300,33.68000030517578,34.75,34.790000915527344,33.63999938964844,28.08648109436035
2012-04-27,3042100,33.279998779296875,33.97999954223633,34.099998474121094,33.2400016784668,27.464136123657227
2012-04-26,3756000,32.779998779296875,33.099998474121094,33.22999954223633,32.47999954223633,26.75288200378418
2012-04-25,4692700,32.2599983215332,32.86000061035156,32.95000076293945,31.899999618530273,26.558900833129883
2012-04-24,5542200,31.8799991607666,31.68000030517578,32.0,31.559999465942383,25.60517692565918
2012-04-23,3240400,31.719999313354492,31.770000457763672,32.189998626708984,31.459999084472656,25.677921295166016
2012-04-20,2315900,32.7400016784668,32.2400016784668,32.88999938964844,32.15999984741211,26.05779457092285
2012-04-19,2881800,32.4900016784668,32.33000183105469,33.060001373291016,32.150001525878906,26.130529403686523
2012-04-18,2252500,32.7400016784668,32.47999954223633,33.0099983215332,32.220001220703125,26.25176429748535
2012-04-17,2750600,32.36000061035156,32.91999816894531,33.18000030517578,32.34000015258789,26.607393264770508
2012-04-16,3066300,32.130001068115234,31.889999389648438,32.40999984741211,31.739999771118164,25.7749080657959
2012-04-13,4419600,32.970001220703125,31.989999771118164,33.0099983215332,31.93000030517578,25.85572624206543
2012-04-12,4154200,31.729999542236328,33.150001525878906,33.290000915527344,31.649999618530273,26.79329490661621
2012-04-11,3599800,31.299999237060547,31.510000228881836,31.860000610351562,31.25,25.4677734375
2012-04-10,3663100,31.6299991607666,31.15999984741211,31.81999969482422,30.6299991607666,25.184886932373047
2012-04-09,3049900,31.270000457763672,31.790000915527344,32.11000061035156,31.25,25.69408416748047
2012-04-05,4086900,32.83000183105469,32.029998779296875,32.959999084472656,31.68000030517578,25.8880558013916
2012-04-04,3849400,32.720001220703125,32.79999923706055,33.31999969482422,32.650001525878906,26.510404586791992
2012-04-03,2977100,34.0099983215332,33.45000076293945,34.08000183105469,33.209999084472656,27.035768508911133
2012-04-02,3282100,33.459999084472656,34.02000045776367,34.18000030517578,33.209999084472656,27.49646759033203
2012-03-30,3652100,33.06999969482422,33.18000030517578,33.2400016784668,32.56999969482422,26.817537307739258
2012-03-29,4954200,32.720001220703125,32.56999969482422,32.86000061035156,32.09000015258789,26.324508666992188
2012-03-28,3551000,33.27000045776367,32.88999938964844,33.40999984741211,32.779998779296875,26.583148956298828
2012-03-27,3335900,33.7400016784668,33.470001220703125,33.7400016784668,33.209999084472656,27.05192756652832
2012-03-26,4118300,34.09000015258789,33.59000015258789,34.18000030517578,33.54999923706055,27.148921966552734
2012-03-23,3683600,33.790000915527344,33.66999816894531,33.86000061035156,33.38999938964844,27.213581085205078
2012-03-22,5520000,34.40999984741211,33.66999816894531,34.5099983215332,33.63999938964844,27.213581085205078
2012-03-21,2353200,35.09000015258789,35.279998779296875,35.36000061035156,34.83000183105469,28.51484489440918
2012-03-20,3298500,35.43000030517578,35.150001525878906,35.45000076293945,35.0099983215332,28.409780502319336
2012-03-19,2372400,35.380001068115234,35.90999984741211,36.040000915527344,35.06999969482422,29.024044036865234
2012-03-16,3502200,34.75,35.40999984741211,35.54999923706055,34.66999816894531,28.619924545288086
2012-03-15,3384800,34.36000061035156,34.560001373291016,34.65999984741211,34.11000061035156,27.93291664123535
2012-03-14,3824000,35.59000015258789,34.41999816894531,35.88999938964844,34.36000061035156,27.73490333557129
2012-03-13,3447300,34.59000015258789,35.13999938964844,35.22999954223633,34.310001373291016,28.315053939819336
2012-03-12,3868900,35.43000030517578,34.63999938964844,35.72999954223633,34.400001525878906,27.912166595458984
2012-03-09,2582900,35.83000183105469,35.77000045776367,36.04999923706055,35.619998931884766,28.82270050048828
2012-03-08,3893700,35.75,35.61000061035156,36.13999938964844,35.04999923706055,28.693775177001953
2012-03-07,4219200,35.220001220703125,35.16999816894531,35.529998779296875,34.619998931884766,28.339231491088867
2012-03-06,5584000,35.08000183105469,35.2599983215332,35.31999969482422,34.4900016784668,28.411741256713867
2012-03-05,4027300,36.72999954223633,35.869998931884766,36.7400016784668,35.630001068115234,28.903282165527344
2012-03-02,2676600,37.709999084472656,36.779998779296875,37.720001220703125,36.75,29.636533737182617
2012-03-01,2469600,37.38999938964844,37.959999084472656,38.0099983215332,36.959999084472656,30.587350845336914
2012-02-29,3466800,37.619998931884766,37.11000061035156,38.22999954223633,37.029998779296875,29.902442932128906
2012-02-28,2334000,37.79999923706055,37.66999816894531,37.970001220703125,37.380001068115234,30.35367774963379
2012-02-27,2498900,37.810001373291016,37.650001525878906,37.90999984741211,37.279998779296875,30.337554931640625
2012-02-24,2951500,38.470001220703125,38.02000045776367,38.59000015258789,37.939998626708984,30.635696411132812
2012-02-23,2061800,38.279998779296875,38.47999954223633,38.619998931884766,37.91999816894531,31.006362915039062
2012-02-22,3056400,37.77000045776367,38.13999938964844,38.29999923706055,37.7400016784668,30.732383728027344
2012-02-21,2384400,37.939998626708984,38.060001373291016,38.06999969482422,37.619998931884766,30.66793441772461
2012-02-17,2230500,37.540000915527344,37.560001373291016,37.70000076293945,37.02000045776367,30.265043258666992
2012-02-16,2373300,36.400001525878906,37.209999084472656,37.2599983215332,36.349998474121094,29.983013153076172
2012-02-15,4177800,36.7400016784668,36.47999954223633,36.79999923706055,36.189998626708984,29.394798278808594
2012-02-14,10052700,36.970001220703125,36.40999984741211,37.09000015258789,36.029998779296875,29.33839988708496
2012-02-13,2890500,38.060001373291016,38.2400016784668,38.310001373291016,37.88999938964844,30.812971115112305
2012-02-10,2614400,37.810001373291016,37.65999984741211,38.04999923706055,37.25,30.345623016357422
2012-02-09,3713100,38.310001373291016,38.41999816894531,38.54999923706055,37.869998931884766,30.9580078125
2012-02-08,4287400,38.91999816894531,38.09000015258789,38.959999084472656,37.79999923706055,30.69209861755371
2012-02-07,10029600,40.36000061035156,38.7400016784668,40.40999984741211,38.369998931884766,31.21586036682129
2012-02-06,3629700,40.54999923706055,40.5,40.81999969482422,40.150001525878906,32.634037017822266
2012-02-03,3405900,40.720001220703125,41.060001373291016,41.380001068115234,40.4900016784668,33.08527755737305
2012-02-02,3990500,40.040000915527344,40.43000030517578,40.47999954223633,39.869998931884766,32.57762145996094
2012-02-01,2424900,39.88999938964844,40.130001068115234,40.310001373291016,39.650001525878906,32.33589172363281
2012-01-31,3401300,40.41999816894531,39.61000061035156,40.41999816894531,38.880001068115234,31.91689109802246
2012-01-30,2428800,39.529998779296875,39.77000045776367,39.939998626708984,39.150001525878906,32.04581069946289
2012-01-27,2675700,39.900001525878906,40.20000076293945,40.56999969482422,39.849998474121094,32.39229202270508
2012-01-26,3860300,40.5,40.06999969482422,40.70000076293945,39.79999923706055,32.28755187988281
2012-01-25,3539500,39.15999984741211,40.130001068115234,40.15999984741211,38.630001068115234,32.33589172363281
2012-01-24,2706700,39.45000076293945,39.560001373291016,40.06999969482422,39.18000030517578,31.876596450805664
2012-01-23,3097600,38.84000015258789,39.88999938964844,40.040000915527344,38.720001220703125,32.14249038696289
2012-01-20,2494500,38.619998931884766,38.5099983215332,38.68000030517578,38.310001373291016,31.030532836914062
2012-01-19,3262900,38.529998779296875,38.81999969482422,39.08000183105469,38.36000061035156,31.280315399169922
2012-01-18,3811200,37.02000045776367,38.31999969482422,38.380001068115234,37.02000045776367,30.877443313598633
2012-01-17,2739900,37.779998779296875,37.20000076293945,37.790000915527344,36.869998931884766,29.974956512451172
2012-01-13,3537600,37.209999084472656,37.040000915527344,37.31999969482422,36.15999984741211,29.84604263305664
2012-01-12,3202900,37.88999938964844,37.689998626708984,38.310001373291016,37.439998626708984,30.369794845581055
2012-01-11,3301900,38.47999954223633,37.630001068115234,38.88999938964844,37.34000015258789,30.32144546508789
2012-01-10,2823700,39.279998779296875,38.880001068115234,39.33000183105469,38.7599983215332,31.32867431640625
2012-01-09,2097400,37.83000183105469,38.4900016784668,38.54999923706055,37.75,31.014419555664062
2012-01-06,2459400,38.2400016784668,38.08000183105469,38.36000061035156,37.650001525878906,30.68404769897461
2012-01-05,2369800,38.560001373291016,38.599998474121094,38.91999816894531,38.25,31.103055953979492
2012-01-04,2861200,38.97999954223633,39.29999923706055,39.369998931884766,38.720001220703125,31.667085647583008
2012-01-03,3361800,38.20000076293945,39.38999938964844,39.56999969482422,38.20000076293945,31.73961067199707
2011-12-30,1759000,36.529998779296875,37.369998931884766,37.439998626708984,36.5,30.11194610595703
2011-12-29,1694600,35.959999084472656,36.61000061035156,36.689998626708984,35.849998474121094,29.499553680419922
2011-12-28,1446700,37.0099983215332,35.91999816894531,37.119998931884766,35.86000061035156,28.943561553955078
2011-12-27,787500,37.0,37.0099983215332,37.29999923706055,36.86000061035156,29.821866989135742
2011-12-23,1274600,37.18000030517578,36.97999954223633,37.290000915527344,36.779998779296875,29.797691345214844
2011-12-22,2944900,35.95000076293945,37.060001373291016,37.119998931884766,35.900001525878906,29.862159729003906
2011-12-21,2803200,35.189998626708984,35.810001373291016,35.86000061035156,35.08000183105469,28.854928970336914
2011-12-20,2758700,34.88999938964844,35.2599983215332,35.7599983215332,34.81999969482422,28.411741256713867
2011-12-19,2781200,34.95000076293945,33.83000183105469,35.08000183105469,33.720001220703125,27.25948715209961
2011-12-16,3430700,34.0099983215332,34.88999938964844,34.959999084472656,33.970001220703125,28.113615036010742
2011-12-15,3112800,34.45000076293945,33.90999984741211,34.560001373291016,33.5,27.323945999145508
2011-12-14,4880400,34.5099983215332,33.70000076293945,35.02000045776367,33.58000183105469,27.15473175048828
2011-12-13,3589300,36.5099983215332,35.560001373291016,37.119998931884766,35.0099983215332,28.580968856811523
2011-12-12,2293500,36.02000045776367,36.27000045776367,36.310001373291016,35.439998626708984,29.151611328125
2011-12-09,2528700,36.06999969482422,37.0,37.209999084472656,36.04999923706055,29.738353729248047
2011-12-08,3589500,37.220001220703125,36.189998626708984,37.81999969482422,36.02000045776367,29.087322235107422
2011-12-07,2583100,37.630001068115234,37.84000015258789,38.0,36.810001373291016,30.413480758666992
2011-12-06,2722800,37.470001220703125,37.7599983215332,38.25,36.939998626708984,30.34918975830078
2011-12-05,2150200,37.88999938964844,37.68000030517578,38.33000183105469,37.31999969482422,30.284894943237305
2011-12-02,1837900,37.84000015258789,37.060001373291016,37.939998626708984,36.959999084472656,29.786579132080078
2011-12-01,2695700,37.27000045776367,37.31999969482422,37.970001220703125,37.04999923706055,29.99553680419922
2011-11-30,4187400,36.880001068115234,37.34000015258789,37.38999938964844,36.58000183105469,30.01161766052246
2011-11-29,3267100,34.2599983215332,35.2599983215332,35.38999938964844,34.09000015258789,28.339834213256836
2011-11-28,4175200,34.650001525878906,34.040000915527344,34.88999938964844,33.790000915527344,27.359285354614258
2011-11-25,2218600,32.970001220703125,32.63999938964844,33.38999938964844,32.61000061035156,26.23404312133789
2011-11-23,3755500,34.279998779296875,33.310001373291016,34.310001373291016,33.029998779296875,26.772554397583008
2011-11-22,2810600,35.16999816894531,34.83000183105469,35.470001220703125,34.58000183105469,27.994237899780273
2011-11-21,4026100,35.15999984741211,35.150001525878906,35.290000915527344,34.36000061035156,28.251428604125977
2011-11-18,2854200,36.66999816894531,36.04999923706055,37.0,35.75,28.974796295166016
2011-11-17,4140200,37.630001068115234,36.209999084472656,38.08000183105469,35.880001068115234,29.103391647338867
2011-11-16,5501400,36.709999084472656,37.79999923706055,38.720001220703125,36.54999923706055,30.38134002685547
2011-11-15,3463000,36.290000915527344,36.689998626708984,36.88999938964844,36.060001373291016,29.48918914794922
2011-11-14,2809300,36.93000030517578,36.75,37.20000076293945,36.380001068115234,29.53740882873535
2011-11-11,2174700,37.060001373291016,37.2400016784668,37.720001220703125,36.86000061035156,29.931249618530273
2011-11-10,4724200,36.939998626708984,36.529998779296875,37.2599983215332,35.900001525878906,29.3605899810791
2011-11-09,4591900,36.61000061035156,36.22999954223633,37.61000061035156,36.16999816894531,29.11946678161621
2011-11-08,4502300,37.81999969482422,38.220001220703125,38.36000061035156,37.369998931884766,30.718914031982422
2011-11-07,4884800,36.849998474121094,37.5,37.790000915527344,36.79999923706055,30.140213012695312
2011-11-04,4077400,37.040000915527344,37.060001373291016,37.5,36.380001068115234,29.786579132080078
2011-11-03,8044000,35.40999984741211,37.84000015258789,38.02000045776367,35.33000183105469,30.413480758666992
2011-11-02,3902800,34.189998626708984,34.45000076293945,34.75,33.95000076293945,27.688819885253906
2011-11-01,5621500,32.83000183105469,33.40999984741211,33.93000030517578,32.709999084472656,26.852922439575195
2011-10-31,3084800,36.20000076293945,35.349998474121094,36.40999984741211,35.31999969482422,28.41217803955078
2011-10-28,3212000,36.099998474121094,36.81999969482422,36.81999969482422,35.90999984741211,29.593677520751953
2011-10-27,4657200,36.20000076293945,36.380001068115234,36.7400016784668,35.70000076293945,29.24002456665039
2011-10-26,4670600,33.70000076293945,34.2599983215332,34.52000045776367,32.959999084472656,27.536102294921875
2011-10-25,3113600,34.45000076293945,33.36000061035156,34.529998779296875,33.2400016784668,26.8127384185791
2011-10-24,4059700,33.689998626708984,34.369998931884766,34.400001525878906,33.61000061035156,27.624515533447266
2011-10-21,3637200,32.86000061035156,33.400001525878906,33.439998626708984,32.529998779296875,26.844892501831055
2011-10-20,3762200,31.690000534057617,31.989999771118164,32.33000183105469,30.920000076293945,25.711612701416016
2011-10-19,3450800,32.470001220703125,31.920000076293945,32.849998474121094,31.700000762939453,25.655349731445312
2011-10-18,3707000,31.200000762939453,32.439998626708984,32.68000030517578,30.780000686645508,26.073299407958984
2011-10-17,3185800,32.560001373291016,31.270000457763672,32.61000061035156,31.15999984741211,25.132925033569336
2011-10-14,2990700,32.09000015258789,32.619998931884766,32.68000030517578,31.959999084472656,26.217967987060547
2011-10-13,3636400,31.170000076293945,31.059999465942383,31.299999237060547,30.440000534057617,24.964134216308594
2011-10-12,5152100,31.079999923706055,31.389999389648438,31.90999984741211,30.799999237060547,25.229373931884766
2011-10-11,4191000,30.420000076293945,30.239999771118164,30.489999771118164,29.979999542236328,24.30507469177246
2011-10-10,4204500,29.790000915527344,30.68000030517578,30.75,29.610000610351562,24.65871810913086
2011-10-07,5756400,30.59000015258789,29.1299991607666,30.780000686645508,29.040000915527344,23.412921905517578
2011-10-06,7509400,29.040000915527344,30.270000457763672,30.600000381469727,28.760000228881836,24.32918357849121
2011-10-05,9984600,27.6200008392334,29.540000915527344,29.75,27.31999969482422,23.742456436157227
2011-10-04,10900000,26.540000915527344,27.43000030517578,27.530000686645508,25.690000534057617,22.046571731567383
2011-10-03,6163900,28.90999984741211,27.59000015258789,28.90999984741211,27.5,22.175159454345703
2011-09-30,4261800,29.600000381469727,29.270000457763672,30.049999237060547,29.06999969482422,23.52544593811035
2011-09-29,4541800,30.709999084472656,30.34000015258789,30.940000534057617,29.56999969482422,24.38544464111328
2011-09-28,3177200,31.219999313354492,29.729999542236328,31.290000915527344,29.719999313354492,23.89516258239746
2011-09-27,4379700,31.850000381469727,31.079999923706055,32.56999969482422,30.979999542236328,24.980207443237305
2011-09-26,3159700,29.5,30.540000915527344,30.559999465942383,28.770000457763672,24.546192169189453
2011-09-23,4195800,29.709999084472656,29.399999618530273,30.18000030517578,29.25,23.629932403564453
2011-09-22,6217600,29.920000076293945,30.040000915527344,30.34000015258789,29.260000228881836,24.144325256347656
2011-09-21,4870800,33.06999969482422,31.739999771118164,33.41999816894531,31.739999771118164,25.510683059692383
2011-09-20,3623500,33.9900016784668,33.150001525878906,34.220001220703125,33.040000915527344,26.643951416015625
2011-09-19,3538200,34.11000061035156,33.880001068115234,34.15999984741211,33.27000045776367,27.23067855834961
2011-09-16,2600200,35.63999938964844,35.18000030517578,35.9900016784668,35.06999969482422,28.27554702758789
2011-09-15,3300600,35.290000915527344,35.77000045776367,35.88999938964844,35.099998474121094,28.749740600585938
2011-09-14,3778900,34.38999938964844,34.72999954223633,35.27000045776367,33.900001525878906,27.913860321044922
2011-09-13,4724700,33.959999084472656,34.310001373291016,34.47999954223633,33.66999816894531,27.503952026367188
2011-09-12,4372000,33.880001068115234,33.880001068115234,34.33000183105469,33.04999923706055,27.15925407409668
2011-09-09,3653300,35.33000183105469,34.349998474121094,35.5,34.11000061035156,27.536020278930664
2011-09-08,2979100,35.95000076293945,36.13999938964844,36.54999923706055,35.689998626708984,28.970945358276367
2011-09-07,2052500,35.58000183105469,36.18000030517578,36.220001220703125,35.43000030517578,29.002994537353516
2011-09-06,3805400,34.06999969482422,34.849998474121094,34.90999984741211,33.66999816894531,27.936830520629883
2011-09-02,2662200,35.79999923706055,35.5,36.5,35.33000183105469,28.4578914642334
2011-09-01,3483300,37.97999954223633,37.18000030517578,38.349998474121094,37.130001068115234,29.804630279541016
2011-08-31,3676000,37.40999984741211,37.66999816894531,38.220001220703125,37.13999938964844,30.19742774963379
2011-08-30,2998100,36.709999084472656,37.150001525878906,37.34000015258789,36.13999938964844,29.780588150024414
2011-08-29,2189000,36.400001525878906,36.869998931884766,37.06999969482422,36.34000015258789,29.556127548217773
2011-08-26,2993800,34.45000076293945,35.459999084472656,35.650001525878906,33.81999969482422,28.425827026367188
2011-08-25,2609500,36.380001068115234,34.810001373291016,36.380001068115234,34.58000183105469,27.904767990112305
2011-08-24,2743000,35.29999923706055,35.540000915527344,35.720001220703125,34.95000076293945,28.489961624145508
2011-08-23,5399200,33.650001525878906,35.34000015258789,35.369998931884766,33.5,28.329635620117188
2011-08-22,4391100,34.59000015258789,33.189998626708984,34.66999816894531,33.060001373291016,26.606128692626953
2011-08-19,4671900,33.70000076293945,33.43000030517578,34.77000045776367,33.400001525878906,26.79851722717285
2011-08-18,5125000,35.400001525878906,34.2599983215332,35.400001525878906,33.880001068115234,27.463869094848633
2011-08-17,2876800,37.08000183105469,36.849998474121094,37.619998931884766,36.5099983215332,29.54009246826172
2011-08-16,3692600,37.08000183105469,36.619998931884766,37.209999084472656,36.27000045776367,29.35572052001953
2011-08-15,2921200,37.18000030517578,37.68000030517578,37.93000030517578,36.959999084472656,30.20545768737793
2011-08-12,4457000,37.22999954223633,36.66999816894531,37.400001525878906,36.33000183105469,29.395797729492188
2011-08-11,5619400,35.70000076293945,36.709999084472656,37.06999969482422,34.9900016784668,29.427867889404297
2011-08-10,9182100,35.61000061035156,35.34000015258789,36.33000183105469,34.810001373291016,28.329635620117188
2011-08-09,8137400,33.88999938964844,35.61000061035156,35.619998931884766,33.22999954223633,28.54607391357422
2011-08-08,10601100,34.060001373291016,33.22999954223633,34.650001525878906,33.13999938964844,26.638195037841797
2011-08-05,6849800,37.2599983215332,36.02000045776367,37.4900016784668,35.02000045776367,28.87474250793457
2011-08-04,7153400,38.08000183105469,36.880001068115234,38.08000183105469,35.95000076293945,29.564151763916016
2011-08-03,5926700,38.56999969482422,38.13999938964844,38.7599983215332,37.2400016784668,30.574203491210938
2011-08-02,3253000,40.06999969482422,38.68000030517578,40.16999816894531,38.65999984741211,31.007083892822266
2011-08-01,2143100,41.33000183105469,40.02000045776367,41.52000045776367,39.7599983215332,32.08127212524414
2011-07-29,4114700,40.529998779296875,40.290000915527344,40.650001525878906,40.02000045776367,32.29771041870117
2011-07-28,3146800,41.36000061035156,41.20000076293945,42.060001373291016,41.04999923706055,33.027183532714844
2011-07-27,2751000,42.77000045776367,41.63999938964844,42.810001373291016,41.380001068115234,33.37990951538086
2011-07-26,2179600,43.68000030517578,43.02000045776367,43.9900016784668,42.900001525878906,34.48616027832031
2011-07-25,1655300,43.5099983215332,43.7599983215332,44.119998931884766,43.41999816894531,35.079368591308594
2011-07-22,2455700,43.68000030517578,43.77000045776367,43.880001068115234,43.45000076293945,35.08738327026367
2011-07-21,3094500,43.20000076293945,43.7400016784668,44.0,43.099998474121094,35.06333541870117
2011-07-20,2522300,42.790000915527344,42.88999938964844,43.11000061035156,42.650001525878906,34.3819465637207
2011-07-19,3903600,41.880001068115234,42.470001220703125,42.90999984741211,41.86000061035156,34.045249938964844
2011-07-18,2259200,40.97999954223633,41.16999816894531,41.400001525878906,40.560001373291016,33.00313949584961
2011-07-15,4488900,41.40999984741211,41.650001525878906,41.84000015258789,41.38999938964844,33.38792419433594
2011-07-14,3248800,41.7599983215332,40.84000015258789,41.90999984741211,40.66999816894531,32.73859786987305
2011-07-13,3654800,41.31999969482422,41.18000030517578,42.189998626708984,41.040000915527344,33.01115798950195
2011-07-12,2862400,40.4900016784668,40.650001525878906,41.38999938964844,40.439998626708984,32.5862922668457
2011-07-11,3254400,41.189998626708984,40.68000030517578,41.220001220703125,40.34000015258789,32.6103401184082
2011-07-08,5219700,42.63999938964844,42.029998779296875,42.97999954223633,41.65999984741211,33.69254684448242
2011-07-07,3056800,43.279998779296875,43.439998626708984,43.95000076293945,43.13999938964844,34.82284927368164
2011-07-06,1908800,42.93000030517578,42.59000015258789,42.95000076293945,42.34000015258789,34.14145278930664
2011-07-05,3223800,42.79999923706055,43.029998779296875,43.459999084472656,42.650001525878906,34.49417495727539
2011-07-01,2840400,41.83000183105469,42.33000183105469,42.66999816894531,41.36000061035156,33.93302917480469
2011-06-30,3325300,41.56999969482422,41.86000061035156,42.22999954223633,41.41999816894531,33.55625915527344
2011-06-29,3291300,40.65999984741211,41.220001220703125,41.38999938964844,40.15999984741211,33.043216705322266
2011-06-28,3067300,39.13999938964844,40.119998931884766,40.13999938964844,39.13999938964844,32.16143035888672
2011-06-27,2308300,38.4900016784668,38.810001373291016,38.95000076293945,38.34000015258789,31.111291885375977
2011-06-24,3257500,39.72999954223633,38.7599983215332,39.91999816894531,38.619998931884766,31.071218490600586
2011-06-23,4491800,39.27000045776367,39.720001220703125,39.790000915527344,38.5,31.840778350830078
2011-06-22,3935400,40.220001220703125,40.2400016784668,41.09000015258789,40.0,32.25764083862305
2011-06-21,3710100,39.11000061035156,40.22999954223633,40.63999938964844,39.099998474121094,32.249603271484375
2011-06-20,3132900,38.31999969482422,38.59000015258789,38.869998931884766,38.18000030517578,30.934940338134766
2011-06-17,3430700,39.029998779296875,38.81999969482422,39.459999084472656,38.630001068115234,31.11930274963379
2011-06-16,3480700,39.54999923706055,39.09000015258789,39.79999923706055,38.58000183105469,31.335752487182617
2011-06-15,3268000,40.06999969482422,39.70000076293945,40.7599983215332,39.34000015258789,31.82475471496582
2011-06-14,2331600,40.060001373291016,40.63999938964844,40.90999984741211,40.029998779296875,32.506134033203125
2011-06-13,3158600,40.2599983215332,39.599998474121094,40.400001525878906,38.9900016784668,31.674285888671875
2011-06-10,2733000,41.13999938964844,40.25,41.380001068115234,40.18000030517578,32.194183349609375
2011-06-09,2364100,41.33000183105469,41.5,41.790000915527344,41.0,33.19401168823242
2011-06-08,2874100,40.650001525878906,41.099998474121094,41.380001068115234,40.650001525878906,32.87406539916992
2011-06-07,2821700,41.0099983215332,40.720001220703125,41.58000183105469,40.689998626708984,32.57011413574219
2011-06-06,2765400,41.4900016784668,40.459999084472656,41.900001525878906,40.279998779296875,32.36214828491211
2011-06-03,3088900,40.880001068115234,41.63999938964844,41.81999969482422,40.209999084472656,33.30597686767578
2011-06-02,2903700,41.529998779296875,41.459999084472656,41.84000015258789,41.099998474121094,33.16200637817383
2011-06-01,4665500,43.65999984741211,41.650001525878906,43.7400016784668,41.4900016784668,33.31398391723633
2011-05-31,2941700,43.70000076293945,43.61000061035156,44.189998626708984,43.13999938964844,34.881710052490234
2011-05-27,2550600,42.65999984741211,42.56999969482422,43.099998474121094,42.380001068115234,34.049842834472656
2011-05-26,3196300,42.189998626708984,42.369998931884766,42.56999969482422,41.83000183105469,33.889869689941406
2011-05-25,3182400,41.400001525878906,42.27000045776367,42.52000045776367,41.22999954223633,33.80989456176758
2011-05-24,3061100,41.79999923706055,41.63999938964844,42.209999084472656,41.470001220703125,33.30597686767578
2011-05-23,3632100,41.209999084472656,41.15999984741211,41.38999938964844,40.84000015258789,32.922054290771484
2011-05-20,2757100,41.65999984741211,41.970001220703125,42.45000076293945,41.189998626708984,33.5699462890625
2011-05-19,2972400,42.29999923706055,41.81999969482422,42.36000061035156,41.47999954223633,33.449951171875
2011-05-18,4334200,41.65999984741211,41.95000076293945,42.43000030517578,41.13999938964844,33.5539436340332
2011-05-17,4527300,40.33000183105469,40.86000061035156,41.04999923706055,39.7599983215332,32.68210983276367
2011-05-16,4309600,40.43000030517578,40.650001525878906,41.599998474121094,40.2400016784668,32.51414108276367
2011-05-13,4664600,41.58000183105469,40.709999084472656,41.880001068115234,40.5,32.562129974365234
2011-05-12,5019300,41.439998626708984,41.58000183105469,42.06999969482422,41.029998779296875,33.25799560546875
2011-05-11,5197300,43.130001068115234,41.86000061035156,43.150001525878906,41.630001068115234,33.48195266723633
2011-05-10,3877500,43.900001525878906,43.13999938964844,43.900001525878906,43.06999969482422,34.50577926635742
2011-05-09,3427100,43.970001220703125,43.7599983215332,44.06999969482422,42.83000183105469,35.001678466796875
2011-05-06,4381600,42.70000076293945,43.619998931884766,44.560001373291016,42.38999938964844,34.88969421386719
2011-05-05,6071700,43.34000015258789,42.66999816894531,43.630001068115234,42.2599983215332,34.12983703613281
2011-05-04,4268600,45.15999984741211,44.13999938964844,45.15999984741211,43.77000045776367,35.30562973022461
2011-05-03,2974500,46.11000061035156,45.34000015258789,46.18000030517578,44.56999969482422,36.26544189453125
2011-05-02,2799800,46.959999084472656,46.31999969482422,47.31999969482422,46.040000915527344,37.04931640625
2011-04-29,2856300,45.560001373291016,46.959999084472656,47.119998931884766,45.34000015258789,37.56121826171875
2011-04-28,2923100,45.790000915527344,45.689998626708984,45.900001525878906,45.13999938964844,36.54539489746094
2011-04-27,3522800,46.36000061035156,45.97999954223633,46.36000061035156,45.099998474121094,36.77735900878906
2011-04-26,2700000,46.0,46.099998474121094,46.38999938964844,45.72999954223633,36.87333679199219
2011-04-25,2205400,46.720001220703125,45.95000076293945,46.900001525878906,45.560001373291016,36.75336837768555
2011-04-21,2081100,46.83000183105469,46.619998931884766,47.06999969482422,46.2400016784668,37.289268493652344
2011-04-20,2320000,45.959999084472656,46.41999816894531,46.54999923706055,45.91999816894531,37.129302978515625
2011-04-19,2698300,45.38999938964844,45.22999954223633,45.790000915527344,44.90999984741211,36.17747116088867
2011-04-18,4629700,44.560001373291016,45.11000061035156,45.41999816894531,43.380001068115234,36.08149719238281
2011-04-15,4203500,44.54999923706055,45.40999984741211,45.45000076293945,44.27000045776367,36.32144546508789
2011-04-14,8787300,45.099998474121094,44.349998474121094,45.11000061035156,44.0,35.47359085083008
2011-04-13,4163400,46.54999923706055,45.27000045776367,46.79999923706055,45.18000030517578,36.20945739746094
2011-04-12,3946900,46.7599983215332,46.06999969482422,46.7599983215332,45.31999969482422,36.84934997558594
2011-04-11,2702600,49.130001068115234,47.59000015258789,49.25,47.119998931884766,38.065120697021484
2011-04-08,3515900,48.97999954223633,49.43000030517578,49.779998779296875,48.7400016784668,39.536869049072266
2011-04-07,3007000,48.900001525878906,48.439998626708984,49.15999984741211,48.220001220703125,38.74501037597656
2011-04-06,2245500,50.02000045776367,49.209999084472656,50.25,48.779998779296875,39.36088562011719
2011-04-05,2198900,49.58000183105469,49.7599983215332,50.25,49.459999084472656,39.800811767578125
2011-04-04,2529300,49.15999984741211,49.060001373291016,49.63999938964844,48.849998474121094,39.24091720581055
2011-04-01,5793700,49.970001220703125,49.04999923706055,50.13999938964844,48.900001525878906,39.232913970947266
2011-03-31,2288900,49.880001068115234,49.43000030517578,50.15999984741211,49.34000015258789,39.536869049072266
2011-03-30,2155900,49.29999923706055,49.38999938964844,49.90999984741211,49.0,39.50486755371094
2011-03-29,2260300,47.790000915527344,48.810001373291016,48.91999816894531,47.36000061035156,39.040958404541016
2011-03-28,2432200,48.38999938964844,47.88999938964844,49.290000915527344,47.88999938964844,38.305084228515625
2011-03-25,3207000,49.02000045776367,48.720001220703125,49.31999969482422,48.58000183105469,38.968955993652344
2011-03-24,2742300,49.47999954223633,48.970001220703125,49.58000183105469,48.5099983215332,39.16893005371094
2011-03-23,2134100,49.33000183105469,49.310001373291016,49.720001220703125,48.7599983215332,39.44088363647461
2011-03-22,2328500,49.38999938964844,49.400001525878906,49.779998779296875,48.810001373291016,39.51287078857422
2011-03-21,2272100,49.66999816894531,49.7599983215332,50.099998474121094,49.36000061035156,39.800811767578125
2011-03-18,3386400,49.099998474121094,48.59000015258789,49.38999938964844,48.20000076293945,38.86498260498047
2011-03-17,4283800,47.56999969482422,48.88999938964844,49.08000183105469,46.86000061035156,39.10493850708008
2011-03-16,5593200,46.689998626708984,46.310001373291016,47.38999938964844,45.400001525878906,37.04131317138672
2011-03-15,5380300,43.7400016784668,46.709999084472656,46.880001068115234,43.54999923706055,37.289268493652344
2011-03-14,2981500,44.93000030517578,46.29999923706055,46.34000015258789,44.68000030517578,36.96196365356445
2011-03-11,3238400,44.900001525878906,46.459999084472656,47.04999923706055,44.880001068115234,37.08968734741211
2011-03-10,4190400,46.22999954223633,46.029998779296875,46.5,45.650001525878906,36.74641418457031
2011-03-09,2856500,48.08000183105469,47.849998474121094,48.59000015258789,47.36000061035156,38.199344635009766
2011-03-08,4273000,49.58000183105469,47.869998931884766,49.63999938964844,47.7400016784668,38.21531295776367
2011-03-07,5352200,50.790000915527344,49.47999954223633,52.040000915527344,49.439998626708984,39.5005989074707
2011-03-04,3896900,49.880001068115234,51.119998931884766,51.16999816894531,49.619998931884766,40.80984115600586
2011-03-03,6386700,50.22999954223633,49.400001525878906,50.369998931884766,48.91999816894531,39.436729431152344
2011-03-02,5661100,50.31999969482422,51.209999084472656,51.70000076293945,50.099998474121094,40.881683349609375
2011-03-01,5959800,50.36000061035156,50.189998626708984,50.47999954223633,49.93000030517578,40.06739044189453
2011-02-28,3061400,49.91999816894531,50.29999923706055,50.400001525878906,49.36000061035156,40.155216217041016
2011-02-25,3948900,48.400001525878906,49.369998931884766,49.619998931884766,48.119998931884766,39.412784576416016
2011-02-24,7878500,49.77000045776367,47.83000183105469,50.0099983215332,47.61000061035156,38.183380126953125
2011-02-23,4960300,48.529998779296875,48.709999084472656,49.720001220703125,48.349998474121094,38.885902404785156
2011-02-22,5438800,49.779998779296875,48.189998626708984,49.83000183105469,47.779998779296875,38.47077178955078
2011-02-18,2789400,48.43000030517578,47.900001525878906,48.65999984741211,47.41999816894531,38.23926544189453
2011-02-17,2740100,47.560001373291016,47.900001525878906,48.15999984741211,47.11000061035156,38.23926544189453
2011-02-16,4789200,45.7400016784668,47.22999954223633,47.79999923706055,45.58000183105469,37.70438766479492
2011-02-15,3629600,45.16999816894531,45.150001525878906,46.16999816894531,45.0,36.043907165527344
2011-02-14,2651600,43.97999954223633,44.900001525878906,45.040000915527344,43.869998931884766,35.844322204589844
2011-02-11,2269000,44.58000183105469,43.83000183105469,44.689998626708984,43.63999938964844,34.99012756347656
2011-02-10,2592100,43.5,44.369998931884766,44.47999954223633,43.5,35.42121124267578
2011-02-09,2184100,44.15999984741211,43.75,44.2400016784668,43.5099983215332,34.92626190185547
2011-02-08,1923000,44.31999969482422,44.02000045776367,44.34000015258789,43.599998474121094,35.141807556152344
2011-02-07,1842000,45.04999923706055,44.5,45.189998626708984,44.38999938964844,35.52499008178711
2011-02-04,2056700,45.36000061035156,44.63999938964844,45.540000915527344,44.29999923706055,35.63676071166992
2011-02-03,2567500,45.25,45.060001373291016,45.369998931884766,44.52000045776367,35.9720573425293
2011-02-02,2417800,45.45000076293945,44.779998779296875,45.68000030517578,44.68000030517578,35.74851989746094
2011-02-01,4591700,44.61000061035156,45.349998474121094,45.939998626708984,44.56999969482422,36.20355987548828
2011-01-31,4973800,43.189998626708984,44.52000045776367,44.84000015258789,43.130001068115234,35.54095458984375
2011-01-28,5059500,42.09000015258789,43.040000915527344,43.84000015258789,41.70000076293945,34.35945510864258
2011-01-27,2640600,42.380001068115234,42.150001525878906,42.599998474121094,42.060001373291016,33.64896011352539
2011-01-26,3615400,41.84000015258789,42.79999923706055,42.84000015258789,41.33000183105469,34.16786193847656
2011-01-25,2607800,41.970001220703125,41.47999954223633,42.0099983215332,41.040000915527344,33.11408615112305
2011-01-24,2302100,42.529998779296875,42.31999969482422,42.70000076293945,42.0,33.784671783447266
2011-01-21,3013100,42.279998779296875,42.63999938964844,42.849998474121094,42.220001220703125,34.04012680053711
2011-01-20,2666400,41.97999954223633,42.16999816894531,42.439998626708984,41.790000915527344,33.66492462158203
2011-01-19,2576400,42.75,42.45000076293945,42.970001220703125,42.369998931884766,33.88845443725586
2011-01-18,2441900,42.06999969482422,42.630001068115234,42.709999084472656,41.959999084472656,34.03213882446289
2011-01-14,3110400,41.689998626708984,41.91999816894531,41.959999084472656,41.31999969482422,33.46534729003906
2011-01-13,4987200,42.470001220703125,41.779998779296875,42.77000045776367,41.369998931884766,33.353572845458984
2011-01-12,5772500,43.34000015258789,42.529998779296875,43.56999969482422,42.45000076293945,33.95231246948242
2011-01-11,4380400,42.90999984741211,42.900001525878906,42.970001220703125,42.27000045776367,34.24768829345703
2011-01-10,5005300,40.66999816894531,41.900001525878906,42.09000015258789,40.66999816894531,33.44937515258789
2011-01-07,12414700,40.61000061035156,41.0099983215332,41.84000015258789,40.41999816894531,32.73887252807617
2011-01-06,3029000,44.34000015258789,43.099998474121094,44.61000061035156,42.90999984741211,34.407352447509766
2011-01-05,2097900,43.970001220703125,44.369998931884766,44.58000183105469,43.47999954223633,35.42121124267578
2011-01-04,2303700,45.2400016784668,44.150001525878906,45.310001373291016,43.7599983215332,35.24558639526367
2011-01-03,2271200,45.45000076293945,45.13999938964844,46.02000045776367,44.91999816894531,36.03590774536133
2010-12-31,1534400,44.29999923706055,44.41999816894531,44.65999984741211,43.939998626708984,35.46113204956055
2010-12-30,1255000,44.189998626708984,44.380001068115234,44.77000045776367,43.869998931884766,35.42919158935547
2010-12-29,2048800,44.25,44.290000915527344,44.65999984741211,43.81999969482422,35.35734176635742
2010-12-28,1222800,43.970001220703125,43.720001220703125,43.970001220703125,43.45000076293945,34.90230941772461
2010-12-27,1441100,43.97999954223633,43.560001373291016,44.099998474121094,43.2400016784668,34.77458190917969
2010-12-23,2020500,43.709999084472656,44.2400016784668,44.369998931884766,43.369998931884766,35.317440032958984
2010-12-22,2425900,43.209999084472656,43.790000915527344,44.04999923706055,43.130001068115234,34.958187103271484
2010-12-21,2016700,42.529998779296875,43.13999938964844,43.13999938964844,42.2400016784668,34.43928527832031
2010-12-20,2013200,42.529998779296875,42.40999984741211,42.86000061035156,42.040000915527344,33.85651779174805
2010-12-17,2738800,42.279998779296875,42.560001373291016,42.720001220703125,41.95000076293945,33.97626876831055
2010-12-16,2022900,42.209999084472656,42.52000045776367,42.650001525878906,41.84000015258789,33.94432067871094
2010-12-15,2154400,42.47999954223633,42.20000076293945,43.16999816894531,42.029998779296875,33.68888473510742
2010-12-14,2383100,43.029998779296875,42.77000045776367,43.41999816894531,42.400001525878906,34.084041595458984
2010-12-13,2351000,42.34000015258789,42.900001525878906,43.34000015258789,42.27000045776367,34.18764114379883
2010-12-10,2244000,42.15999984741211,41.900001525878906,42.54999923706055,41.70000076293945,33.39072799682617
2010-12-09,2474700,42.220001220703125,42.16999816894531,42.5,41.540000915527344,33.60589599609375
2010-12-08,2157400,42.380001068115234,41.689998626708984,42.689998626708984,41.59000015258789,33.22337341308594
2010-12-07,3499900,43.38999938964844,42.54999923706055,43.630001068115234,42.540000915527344,33.908714294433594
2010-12-06,2392200,41.97999954223633,42.540000915527344,42.689998626708984,41.869998931884766,33.900753021240234
2010-12-03,2175500,41.869998931884766,41.81999969482422,42.06999969482422,41.5099983215332,33.32695007324219
2010-12-02,2923300,40.68000030517578,41.689998626708984,41.900001525878906,40.369998931884766,33.22337341308594
2010-12-01,3753900,39.27000045776367,40.56999969482422,40.66999816894531,39.2599983215332,32.33082962036133
2010-11-30,2457800,38.400001525878906,38.459999084472656,38.900001525878906,38.27000045776367,30.649330139160156
2010-11-29,2535300,38.88999938964844,39.11000061035156,39.2599983215332,38.04999923706055,31.16732406616211
2010-11-26,828200,38.90999984741211,39.150001525878906,39.369998931884766,38.7599983215332,31.19921112060547
2010-11-24,1626900,38.84000015258789,39.349998474121094,39.459999084472656,38.560001373291016,31.35858726501465
2010-11-23,2184500,38.650001525878906,38.2400016784668,38.810001373291016,38.0099983215332,30.474002838134766
2010-11-22,2751000,39.79999923706055,39.34000015258789,39.93000030517578,38.65999984741211,31.350614547729492
2010-11-19,1756900,38.900001525878906,39.7599983215332,39.7599983215332,38.7599983215332,31.685314178466797
2010-11-18,2353500,38.369998931884766,39.13999938964844,39.43000030517578,38.349998474121094,31.191238403320312
2010-11-17,2538500,37.630001068115234,37.86000061035156,38.15999984741211,37.619998931884766,30.17117691040039
2010-11-16,3882100,38.369998931884766,37.81999969482422,38.369998931884766,37.369998931884766,30.13930320739746
2010-11-15,2573700,39.52000045776367,39.209999084472656,39.90999984741211,39.15999984741211,31.247018814086914
2010-11-12,3025900,39.7400016784668,39.400001525878906,40.13999938964844,38.790000915527344,31.3984317779541
2010-11-11,2461700,39.779998779296875,40.5,40.56999969482422,39.4900016784668,32.275047302246094
2010-11-10,2319900,39.58000183105469,39.970001220703125,39.9900016784668,38.88999938964844,31.85267448425293
2010-11-09,2852900,39.900001525878906,39.400001525878906,40.04999923706055,39.189998626708984,31.3984317779541
2010-11-08,2396500,39.15999984741211,39.529998779296875,39.7599983215332,38.810001373291016,31.502029418945312
2010-11-05,2818300,39.22999954223633,39.459999084472656,39.779998779296875,39.22999954223633,31.44624900817871
2010-11-04,4528400,38.29999923706055,39.2400016784668,39.31999969482422,38.2599983215332,31.27092742919922
2010-11-03,3037100,37.540000915527344,37.369998931884766,37.72999954223633,36.709999084472656,29.78069305419922
2010-11-02,2873900,37.06999969482422,37.459999084472656,37.59000015258789,36.720001220703125,29.8524169921875
2010-11-01,2276900,36.939998626708984,36.599998474121094,37.150001525878906,36.36000061035156,29.167078018188477
2010-10-29,2754500,35.61000061035156,36.470001220703125,36.529998779296875,35.61000061035156,29.0634708404541
2010-10-28,2032200,35.689998626708984,35.66999816894531,35.869998931884766,35.27000045776367,28.425947189331055
2010-10-27,1872600,35.13999938964844,35.27000045776367,35.439998626708984,34.63999938964844,28.107177734375
2010-10-26,2551800,35.619998931884766,35.540000915527344,35.709999084472656,35.33000183105469,28.32234764099121
2010-10-25,2929400,36.0,35.939998626708984,36.560001373291016,35.90999984741211,28.641103744506836
2010-10-22,3548600,36.02000045776367,35.7599983215332,36.13999938964844,35.4900016784668,28.497661590576172
2010-10-21,2777700,36.209999084472656,35.68000030517578,36.33000183105469,35.43000030517578,28.433910369873047
2010-10-20,2203300,36.209999084472656,36.0,36.33000183105469,35.79999923706055,28.688920974731445
2010-10-19,2483200,36.400001525878906,36.11000061035156,36.599998474121094,35.779998779296875,28.776588439941406
2010-10-18,2423900,36.97999954223633,37.2599983215332,37.380001068115234,36.869998931884766,29.69304656982422
2010-10-15,2083600,37.65999984741211,37.20000076293945,37.709999084472656,36.970001220703125,29.64522361755371
2010-10-14,2180400,37.79999923706055,37.5,37.900001525878906,37.16999816894531,29.884296417236328
2010-10-13,2922400,37.91999816894531,37.70000076293945,37.97999954223633,37.529998779296875,30.043676376342773
2010-10-12,2616700,36.900001525878906,37.470001220703125,37.66999816894531,36.75,29.860383987426758
2010-10-11,1683500,37.52000045776367,37.599998474121094,37.970001220703125,37.279998779296875,29.963987350463867
2010-10-08,2778900,36.900001525878906,37.540000915527344,37.619998931884766,36.63999938964844,29.916166305541992
2010-10-07,3021500,37.63999938964844,36.880001068115234,37.63999938964844,36.560001373291016,29.390220642089844
2010-10-06,3582000,36.689998626708984,37.52000045776367,37.599998474121094,36.540000915527344,29.900230407714844
2010-10-05,3504100,36.11000061035156,36.7599983215332,36.93000030517578,36.040000915527344,29.29457664489746
2010-10-04,3650400,35.81999969482422,35.560001373291016,36.22999954223633,35.16999816894531,28.338289260864258
2010-10-01,5419500,34.95000076293945,36.150001525878906,36.15999984741211,34.95000076293945,28.808456420898438
2010-09-30,4519200,34.790000915527344,34.599998474121094,34.97999954223633,33.75,27.5732421875
2010-09-29,3014500,33.54999923706055,34.33000183105469,34.5,33.52000045776367,27.35807991027832
2010-09-28,2245100,33.18000030517578,33.59000015258789,33.630001068115234,32.7400016784668,26.768362045288086
2010-09-27,1871900,33.25,33.22999954223633,33.41999816894531,32.95000076293945,26.481483459472656
2010-09-24,3828200,32.4900016784668,33.09000015258789,33.22999954223633,32.13999938964844,26.36989974975586
2010-09-23,2809400,32.18000030517578,32.0,32.41999816894531,31.8700008392334,25.501264572143555
2010-09-22,2902500,33.38999938964844,32.58000183105469,33.689998626708984,32.52000045776367,25.963476181030273
2010-09-21,2669800,33.58000183105469,33.459999084472656,33.66999816894531,33.09000015258789,26.664762496948242
2010-09-20,1665500,33.279998779296875,33.63999938964844,33.790000915527344,32.90999984741211,26.80820083618164
2010-09-17,2050100,33.5099983215332,33.20000076293945,33.66999816894531,32.720001220703125,26.457555770874023
2010-09-16,1819000,33.290000915527344,33.40999984741211,33.5,32.959999084472656,26.624914169311523
2010-09-15,2660600,33.47999954223633,33.310001373291016,33.56999969482422,33.150001525878906,26.545223236083984
2010-09-14,2377800,33.88999938964844,33.97999954223633,34.25,33.400001525878906,27.020977020263672
2010-09-13,3358600,33.54999923706055,34.06999969482422,34.189998626708984,33.20000076293945,27.092552185058594
2010-09-10,3595700,33.41999816894531,33.0,33.5,32.720001220703125,26.24167823791504
2010-09-09,1885700,33.619998931884766,33.290000915527344,33.81999969482422,33.119998931884766,26.472291946411133
2010-09-08,1903600,33.31999969482422,33.119998931884766,33.63999938964844,33.04999923706055,26.337106704711914
2010-09-07,1911300,33.880001068115234,33.20000076293945,33.959999084472656,32.9900016784668,26.40071678161621
2010-09-03,2022500,34.20000076293945,34.060001373291016,34.689998626708984,33.84000015258789,27.084598541259766
2010-09-02,1820600,33.400001525878906,33.779998779296875,33.779998779296875,33.16999816894531,26.86194610595703
2010-09-01,2385900,33.2400016784668,33.369998931884766,33.61000061035156,32.790000915527344,26.535907745361328
2010-08-31,2616000,32.20000076293945,32.09000015258789,32.61000061035156,31.84000015258789,25.518051147460938
2010-08-30,3385700,32.5,32.54999923706055,33.15999984741211,32.5,25.88383674621582
2010-08-27,3854400,31.40999984741211,32.83000183105469,32.90999984741211,31.06999969482422,26.10649871826172
2010-08-26,2989100,31.450000762939453,31.15999984741211,31.8700008392334,31.010000228881836,24.77850914001465
2010-08-25,3634200,30.690000534057617,31.200000762939453,31.25,30.0,24.81031608581543
2010-08-24,2761900,31.690000534057617,31.059999465942383,31.739999771118164,31.049999237060547,24.698989868164062
2010-08-23,2705300,32.310001373291016,32.099998474121094,32.709999084472656,32.029998779296875,25.5260009765625
2010-08-20,2281500,32.349998474121094,32.20000076293945,32.369998931884766,31.739999771118164,25.605520248413086
2010-08-19,2477700,33.189998626708984,32.7400016784668,33.38999938964844,32.56999969482422,26.034927368164062
2010-08-18,2344500,33.58000183105469,33.36000061035156,33.61000061035156,32.970001220703125,26.5279541015625
2010-08-17,3040500,33.27000045776367,33.630001068115234,33.959999084472656,32.91999816894531,26.742664337158203
2010-08-16,2112200,32.130001068115234,32.470001220703125,32.470001220703125,31.829999923706055,25.820226669311523
2010-08-13,3142000,32.529998779296875,32.150001525878906,32.84000015258789,32.0099983215332,25.565765380859375
2010-08-12,4682200,32.529998779296875,32.52000045776367,32.72999954223633,32.31999969482422,25.8599853515625
2010-08-11,3620000,34.380001068115234,33.209999084472656,34.380001068115234,33.0,26.408676147460938
2010-08-10,2651800,35.060001373291016,35.02000045776367,35.130001068115234,34.72999954223633,27.847990036010742
2010-08-09,1462600,35.58000183105469,35.880001068115234,35.9900016784668,35.25,28.5318660736084
2010-08-06,2300700,35.349998474121094,35.47999954223633,35.779998779296875,34.939998626708984,28.213783264160156
2010-08-05,2621700,36.04999923706055,36.02000045776367,36.470001220703125,36.0099983215332,28.643192291259766
2010-08-04,1940600,35.58000183105469,35.75,35.869998931884766,35.459999084472656,28.428489685058594
2010-08-03,2259200,35.119998931884766,35.470001220703125,35.65999984741211,34.83000183105469,28.205839157104492
2010-08-02,1800300,35.029998779296875,35.13999938964844,35.470001220703125,34.939998626708984,27.943416595458984
2010-07-30,2127900,34.31999969482422,34.41999816894531,34.65999984741211,33.93000030517578,27.370878219604492
2010-07-29,1825900,34.9900016784668,34.619998931884766,35.599998474121094,34.279998779296875,27.5299129486084
2010-07-28,1790200,35.36000061035156,34.66999816894531,35.7400016784668,34.54999923706055,27.569669723510742
2010-07-27,1197700,36.0,35.54999923706055,36.209999084472656,35.13999938964844,28.269451141357422
2010-07-26,1886200,35.38999938964844,35.59000015258789,35.66999816894531,35.130001068115234,28.30125617980957
2010-07-23,2002400,35.0,35.349998474121094,35.380001068115234,34.7599983215332,28.110408782958984
2010-07-22,2110300,34.939998626708984,35.18000030517578,35.310001373291016,34.619998931884766,27.9752197265625
2010-07-21,1973800,35.29999923706055,34.25,35.29999923706055,33.959999084472656,27.23569107055664
2010-07-20,1741800,33.83000183105469,34.880001068115234,34.97999954223633,33.79999923706055,27.736665725708008
2010-07-19,2553100,34.81999969482422,34.52000045776367,34.81999969482422,34.04999923706055,27.45039176940918
2010-07-16,2264300,35.16999816894531,34.5099983215332,35.279998779296875,34.2400016784668,27.442440032958984
2010-07-15,1947200,35.54999923706055,35.58000183105469,35.70000076293945,34.79999923706055,28.293310165405273
2010-07-14,1734300,35.540000915527344,35.599998474121094,35.939998626708984,35.16999816894531,28.309200286865234
2010-07-13,3307500,36.209999084472656,35.61000061035156,36.22999954223633,35.58000183105469,28.317163467407227
2010-07-12,1395600,35.31999969482422,35.369998931884766,35.7400016784668,34.97999954223633,28.12631607055664
2010-07-09,1812200,35.290000915527344,35.560001373291016,35.630001068115234,35.13999938964844,28.277406692504883
2010-07-08,2933000,34.75,35.18000030517578,35.2599983215332,34.34000015258789,27.9752197265625
2010-07-07,2163800,33.130001068115234,34.150001525878906,34.220001220703125,33.060001373291016,27.156164169311523
2010-07-06,3060700,33.189998626708984,32.95000076293945,33.36000061035156,32.45000076293945,26.201927185058594
2010-07-02,3073700,33.369998931884766,32.79999923706055,33.59000015258789,32.58000183105469,26.0826358795166
2010-07-01,2393700,33.900001525878906,33.220001220703125,34.060001373291016,32.47999954223633,26.416629791259766
2010-06-30,3506100,33.349998474121094,33.22999954223633,34.09000015258789,33.0,26.424583435058594
2010-06-29,3014000,34.45000076293945,33.279998779296875,34.45000076293945,33.040000915527344,26.464336395263672
2010-06-28,2108400,35.459999084472656,35.040000915527344,35.47999954223633,34.91999816894531,27.863903045654297
2010-06-25,2846400,35.43000030517578,35.459999084472656,35.939998626708984,34.81999969482422,28.197879791259766
2010-06-24,1997900,35.54999923706055,34.939998626708984,35.619998931884766,34.7400016784668,27.784374237060547
2010-06-23,2283900,35.279998779296875,35.599998474121094,35.880001068115234,35.09000015258789,28.309200286865234
2010-06-22,2406400,37.13999938964844,35.900001525878906,37.20000076293945,35.7400016784668,28.547775268554688
2010-06-21,2990200,37.7599983215332,37.02000045776367,38.31999969482422,36.720001220703125,29.43840789794922
2010-06-18,2287000,36.91999816894531,37.34000015258789,37.36000061035156,36.630001068115234,29.69287109375
2010-06-17,2377000,37.279998779296875,36.61000061035156,37.279998779296875,36.31999969482422,29.11236000061035
2010-06-16,2610800,36.56999969482422,36.959999084472656,37.34000015258789,36.439998626708984,29.39068603515625
2010-06-15,2106000,36.599998474121094,37.08000183105469,37.130001068115234,36.5099983215332,29.486116409301758
2010-06-14,2603000,36.790000915527344,36.13999938964844,37.220001220703125,36.040000915527344,28.738624572753906
2010-06-11,2387200,35.40999984741211,36.130001068115234,36.13999938964844,35.36000061035156,28.730667114257812
2010-06-10,3017300,35.209999084472656,36.040000915527344,36.08000183105469,35.209999084472656,28.65909767150879
2010-06-09,2843900,35.150001525878906,34.290000915527344,35.599998474121094,34.119998931884766,27.26749038696289
2010-06-08,3568600,33.9900016784668,34.56999969482422,34.61000061035156,33.439998626708984,27.433687210083008
2010-06-07,3272800,34.5099983215332,33.779998779296875,35.16999816894531,33.75,26.80677604675293
2010-06-04,3227400,35.04999923706055,34.52000045776367,36.209999084472656,34.27000045776367,27.394014358520508
2010-06-03,4921800,36.130001068115234,36.27000045776367,36.630001068115234,35.279998779296875,28.782756805419922
2010-06-02,3521800,33.7400016784668,35.400001525878906,35.400001525878906,33.7400016784668,28.09235191345215
2010-06-01,3833400,35.040000915527344,33.400001525878906,35.400001525878906,33.349998474121094,26.50522232055664
2010-05-28,5955400,34.900001525878906,34.72999954223633,35.380001068115234,34.470001220703125,27.560665130615234
2010-05-27,5460600,33.439998626708984,34.70000076293945,34.755001068115234,33.439998626708984,27.536855697631836
2010-05-26,6081800,32.92499923706055,32.630001068115234,33.404998779296875,32.48500061035156,25.89417266845703
2010-05-25,5952400,31.049999237060547,31.9950008392334,32.08000183105469,30.5049991607666,25.390247344970703
2010-05-24,2889000,32.64500045776367,31.799999237060547,32.8849983215332,31.795000076293945,25.23550033569336
2010-05-21,5752200,31.25,32.720001220703125,32.88999938964844,31.065000534057617,25.96558952331543
2010-05-20,7110800,32.255001068115234,31.809999465942383,32.71500015258789,31.309999465942383,25.243436813354492
2010-05-19,6803000,33.2599983215332,33.40999984741211,33.93000030517578,32.375,26.51314926147461
2010-05-18,4563600,35.26499938964844,34.10499954223633,35.584999084472656,33.88999938964844,27.064680099487305
2010-05-17,4631400,35.13999938964844,34.564998626708984,35.40999984741211,33.595001220703125,27.42972755432129
2010-05-14,3911200,35.1150016784668,35.07500076293945,35.13999938964844,34.1349983215332,27.834440231323242
2010-05-13,5754800,35.935001373291016,35.54999923706055,36.23500061035156,35.33000183105469,28.211389541625977
2010-05-12,5455000,36.1349983215332,36.125,36.4900016784668,35.665000915527344,28.667678833007812
2010-05-11,4476200,35.82500076293945,35.849998474121094,36.6150016784668,35.6349983215332,28.449453353881836
2010-05-10,4230600,36.13999938964844,36.13999938964844,36.68000030517578,35.709999084472656,28.679597854614258
2010-05-07,7449000,34.900001525878906,34.540000915527344,34.900001525878906,33.154998779296875,27.40989112854004
2010-05-06,6091600,35.59000015258789,34.584999084472656,36.290000915527344,32.529998779296875,27.445594787597656
2010-05-05,6918200,36.75,35.85499954223633,37.17499923706055,35.744998931884766,28.45343017578125
2010-05-04,3983600,38.209999084472656,37.560001373291016,38.27000045776367,37.255001068115234,29.80647087097168
2010-05-03,3812800,38.880001068115234,39.08000183105469,39.35499954223633,38.59000015258789,31.0126953125
2010-04-30,4653000,38.79499816894531,38.470001220703125,39.01499938964844,38.369998931884766,30.528615951538086
2010-04-29,4561200,38.150001525878906,38.63999938964844,38.94499969482422,38.05500030517578,30.66351890563965
2010-04-28,4666000,37.75,37.75,37.959999084472656,37.17499923706055,29.957239151000977
2010-04-27,3921800,38.54999923706055,37.525001525878906,38.845001220703125,37.459999084472656,29.778703689575195
2010-04-26,2476200,39.40999984741211,39.125,39.650001525878906,39.040000915527344,31.048398971557617
2010-04-23,2833200,38.92499923706055,39.28499984741211,39.35499954223633,38.595001220703125,31.17538070678711
2010-04-22,2603400,38.47999954223633,38.959999084472656,39.029998779296875,38.01499938964844,30.91745948791504
2010-04-21,2545600,39.0099983215332,38.82500076293945,39.2599983215332,38.494998931884766,30.810331344604492
2010-04-20,3140000,38.564998626708984,39.1349983215332,39.494998931884766,38.46500015258789,31.05632781982422
2010-04-19,3343000,37.21500015258789,37.869998931884766,38.005001068115234,37.15999984741211,30.052473068237305
2010-04-16,3795200,39.0,37.994998931884766,39.189998626708984,37.619998931884766,30.151660919189453
2010-04-15,3856200,39.61000061035156,39.26499938964844,40.1150016784668,39.150001525878906,31.15949821472168
2010-04-14,3339800,39.25,39.59000015258789,39.904998779296875,38.834999084472656,31.417415618896484
2010-04-13,2191200,38.994998931884766,39.04499816894531,39.2400016784668,38.66999816894531,30.984920501708984
2010-04-12,1878200,39.17499923706055,39.26499938964844,39.595001220703125,39.064998626708984,31.15949821472168
2010-04-09,3099800,39.44499969482422,39.42499923706055,39.65999984741211,39.119998931884766,31.28647232055664
2010-04-08,3268400,38.59000015258789,39.27000045776367,39.435001373291016,38.0,31.163461685180664
2010-04-07,2984600,39.33000183105469,38.935001373291016,39.41999816894531,38.689998626708984,30.897628784179688
2010-04-06,2674600,39.685001373291016,39.529998779296875,39.994998931884766,39.275001525878906,31.36979103088379
2010-04-05,3064800,39.310001373291016,39.80500030517578,39.94499969482422,39.130001068115234,31.588029861450195
2010-04-01,5048400,37.3849983215332,38.77000045776367,38.900001525878906,37.3849983215332,30.766685485839844
2010-03-31,3600800,36.540000915527344,37.02000045776367,37.185001373291016,36.44499969482422,29.377948760986328
2010-03-30,2126400,36.15999984741211,36.23500061035156,36.39500045776367,36.040000915527344,28.754987716674805
2010-03-29,2704600,35.150001525878906,36.0,36.099998474121094,35.150001525878906,28.568496704101562
2010-03-26,2889400,35.040000915527344,35.005001068115234,35.30500030517578,34.810001373291016,27.778894424438477
2010-03-25,2442800,35.630001068115234,35.040000915527344,35.77000045776367,35.0,27.806676864624023
2010-03-24,2789600,35.29499816894531,35.310001373291016,35.58000183105469,35.130001068115234,28.02092742919922
2010-03-23,2473400,35.90999984741211,35.744998931884766,35.93000030517578,35.2599983215332,28.366130828857422
2010-03-22,2354400,35.48500061035156,35.709999084472656,35.79999923706055,35.25,28.338361740112305
2010-03-19,2569400,36.06999969482422,36.06999969482422,36.61000061035156,35.650001525878906,28.624042510986328
2010-03-18,2323800,36.880001068115234,36.375,37.07500076293945,36.17499923706055,28.86607551574707
2010-03-17,3075600,36.70000076293945,36.974998474121094,37.18000030517578,36.685001373291016,29.342226028442383
2010-03-16,1967200,36.125,36.45500183105469,36.47999954223633,35.93000030517578,28.9295654296875
2010-03-15,2931000,36.529998779296875,35.91999816894531,36.529998779296875,35.529998779296875,28.50501251220703
2010-03-12,3094200,36.7599983215332,36.65999984741211,37.2400016784668,36.43000030517578,29.09225082397461
2010-03-11,2206400,36.54999923706055,36.75,36.79999923706055,36.505001068115234,29.16366958618164
2010-03-10,3489800,36.45000076293945,36.77000045776367,37.005001068115234,36.32500076293945,29.179542541503906
2010-03-09,3316400,35.88999938964844,36.375,36.55500030517578,35.834999084472656,28.747047424316406
2010-03-08,2972800,36.53499984741211,36.10499954223633,36.58000183105469,35.939998626708984,28.533676147460938
2010-03-05,4549200,35.29499816894531,36.1150016784668,36.36000061035156,35.279998779296875,28.541574478149414
2010-03-04,5150200,34.95500183105469,34.974998474121094,35.21500015258789,34.6349983215332,27.64063262939453
2010-03-03,2838400,34.869998931884766,34.7599983215332,35.154998779296875,34.68000030517578,27.47072410583496
2010-03-02,3156400,34.744998931884766,34.66999816894531,35.06999969482422,34.60499954223633,27.399593353271484
2010-03-01,2931800,34.125,34.540000915527344,34.66999816894531,34.125,27.296859741210938
2010-02-26,2504800,33.775001525878906,33.915000915527344,34.029998779296875,33.349998474121094,26.802927017211914
2010-02-25,3006000,33.0,33.75,33.79499816894531,32.630001068115234,26.672521591186523
2010-02-24,2673600,33.775001525878906,33.80500030517578,34.13999938964844,33.58000183105469,26.715988159179688
2010-02-23,3856800,34.5,33.69499969482422,34.58000183105469,33.54499816894531,26.62905502319336
2010-02-22,3458600,35.33000183105469,34.625,35.45500183105469,34.55500030517578,27.364025115966797
2010-02-19,2794600,34.54499816894531,34.93000030517578,35.17499923706055,34.43000030517578,27.60506820678711
2010-02-18,2430000,34.334999084472656,34.77000045776367,34.9900016784668,34.334999084472656,27.478618621826172
2010-02-17,3122200,34.439998626708984,34.439998626708984,34.98500061035156,34.36000061035156,27.21782875061035
2010-02-16,2846400,34.130001068115234,34.53499984741211,34.86000061035156,34.130001068115234,27.292896270751953
2010-02-12,3625800,33.150001525878906,33.494998931884766,33.63999938964844,33.0099983215332,26.470996856689453
2010-02-11,3998600,32.69499969482422,33.43000030517578,33.5,32.32500076293945,26.419628143310547
2010-02-10,3393800,32.63999938964844,32.529998779296875,32.849998474121094,32.07500076293945,25.708362579345703
2010-02-09,4725400,32.595001220703125,32.65999984741211,32.900001525878906,32.25,25.81109046936035
2010-02-08,4352400,32.529998779296875,32.04499816894531,32.93000030517578,32.029998779296875,25.32505989074707
2010-02-05,5994800,32.625,32.3849983215332,33.025001525878906,31.420000076293945,25.593767166137695
2010-02-04,6397400,33.33000183105469,32.720001220703125,33.36000061035156,32.60499954223633,25.85851287841797
2010-02-03,4452200,33.45000076293945,33.79999923706055,34.025001525878906,33.345001220703125,26.712039947509766
2010-02-02,3500800,32.814998626708984,33.3650016784668,33.51499938964844,32.459999084472656,26.368249893188477
2010-02-01,3363000,32.150001525878906,32.529998779296875,32.57500076293945,32.084999084472656,25.708362579345703
2010-01-29,4032800,32.6349983215332,31.905000686645508,32.744998931884766,31.610000610351562,25.214418411254883
2010-01-28,3793200,33.220001220703125,32.474998474121094,33.404998779296875,32.19499969482422,25.664884567260742
2010-01-27,3531000,32.755001068115234,32.8849983215332,32.97999954223633,32.314998626708984,25.988910675048828
2010-01-26,6480400,32.75,32.8849983215332,33.415000915527344,32.5,25.988910675048828
2010-01-25,3372600,33.28499984741211,33.18000030517578,33.5,33.02000045776367,26.222055435180664
2010-01-22,4710800,33.75,32.994998931884766,33.91999816894531,32.875,26.07584571838379
2010-01-21,3135800,34.19499969482422,33.974998474121094,34.595001220703125,33.92499923706055,26.85033416748047
2010-01-20,2409000,34.07500076293945,34.17499923706055,34.345001220703125,33.81999969482422,27.00839614868164
2010-01-19,1906800,34.79999923706055,35.040000915527344,35.040000915527344,34.3650016784668,27.69200897216797
2010-01-15,2543000,35.44499969482422,35.095001220703125,35.595001220703125,34.744998931884766,27.735475540161133
2010-01-14,2784200,35.685001373291016,35.58000183105469,35.76499938964844,35.025001525878906,28.118764877319336
2010-01-13,2919800,35.404998779296875,35.72999954223633,35.779998779296875,35.05500030517578,28.2372989654541
2010-01-12,1990600,35.45500183105469,35.44499969482422,35.65999984741211,35.209999084472656,28.012073516845703
2010-01-11,2294600,36.775001525878906,36.01499938964844,36.79499816894531,35.76499938964844,28.46254539489746
2010-01-08,2771400,35.89500045776367,36.279998779296875,36.3650016784668,35.70000076293945,28.671974182128906
2010-01-07,2984400,36.654998779296875,35.96500015258789,36.720001220703125,35.720001220703125,28.42302894592285
2010-01-06,2776400,37.0099983215332,36.875,37.32500076293945,36.849998474121094,29.14219856262207
2010-01-05,1887400,37.095001220703125,36.8849983215332,37.279998779296875,36.619998931884766,29.150102615356445
2010-01-04,1907800,36.78499984741211,36.880001068115234,37.119998931884766,36.73500061035156,29.146154403686523
2009-12-31,1329400,36.0,35.974998474121094,36.44499969482422,35.96500015258789,28.430923461914062
2009-12-30,1589400,35.875,35.91999816894531,36.084999084472656,35.619998931884766,28.387470245361328
2009-12-29,2632000,35.994998931884766,36.154998779296875,36.279998779296875,35.790000915527344,28.57318687438965
2009-12-28,808800,35.709999084472656,35.54499816894531,35.915000915527344,35.224998474121094,28.09109878540039
2009-12-24,666000,35.47999954223633,35.505001068115234,35.7400016784668,35.224998474121094,28.059494018554688
2009-12-23,2077800,34.84000015258789,35.334999084472656,35.415000915527344,34.540000915527344,27.925138473510742
2009-12-22,1609000,34.38999938964844,34.474998474121094,34.67499923706055,34.02000045776367,27.2454833984375
2009-12-21,2092600,34.06999969482422,34.375,34.39500045776367,33.939998626708984,27.166454315185547
2009-12-18,2710800,33.630001068115234,33.65999984741211,34.0,33.48500061035156,26.60139274597168
2009-12-17,2423600,33.459999084472656,33.39500045776367,33.814998626708984,33.26499938964844,26.391963958740234
2009-12-16,3812600,33.57500076293945,33.94499969482422,34.10499954223633,33.369998931884766,26.826637268066406
2009-12-15,2085400,33.154998779296875,33.09000015258789,33.35499954223633,32.904998779296875,26.150922775268555
2009-12-14,2515800,32.7400016784668,33.150001525878906,33.290000915527344,32.599998474121094,26.198345184326172
2009-12-11,3191200,32.665000915527344,32.43000030517578,32.95000076293945,32.27000045776367,25.629323959350586
2009-12-10,3093200,32.275001525878906,32.51499938964844,32.64500045776367,31.69499969482422,25.696496963500977
2009-12-09,4335400,31.829999923706055,31.770000457763672,32.029998779296875,31.15999984741211,25.10773277282715
2009-12-08,5779200,32.44499969482422,31.489999771118164,32.44499969482422,31.34000015258789,24.803466796875
2009-12-07,3736000,32.96500015258789,32.68000030517578,33.36000061035156,32.61000061035156,25.74078941345215
2009-12-04,5922200,33.92499923706055,33.255001068115234,34.04999923706055,32.810001373291016,26.193693161010742
2009-12-03,4541600,33.689998626708984,33.2599983215332,33.904998779296875,33.224998474121094,26.19762420654297
2009-12-02,3569600,34.189998626708984,33.72999954223633,34.290000915527344,33.61000061035156,26.567829132080078
2009-12-01,3958600,33.76499938964844,34.20500183105469,34.44499969482422,33.76499938964844,26.94196891784668
2009-11-30,4306200,33.54999923706055,33.56999969482422,34.290000915527344,33.209999084472656,26.441808700561523
2009-11-27,2086000,32.79999923706055,33.46500015258789,33.685001373291016,32.400001525878906,26.35909652709961
2009-11-25,3938800,34.26499938964844,34.6349983215332,34.67499923706055,33.8849983215332,27.280656814575195
2009-11-24,4379600,33.654998779296875,33.98500061035156,34.17499923706055,33.15999984741211,26.768672943115234
2009-11-23,3720400,33.89500045776367,33.625,34.43000030517578,33.5099983215332,26.485124588012695
2009-11-20,6796600,32.78499984741211,33.04499816894531,33.13999938964844,32.70000076293945,26.028284072875977
2009-11-19,3998800,33.86000061035156,33.5099983215332,33.900001525878906,33.01499938964844,26.3945369720459
2009-11-18,3724000,34.60499954223633,34.064998626708984,34.849998474121094,33.869998931884766,26.831693649291992
2009-11-17,4899800,34.150001525878906,34.4900016784668,34.529998779296875,33.96500015258789,27.166461944580078
2009-11-16,6931000,34.07500076293945,34.57500076293945,34.970001220703125,33.95000076293945,27.2333984375
2009-11-13,4333200,32.85499954223633,33.375,33.53499984741211,32.665000915527344,26.2882137298584
2009-11-12,4492600,33.505001068115234,32.849998474121094,33.8849983215332,32.6349983215332,25.874685287475586
2009-11-11,4645800,34.369998931884766,33.81999969482422,34.595001220703125,33.60499954223633,26.63871955871582
2009-11-10,4933000,33.81999969482422,33.75,33.95500183105469,33.11000061035156,26.583589553833008
2009-11-09,4948400,33.869998931884766,33.994998931884766,34.310001373291016,33.68000030517578,26.77655601501465
2009-11-06,7534000,31.200000762939453,32.56999969482422,32.69499969482422,31.200000762939453,25.654144287109375
2009-11-05,9161200,31.969999313354492,31.68000030517578,32.31999969482422,31.200000762939453,24.953121185302734
2009-11-04,6981600,32.974998474121094,32.224998474121094,33.57500076293945,32.14500045776367,25.38239860534668
2009-11-03,8621600,31.18000030517578,32.220001220703125,32.54499816894531,31.040000915527344,25.378459930419922
2009-11-02,8555200,32.400001525878906,31.735000610351562,32.7400016784668,31.274999618530273,24.996448516845703
2009-10-30,6972800,33.66999816894531,32.334999084472656,33.66999816894531,31.854999542236328,25.469038009643555
2009-10-29,4050200,33.10499954223633,33.939998626708984,34.244998931884766,33.10499954223633,26.733240127563477
2009-10-28,6331000,34.025001525878906,32.79499816894531,34.040000915527344,32.67499923706055,25.831363677978516
2009-10-27,5052600,34.38999938964844,34.45500183105469,34.875,33.685001373291016,27.138885498046875
2009-10-26,4883400,35.51499938964844,34.5099983215332,36.290000915527344,34.18000030517578,27.182209014892578
2009-10-23,4177600,36.45000076293945,35.404998779296875,36.70000076293945,35.13999938964844,27.887161254882812
2009-10-22,4744000,36.01499938964844,36.380001068115234,36.47999954223633,35.439998626708984,28.655134201049805
2009-10-21,6927600,36.220001220703125,36.334999084472656,37.54999923706055,36.10499954223633,28.61968994140625
2009-10-20,6938000,37.68000030517578,36.4900016784668,37.81999969482422,36.345001220703125,28.741777420043945
2009-10-19,4236200,37.994998931884766,38.04999923706055,38.255001068115234,37.5,29.97052764892578
2009-10-16,4742200,37.595001220703125,37.84000015258789,37.935001373291016,37.27000045776367,29.805112838745117
2009-10-15,4403200,37.560001373291016,38.04499816894531,38.06999969482422,37.1349983215332,29.966585159301758
2009-10-14,4118400,36.65999984741211,37.69499969482422,37.72999954223633,36.65999984741211,29.69091033935547
2009-10-13,4876800,36.15999984741211,36.22999954223633,36.52000045776367,35.53499984741211,28.536991119384766
2009-10-12,3647200,35.57500076293945,36.20000076293945,36.345001220703125,35.41999816894531,28.513351440429688
2009-10-09,2676400,34.494998931884766,34.974998474121094,35.275001525878906,34.45500183105469,27.5484676361084
2009-10-08,3987200,33.65999984741211,34.73500061035156,34.814998626708984,33.380001068115234,27.359434127807617
2009-10-07,3440600,33.439998626708984,33.345001220703125,33.665000915527344,32.92499923706055,26.26457405090332
2009-10-06,3700800,33.505001068115234,33.40999984741211,33.904998779296875,32.974998474121094,26.31577491760254
2009-10-05,4839800,31.764999389648438,32.52000045776367,32.689998626708984,31.3700008392334,25.61475372314453
2009-10-02,6232400,31.399999618530273,31.584999084472656,31.860000610351562,31.024999618530273,24.878292083740234
2009-10-01,5132400,33.935001373291016,32.154998779296875,33.935001373291016,32.11000061035156,25.327255249023438
2009-09-30,6308600,34.025001525878906,33.595001220703125,34.14500045776367,32.814998626708984,26.46150016784668
2009-09-29,5985200,33.619998931884766,33.345001220703125,33.880001068115234,32.974998474121094,26.26457405090332
2009-09-28,4613200,33.40999984741211,33.73500061035156,34.03499984741211,33.125,26.571765899658203
2009-09-25,7615200,33.005001068115234,33.14500045776367,33.880001068115234,32.79499816894531,26.10704803466797
2009-09-24,10251800,34.78499984741211,33.040000915527344,34.78499984741211,32.775001525878906,26.024349212646484
2009-09-23,7390600,35.91999816894531,34.80500030517578,35.91999816894531,34.369998931884766,27.41457176208496
2009-09-22,5208800,35.10499954223633,35.79999923706055,35.96500015258789,34.775001525878906,28.19827651977539
2009-09-21,4089600,33.494998931884766,34.29999923706055,34.38999938964844,33.060001373291016,27.01679801940918
2009-09-18,3735200,34.849998474121094,34.599998474121094,34.89500045776367,33.95500183105469,27.253095626831055
2009-09-17,6263200,34.334999084472656,34.6349983215332,35.08000183105469,34.1150016784668,27.280656814575195
2009-09-16,5516600,34.255001068115234,34.720001220703125,34.76499938964844,33.810001373291016,27.347612380981445
2009-09-15,5498800,33.084999084472656,34.01499938964844,34.084999084472656,33.0099983215332,26.792312622070312
2009-09-14,4645400,31.69499969482422,32.779998779296875,32.935001373291016,31.69499969482422,25.819551467895508
2009-09-11,6229000,31.625,32.45500183105469,32.7400016784668,31.524999618530273,25.56355857849121
2009-09-10,3749800,30.510000228881836,31.454999923706055,31.520000457763672,30.485000610351562,24.775896072387695
2009-09-09,4103800,30.389999389648438,30.59000015258789,30.8799991607666,30.094999313354492,24.09457778930664
2009-09-08,4122800,30.094999313354492,30.415000915527344,30.610000610351562,29.90999984741211,23.87403106689453
2009-09-04,3420200,28.469999313354492,29.25,29.395000457763672,28.469999313354492,22.959564208984375
2009-09-03,3242000,27.989999771118164,28.264999389648438,28.354999542236328,27.825000762939453,22.186403274536133
2009-09-02,4357800,27.6200008392334,27.690000534057617,28.014999389648438,27.350000381469727,21.735057830810547
2009-09-01,6250800,28.405000686645508,28.030000686645508,28.895000457763672,27.5,22.001937866210938
2009-08-31,3831200,28.540000915527344,28.614999771118164,28.71500015258789,28.155000686645508,22.46112823486328
2009-08-28,3023400,30.020000457763672,29.479999542236328,30.104999542236328,29.19499969482422,23.140106201171875
2009-08-27,3014000,29.184999465942383,29.450000762939453,29.59000015258789,28.5,23.116559982299805
2009-08-26,2318800,29.299999237060547,29.545000076293945,29.790000915527344,29.045000076293945,23.19112205505371
2009-08-25,3437800,30.969999313354492,29.81999969482422,31.020000457763672,29.579999923706055,23.406984329223633
2009-08-24,3346800,30.530000686645508,30.530000686645508,31.024999618530273,30.235000610351562,23.96429443359375
2009-08-21,3018800,29.78499984741211,30.014999389648438,30.229999542236328,29.75,23.560041427612305
2009-08-20,3724000,29.09000015258789,29.375,29.454999923706055,28.8799991607666,23.05768394470215
2009-08-19,3658200,28.059999465942383,29.014999389648438,29.3700008392334,27.954999923706055,22.775104522705078
2009-08-18,2630600,28.075000762939453,28.7450008392334,28.950000762939453,28.024999618530273,22.56317710876465
2009-08-17,3042600,28.125,28.145000457763672,28.155000686645508,27.725000381469727,22.092205047607422
2009-08-14,2733800,29.584999084472656,29.040000915527344,29.655000686645508,28.674999237060547,22.79473114013672
2009-08-13,2935200,29.399999618530273,29.354999542236328,29.524999618530273,28.915000915527344,23.041990280151367
2009-08-12,3096600,28.155000686645508,28.780000686645508,29.204999923706055,28.100000381469727,22.590652465820312
2009-08-11,5746000,28.864999771118164,28.28499984741211,28.915000915527344,28.030000686645508,22.20209312438965
2009-08-10,4731000,29.889999389648438,29.344999313354492,29.93000030517578,29.184999465942383,23.034133911132812
2009-08-07,6155800,31.155000686645508,29.774999618530273,31.540000915527344,29.665000915527344,23.37166404724121
2009-08-06,4587200,31.575000762939453,30.80500030517578,31.969999313354492,30.459999084472656,24.18015480041504
2009-08-05,4280400,31.329999923706055,31.600000381469727,31.940000534057617,31.280000686645508,24.804183959960938
2009-08-04,4134600,31.395000457763672,31.56999969482422,31.875,30.950000762939453,24.7806396484375
2009-08-03,5334600,30.975000381469727,32.19499969482422,32.599998474121094,30.844999313354492,25.27122688293457
2009-07-31,4871000,29.3799991607666,30.19499969482422,30.40999984741211,29.05500030517578,23.701345443725586
2009-07-30,5736000,29.014999389648438,29.399999618530273,29.704999923706055,28.84000015258789,23.077308654785156
2009-07-29,4527400,28.719999313354492,28.31999969482422,28.770000457763672,28.020000457763672,22.229570388793945
2009-07-28,3922600,29.149999618530273,29.34000015258789,29.579999923706055,28.674999237060547,23.03021812438965
2009-07-27,3910200,29.864999771118164,29.610000610351562,29.885000228881836,29.0,23.242151260375977
2009-07-24,3291000,29.450000762939453,29.489999771118164,29.71500015258789,29.040000915527344,23.14795684814453
2009-07-23,5326800,27.764999389648438,29.2549991607666,29.3700008392334,27.5,22.96348762512207
2009-07-22,8924200,27.75,27.6200008392334,28.174999237060547,27.40999984741211,21.68011474609375
2009-07-21,9465400,29.864999771118164,28.229999542236328,30.145000457763672,28.045000076293945,22.15892791748047
2009-07-20,5042600,28.895000457763672,29.415000915527344,29.604999542236328,28.719999313354492,23.08908462524414
2009-07-17,4819000,27.594999313354492,28.155000686645508,28.34000015258789,27.30500030517578,22.100053787231445
2009-07-16,4507200,26.735000610351562,27.514999389648438,27.670000076293945,26.454999923706055,21.597692489624023
2009-07-15,4703200,26.325000762939453,26.899999618530273,27.125,26.325000762939453,21.11495018005371
2009-07-14,4405200,25.625,25.5049991607666,25.65999984741211,25.049999237060547,20.01995849609375
2009-07-13,5056400,23.684999465942383,24.770000457763672,24.924999237060547,23.239999771118164,19.443023681640625
2009-07-10,3934400,23.155000686645508,23.760000228881836,23.8700008392334,22.774999618530273,18.650232315063477
2009-07-09,4883800,23.399999618530273,23.674999237060547,24.1299991607666,23.165000915527344,18.583515167236328
2009-07-08,9331600,23.579999923706055,22.96500015258789,24.014999389648438,22.514999389648438,18.02620506286621
2009-07-07,3451000,24.100000381469727,23.610000610351562,24.399999618530273,23.545000076293945,18.532495498657227
2009-07-06,8225000,24.364999771118164,24.1200008392334,24.364999771118164,23.229999542236328,18.932815551757812
2009-07-02,4232000,25.31999969482422,25.290000915527344,25.825000762939453,25.170000076293945,19.851198196411133
2009-07-01,2832600,27.0049991607666,26.09000015258789,27.1200008392334,25.899999618530273,20.479150772094727
2009-06-30,4064600,26.40999984741211,26.2450008392334,26.80500030517578,25.795000076293945,20.600820541381836
2009-06-29,3639000,26.19499969482422,26.399999618530273,26.584999084472656,25.9950008392334,20.722482681274414
2009-06-26,4125000,25.940000534057617,25.795000076293945,26.125,25.604999542236328,20.247596740722656
2009-06-25,5183800,24.625,26.049999237060547,26.145000457763672,24.524999618530273,20.447755813598633
2009-06-24,5437200,24.75,24.604999542236328,25.44499969482422,24.40999984741211,19.31351089477539
2009-06-23,5336400,24.155000686645508,24.34000015258789,24.545000076293945,23.399999618530273,19.10550308227539
2009-06-22,7365200,25.360000610351562,23.7549991607666,25.360000610351562,23.690000534057617,18.64630699157715
2009-06-19,4671200,26.334999084472656,25.825000762939453,26.440000534057617,25.625,20.271137237548828
2009-06-18,3795400,25.954999923706055,25.885000228881836,26.559999465942383,25.600000381469727,20.318235397338867
2009-06-17,6163600,26.725000381469727,26.065000534057617,26.75,25.59000015258789,20.459531784057617
2009-06-16,5504400,28.3700008392334,26.959999084472656,28.44499969482422,26.8700008392334,21.162052154541016
2009-06-15,6496600,28.395000457763672,27.524999618530273,28.395000457763672,27.125,21.60554313659668
2009-06-12,4733200,29.4950008392334,28.934999465942383,29.4950008392334,28.68000030517578,22.712310791015625
2009-06-11,5059200,29.385000228881836,29.915000915527344,30.270000457763672,29.135000228881836,23.481555938720703
2009-06-10,5563000,29.405000686645508,29.155000686645508,29.46500015258789,28.545000076293945,22.88500213623047
2009-06-09,4170400,29.155000686645508,28.864999771118164,29.385000228881836,28.549999237060547,22.574947357177734
2009-06-08,5135200,28.75,28.600000381469727,28.78499984741211,27.93000030517578,22.36769676208496
2009-06-05,4181200,29.239999771118164,28.860000610351562,29.375,28.295000076293945,22.57103729248047
2009-06-04,6101400,28.78499984741211,29.020000457763672,29.450000762939453,28.40999984741211,22.696168899536133
2009-06-03,7711600,30.204999923706055,28.334999084472656,30.204999923706055,27.790000915527344,22.160438537597656
2009-06-02,5374600,31.049999237060547,30.78499984741211,31.31999969482422,30.344999313354492,24.076557159423828
2009-06-01,6807800,30.920000076293945,31.239999771118164,31.729999542236328,30.790000915527344,24.432401657104492
2009-05-29,6574000,29.795000076293945,29.8799991607666,29.989999771118164,29.395000457763672,23.36876106262207
2009-05-28,6889600,28.059999465942383,29.0,29.46500015258789,27.829999923706055,22.680530548095703
2009-05-27,3993800,28.329999923706055,27.690000534057617,28.71500015258789,27.604999542236328,21.655994415283203
2009-05-26,7079400,26.225000381469727,27.860000610351562,28.045000076293945,26.040000915527344,21.788951873779297
2009-05-22,5558000,26.719999313354492,27.049999237060547,27.31999969482422,26.520000457763672,21.15546226501465
2009-05-21,8135400,27.040000915527344,26.415000915527344,27.104999542236328,25.719999313354492,20.658832550048828
2009-05-20,7029800,27.3799991607666,27.770000457763672,28.260000228881836,27.145000457763672,21.71855926513672
2009-05-19,4693000,26.155000686645508,26.709999084472656,27.045000076293945,26.145000457763672,20.889541625976562
2009-05-18,3332400,25.344999313354492,26.280000686645508,26.44499969482422,25.075000762939453,20.553253173828125
2009-05-15,5747200,25.219999313354492,24.7549991607666,25.795000076293945,24.385000228881836,19.360570907592773
2009-05-14,5176600,24.420000076293945,25.5049991607666,25.854999542236328,24.420000076293945,19.947132110595703
2009-05-13,6808400,26.0049991607666,24.8700008392334,26.475000381469727,24.739999771118164,19.450511932373047
2009-05-12,4179600,26.985000610351562,26.670000076293945,27.434999465942383,25.959999084472656,20.85826873779297
2009-05-11,5593200,26.65999984741211,26.645000457763672,26.899999618530273,26.34000015258789,20.838712692260742
2009-05-08,7608600,26.530000686645508,27.55500030517578,27.75,26.4950008392334,21.5504150390625
2009-05-07,8502000,26.934999465942383,25.700000762939453,27.815000534057617,25.375,20.09964370727539
2009-05-06,7261800,25.875,26.559999465942383,26.795000076293945,25.399999618530273,20.772235870361328
2009-05-05,6284800,25.690000534057617,25.4950008392334,25.729999542236328,24.84000015258789,19.93931770324707
2009-05-04,7159600,24.09000015258789,25.885000228881836,25.93000030517578,24.09000015258789,20.244327545166016
2009-05-01,4595200,23.260000228881836,23.760000228881836,24.010000228881836,23.239999771118164,18.5823917388916
2009-04-30,6017000,23.565000534057617,23.05500030517578,24.03499984741211,23.020000457763672,18.031023025512695
2009-04-29,7764800,23.5,23.149999618530273,23.69499969482422,23.030000686645508,18.105321884155273
2009-04-28,7813400,23.31999969482422,22.790000915527344,23.579999923706055,22.71500015258789,17.823768615722656
2009-04-27,6270400,23.56999969482422,23.905000686645508,24.190000534057617,23.239999771118164,18.69579315185547
2009-04-24,7722000,24.71500015258789,24.469999313354492,25.225000381469727,24.40999984741211,19.13767433166504
2009-04-23,8963200,23.184999465942383,24.024999618530273,24.344999313354492,22.9950008392334,18.789648056030273
2009-04-22,6758200,22.049999237060547,22.799999237060547,23.424999237060547,22.045000076293945,17.831584930419922
2009-04-21,5982000,21.209999084472656,22.389999389648438,22.614999771118164,21.049999237060547,17.510927200317383
2009-04-20,6404400,22.690000534057617,21.80500030517578,22.690000534057617,21.65999984741211,17.05341339111328
2009-04-17,4969200,23.1299991607666,23.584999084472656,23.844999313354492,23.114999771118164,18.445528030395508
2009-04-16,4540600,22.825000762939453,22.954999923706055,23.084999084472656,22.510000228881836,17.95280647277832
2009-04-15,6004800,22.344999313354492,22.774999618530273,22.790000915527344,22.125,17.81203269958496
2009-04-14,6173000,22.5,22.295000076293945,22.774999618530273,22.149999618530273,17.436635971069336
2009-04-13,4661600,21.854999542236328,22.670000076293945,22.889999389648438,21.71500015258789,17.72991943359375
2009-04-09,4541800,22.0049991607666,22.290000915527344,22.440000534057617,21.815000534057617,17.43272590637207
2009-04-08,4839000,20.56999969482422,21.174999237060547,21.420000076293945,20.329999923706055,16.56069564819336
2009-04-07,5255200,21.110000610351562,20.69499969482422,21.139999389648438,20.56999969482422,16.18529510498047
2009-04-06,5880400,21.420000076293945,21.565000534057617,21.594999313354492,21.0,16.865707397460938
2009-04-03,6025400,21.184999465942383,21.864999771118164,22.149999618530273,21.184999465942383,17.100339889526367
2009-04-02,6763600,21.260000228881836,21.459999084472656,21.739999771118164,21.0,16.783588409423828
2009-04-01,6468800,18.920000076293945,20.079999923706055,20.295000076293945,18.864999771118164,15.704313278198242
2009-03-31,6639800,19.684999465942383,19.280000686645508,19.81999969482422,19.229999542236328,15.078641891479492
2009-03-30,6102000,20.0,19.3799991607666,20.03499984741211,19.024999618530273,15.15684986114502
2009-03-27,7799200,21.2450008392334,20.84000015258789,21.299999237060547,20.68000030517578,16.29869270324707
2009-03-26,10042200,21.625,21.56999969482422,21.75,21.325000762939453,16.869625091552734
2009-03-25,12561800,20.850000381469727,21.21500015258789,21.670000076293945,20.014999389648438,16.591983795166016
2009-03-24,7523800,21.104999542236328,20.665000915527344,21.299999237060547,20.604999542236328,16.16183090209961
2009-03-23,13060800,20.78499984741211,21.575000762939453,21.6200008392334,20.729999542236328,16.8735294342041
2009-03-20,6499600,20.40999984741211,19.844999313354492,20.700000762939453,19.725000381469727,15.52051830291748
2009-03-19,10538600,20.700000762939453,20.46500015258789,21.274999618530273,20.405000686645508,16.005416870117188
2009-03-18,10641200,19.604999542236328,19.71500015258789,19.985000610351562,18.395000457763672,15.418853759765625
2009-03-17,10008000,18.780000686645508,19.7549991607666,19.7549991607666,18.43000030517578,15.450128555297852
2009-03-16,8349600,18.625,18.780000686645508,19.350000381469727,18.15999984741211,14.68759822845459
2009-03-13,9035600,19.229999542236328,18.68000030517578,19.229999542236328,18.139999389648438,14.609387397766113
2009-03-12,9839200,17.3799991607666,18.94499969482422,19.125,17.3799991607666,14.816642761230469
2009-03-11,9195400,17.69499969482422,17.514999389648438,18.125,17.19499969482422,13.698253631591797
2009-03-10,14658000,17.44499969482422,17.844999313354492,17.979999542236328,17.270000457763672,13.874227523803711
2009-03-09,9720200,15.805000305175781,16.649999618530273,17.075000762939453,15.805000305175781,12.945131301879883
2009-03-06,17636800,16.25,16.274999618530273,16.989999771118164,15.600000381469727,12.653573036193848
2009-03-05,14215000,14.949999809265137,15.744999885559082,15.925000190734863,14.71500015258789,12.241506576538086
2009-03-04,16036400,15.095000267028809,15.055000305175781,15.244999885559082,14.449999809265137,11.705044746398926
2009-03-03,13146200,14.600000381469727,14.345000267028809,14.845000267028809,13.845000267028809,11.153027534484863
2009-03-02,8992400,15.234999656677246,14.095000267028809,15.614999771118164,13.975000381469727,10.958657264709473
2009-02-27,9028600,15.859999656677246,16.135000228881836,16.71500015258789,15.675000190734863,12.544727325439453
2009-02-26,11198200,16.389999389648438,16.56999969482422,17.3700008392334,16.145000457763672,12.8829345703125
2009-02-25,13273600,16.0,15.824999809265137,16.364999771118164,15.475000381469727,12.303707122802734
2009-02-24,10871400,14.729999542236328,16.010000228881836,16.21500015258789,14.729999542236328,12.447541236877441
2009-02-23,9293200,15.699999809265137,14.645000457763672,15.824999809265137,14.585000038146973,11.386275291442871
2009-02-20,8306000,15.694999694824219,15.4399995803833,15.914999961853027,15.229999542236328,12.004374504089355
2009-02-19,7575800,16.059999465942383,16.0049991607666,16.424999237060547,15.680000305175781,12.443655967712402
2009-02-18,7713400,16.0,15.6850004196167,16.104999542236328,15.354999542236328,12.194856643676758
2009-02-17,9202600,16.540000915527344,15.800000190734863,16.540000915527344,15.725000381469727,12.284270286560059
2009-02-13,7072800,17.5,17.25,17.7549991607666,17.200000762939453,13.411623001098633
2009-02-12,7596000,17.139999389648438,17.3700008392334,17.46500015258789,16.739999771118164,13.504925727844238
2009-02-11,8729000,18.354999542236328,17.434999465942383,18.354999542236328,17.209999084472656,13.555456161499023
2009-02-10,9861800,19.69499969482422,17.969999313354492,19.825000762939453,17.704999923706055,13.971412658691406
2009-02-09,8208000,19.065000534057617,19.475000381469727,19.875,19.059999465942383,15.141533851623535
2009-02-06,11302400,17.415000915527344,18.594999313354492,18.8700008392334,16.825000762939453,14.457341194152832
2009-02-05,8768800,17.290000915527344,18.145000457763672,18.204999923706055,16.985000610351562,14.107475280761719
2009-02-04,9905400,17.270000457763672,17.264999389648438,17.520000457763672,16.96500015258789,13.423287391662598
2009-02-03,8532400,17.34000015258789,17.030000686645508,17.34000015258789,16.795000076293945,13.240574836730957
2009-02-02,7506600,17.065000534057617,17.19499969482422,17.579999923706055,16.899999618530273,13.368856430053711
2009-01-30,7495400,18.15999984741211,17.774999618530273,18.440000534057617,17.53499984741211,13.819806098937988
2009-01-29,7691200,18.5049991607666,18.059999465942383,18.610000610351562,17.924999237060547,14.041385650634766
2009-01-28,6465600,18.645000457763672,18.864999771118164,19.0,18.325000762939453,14.667261123657227
2009-01-27,4372000,18.360000610351562,18.010000228881836,18.450000762939453,17.735000610351562,14.002514839172363
2009-01-26,5475600,18.459999084472656,18.44499969482422,19.219999313354492,18.114999771118164,14.340714454650879
2009-01-23,8675000,16.65999984741211,18.100000381469727,18.375,16.325000762939453,14.072489738464355
2009-01-22,9657400,17.405000686645508,17.135000228881836,17.75,16.6299991607666,13.32221508026123
2009-01-21,10999800,17.5,17.989999771118164,18.020000457763672,16.84000015258789,13.98696231842041
2009-01-20,12953600,18.489999771118164,17.21500015258789,18.670000076293945,17.079999923706055,13.384410858154297
2009-01-16,9404000,19.864999771118164,19.43000030517578,20.125,19.19499969482422,15.106544494628906
2009-01-15,7808200,18.725000381469727,18.829999923706055,18.875,17.56999969482422,14.64005184173584
2009-01-14,8844800,19.079999923706055,18.725000381469727,19.079999923706055,18.149999618530273,14.558416366577148
2009-01-13,9845600,19.375,19.3700008392334,19.924999237060547,18.864999771118164,15.059897422790527
2009-01-12,5495800,20.290000915527344,19.7549991607666,20.639999389648438,19.56999969482422,15.359220504760742
2009-01-09,4916000,21.96500015258789,21.30500030517578,22.05500030517578,20.895000457763672,16.5643253326416
2009-01-08,5964600,21.25,22.049999237060547,22.219999313354492,21.030000686645508,17.143552780151367
2009-01-07,6672600,22.954999923706055,21.520000457763672,23.0,21.190000534057617,16.731481552124023
2009-01-06,8654600,24.270000457763672,23.59000015258789,24.270000457763672,23.125,18.340879440307617
2009-01-05,8263000,21.764999389648438,23.05500030517578,23.450000762939453,21.59000015258789,17.924930572509766
2009-01-02,4651600,20.28499984741211,21.360000610351562,21.625,20.110000610351562,16.60708999633789
2008-12-31,5008400,19.329999923706055,19.989999771118164,20.21500015258789,19.079999923706055,15.541937828063965
2008-12-30,3144400,18.479999542236328,19.459999084472656,19.475000381469727,18.139999389648438,15.129864692687988
2008-12-29,3245000,18.735000610351562,18.770000457763672,18.899999618530273,18.399999618530273,14.593398094177246
2008-12-26,1408600,17.920000076293945,18.174999237060547,18.434999465942383,17.625,14.13079833984375
2008-12-24,1612600,17.610000610351562,17.860000610351562,17.975000381469727,17.395000457763672,13.885885238647461
2008-12-23,4834200,17.68000030517578,18.145000457763672,18.415000915527344,17.510000228881836,14.107475280761719
2008-12-22,5660400,18.2549991607666,17.549999237060547,18.829999923706055,17.2549991607666,13.644865989685059
2008-12-19,7497800,18.260000228881836,18.25,18.875,17.899999618530273,14.18911075592041
2008-12-18,8809400,19.864999771118164,18.459999084472656,19.934999465942383,18.165000915527344,14.352381706237793
2008-12-17,6358200,19.829999923706055,19.78499984741211,20.8799991607666,19.690000534057617,15.382548332214355
2008-12-16,6439400,18.625,20.315000534057617,20.375,18.625,15.794617652893066
2008-12-15,7334200,19.2450008392334,18.844999313354492,20.024999618530273,18.40999984741211,14.651710510253906
2008-12-12,8673400,16.790000915527344,18.399999618530273,18.639999389648438,16.790000915527344,14.305727005004883
2008-12-11,14389200,17.524999618530273,18.040000915527344,19.280000686645508,17.010000228881836,14.025838851928711
2008-12-10,13760000,16.860000610351562,16.915000915527344,17.510000228881836,16.204999923706055,13.151165962219238
2008-12-09,12348600,16.184999465942383,16.094999313354492,16.950000762939453,15.625,12.435876846313477
2008-12-08,6963200,16.53499984741211,16.78499984741211,17.21500015258789,16.21500015258789,12.969008445739746
2008-12-05,13391800,15.170000076293945,15.5,15.694999694824219,14.25,11.976151466369629
2008-12-04,9238400,18.530000686645508,16.139999389648438,19.045000076293945,15.8100004196167,12.470645904541016
2008-12-03,6477000,17.94499969482422,18.924999237060547,19.049999237060547,17.704999923706055,14.622489929199219
2008-12-02,10283800,17.934999465942383,19.0,19.170000076293945,17.639999389648438,14.680442810058594
2008-12-01,10795800,19.799999237060547,17.844999313354492,19.799999237060547,17.625,13.78802490234375
2008-11-28,3064200,19.760000228881836,20.674999237060547,20.75,19.760000228881836,15.974635124206543
2008-11-26,8373200,17.75,19.885000228881836,19.90999984741211,17.510000228881836,15.364242553710938
2008-11-25,12205200,18.774999618530273,17.940000534057617,19.350000381469727,17.780000686645508,13.861428260803223
2008-11-24,11339600,16.674999237060547,18.415000915527344,19.239999771118164,16.420000076293945,14.228440284729004
2008-11-21,15719600,14.555000305175781,16.295000076293945,16.43000030517578,14.0,12.590413093566895
2008-11-20,22644800,16.75,13.489999771118164,17.0,13.21500015258789,10.423115730285645
2008-11-19,7723800,19.010000228881836,17.969999313354492,19.454999923706055,17.895000457763672,13.88460636138916
2008-11-18,12148000,19.4950008392334,18.854999542236328,19.645000457763672,18.149999618530273,14.568401336669922
2008-11-17,12889200,19.344999313354492,19.010000228881836,19.690000534057617,18.7549991607666,14.688165664672852
2008-11-14,11393200,20.489999771118164,19.46500015258789,20.795000076293945,19.290000915527344,15.03972053527832
2008-11-13,16122200,19.2450008392334,20.795000076293945,20.795000076293945,18.354999542236328,16.067352294921875
2008-11-12,8762600,21.81999969482422,19.420000076293945,21.825000762939453,19.174999237060547,15.004953384399414
2008-11-11,7805200,23.600000381469727,22.145000457763672,23.600000381469727,21.93000030517578,17.11043930053711
2008-11-10,7219000,24.014999389648438,23.989999771118164,24.344999313354492,23.030000686645508,18.535985946655273
2008-11-07,9966200,22.520000457763672,22.860000610351562,23.665000915527344,21.889999389648438,17.66288948059082
2008-11-06,17324800,24.770000457763672,22.28499984741211,25.329999923706055,21.364999771118164,17.21861457824707
2008-11-05,5821800,26.174999237060547,25.825000762939453,27.875,25.709999084472656,19.95380973815918
2008-11-04,8127400,25.469999313354492,27.475000381469727,27.670000076293945,25.34000015258789,21.22868537902832
2008-11-03,5291600,25.25,24.239999771118164,25.25,23.80500030517578,18.72915267944336
2008-10-31,10325600,24.559999465942383,25.260000228881836,26.260000228881836,23.510000228881836,19.51725959777832
2008-10-30,9536600,24.7549991607666,25.225000381469727,25.7549991607666,23.170000076293945,19.490215301513672
2008-10-29,14291000,21.229999542236328,23.459999084472656,24.780000686645508,20.875,18.12647819519043
2008-10-28,10825800,19.364999771118164,20.020000457763672,20.135000228881836,18.075000762939453,15.468551635742188
2008-10-27,11258200,19.125,17.934999465942383,20.270000457763672,17.895000457763672,13.85756778717041
2008-10-24,9688000,18.19499969482422,20.020000457763672,20.454999923706055,18.110000610351562,15.468551635742188
2008-10-23,13069400,19.885000228881836,20.290000915527344,21.395000457763672,18.5,15.677166938781738
2008-10-22,9738000,21.905000686645508,19.80500030517578,21.905000686645508,19.045000076293945,15.302430152893066
2008-10-21,10331400,23.479999542236328,22.8700008392334,24.739999771118164,22.71500015258789,17.670618057250977
2008-10-20,8397200,21.885000228881836,24.459999084472656,24.459999084472656,21.7450008392334,18.89913558959961
2008-10-17,9881200,19.43000030517578,21.114999771118164,22.645000457763672,19.43000030517578,16.314599990844727
2008-10-16,15890600,19.610000610351562,20.235000610351562,20.59000015258789,17.290000915527344,15.634673118591309
2008-10-15,13416600,23.045000076293945,19.565000534057617,23.309999465942383,19.565000534057617,15.116995811462402
2008-10-14,15573600,26.825000762939453,23.674999237060547,27.889999389648438,22.700000762939453,18.292600631713867
2008-10-13,9965000,22.2450008392334,24.065000534057617,24.475000381469727,20.635000228881836,18.593935012817383
2008-10-10,16441600,20.594999313354492,20.885000228881836,22.1200008392334,19.1200008392334,16.13689422607422
2008-10-09,12277600,25.684999465942383,22.850000381469727,26.920000076293945,22.415000915527344,17.6551570892334
2008-10-08,19252800,23.264999389648438,24.875,25.885000228881836,22.719999313354492,19.219783782958984
2008-10-07,12821200,27.7450008392334,24.604999542236328,28.489999771118164,24.559999465942383,19.01116943359375
2008-10-06,18194600,27.829999923706055,26.850000381469727,28.125,24.28499984741211,20.745777130126953
2008-10-03,10910000,30.489999771118164,29.579999923706055,32.814998626708984,29.405000686645508,22.855125427246094
2008-10-02,9663000,32.64500045776367,30.25,32.654998779296875,30.049999237060547,23.372804641723633
2008-10-01,8577400,34.005001068115234,33.654998779296875,34.435001373291016,32.310001373291016,26.003694534301758
2008-09-30,9745400,33.21500015258789,34.22999954223633,35.75,32.53499984741211,26.44797706604004
2008-09-29,16828800,36.27000045776367,32.04999923706055,37.72999954223633,30.90999984741211,24.763580322265625
2008-09-26,6613400,39.584999084472656,39.064998626708984,39.875,37.939998626708984,30.183753967285156
2008-09-25,8422000,39.30500030517578,40.709999084472656,41.345001220703125,39.11000061035156,31.45476722717285
2008-09-24,6151200,41.380001068115234,39.69499969482422,42.04999923706055,39.345001220703125,30.670528411865234
2008-09-23,10597600,41.150001525878906,40.310001373291016,42.29499816894531,39.404998779296875,31.14571762084961
2008-09-22,9165000,41.209999084472656,40.8650016784668,43.31999969482422,40.584999084472656,31.57453155517578
2008-09-19,9521400,39.345001220703125,41.20000076293945,41.67499923706055,37.974998474121094,31.833375930786133
2008-09-18,11223400,36.7400016784668,37.95500183105469,38.72999954223633,35.51499938964844,29.32611656188965
2008-09-17,12871800,37.44499969482422,35.845001220703125,37.51499938964844,34.36000061035156,27.69581413269043
2008-09-16,15076000,34.720001220703125,37.439998626708984,37.474998474121094,34.47999954223633,28.928186416625977
2008-09-15,12975600,36.1150016784668,36.220001220703125,37.66999816894531,35.70500183105469,27.985557556152344
2008-09-12,11101400,38.540000915527344,39.279998779296875,40.084999084472656,38.505001068115234,30.34988021850586
2008-09-11,11843200,36.435001373291016,38.09000015258789,38.345001220703125,35.40999984741211,29.430419921875
2008-09-10,9825200,35.224998474121094,36.875,37.415000915527344,34.8849983215332,28.49165153503418
2008-09-09,12795200,36.5,34.970001220703125,36.95000076293945,34.84000015258789,26.942474365234375
2008-09-08,8389200,40.025001525878906,37.775001525878906,40.375,37.154998779296875,29.103567123413086
2008-09-05,9213600,37.79499816894531,39.150001525878906,39.40999984741211,36.720001220703125,30.162940979003906
2008-09-04,11785600,38.625,37.834999084472656,39.05500030517578,36.529998779296875,29.14979362487793
2008-09-03,9735000,39.83000183105469,38.6150016784668,40.1150016784668,37.53499984741211,29.750749588012695
2008-09-02,6894600,40.80500030517578,39.845001220703125,40.80500030517578,39.35499954223633,30.698392868041992
2008-08-29,6010600,42.95500183105469,42.525001525878906,42.959999084472656,41.689998626708984,32.76318359375
2008-08-28,5643200,43.720001220703125,42.40999984741211,43.775001525878906,41.43000030517578,32.67457962036133
2008-08-27,6264200,42.939998626708984,43.11000061035156,43.61000061035156,42.380001068115234,33.213897705078125
2008-08-26,6288400,41.625,41.720001220703125,41.974998474121094,40.95000076293945,32.14297866821289
2008-08-25,5378800,41.400001525878906,41.1150016784668,42.23500061035156,40.38999938964844,31.6768741607666
2008-08-22,5515000,42.31999969482422,41.3650016784668,42.31999969482422,40.61000061035156,31.869470596313477
2008-08-21,10136000,43.19499969482422,42.689998626708984,43.474998474121094,42.209999084472656,32.89031219482422
2008-08-20,10585000,39.165000915527344,41.45500183105469,41.755001068115234,39.165000915527344,31.938810348510742
2008-08-19,6864600,37.13999938964844,38.724998474121094,39.255001068115234,37.13999938964844,29.83549690246582
2008-08-18,6571400,38.10499954223633,37.505001068115234,38.29499816894531,37.125,28.895551681518555
2008-08-15,5469000,38.14500045776367,37.540000915527344,38.3650016784668,37.29499816894531,28.92252540588379
2008-08-14,6445200,38.7599983215332,38.90999984741211,40.05500030517578,38.1349983215332,29.9780216217041
2008-08-13,11709400,37.31999969482422,39.584999084472656,39.97999954223633,36.94499969482422,30.498071670532227
2008-08-12,8501800,37.51499938964844,37.09000015258789,38.16999816894531,36.79999923706055,28.575824737548828
2008-08-11,8674600,36.814998626708984,36.95000076293945,37.060001373291016,35.290000915527344,28.467947006225586
2008-08-08,12160800,38.220001220703125,36.36000061035156,38.689998626708984,35.915000915527344,28.013395309448242
2008-08-07,12997600,38.68000030517578,39.689998626708984,40.29499816894531,38.3650016784668,30.57897186279297
2008-08-06,9730400,36.07500076293945,37.82500076293945,38.19499969482422,36.07500076293945,29.14209747314453
2008-08-05,13524000,36.0,36.02000045776367,36.974998474121094,35.375,27.751436233520508
2008-08-04,7000200,38.77000045776367,36.52000045776367,39.310001373291016,35.7599983215332,28.13665199279785
2008-08-01,8022200,38.70500183105469,39.54999923706055,40.349998474121094,38.70500183105469,30.471107482910156
2008-07-31,8859800,40.040000915527344,39.025001525878906,40.650001525878906,38.5,30.06662940979004
2008-07-30,9020600,37.619998931884766,40.35499954223633,40.599998474121094,37.25,31.09132194519043
2008-07-29,11076400,38.380001068115234,37.73500061035156,38.83000183105469,37.18000030517578,29.0727596282959
2008-07-28,8612400,38.650001525878906,38.45000076293945,39.84000015258789,38.27000045776367,29.623624801635742
2008-07-25,11318000,38.51499938964844,38.185001373291016,39.20500183105469,37.79499816894531,29.41945457458496
2008-07-24,11769400,39.900001525878906,38.560001373291016,40.77000045776367,38.26499938964844,29.708362579345703
2008-07-23,9887400,42.375,39.7599983215332,42.630001068115234,39.470001220703125,30.632905960083008
2008-07-22,5864800,44.45500183105469,42.73500061035156,44.45500183105469,42.46500015258789,32.924983978271484
2008-07-21,6594200,43.70500183105469,44.64500045776367,44.935001373291016,42.369998931884766,34.39652633666992
2008-07-18,6556800,43.30500030517578,42.79499816894531,44.45000076293945,42.5,32.97120666503906
2008-07-17,7216200,44.525001525878906,42.91999816894531,45.40999984741211,41.85499954223633,33.067508697509766
2008-07-16,8430800,45.67499923706055,44.84000015258789,46.125,42.69499969482422,34.5467643737793
2008-07-15,9036800,47.88999938964844,45.84000015258789,48.48500061035156,45.40999984741211,35.31721496582031
2008-07-14,8126200,46.22999954223633,48.060001373291016,48.2400016784668,46.01499938964844,37.027610778808594
2008-07-11,10510400,45.029998779296875,45.720001220703125,46.935001373291016,44.09000015258789,35.224761962890625
2008-07-10,8087600,42.7599983215332,44.17499923706055,44.310001373291016,42.29499816894531,34.034423828125
2008-07-09,9152200,44.04999923706055,42.45500183105469,45.584999084472656,42.3650016784668,32.709251403808594
2008-07-08,11890600,44.7400016784668,43.6349983215332,44.7400016784668,42.32500076293945,33.618377685546875
2008-07-07,8618000,46.775001525878906,45.650001525878906,47.32500076293945,44.599998474121094,35.17082977294922
2008-07-03,5546400,48.63999938964844,47.8650016784668,49.775001525878906,47.345001220703125,36.87736511230469
2008-07-02,8664800,51.08000183105469,48.994998931884766,51.55500030517578,48.7400016784668,37.74795913696289
2008-07-01,6094800,50.45500183105469,51.35499954223633,51.70000076293945,50.15999984741211,39.566219329833984
2008-06-30,8202600,50.3849983215332,50.125,51.35499954223633,50.099998474121094,38.618568420410156
2008-06-27,7131800,49.15999984741211,49.790000915527344,50.404998779296875,49.11000061035156,38.36048126220703
2008-06-26,7456600,48.375,48.599998474121094,49.64500045776367,47.310001373291016,37.443641662597656
2008-06-25,8896400,49.880001068115234,48.165000915527344,50.060001373291016,46.7599983215332,37.108497619628906
2008-06-24,6358200,51.14500045776367,49.540000915527344,51.38999938964844,49.11000061035156,38.16787338256836
2008-06-23,5036200,50.165000915527344,51.18000030517578,51.54999923706055,49.68000030517578,39.431400299072266
2008-06-20,6194400,51.71500015258789,50.209999084472656,51.71500015258789,50.099998474121094,38.68406295776367
2008-06-19,7345000,53.994998931884766,50.75,54.060001373291016,50.66999816894531,39.10009002685547
2008-06-18,6473400,52.46500015258789,53.70500183105469,53.79999923706055,52.279998779296875,41.376773834228516
2008-06-17,7096400,51.220001220703125,52.42499923706055,52.95000076293945,50.82500076293945,40.390594482421875
2008-06-16,6356200,51.25,51.21500015258789,52.04999923706055,50.900001525878906,39.4583625793457
2008-06-13,4507600,50.5,50.58000183105469,51.064998626708984,49.95000076293945,38.96913146972656
2008-06-12,5346800,51.16999816894531,50.89500045776367,51.26499938964844,50.1150016784668,39.21181106567383
2008-06-11,5864000,50.96500015258789,51.52000045776367,52.084999084472656,50.5,39.693328857421875
2008-06-10,6071000,51.68000030517578,50.279998779296875,52.029998779296875,49.59000015258789,38.66325759887695
2008-06-09,4981600,52.35499954223633,51.7400016784668,53.08000183105469,51.064998626708984,39.78593826293945
2008-06-06,7625200,52.29999923706055,51.89500045776367,54.65999984741211,51.834999084472656,39.905120849609375
2008-06-05,6142200,47.959999084472656,50.80500030517578,50.875,47.814998626708984,39.06695556640625
2008-06-04,6071600,48.095001220703125,47.814998626708984,49.084999084472656,47.48500061035156,36.76777267456055
2008-06-03,7642800,48.595001220703125,48.2599983215332,49.54999923706055,48.099998474121094,37.10995864868164
2008-06-02,5024400,48.7400016784668,48.92499923706055,49.69499969482422,47.89500045776367,37.62132263183594
2008-05-30,6431600,49.084999084472656,48.974998474121094,49.525001525878906,48.23500061035156,37.65975570678711
2008-05-29,7596200,49.82500076293945,48.11000061035156,50.43000030517578,47.8849983215332,36.99460220336914
2008-05-28,6160400,48.720001220703125,49.94499969482422,50.084999084472656,48.36000061035156,38.40565490722656
2008-05-27,5739000,50.665000915527344,49.44499969482422,50.665000915527344,49.224998474121094,38.02117919921875
2008-05-23,5757400,52.06999969482422,50.880001068115234,52.7400016784668,49.95000076293945,39.12464141845703
2008-05-22,6297200,52.22999954223633,51.93000030517578,53.45500183105469,51.29999923706055,39.932044982910156
2008-05-21,10944600,52.82500076293945,52.685001373291016,54.275001525878906,52.54999923706055,40.51260757446289
2008-05-20,7397400,53.165000915527344,53.119998931884766,53.275001525878906,52.02000045776367,40.84710693359375
2008-05-19,6021400,51.400001525878906,52.275001525878906,52.45500183105469,50.70500183105469,40.19733810424805
2008-05-16,7116400,50.0,50.81999969482422,51.314998626708984,49.875,39.0785026550293
2008-05-15,7003000,49.224998474121094,49.05500030517578,49.875,48.154998779296875,37.721290588378906
2008-05-14,4009800,48.1349983215332,48.48500061035156,49.275001525878906,48.1349983215332,37.2829704284668
2008-05-13,5464200,47.900001525878906,48.5,48.595001220703125,47.404998779296875,37.294517517089844
2008-05-12,4701800,46.70000076293945,48.040000915527344,48.529998779296875,46.65999984741211,36.9407844543457
2008-05-09,6886200,48.375,46.95000076293945,48.779998779296875,46.30500030517578,36.10262680053711
2008-05-08,4234600,45.185001373291016,47.2400016784668,47.30500030517578,45.185001373291016,36.32563018798828
2008-05-07,4607600,45.8849983215332,45.45000076293945,46.08000183105469,45.185001373291016,34.949188232421875
2008-05-06,5398400,43.849998474121094,45.84000015258789,45.86000061035156,43.84000015258789,35.24906921386719
2008-05-05,4235000,42.91999816894531,43.48500061035156,44.064998626708984,42.91999816894531,33.43817138671875
2008-05-02,3396600,42.084999084472656,42.790000915527344,43.18000030517578,41.8650016784668,32.903751373291016
2008-05-01,6010200,41.91999816894531,41.599998474121094,41.91999816894531,40.0,31.988698959350586
2008-04-30,6547200,41.06999969482422,42.5,42.95000076293945,41.06999969482422,32.68075942993164
2008-04-29,3713800,41.06999969482422,40.78499984741211,41.97999954223633,40.584999084472656,31.361988067626953
2008-04-28,2930000,42.869998931884766,41.939998626708984,43.07500076293945,41.90999984741211,32.25013732910156
2008-04-25,4252800,41.66999816894531,42.125,42.28499984741211,41.334999084472656,32.39237976074219
2008-04-24,5670600,42.099998474121094,41.040000915527344,42.279998779296875,40.685001373291016,31.55806541442871
2008-04-23,4270600,42.88999938964844,42.849998474121094,43.10499954223633,42.26499938964844,32.94989776611328
2008-04-22,6485000,43.4900016784668,43.33000183105469,44.005001068115234,42.85499954223633,33.318992614746094
2008-04-21,7683800,42.540000915527344,43.709999084472656,43.900001525878906,42.540000915527344,33.6112060546875
2008-04-18,5607000,41.75,42.25,42.404998779296875,41.275001525878906,32.488521575927734
2008-04-17,6410200,42.119998931884766,42.025001525878906,42.494998931884766,41.48500061035156,32.31549835205078
2008-04-16,7198400,41.5,41.974998474121094,42.08000183105469,40.85499954223633,32.27703857421875
2008-04-15,6425200,41.0,40.93000030517578,41.55500030517578,40.42499923706055,31.47348976135254
2008-04-14,5448000,39.0,40.28499984741211,40.6150016784668,38.70500183105469,30.977508544921875
2008-04-11,3430800,38.875,38.32500076293945,39.025001525878906,38.1349983215332,29.470352172851562
2008-04-10,6948000,38.61000061035156,39.025001525878906,39.28499984741211,38.334999084472656,30.008625030517578
2008-04-09,6123000,37.720001220703125,38.30500030517578,38.46500015258789,37.150001525878906,29.454973220825195
2008-04-08,3525400,35.724998474121094,37.0099983215332,37.060001373291016,35.724998474121094,28.459165573120117
2008-04-07,5125600,36.40999984741211,36.27000045776367,37.25,35.935001373291016,27.890148162841797
2008-04-04,4457600,35.334999084472656,35.81999969482422,36.209999084472656,35.19499969482422,27.544109344482422
2008-04-03,5883600,34.185001373291016,35.04999923706055,35.34000015258789,34.185001373291016,26.952011108398438
2008-04-02,6677800,34.5,34.70000076293945,34.82500076293945,34.1349983215332,26.682876586914062
2008-04-01,5452800,33.415000915527344,34.2400016784668,34.310001373291016,33.10499954223633,26.329153060913086
2008-03-31,4985800,34.790000915527344,34.130001068115234,34.790000915527344,33.27000045776367,26.244565963745117
2008-03-28,4231400,34.849998474121094,34.51499938964844,35.35499954223633,34.345001220703125,26.54062843322754
2008-03-27,4701400,35.29999923706055,35.03499984741211,35.654998779296875,34.689998626708984,26.940475463867188
2008-03-26,5487800,34.43000030517578,35.064998626708984,35.125,34.005001068115234,26.96355438232422
2008-03-25,6398400,33.220001220703125,33.94499969482422,34.10499954223633,32.810001373291016,26.102312088012695
2008-03-24,2957400,32.939998626708984,32.880001068115234,33.58000183105469,32.209999084472656,25.283374786376953
2008-03-20,6388400,32.459999084472656,32.60499954223633,32.81999969482422,31.219999313354492,25.071908950805664
2008-03-19,6041000,35.70000076293945,32.724998474121094,35.70000076293945,32.56999969482422,25.164180755615234
2008-03-18,4010000,35.630001068115234,35.834999084472656,35.880001068115234,35.04999923706055,27.55565071105957
2008-03-17,7349800,35.5,34.82500076293945,35.5,34.04499816894531,26.778995513916016
2008-03-14,5399000,37.32500076293945,36.81999969482422,37.349998474121094,35.900001525878906,28.313074111938477
2008-03-13,7435800,36.06999969482422,37.56999969482422,37.76499938964844,35.89500045776367,28.889781951904297
2008-03-12,5311800,37.3849983215332,36.439998626708984,37.790000915527344,36.30500030517578,28.020870208740234
2008-03-11,4434000,36.69499969482422,37.11000061035156,37.125,35.834999084472656,28.45855712890625
2008-03-10,5068000,36.36000061035156,35.94499969482422,36.849998474121094,35.64500045776367,27.56515121459961
2008-03-07,4333600,37.35499954223633,37.0099983215332,37.88999938964844,36.35499954223633,28.381864547729492
2008-03-06,4222200,39.21500015258789,37.9900016784668,39.21500015258789,37.86000061035156,29.133405685424805
2008-03-05,4925000,38.17499923706055,38.75,38.89500045776367,37.96500015258789,29.716218948364258
2008-03-04,4984000,37.60499954223633,37.64500045776367,38.23500061035156,36.63999938964844,28.86882781982422
2008-03-03,4577200,37.77000045776367,37.689998626708984,38.22999954223633,37.08000183105469,28.90334701538086
2008-02-29,5272400,38.05500030517578,37.41999816894531,38.30500030517578,36.849998474121094,28.6962833404541
2008-02-28,6801000,37.32500076293945,38.66999816894531,39.04999923706055,37.04499816894531,29.65488624572754
2008-02-27,3794000,36.63999938964844,36.69499969482422,37.314998626708984,36.435001373291016,28.14031410217285
2008-02-26,6560600,36.70500183105469,36.630001068115234,37.33000183105469,35.92499923706055,28.090457916259766
2008-02-25,6115800,34.314998626708984,36.03499984741211,36.1150016784668,34.27000045776367,27.634166717529297
2008-02-22,3636800,33.98500061035156,34.04999923706055,34.1349983215332,33.21500015258789,26.111934661865234
2008-02-21,5414400,33.724998474121094,33.67499923706055,34.345001220703125,33.44499969482422,25.824356079101562
2008-02-20,4692600,32.904998779296875,34.21500015258789,34.439998626708984,32.904998779296875,26.238462448120117
2008-02-19,6586200,33.21500015258789,33.34000015258789,33.904998779296875,32.64500045776367,25.567461013793945
2008-02-15,5410600,32.775001525878906,32.36000061035156,32.779998779296875,31.969999313354492,24.8159236907959
2008-02-14,4117600,33.31999969482422,32.56999969482422,33.38999938964844,32.4900016784668,24.976966857910156
2008-02-13,6648600,31.674999237060547,32.779998779296875,33.119998931884766,31.56999969482422,25.138010025024414
2008-02-12,6291800,31.190000534057617,31.434999465942383,31.780000686645508,30.725000381469727,24.106569290161133
2008-02-11,6832800,31.200000762939453,31.30500030517578,31.584999084472656,30.399999618530273,24.006879806518555
2008-02-08,8095000,30.69499969482422,31.15999984741211,31.475000381469727,30.600000381469727,23.895681381225586
2008-02-07,9426200,30.709999084472656,30.165000915527344,30.709999084472656,29.69499969482422,23.132648468017578
2008-02-06,4280600,32.494998931884766,30.875,32.494998931884766,30.875,23.677122116088867
2008-02-05,3786600,33.084999084472656,31.895000457763672,33.084999084472656,31.854999542236328,24.459331512451172
2008-02-04,3526600,32.63999938964844,33.404998779296875,33.84000015258789,32.595001220703125,25.617298126220703
2008-02-01,3225800,31.774999618530273,32.459999084472656,32.810001373291016,31.69499969482422,24.89261245727539
2008-01-31,4032200,31.25,31.905000686645508,32.154998779296875,30.610000610351562,24.46699333190918
2008-01-30,5076000,31.469999313354492,32.02000045776367,32.56999969482422,31.354999542236328,24.555187225341797
2008-01-29,2953200,31.614999771118164,31.34000015258789,31.739999771118164,30.93000030517578,24.03371810913086
2008-01-28,4435200,31.31999969482422,31.280000686645508,31.545000076293945,30.459999084472656,23.98770523071289
2008-01-25,5009800,32.415000915527344,31.5,33.07500076293945,31.30500030517578,24.15640640258789
2008-01-24,7950800,30.0,31.510000228881836,31.760000228881836,30.0,24.16408348083496
2008-01-23,10298600,30.489999771118164,29.78499984741211,30.530000686645508,28.53499984741211,22.841232299804688
2008-01-22,7776200,31.0049991607666,31.030000686645508,31.329999923706055,30.014999389648438,23.795984268188477
2008-01-18,5620800,31.735000610351562,31.885000228881836,32.400001525878906,31.030000686645508,24.451658248901367
2008-01-17,7444400,33.5,31.559999465942383,34.04499816894531,31.3700008392334,24.202430725097656
2008-01-16,6949400,34.025001525878906,33.375,34.3650016784668,32.88999938964844,25.594295501708984
2008-01-15,5344400,35.86000061035156,34.67499923706055,35.869998931884766,33.90999984741211,26.591232299804688
2008-01-14,2650400,35.6349983215332,36.040000915527344,36.369998931884766,35.6349983215332,27.638002395629883
2008-01-11,2419200,35.34000015258789,35.45500183105469,35.90999984741211,35.1150016784668,27.189395904541016
2008-01-10,5023600,35.57500076293945,35.60499954223633,36.01499938964844,34.98500061035156,27.304420471191406
2008-01-09,3438200,36.29499816894531,36.665000915527344,36.80500030517578,36.0,28.117290496826172
2008-01-08,3583200,36.60499954223633,36.41999816894531,37.82500076293945,36.290000915527344,27.929424285888672
2008-01-07,3364200,37.119998931884766,36.55500030517578,37.540000915527344,36.03499984741211,28.03294563293457
2008-01-04,2326800,37.904998779296875,37.119998931884766,37.904998779296875,36.915000915527344,28.46622657775879
2008-01-03,3032000,37.85499954223633,38.07500076293945,38.36000061035156,37.23500061035156,29.198575973510742
2008-01-02,3075800,36.72999954223633,37.439998626708984,37.834999084472656,36.72999954223633,28.711618423461914
2007-12-31,1415800,37.15999984741211,36.56999969482422,37.39500045776367,36.48500061035156,28.04444694519043
2007-12-28,1755800,36.459999084472656,37.03499984741211,37.08000183105469,36.45000076293945,28.40103530883789
2007-12-27,2342000,36.095001220703125,36.14500045776367,36.599998474121094,35.8650016784668,27.718528747558594
2007-12-26,1376400,35.974998474121094,35.92499923706055,36.349998474121094,35.439998626708984,27.5498104095459
2007-12-24,737800,34.994998931884766,35.904998779296875,36.154998779296875,34.994998931884766,27.53447914123535
2007-12-21,2573000,35.17499923706055,35.44499969482422,35.65999984741211,34.69499969482422,27.181716918945312
2007-12-20,2456200,35.20500183105469,35.17499923706055,35.689998626708984,34.869998931884766,26.974658966064453
2007-12-19,2844000,34.86000061035156,35.125,35.40999984741211,34.57500076293945,26.936321258544922
2007-12-18,4066200,34.334999084472656,34.630001068115234,34.834999084472656,33.900001525878906,26.556718826293945
2007-12-17,3697400,34.20000076293945,33.90999984741211,34.685001373291016,33.685001373291016,26.00457763671875
2007-12-14,3517800,34.224998474121094,34.189998626708984,34.41999816894531,33.755001068115234,26.219289779663086
2007-12-13,4652800,34.09000015258789,34.5,34.709999084472656,33.790000915527344,26.4570255279541
2007-12-12,4999200,33.98500061035156,34.27000045776367,34.5,33.744998931884766,26.280641555786133
2007-12-11,4937800,34.09000015258789,33.20500183105469,34.44499969482422,33.14500045776367,25.399124145507812
2007-12-10,3257600,33.935001373291016,34.16999816894531,34.470001220703125,33.744998931884766,26.137271881103516
2007-12-07,4456200,33.5,33.650001525878906,33.875,33.31999969482422,25.739519119262695
2007-12-06,5158600,32.584999084472656,33.665000915527344,33.75,32.165000915527344,25.750991821289062
2007-12-05,7901200,32.25,32.79499816894531,33.20000076293945,32.19499969482422,25.085506439208984
2007-12-04,5025000,32.3650016784668,31.975000381469727,32.3650016784668,31.760000228881836,24.458280563354492
2007-12-03,5471200,32.14500045776367,32.54999923706055,32.790000915527344,32.040000915527344,24.898099899291992
2007-11-30,7618000,33.3849983215332,32.73500061035156,33.3849983215332,32.2599983215332,25.03961753845215
2007-11-29,5291600,33.22999954223633,33.630001068115234,33.84000015258789,32.96500015258789,25.724218368530273
2007-11-28,7131000,33.060001373291016,33.654998779296875,33.720001220703125,32.92499923706055,25.743343353271484
2007-11-27,17144200,35.0,33.060001373291016,35.0,32.57500076293945,25.288211822509766
2007-11-26,7305800,36.67499923706055,35.880001068115234,37.11000061035156,35.75,27.44529151916504
2007-11-23,2007800,36.404998779296875,36.39500045776367,36.70500183105469,35.935001373291016,27.83922004699707
2007-11-21,5353600,37.32500076293945,36.165000915527344,37.32500076293945,36.07500076293945,27.663288116455078
2007-11-20,6850800,35.7400016784668,37.189998626708984,37.595001220703125,35.7400016784668,28.447330474853516
2007-11-19,5172000,36.45500183105469,35.834999084472656,36.45500183105469,35.57500076293945,27.410856246948242
2007-11-16,5411000,36.939998626708984,36.3650016784668,36.939998626708984,35.88999938964844,27.816272735595703
2007-11-15,5051200,37.03499984741211,36.04499816894531,37.03499984741211,35.650001525878906,27.571496963500977
2007-11-14,6518600,37.814998626708984,37.19499969482422,38.779998779296875,37.09000015258789,28.451162338256836
2007-11-13,5470200,38.29499816894531,37.435001373291016,38.525001525878906,36.55500030517578,28.634737014770508
2007-11-12,5782200,40.279998779296875,37.849998474121094,40.279998779296875,37.650001525878906,28.95217514038086
2007-11-09,4322200,41.5,40.75,41.5,40.41999816894531,31.170446395874023
2007-11-08,5256400,42.400001525878906,41.70500183105469,42.790000915527344,40.54499816894531,31.90093421936035
2007-11-07,6745800,42.97999954223633,41.915000915527344,43.584999084472656,41.82500076293945,32.061561584472656
2007-11-06,4405800,41.255001068115234,42.459999084472656,42.5,41.125,32.47844314575195
2007-11-05,3798800,40.3650016784668,40.63999938964844,40.744998931884766,39.775001525878906,31.0862979888916
2007-11-02,5511600,40.69499969482422,40.849998474121094,41.25,39.790000915527344,31.24693489074707
2007-11-01,6486400,41.41999816894531,39.625,41.41999816894531,39.505001068115234,30.30990219116211
2007-10-31,4582000,39.82500076293945,41.599998474121094,41.599998474121094,39.7599983215332,31.820613861083984
2007-10-30,2612400,40.57500076293945,39.349998474121094,40.67499923706055,39.23500061035156,30.099552154541016
2007-10-29,3077800,40.095001220703125,41.13999938964844,41.224998474121094,40.095001220703125,31.468746185302734
2007-10-26,5047200,38.529998779296875,39.90999984741211,40.95500183105469,38.25,30.527904510498047
2007-10-25,4366000,38.30500030517578,39.43000030517578,39.494998931884766,38.125,30.16073226928711
2007-10-24,4948600,37.689998626708984,38.165000915527344,38.41999816894531,37.5099983215332,29.193115234375
2007-10-23,2883800,38.40999984741211,37.935001373291016,38.540000915527344,37.505001068115234,29.017200469970703
2007-10-22,3645600,37.650001525878906,37.82500076293945,38.220001220703125,37.1150016784668,28.93305778503418
2007-10-19,4983400,39.91999816894531,38.75,40.15999984741211,38.6150016784668,29.64060401916504
2007-10-18,5432800,38.564998626708984,39.91999816894531,40.02000045776367,38.54499816894531,30.535552978515625
2007-10-17,4927800,38.084999084472656,38.779998779296875,38.79499816894531,37.96500015258789,29.663549423217773
2007-10-16,4126000,36.900001525878906,37.6150016784668,37.875,36.69499969482422,28.772415161132812
2007-10-15,3526000,37.209999084472656,36.875,37.375,36.709999084472656,28.206375122070312
2007-10-12,3828600,37.2599983215332,36.95000076293945,37.47999954223633,36.78499984741211,28.263736724853516
2007-10-11,6226800,37.3650016784668,36.970001220703125,38.125,36.439998626708984,28.279043197631836
2007-10-10,4784000,36.775001525878906,37.08000183105469,37.19499969482422,36.20000076293945,28.36318016052246
2007-10-09,4086600,36.70000076293945,36.974998474121094,37.2400016784668,36.46500015258789,28.28286361694336
2007-10-08,2040400,37.22999954223633,36.814998626708984,37.2400016784668,36.56999969482422,28.160478591918945
2007-10-05,1938000,37.099998474121094,37.57500076293945,37.77000045776367,37.09000015258789,28.741825103759766
2007-10-04,6869600,36.810001373291016,36.77000045776367,37.23500061035156,36.4900016784668,28.126056671142578
2007-10-03,2328000,37.4900016784668,37.064998626708984,37.80500030517578,36.939998626708984,28.351709365844727
2007-10-02,2837400,37.20500183105469,37.68000030517578,37.779998779296875,36.96500015258789,28.822139739990234
2007-10-01,2254200,38.400001525878906,38.1150016784668,38.5,37.96500015258789,29.154878616333008
2007-09-28,3227400,37.935001373291016,37.875,38.150001525878906,37.69499969482422,28.971302032470703
2007-09-27,3726800,37.60499954223633,37.53499984741211,37.724998474121094,37.064998626708984,28.711223602294922
2007-09-26,3327200,37.64500045776367,36.95000076293945,37.66999816894531,36.36000061035156,28.263736724853516
2007-09-25,2801600,37.5,37.474998474121094,37.845001220703125,37.255001068115234,28.66533088684082
2007-09-24,2901200,38.06999969482422,38.099998474121094,38.63999938964844,37.82500076293945,29.143400192260742
2007-09-21,3663000,38.209999084472656,38.29499816894531,38.599998474121094,38.01499938964844,29.292552947998047
2007-09-20,6233600,37.27000045776367,37.61000061035156,37.810001373291016,36.665000915527344,28.76859474182129
2007-09-19,8279000,38.5,36.92499923706055,38.70000076293945,36.85499954223633,28.24461555480957
2007-09-18,3655200,37.755001068115234,39.29999923706055,39.45000076293945,37.64500045776367,30.061296463012695
2007-09-17,2238200,37.8650016784668,37.45500183105469,37.880001068115234,37.18000030517578,28.65003776550293
2007-09-14,3694800,37.279998779296875,37.79499816894531,37.89500045776367,37.05500030517578,28.910104751586914
2007-09-13,5008800,36.5,37.45000076293945,37.845001220703125,36.38999938964844,28.64620018005371
2007-09-12,5248400,35.459999084472656,36.3650016784668,36.75,35.38999938964844,27.816272735595703
2007-09-11,2537200,34.650001525878906,35.5,35.70500183105469,34.474998474121094,27.092966079711914
2007-09-10,1748000,34.224998474121094,34.400001525878906,34.60499954223633,33.85499954223633,26.253456115722656
2007-09-07,1627400,34.349998474121094,34.36000061035156,34.60499954223633,33.959999084472656,26.222936630249023
2007-09-06,2145200,35.099998474121094,34.82500076293945,35.21500015258789,34.54499816894531,26.577823638916016
2007-09-05,2326800,34.75,34.849998474121094,35.34000015258789,34.665000915527344,26.596900939941406
2007-09-04,3571400,33.98500061035156,35.1150016784668,35.459999084472656,33.84000015258789,26.799137115478516
2007-08-31,2272600,34.220001220703125,34.154998779296875,34.48500061035156,33.939998626708984,26.066484451293945
2007-08-30,2483400,33.1349983215332,33.48500061035156,33.8650016784668,33.10499954223633,25.55514907836914
2007-08-29,3256200,32.709999084472656,33.5,33.564998626708984,32.380001068115234,25.566598892211914
2007-08-28,2567800,32.63999938964844,32.07500076293945,32.875,31.950000762939453,24.479063034057617
2007-08-27,2424800,32.869998931884766,33.125,33.47999954223633,32.61000061035156,25.28040313720703
2007-08-24,2179800,33.369998931884766,33.23500061035156,33.57500076293945,33.025001525878906,25.364355087280273
2007-08-23,2658000,33.01499938964844,32.95500183105469,33.119998931884766,32.52000045776367,25.150671005249023
2007-08-22,3098600,32.310001373291016,32.39500045776367,32.78499984741211,32.150001525878906,24.723281860351562
2007-08-21,2208200,31.940000534057617,31.80500030517578,32.45500183105469,31.655000686645508,24.273006439208984
2007-08-20,3315400,32.67499923706055,32.29499816894531,32.67499923706055,31.65999984741211,24.646961212158203
2007-08-17,5791200,32.2400016784668,32.349998474121094,32.959999084472656,31.825000762939453,24.68893051147461
2007-08-16,8193600,31.440000534057617,30.940000534057617,31.440000534057617,30.350000381469727,23.61284637451172
2007-08-15,3860600,32.33000183105469,31.924999237060547,33.275001525878906,31.75,24.364585876464844
2007-08-14,3496600,33.5,32.755001068115234,33.630001068115234,32.54999923706055,24.998029708862305
2007-08-13,2506600,34.415000915527344,33.45500183105469,34.55500030517578,33.40999984741211,25.532257080078125
2007-08-10,4931200,33.220001220703125,33.939998626708984,34.20500183105469,32.84000015258789,25.902395248413086
2007-08-09,5274200,33.42499923706055,33.564998626708984,34.775001525878906,33.404998779296875,25.616207122802734
2007-08-08,5443400,33.33000183105469,34.314998626708984,34.73500061035156,33.33000183105469,26.188594818115234
2007-08-07,4957000,33.0,33.20500183105469,33.474998474121094,32.630001068115234,25.341463088989258
2007-08-06,4554000,33.334999084472656,33.04999923706055,33.52000045776367,32.06999969482422,25.223161697387695
2007-08-03,5106000,34.47999954223633,33.619998931884766,34.81999969482422,33.51499938964844,25.658184051513672
2007-08-02,5091200,33.96500015258789,34.63999938964844,34.689998626708984,33.459999084472656,26.436630249023438
2007-08-01,6363000,34.13999938964844,33.77000045776367,34.470001220703125,32.849998474121094,25.772663116455078
2007-07-31,4765000,34.400001525878906,34.20500183105469,34.95000076293945,34.20000076293945,26.104644775390625
2007-07-30,4084000,33.900001525878906,33.875,34.150001525878906,33.314998626708984,25.8527889251709
2007-07-27,4794200,34.26499938964844,33.959999084472656,35.01499938964844,33.369998931884766,25.91766357421875
2007-07-26,4618200,34.93000030517578,34.45500183105469,34.93000030517578,33.505001068115234,26.295448303222656
2007-07-25,6273800,34.84000015258789,35.334999084472656,35.459999084472656,34.375,26.967039108276367
2007-07-24,5371200,36.07500076293945,34.68000030517578,36.29499816894531,34.47999954223633,26.46715545654297
2007-07-23,2393400,36.619998931884766,36.2599983215332,36.81999969482422,35.959999084472656,27.6729793548584
2007-07-20,2996400,37.1150016784668,36.720001220703125,37.20000076293945,36.52000045776367,28.02404022216797
2007-07-19,5289200,36.2400016784668,37.01499938964844,37.28499984741211,36.2400016784668,28.249176025390625
2007-07-18,6106800,34.95000076293945,36.005001068115234,36.04499816894531,34.790000915527344,27.478370666503906
2007-07-17,3623400,35.165000915527344,34.88999938964844,35.540000915527344,34.665000915527344,26.62742805480957
2007-07-16,2663200,35.380001068115234,34.994998931884766,35.42499923706055,34.55500030517578,26.707557678222656
2007-07-13,3136800,34.67499923706055,35.3849983215332,35.689998626708984,34.61000061035156,27.005199432373047
2007-07-12,2902600,34.5099983215332,34.595001220703125,34.79999923706055,34.435001373291016,26.402292251586914
2007-07-11,3033200,34.06999969482422,34.275001525878906,34.30500030517578,33.42499923706055,26.158065795898438
2007-07-10,3117600,33.77000045776367,34.30500030517578,34.6150016784668,33.494998931884766,26.18096351623535
2007-07-09,2258800,34.08000183105469,34.0,34.375,33.994998931884766,25.94818878173828
2007-07-06,2038000,33.95000076293945,33.900001525878906,34.125,33.654998779296875,25.871871948242188
2007-07-05,2844800,33.69499969482422,33.67499923706055,33.849998474121094,33.125,25.700151443481445
2007-07-03,1956000,33.625,33.72999954223633,34.0099983215332,33.474998474121094,25.742122650146484
2007-07-02,2361200,33.45000076293945,33.28499984741211,33.619998931884766,33.04999923706055,25.40252113342285
2007-06-29,2779600,33.7599983215332,33.17499923706055,33.834999084472656,32.82500076293945,25.31856918334961
2007-06-28,3756800,33.08000183105469,32.654998779296875,33.349998474121094,32.61000061035156,24.921707153320312
2007-06-27,4034600,31.729999542236328,32.494998931884766,32.54999923706055,31.274999618530273,24.799604415893555
2007-06-26,2449200,32.939998626708984,32.025001525878906,32.94499969482422,31.989999771118164,24.440908432006836
2007-06-25,2761000,32.92499923706055,32.689998626708984,33.20500183105469,32.30500030517578,24.94842529296875
2007-06-22,2818800,33.55500030517578,33.25,33.55500030517578,32.8849983215332,25.37579917907715
2007-06-21,4181000,33.58000183105469,33.51499938964844,33.689998626708984,33.09000015258789,25.578048706054688
2007-06-20,4304000,34.400001525878906,33.474998474121094,34.470001220703125,33.369998931884766,25.547515869140625
2007-06-19,2557400,34.654998779296875,34.6150016784668,34.90999984741211,34.35499954223633,26.417552947998047
2007-06-18,2241200,34.63999938964844,34.65999984741211,34.98500061035156,34.57500076293945,26.45189094543457
2007-06-15,2665400,34.755001068115234,34.89500045776367,34.93000030517578,34.375,26.63123321533203
2007-06-14,2856000,33.27000045776367,34.525001525878906,34.6349983215332,33.27000045776367,26.348857879638672
2007-06-13,3379800,32.724998474121094,33.224998474121094,33.3849983215332,32.459999084472656,25.35672378540039
2007-06-12,3746200,32.70000076293945,32.6150016784668,33.064998626708984,32.26499938964844,24.830049514770508
2007-06-11,2139800,33.064998626708984,32.93000030517578,33.34000015258789,32.88999938964844,25.069866180419922
2007-06-08,3493400,32.36000061035156,33.18000030517578,33.28499984741211,32.25,25.260190963745117
2007-06-07,3581000,33.70000076293945,32.73500061035156,33.8849983215332,32.70500183105469,24.921411514282227
2007-06-06,2555600,34.275001525878906,33.71500015258789,34.275001525878906,33.40999984741211,25.667490005493164
2007-06-05,3086600,33.94499969482422,34.43000030517578,34.6150016784668,33.79999923706055,26.21181869506836
2007-06-04,2960800,33.650001525878906,34.10499954223633,34.279998779296875,33.55500030517578,25.96440887451172
2007-06-01,2980800,33.349998474121094,33.915000915527344,34.125,33.349998474121094,25.81975746154785
2007-05-31,2912200,33.21500015258789,33.28499984741211,33.55500030517578,32.845001220703125,25.34013557434082
2007-05-30,2203600,32.2400016784668,33.119998931884766,33.185001373291016,32.08000183105469,25.214513778686523
2007-05-29,2075800,32.685001373291016,32.28499984741211,32.814998626708984,32.21500015258789,24.578813552856445
2007-05-25,1862800,32.72999954223633,32.744998931884766,32.875,32.42499923706055,24.929025650024414
2007-05-24,2351200,33.099998474121094,32.209999084472656,33.185001373291016,32.04499816894531,24.5217227935791
2007-05-23,2729400,32.89500045776367,32.9900016784668,33.39500045776367,32.8650016784668,25.115549087524414
2007-05-22,2993800,32.88999938964844,32.584999084472656,32.92499923706055,32.290000915527344,24.807209014892578
2007-05-21,3314000,33.0,32.915000915527344,33.310001373291016,32.70500183105469,25.058446884155273
2007-05-18,3531200,32.470001220703125,32.560001373291016,33.0,32.42499923706055,24.788179397583008
2007-05-17,3346200,31.399999618530273,31.969999313354492,32.19499969482422,31.020000457763672,24.339004516601562
2007-05-16,2999800,31.34000015258789,31.395000457763672,31.469999313354492,30.864999771118164,23.901248931884766
2007-05-15,3218200,31.594999313354492,31.434999465942383,31.854999542236328,31.334999084472656,23.93170738220215
2007-05-14,2067600,31.825000762939453,31.594999313354492,31.915000915527344,31.3700008392334,24.05352210998535
2007-05-11,3290600,30.889999389648438,31.799999237060547,31.889999389648438,30.885000228881836,24.209583282470703
2007-05-10,3058800,31.65999984741211,31.135000228881836,31.895000457763672,31.0049991607666,23.70331382751465
2007-05-09,3973000,32.05500030517578,31.59000015258789,32.345001220703125,31.350000381469727,24.049715042114258
2007-05-08,3296800,32.279998779296875,32.275001525878906,32.41999816894531,31.719999313354492,24.57120704650879
2007-05-07,3397000,31.594999313354492,32.279998779296875,32.60499954223633,31.56999969482422,24.575010299682617
2007-05-04,3635400,32.0099983215332,31.809999465942383,32.45500183105469,31.704999923706055,24.217201232910156
2007-05-03,4100800,30.690000534057617,31.625,31.674999237060547,30.459999084472656,24.076353073120117
2007-05-02,2672800,29.799999237060547,30.415000915527344,30.774999618530273,29.635000228881836,23.15517234802246
2007-05-01,2923600,29.90999984741211,29.954999923706055,30.135000228881836,29.520000457763672,22.804969787597656
2007-04-30,2891600,30.309999465942383,29.80500030517578,30.65999984741211,29.780000686645508,22.69077491760254
2007-04-27,2372800,29.65999984741211,30.219999313354492,30.40999984741211,29.559999465942383,23.0067195892334
2007-04-26,2853400,29.809999465942383,29.790000915527344,30.170000076293945,29.75,22.679353713989258
2007-04-25,2948800,29.68000030517578,30.209999084472656,30.329999923706055,29.440000534057617,22.999107360839844
2007-04-24,2097800,29.579999923706055,29.674999237060547,30.104999542236328,29.530000686645508,22.59181022644043
2007-04-23,2287600,29.46500015258789,29.825000762939453,29.959999084472656,29.375,22.706003189086914
2007-04-20,2760000,29.274999618530273,29.5049991607666,29.69499969482422,28.989999771118164,22.462383270263672
2007-04-19,2395200,29.229999542236328,29.024999618530273,29.229999542236328,28.80500030517578,22.096960067749023
2007-04-18,3277200,29.684999465942383,29.610000610351562,29.69499969482422,29.315000534057617,22.54232406616211
2007-04-17,2865800,30.084999084472656,29.75,30.329999923706055,29.649999618530273,22.648906707763672
2007-04-16,3535000,30.204999923706055,29.94499969482422,30.290000915527344,29.739999771118164,22.79736328125
2007-04-13,4145200,29.34000015258789,30.040000915527344,30.125,29.270000457763672,22.86968231201172
2007-04-12,3099600,28.524999618530273,29.395000457763672,29.399999618530273,28.4950008392334,22.37863540649414
2007-04-11,2314200,28.385000228881836,28.315000534057617,28.760000228881836,28.174999237060547,21.556428909301758
2007-04-10,1823200,28.235000610351562,28.385000228881836,28.639999389648438,28.145000457763672,21.609716415405273
2007-04-09,2245000,28.399999618530273,28.2450008392334,28.645000457763672,28.184999465942383,21.503131866455078
2007-04-05,2830000,28.6299991607666,28.40999984741211,28.850000381469727,28.344999313354492,21.62874984741211
2007-04-04,2355800,27.969999313354492,28.5049991607666,28.545000076293945,27.829999923706055,21.701074600219727
2007-04-03,2673200,27.809999465942383,28.1200008392334,28.225000381469727,27.53499984741211,21.407974243164062
2007-04-02,3080800,27.854999542236328,28.100000381469727,28.2450008392334,27.739999771118164,21.392751693725586
2007-03-30,3998200,28.110000610351562,27.594999313354492,28.260000228881836,27.389999389648438,21.00828742980957
2007-03-29,4012600,27.854999542236328,28.209999084472656,28.309999465942383,27.6299991607666,21.47649574279785
2007-03-28,4525800,27.415000915527344,27.665000915527344,27.924999237060547,27.415000915527344,21.061580657958984
2007-03-27,1805000,27.139999389648438,27.165000915527344,27.209999084472656,26.920000076293945,20.68092918395996
2007-03-26,2548400,27.0,27.18000030517578,27.225000381469727,26.729999542236328,20.69234848022461
2007-03-23,2378000,26.575000762939453,26.899999618530273,26.899999618530273,26.524999618530273,20.479175567626953
2007-03-22,4958600,26.924999237060547,26.459999084472656,27.040000915527344,26.399999618530273,20.14419937133789
2007-03-21,3226200,26.350000381469727,26.725000381469727,26.864999771118164,26.274999618530273,20.345949172973633
2007-03-20,2443800,25.950000762939453,26.229999542236328,26.30500030517578,25.875,19.969104766845703
2007-03-19,2113800,25.610000610351562,25.850000381469727,25.969999313354492,25.579999923706055,19.6798038482666
2007-03-16,2575600,25.625,25.315000534057617,25.989999771118164,25.290000915527344,19.27250862121582
2007-03-15,2454400,25.799999237060547,25.549999237060547,25.94499969482422,25.479999542236328,19.45140838623047
2007-03-14,3979400,25.53499984741211,25.815000534057617,25.825000762939453,25.225000381469727,19.65315818786621
2007-03-13,3545200,26.100000381469727,25.575000762939453,26.395000457763672,25.520000457763672,19.41524887084961
2007-03-12,2564800,25.989999771118164,26.03499984741211,26.15999984741211,25.75,19.764455795288086
2007-03-09,5121000,25.739999771118164,26.014999389648438,26.43000030517578,25.739999771118164,19.74927520751953
2007-03-08,4682000,25.565000534057617,25.565000534057617,26.045000076293945,25.399999618530273,19.40765380859375
2007-03-07,5390800,24.829999923706055,25.375,25.584999084472656,24.829999923706055,19.26342010498047
2007-03-06,3773600,24.690000534057617,24.954999923706055,25.014999389648438,24.434999465942383,18.944578170776367
2007-03-05,3655400,24.344999313354492,24.360000610351562,24.649999618530273,24.165000915527344,18.492881774902344
2007-03-02,4439200,25.09000015258789,24.709999084472656,25.239999771118164,24.649999618530273,18.75858497619629
2007-03-01,4573200,24.950000762939453,25.094999313354492,25.28499984741211,24.700000762939453,19.050857543945312
2007-02-28,3874400,24.899999618530273,25.149999618530273,25.270000457763672,24.625,19.09260368347168
2007-02-27,6364600,25.639999389648438,25.010000228881836,25.639999389648438,24.75,18.9863338470459
2007-02-26,3126000,25.7549991607666,25.729999542236328,25.875,25.575000762939453,19.532909393310547
2007-02-23,3000000,25.84000015258789,25.614999771118164,26.100000381469727,25.4950008392334,19.445621490478516
2007-02-22,4085000,25.739999771118164,25.65999984741211,25.81999969482422,25.375,19.479778289794922
2007-02-21,4184200,25.395000457763672,25.625,25.725000381469727,25.170000076293945,19.453208923339844
2007-02-20,5627600,25.18000030517578,25.28499984741211,25.55500030517578,25.114999771118164,19.19509506225586
2007-02-16,4005600,25.825000762939453,26.1200008392334,26.295000076293945,25.7549991607666,19.8289852142334
2007-02-15,5155800,25.385000228881836,25.795000076293945,25.90999984741211,25.325000762939453,19.582263946533203
2007-02-14,5225400,25.71500015258789,25.450000762939453,25.94499969482422,25.354999542236328,19.320354461669922
2007-02-13,4627600,25.139999389648438,25.65999984741211,25.68000030517578,25.139999389648438,19.479778289794922
2007-02-12,4491200,24.834999084472656,24.940000534057617,25.174999237060547,24.799999237060547,18.93319320678711
2007-02-09,2618800,25.104999542236328,25.014999389648438,25.364999771118164,24.875,18.99011993408203
2007-02-08,4810600,25.0,25.049999237060547,25.219999313354492,24.579999923706055,19.01669692993164
2007-02-07,2794000,25.385000228881836,25.079999923706055,25.459999084472656,24.899999618530273,19.039470672607422
2007-02-06,2945200,25.219999313354492,25.274999618530273,25.350000381469727,25.0,19.18750762939453
2007-02-05,2506000,25.049999237060547,25.06999969482422,25.149999618530273,24.864999771118164,19.031877517700195
2007-02-02,3335200,25.200000762939453,24.825000762939453,25.239999771118164,24.684999465942383,18.845884323120117
2007-02-01,3171200,25.25,25.100000381469727,25.3799991607666,24.829999923706055,19.054649353027344
2007-01-31,3027000,24.649999618530273,25.010000228881836,25.225000381469727,24.604999542236328,18.9863338470459
2007-01-30,4166200,24.114999771118164,24.975000381469727,25.06999969482422,24.05500030517578,18.95975685119629
2007-01-29,2549600,24.219999313354492,23.985000610351562,24.475000381469727,23.954999923706055,18.208200454711914
2007-01-26,3861600,24.3799991607666,24.270000457763672,24.69499969482422,24.174999237060547,18.424560546875
2007-01-25,3496000,24.94499969482422,24.114999771118164,24.985000610351562,24.045000076293945,18.3068904876709
2007-01-24,5381400,24.385000228881836,24.940000534057617,25.014999389648438,24.219999313354492,18.93319320678711
2007-01-23,4426400,23.735000610351562,24.565000534057617,24.610000610351562,23.735000610351562,18.648509979248047
2007-01-22,3308200,23.975000381469727,23.579999923706055,24.094999313354492,23.399999618530273,17.900745391845703
2007-01-19,3073600,23.540000915527344,23.850000381469727,24.075000762939453,23.540000915527344,18.10572052001953
2007-01-18,4599000,23.530000686645508,23.420000076293945,23.834999084472656,23.059999465942383,17.77928924560547
2007-01-17,4256800,23.1299991607666,23.469999313354492,23.7549991607666,23.125,17.81723976135254
2007-01-16,4436200,23.645000457763672,23.2450008392334,23.700000762939453,22.979999542236328,17.646434783935547
2007-01-12,5116400,22.665000915527344,23.295000076293945,23.364999771118164,22.614999771118164,17.684389114379883
2007-01-11,7775400,22.5,22.3700008392334,23.229999542236328,22.280000686645508,16.982177734375
2007-01-10,5083800,22.799999237060547,22.684999465942383,23.149999618530273,22.635000228881836,17.221303939819336
2007-01-09,6684600,22.905000686645508,23.190000534057617,23.299999237060547,22.69499969482422,17.60468101501465
2007-01-08,6003800,23.690000534057617,23.454999923706055,24.075000762939453,23.204999923706055,17.80585479736328
2007-01-05,7215800,23.155000686645508,23.420000076293945,23.7549991607666,22.885000228881836,17.77928924560547
2007-01-04,8742600,23.96500015258789,23.104999542236328,24.125,22.989999771118164,17.540149688720703
2007-01-03,8867400,26.110000610351562,24.405000686645508,26.110000610351562,24.18000030517578,18.52704429626465
2006-12-29,1888400,26.5,26.614999771118164,26.635000228881836,26.274999618530273,20.20476722717285
2006-12-28,2374400,26.149999618530273,26.510000228881836,26.514999389648438,26.024999618530273,20.12504768371582
2006-12-27,1792800,25.65999984741211,26.235000610351562,26.2549991607666,25.610000610351562,19.916292190551758
2006-12-26,1549800,25.844999313354492,25.6200008392334,26.125,25.405000686645508,19.449411392211914
2006-12-22,2004800,25.975000381469727,25.9950008392334,26.110000610351562,25.604999542236328,19.73409652709961
2006-12-21,3125200,25.71500015258789,25.809999465942383,25.915000915527344,25.524999618530273,19.59364891052246
2006-12-20,4026400,25.950000762939453,25.71500015258789,26.584999084472656,25.65999984741211,19.521528244018555
2006-12-19,3746400,25.594999313354492,25.875,26.139999389648438,25.350000381469727,19.64299964904785
2006-12-18,4621200,26.114999771118164,25.7450008392334,26.235000610351562,25.600000381469727,19.544307708740234
2006-12-15,3100600,26.860000610351562,26.239999771118164,26.954999923706055,26.110000610351562,19.92008399963379
2006-12-14,4675400,26.844999313354492,26.770000457763672,26.975000381469727,26.6200008392334,20.32243537902832
2006-12-13,3428000,26.475000381469727,26.700000762939453,26.780000686645508,26.299999237060547,20.2692928314209
2006-12-12,3767000,26.639999389648438,26.424999237060547,26.639999389648438,26.174999237060547,20.011032104492188
2006-12-11,3801400,26.674999237060547,26.7450008392334,26.969999313354492,26.5,20.25336265563965
2006-12-08,2982000,27.315000534057617,26.934999465942383,27.395000457763672,26.875,20.397245407104492
2006-12-07,3182400,27.15999984741211,27.084999084472656,27.30500030517578,26.815000534057617,20.510833740234375
2006-12-06,3231400,27.5049991607666,27.30500030517578,27.709999084472656,27.18000030517578,20.677431106567383
2006-12-05,4070400,27.639999389648438,27.600000381469727,27.739999771118164,27.075000762939453,20.900833129882812
2006-12-04,2920000,27.309999465942383,27.5049991607666,27.514999389648438,27.040000915527344,20.828889846801758
2006-12-01,3848400,26.84000015258789,27.309999465942383,27.385000228881836,26.7549991607666,20.681215286254883
2006-11-30,4441200,26.790000915527344,27.135000228881836,27.350000381469727,26.6299991607666,20.548696517944336
2006-11-29,3559800,26.315000534057617,26.725000381469727,26.834999084472656,26.110000610351562,20.238216400146484
2006-11-28,2923400,25.704999923706055,26.21500015258789,26.3799991607666,25.704999923706055,19.85200309753418
2006-11-27,4706200,25.9950008392334,25.700000762939453,26.225000381469727,25.68000030517578,19.46200942993164
2006-11-24,1154000,25.674999237060547,25.899999618530273,25.90999984741211,25.600000381469727,19.61345863342285
2006-11-22,3719000,25.924999237060547,25.575000762939453,25.950000762939453,25.114999771118164,19.367345809936523
2006-11-21,3807600,25.549999237060547,25.90999984741211,26.010000228881836,25.424999237060547,19.621030807495117
2006-11-20,3212200,24.989999771118164,25.385000228881836,25.4950008392334,24.885000228881836,19.223464965820312
2006-11-17,4567600,24.8799991607666,25.145000457763672,25.3700008392334,24.46500015258789,19.041711807250977
2006-11-16,3747000,26.145000457763672,25.174999237060547,26.280000686645508,25.079999923706055,19.064435958862305
2006-11-15,4767600,25.375,25.950000762939453,26.290000915527344,25.334999084472656,19.65132713317871
2006-11-14,2927000,25.450000762939453,25.325000762939453,25.549999237060547,25.1200008392334,19.178024291992188
2006-11-13,3037200,25.309999465942383,25.229999542236328,25.395000457763672,24.989999771118164,19.10609245300293
2006-11-10,3900400,25.850000381469727,25.6299991607666,25.96500015258789,25.475000381469727,19.408994674682617
2006-11-09,5540400,25.899999618530273,26.09000015258789,26.25,25.575000762939453,19.75734519958496
2006-11-08,3903000,24.81999969482422,25.575000762939453,25.604999542236328,24.735000610351562,19.367345809936523
2006-11-07,3671800,25.309999465942383,24.854999542236328,25.395000457763672,24.764999389648438,18.822111129760742
2006-11-06,3819800,25.0,25.200000762939453,25.424999237060547,24.915000915527344,19.08336639404297
2006-11-03,4495400,24.739999771118164,25.06999969482422,25.139999389648438,24.674999237060547,18.98491859436035
2006-11-02,6501800,24.440000534057617,24.28499984741211,24.579999923706055,23.864999771118164,18.390460968017578
2006-11-01,6569600,25.475000381469727,24.59000015258789,25.665000915527344,24.524999618530273,18.621429443359375
2006-10-31,4533400,25.604999542236328,26.075000762939453,26.184999465942383,25.280000686645508,19.745981216430664
2006-10-30,2767600,26.360000610351562,25.69499969482422,26.360000610351562,25.584999084472656,19.458221435546875
2006-10-27,2616800,26.725000381469727,26.360000610351562,26.854999542236328,26.2549991607666,19.96181297302246
2006-10-26,3113200,26.764999389648438,26.725000381469727,26.8700008392334,26.260000228881836,20.238216400146484
2006-10-25,4447200,25.53499984741211,26.700000762939453,26.94499969482422,25.135000228881836,20.219282150268555
2006-10-24,4575800,24.989999771118164,25.524999618530273,25.625,24.655000686645508,19.329483032226562
2006-10-23,4722000,24.354999542236328,25.174999237060547,25.344999313354492,24.235000610351562,19.064435958862305
2006-10-20,3658600,24.665000915527344,24.59000015258789,24.815000534057617,24.344999313354492,18.621429443359375
2006-10-19,3121800,24.05500030517578,24.434999465942383,24.579999923706055,23.96500015258789,18.504051208496094
2006-10-18,2856800,23.924999237060547,23.809999465942383,24.334999084472656,23.549999237060547,18.030757904052734
2006-10-17,4266800,24.700000762939453,23.924999237060547,24.75,23.454999923706055,18.117834091186523
2006-10-16,4407000,23.489999771118164,24.559999465942383,24.649999618530273,23.204999923706055,18.598712921142578
2006-10-13,5742600,22.700000762939453,23.360000610351562,23.364999771118164,22.635000228881836,17.689979553222656
2006-10-12,3332000,22.209999084472656,22.635000228881836,22.674999237060547,22.1200008392334,17.140960693359375
2006-10-11,4182800,22.46500015258789,22.030000686645508,22.549999237060547,22.014999389648438,16.682802200317383
2006-10-10,3513000,22.270000457763672,22.454999923706055,22.59000015258789,22.05500030517578,17.004640579223633
2006-10-09,4732200,22.350000381469727,22.489999771118164,22.975000381469727,22.350000381469727,17.031145095825195
2006-10-06,3139400,21.735000610351562,22.19499969482422,22.239999771118164,21.575000762939453,16.807748794555664
2006-10-05,4024600,22.014999389648438,21.979999542236328,22.5,21.75,16.644935607910156
2006-10-04,5587400,21.05500030517578,21.309999465942383,21.44499969482422,20.145000457763672,16.13755989074707
2006-10-03,5339400,21.645000457763672,20.969999313354492,21.7549991607666,20.895000457763672,15.880091667175293
2006-10-02,4467800,22.540000915527344,22.170000076293945,22.739999771118164,21.950000762939453,16.788816452026367
2006-09-29,5058000,23.44499969482422,22.790000915527344,23.584999084472656,22.530000686645508,17.258331298828125
2006-09-28,4903600,23.6200008392334,23.655000686645508,23.850000381469727,23.309999465942383,17.913375854492188
2006-09-27,5608200,23.174999237060547,23.469999313354492,23.559999465942383,22.584999084472656,17.773279190063477
2006-09-26,4783200,21.954999923706055,22.860000610351562,22.899999618530273,21.954999923706055,17.311338424682617
2006-09-25,4516000,21.65999984741211,21.954999923706055,22.110000610351562,21.190000534057617,16.626007080078125
2006-09-22,3616800,22.600000381469727,21.924999237060547,22.610000610351562,21.895000457763672,16.603286743164062
2006-09-21,4144600,21.940000534057617,22.350000381469727,22.68000030517578,21.850000381469727,16.92513084411621
2006-09-20,4598400,21.7549991607666,21.7549991607666,22.350000381469727,21.704999923706055,16.474546432495117
2006-09-19,3516400,22.774999618530273,22.014999389648438,22.790000915527344,21.825000762939453,16.67144203186035
2006-09-18,4314000,22.149999618530273,22.735000610351562,23.0,22.149999618530273,17.216678619384766
2006-09-15,6972200,22.0,21.96500015258789,22.28499984741211,21.875,16.633577346801758
2006-09-14,7873800,23.049999237060547,22.049999237060547,23.34000015258789,22.020000457763672,16.697946548461914
2006-09-13,4119200,22.459999084472656,22.93000030517578,22.9950008392334,22.225000381469727,17.36435317993164
2006-09-12,4055000,22.799999237060547,22.3700008392334,23.1200008392334,22.315000534057617,16.889616012573242
2006-09-11,6256000,23.274999618530273,22.75,23.360000610351562,22.729999542236328,17.176515579223633
2006-09-08,3265200,24.709999084472656,23.829999923706055,24.84000015258789,23.770000457763672,17.991924285888672
2006-09-07,3171600,25.075000762939453,24.795000076293945,25.204999923706055,24.71500015258789,18.720510482788086
2006-09-06,4065000,26.100000381469727,25.290000915527344,26.100000381469727,25.184999465942383,19.094249725341797
2006-09-05,1756000,25.940000534057617,26.270000457763672,26.350000381469727,25.860000610351562,19.834157943725586
2006-09-01,1837800,26.405000686645508,26.299999237060547,26.4950008392334,26.165000915527344,19.856809616088867
2006-08-31,3273800,26.25,26.295000076293945,26.729999542236328,26.19499969482422,19.85303497314453
2006-08-30,3438200,26.229999542236328,26.204999923706055,26.405000686645508,25.655000686645508,19.785083770751953
2006-08-29,3647800,26.5,26.219999313354492,26.5,25.81999969482422,19.796403884887695
2006-08-28,1692800,26.684999465942383,26.71500015258789,27.075000762939453,26.53499984741211,20.170135498046875
2006-08-25,1788000,27.06999969482422,27.03499984741211,27.219999313354492,26.854999542236328,20.411745071411133
2006-08-24,1354600,27.045000076293945,26.8799991607666,27.045000076293945,26.774999618530273,20.294710159301758
2006-08-23,1894400,27.014999389648438,26.94499969482422,27.190000534057617,26.719999313354492,20.343786239624023
2006-08-22,1279800,27.049999237060547,27.010000228881836,27.145000457763672,26.655000686645508,20.392868041992188
2006-08-21,1313400,27.104999542236328,26.940000534057617,27.19499969482422,26.725000381469727,20.340011596679688
2006-08-18,1794800,26.770000457763672,26.670000076293945,26.889999389648438,26.25,20.136159896850586
2006-08-17,3422800,26.690000534057617,26.6200008392334,26.690000534057617,26.1200008392334,20.09841537475586
2006-08-16,2542600,27.149999618530273,26.90999984741211,27.514999389648438,26.760000228881836,20.317363739013672
2006-08-15,1827600,26.875,26.950000762939453,26.975000381469727,26.610000610351562,20.34756851196289
2006-08-14,2664000,26.940000534057617,26.625,26.940000534057617,26.399999618530273,20.102188110351562
2006-08-11,3011600,27.514999389648438,27.239999771118164,27.610000610351562,27.045000076293945,20.566524505615234
2006-08-10,3476600,27.860000610351562,27.549999237060547,27.860000610351562,27.329999923706055,20.80057144165039
2006-08-09,4632800,27.584999084472656,27.96500015258789,28.25,27.5,21.113910675048828
2006-08-08,3877400,26.639999389648438,27.274999618530273,27.479999542236328,26.56999969482422,20.59294891357422
2006-08-07,2790000,26.334999084472656,26.645000457763672,26.850000381469727,26.1200008392334,20.11729621887207
2006-08-04,2443400,26.770000457763672,26.06999969482422,26.979999542236328,25.834999084472656,19.683156967163086
2006-08-03,1634600,26.489999771118164,26.719999313354492,26.969999313354492,26.489999771118164,20.17391586303711
2006-08-02,4091400,27.44499969482422,27.049999237060547,27.53499984741211,26.674999237060547,20.42306900024414
2006-08-01,2528400,26.625,26.985000610351562,27.03499984741211,26.170000076293945,20.37398910522461
2006-07-31,1974400,26.700000762939453,26.6200008392334,26.924999237060547,26.375,20.09841537475586
2006-07-28,1991600,26.350000381469727,26.309999465942383,26.604999542236328,26.110000610351562,19.864360809326172
2006-07-27,3624200,26.940000534057617,26.110000610351562,27.204999923706055,25.979999542236328,19.71335792541504
2006-07-26,3462600,25.71500015258789,26.649999618530273,26.90999984741211,25.639999389648438,20.12105941772461
2006-07-25,2769200,25.34000015258789,25.80500030517578,25.954999923706055,25.34000015258789,19.483078002929688
2006-07-24,3268400,23.989999771118164,24.96500015258789,24.96500015258789,23.924999237060547,18.848867416381836
2006-07-21,2473400,24.690000534057617,24.135000228881836,24.780000686645508,24.0,18.222209930419922
2006-07-20,3011000,25.479999542236328,24.549999237060547,25.604999542236328,24.530000686645508,18.535537719726562
2006-07-19,2516600,25.0,25.405000686645508,25.610000610351562,24.920000076293945,19.181072235107422
2006-07-18,2619800,25.584999084472656,25.149999618530273,25.80500030517578,24.81999969482422,18.988544464111328
2006-07-17,2808200,26.049999237060547,25.405000686645508,26.2450008392334,25.264999389648438,19.181072235107422
2006-07-14,3254400,26.1200008392334,26.424999237060547,26.5,25.844999313354492,19.95118522644043
2006-07-13,2702000,26.3799991607666,25.854999542236328,26.469999313354492,25.700000762939453,19.52082633972168
2006-07-12,2214400,26.290000915527344,26.014999389648438,26.395000457763672,25.94499969482422,19.64163589477539
2006-07-11,2350200,25.799999237060547,26.165000915527344,26.315000534057617,25.735000610351562,19.754884719848633
2006-07-10,3021200,25.75,25.55500030517578,25.924999237060547,25.350000381469727,19.294330596923828
2006-07-07,3026600,26.975000381469727,26.114999771118164,27.084999084472656,25.795000076293945,19.717134475708008
2006-07-06,3559800,27.399999618530273,26.834999084472656,27.485000610351562,26.645000457763672,20.260738372802734
2006-07-05,2136000,28.135000228881836,28.020000457763672,28.149999618530273,27.334999084472656,21.155433654785156
2006-07-03,1185200,27.815000534057617,28.135000228881836,28.34000015258789,27.760000228881836,21.24225425720215
2006-06-30,2432000,27.75,27.690000534057617,28.1299991607666,27.329999923706055,20.906274795532227
2006-06-29,2605800,26.719999313354492,27.514999389648438,27.639999389648438,26.719999313354492,20.774154663085938
2006-06-28,2738000,25.889999389648438,26.385000228881836,26.450000762939453,25.889999389648438,19.920982360839844
2006-06-27,3330200,26.0049991607666,25.610000610351562,26.690000534057617,25.5,19.335851669311523
2006-06-26,2918200,25.09000015258789,25.725000381469727,25.8700008392334,24.75,19.422683715820312
2006-06-23,3051800,24.05500030517578,24.75,24.954999923706055,23.979999542236328,18.686540603637695
2006-06-22,2204600,23.934999465942383,23.889999389648438,24.104999542236328,23.4950008392334,18.0372314453125
2006-06-21,2516600,23.655000686645508,23.940000534057617,24.520000457763672,23.649999618530273,18.07498550415039
2006-06-20,2869000,23.625,23.475000381469727,24.1200008392334,23.3799991607666,17.72389793395996
2006-06-19,2781800,24.290000915527344,23.395000457763672,24.299999237060547,23.125,17.663496017456055
2006-06-16,3460400,24.2549991607666,24.25,24.575000762939453,23.65999984741211,18.309038162231445
2006-06-15,3942000,24.0049991607666,24.424999237060547,24.559999465942383,24.0,18.4411563873291
2006-06-14,4838800,23.264999389648438,23.704999923706055,24.135000228881836,23.059999465942383,17.897550582885742
2006-06-13,6543000,23.209999084472656,23.05500030517578,23.825000762939453,22.834999084472656,17.355609893798828
2006-06-12,3691600,25.260000228881836,24.174999237060547,25.3700008392334,24.110000610351562,18.1987247467041
2006-06-09,3276200,25.90999984741211,25.030000686645508,26.100000381469727,24.739999771118164,18.84237289428711
2006-06-08,6034400,24.600000381469727,25.344999313354492,25.385000228881836,23.9950008392334,19.079498291015625
2006-06-07,4234200,26.25,25.139999389648438,26.25,25.125,18.925174713134766
2006-06-06,4184800,25.75,26.530000686645508,26.81999969482422,25.729999542236328,19.971561431884766
2006-06-05,4142800,27.665000915527344,26.084999084472656,27.684999465942383,26.020000457763672,19.636560440063477
2006-06-02,2966400,27.610000610351562,27.399999618530273,27.725000381469727,27.125,20.626493453979492
2006-06-01,3711800,26.25,27.270000457763672,27.350000381469727,26.149999618530273,20.528627395629883
2006-05-31,3590400,26.389999389648438,26.8700008392334,27.184999465942383,26.360000610351562,20.227506637573242
2006-05-30,4351200,27.75,26.454999923706055,27.8700008392334,26.385000228881836,19.91509246826172
2006-05-26,2777400,26.2549991607666,26.795000076293945,26.905000686645508,26.049999237060547,20.17104721069336
2006-05-25,3921000,25.415000915527344,26.329999923706055,26.34000015258789,25.415000915527344,19.82099723815918
2006-05-24,5682400,25.200000762939453,24.690000534057617,25.479999542236328,24.225000381469727,18.58641815185547
2006-05-23,4052200,26.200000762939453,25.4950008392334,26.559999465942383,25.364999771118164,19.19242286682129
2006-05-22,4980800,25.049999237060547,25.524999618530273,25.889999389648438,24.049999237060547,19.215009689331055
2006-05-19,6529000,25.165000915527344,25.96500015258789,26.049999237060547,24.375,19.546226501464844
2006-05-18,6980200,26.149999618530273,25.15999984741211,26.225000381469727,25.15999984741211,18.94023323059082
2006-05-17,5594400,27.25,26.264999389648438,27.399999618530273,26.204999923706055,19.772064208984375
2006-05-16,2718200,28.049999237060547,27.5049991607666,28.209999084472656,27.200000762939453,20.705522537231445
2006-05-15,4036200,27.75,27.540000915527344,27.75,27.25,20.731882095336914
2006-05-12,2894000,29.53499984741211,28.389999389648438,29.53499984741211,28.235000610351562,21.37174415588379
2006-05-11,3360800,30.360000610351562,29.53499984741211,30.4950008392334,29.43000030517578,22.23369598388672
2006-05-10,2580800,29.34000015258789,29.860000610351562,30.040000915527344,28.950000762939453,22.478349685668945
2006-05-09,3392000,28.364999771118164,29.635000228881836,29.75,28.25,22.308975219726562
2006-05-08,5324400,28.600000381469727,28.229999542236328,28.6200008392334,27.850000381469727,21.25130271911621
2006-05-05,3532000,29.93000030517578,29.024999618530273,29.93000030517578,28.799999237060547,21.849773406982422
2006-05-04,2821800,29.325000762939453,29.84000015258789,30.075000762939453,29.05500030517578,22.463300704956055
2006-05-03,2803800,31.114999771118164,30.600000381469727,31.299999237060547,30.315000534057617,23.035415649414062
2006-05-02,2029000,30.850000381469727,31.114999771118164,31.19499969482422,30.65999984741211,23.4231014251709
2006-05-01,2227600,30.75,30.600000381469727,31.084999084472656,30.389999389648438,23.035415649414062
2006-04-28,1842800,30.135000228881836,30.100000381469727,30.665000915527344,29.959999084472656,22.659021377563477
2006-04-27,2216600,29.799999237060547,30.010000228881836,30.829999923706055,29.360000610351562,22.59127426147461
2006-04-26,2540800,30.75,30.190000534057617,31.079999923706055,30.049999237060547,22.726774215698242
2006-04-25,2704800,31.780000686645508,30.69499969482422,31.899999618530273,30.524999618530273,23.106937408447266
2006-04-24,2195000,31.604999542236328,31.329999923706055,31.7450008392334,31.075000762939453,23.584959030151367
2006-04-21,2041600,30.924999237060547,31.610000610351562,31.649999618530273,30.924999237060547,23.795732498168945
2006-04-20,2232600,31.799999237060547,30.934999465942383,31.950000762939453,30.809999465942383,23.287599563598633
2006-04-19,2189400,31.170000076293945,31.950000762939453,31.96500015258789,30.860000610351562,24.05168914794922
2006-04-18,2380400,30.90999984741211,31.18000030517578,31.5,30.625,23.47203826904297
2006-04-17,1430000,30.510000228881836,30.450000762939453,30.735000610351562,30.354999542236328,22.922494888305664
2006-04-13,1422400,29.65999984741211,30.010000228881836,30.104999542236328,29.264999389648438,22.59127426147461
2006-04-12,1694800,30.309999465942383,29.8799991607666,30.3799991607666,29.434999465942383,22.49341583251953
2006-04-11,2153400,30.4950008392334,30.2549991607666,30.59000015258789,29.549999237060547,22.775707244873047
2006-04-10,2361000,30.0049991607666,30.145000457763672,30.4950008392334,29.975000381469727,22.692899703979492
2006-04-07,2513800,29.395000457763672,29.6200008392334,29.81999969482422,29.165000915527344,22.297683715820312
2006-04-06,2387800,29.639999389648438,29.709999084472656,29.920000076293945,29.264999389648438,22.365434646606445
2006-04-05,2051400,28.649999618530273,29.25,29.2549991607666,28.415000915527344,22.019147872924805
2006-04-04,1866800,28.299999237060547,28.479999542236328,28.815000534057617,28.170000076293945,21.43950080871582
2006-04-03,2061800,29.559999465942383,28.299999237060547,29.559999465942383,28.024999618530273,21.30399513244629
2006-03-31,2218000,27.850000381469727,27.69499969482422,27.9950008392334,27.385000228881836,20.848556518554688
2006-03-30,1736200,29.135000228881836,28.485000610351562,29.450000762939453,28.485000610351562,21.443265914916992
2006-03-29,2620600,28.524999618530273,28.790000915527344,28.975000381469727,28.315000534057617,21.672866821289062
2006-03-28,2022800,28.34000015258789,28.545000076293945,28.924999237060547,28.274999618530273,21.488441467285156
2006-03-27,1323600,27.889999389648438,28.049999237060547,28.405000686645508,27.584999084472656,21.115802764892578
2006-03-24,1773200,27.864999771118164,28.190000534057617,28.5,27.764999389648438,21.22119903564453
2006-03-23,2139600,27.729999542236328,27.864999771118164,28.0049991607666,27.229999542236328,20.976537704467773
2006-03-22,1838200,27.350000381469727,27.5,27.959999084472656,27.15999984741211,20.70176887512207
2006-03-21,1983400,27.0,27.5049991607666,28.020000457763672,27.0,20.705522537231445
2006-03-20,1863800,27.639999389648438,27.424999237060547,28.200000762939453,27.200000762939453,20.64530372619629
2006-03-17,1795000,28.729999542236328,28.125,28.774999618530273,28.09000015258789,21.172260284423828
2006-03-16,2291800,28.2450008392334,28.725000381469727,29.309999465942383,28.219999313354492,21.62393569946289
2006-03-15,2340000,28.25,28.434999465942383,28.540000915527344,28.0049991607666,21.40563201904297
2006-03-14,3024800,28.5,28.540000915527344,28.940000534057617,27.920000076293945,21.436105728149414
2006-03-13,2007200,27.790000915527344,28.329999923706055,28.604999542236328,27.760000228881836,21.27838134765625
2006-03-10,1774200,27.5,27.65999984741211,28.0,27.28499984741211,20.775157928466797
2006-03-09,2625200,27.989999771118164,27.579999923706055,28.364999771118164,27.334999084472656,20.71506690979004
2006-03-08,5052800,28.09000015258789,27.3799991607666,28.329999923706055,26.665000915527344,20.564851760864258
2006-03-07,2007000,28.7450008392334,28.56999969482422,28.915000915527344,28.0,21.458648681640625
2006-03-06,2284400,30.0,29.2450008392334,30.100000381469727,28.885000228881836,21.96563148498535
2006-03-03,2109800,30.0,30.25,30.399999618530273,29.55500030517578,22.720483779907227
2006-03-02,4058200,28.954999923706055,30.1299991607666,30.375,28.75,22.630346298217773
2006-03-01,2755600,27.625,28.610000610351562,28.959999084472656,27.5,21.488693237304688
2006-02-28,2414400,27.010000228881836,27.280000686645508,27.665000915527344,26.889999389648438,20.489736557006836
2006-02-27,2382200,27.979999542236328,27.364999771118164,28.280000686645508,27.34000015258789,20.55358123779297
2006-02-24,3299800,28.0049991607666,28.059999465942383,28.674999237060547,27.940000534057617,21.075584411621094
2006-02-23,2558200,27.045000076293945,27.34000015258789,27.94499969482422,26.885000228881836,20.534805297851562
2006-02-22,1811000,28.084999084472656,27.565000534057617,28.145000457763672,27.375,20.703794479370117
2006-02-21,2842200,29.0,28.549999237060547,29.0,28.28499984741211,21.443626403808594
2006-02-17,3159000,27.325000762939453,27.55500030517578,27.799999237060547,27.084999084472656,20.696290969848633
2006-02-16,3215600,26.0,26.540000915527344,26.565000534057617,25.829999923706055,19.933940887451172
2006-02-15,3672600,27.155000686645508,25.725000381469727,27.190000534057617,25.625,19.321796417236328
2006-02-14,3312000,26.299999237060547,26.979999542236328,27.010000228881836,25.540000915527344,20.264408111572266
2006-02-13,2920200,27.0049991607666,26.59000015258789,27.295000076293945,26.280000686645508,19.971494674682617
2006-02-10,3126600,27.850000381469727,27.325000762939453,28.149999618530273,26.875,20.523544311523438
2006-02-09,3994400,29.399999618530273,27.93000030517578,29.90999984741211,27.844999313354492,20.977951049804688
2006-02-08,5453000,30.0049991607666,28.934999465942383,30.0049991607666,28.6200008392334,21.73279571533203
2006-02-07,4760800,31.950000762939453,30.3799991607666,31.954999923706055,29.604999542236328,22.818119049072266
2006-02-06,2672600,31.600000381469727,32.16999816894531,32.189998626708984,31.5,24.162567138671875
2006-02-03,2311200,30.860000610351562,31.15999984741211,31.170000076293945,30.030000686645508,23.403968811035156
2006-02-02,3030600,31.125,30.90999984741211,31.2450008392334,30.170000076293945,23.216197967529297
2006-02-01,4145800,30.989999771118164,31.209999084472656,32.08000183105469,30.5,23.441526412963867
2006-01-31,3172000,30.895000457763672,31.0,31.290000915527344,30.520000457763672,23.283794403076172
2006-01-30,1738800,30.0,31.014999389648438,31.295000076293945,29.979999542236328,23.295059204101562
2006-01-27,1536000,29.915000915527344,29.969999313354492,30.3799991607666,29.850000381469727,22.51017189025879
2006-01-26,2145800,28.725000381469727,29.389999389648438,29.46500015258789,27.920000076293945,22.074533462524414
2006-01-25,3042800,29.8799991607666,28.549999237060547,30.0,28.420000076293945,21.443626403808594
2006-01-24,2057800,29.5,29.8799991607666,30.094999313354492,29.174999237060547,22.442575454711914
2006-01-23,3434800,28.645000457763672,30.114999771118164,30.155000686645508,28.295000076293945,22.619077682495117
2006-01-20,3988000,28.704999923706055,28.540000915527344,29.309999465942383,28.530000686645508,21.436105728149414
2006-01-19,1695600,26.959999084472656,28.190000534057617,28.290000915527344,26.8799991607666,21.17323112487793
2006-01-18,2492000,27.6200008392334,26.924999237060547,27.6200008392334,26.420000076293945,20.22310447692871
2006-01-17,1666400,27.604999542236328,27.614999771118164,27.75,27.045000076293945,20.741355895996094
2006-01-13,1383800,25.989999771118164,26.639999389648438,26.704999923706055,25.895000457763672,20.0090389251709
2006-01-12,2147400,26.2450008392334,26.114999771118164,26.674999237060547,25.959999084472656,19.61471939086914
2006-01-11,1531600,26.190000534057617,25.94499969482422,26.2450008392334,25.7450008392334,19.487031936645508
2006-01-10,1131400,26.309999465942383,26.204999923706055,26.354999542236328,26.05500030517578,19.682315826416016
2006-01-09,1510800,26.0,26.165000915527344,26.334999084472656,25.770000457763672,19.65227699279785
2006-01-06,1391600,25.9950008392334,26.0049991607666,26.2549991607666,25.795000076293945,19.5320987701416
2006-01-05,1878600,26.184999465942383,25.725000381469727,26.219999313354492,25.584999084472656,19.321796417236328
2006-01-04,2312200,25.440000534057617,26.434999465942383,26.489999771118164,25.200000762939453,19.855066299438477
2006-01-03,2673000,24.809999465942383,25.479999542236328,25.614999771118164,24.809999465942383,19.137773513793945
2005-12-30,1199800,24.75,24.809999465942383,25.045000076293945,24.424999237060547,18.63454818725586
2005-12-29,1017800,24.725000381469727,24.75,25.1200008392334,24.59000015258789,18.589479446411133
2005-12-28,1445000,24.25,24.895000457763672,25.114999771118164,24.15999984741211,18.69839096069336
2005-12-27,1492400,24.649999618530273,24.049999237060547,24.65999984741211,23.649999618530273,18.063716888427734
2005-12-23,1153800,24.764999389648438,24.954999923706055,25.149999618530273,24.46500015258789,18.74345588684082
2005-12-22,1297000,25.719999313354492,25.059999465942383,25.739999771118164,25.020000457763672,18.822315216064453
2005-12-21,1444400,25.549999237060547,25.469999313354492,25.75,25.270000457763672,19.130268096923828
2005-12-20,1789000,25.5,25.440000534057617,25.600000381469727,25.25,19.107730865478516
2005-12-19,1358600,25.6299991607666,25.389999389648438,26.024999618530273,25.290000915527344,19.070178985595703
2005-12-16,1837000,26.1299991607666,25.559999465942383,26.165000915527344,25.559999465942383,19.1978702545166
2005-12-15,2078600,26.475000381469727,26.299999237060547,26.924999237060547,25.90999984741211,19.753677368164062
2005-12-14,3686400,26.450000762939453,26.940000534057617,27.024999618530273,26.200000762939453,20.234371185302734
2005-12-13,3247800,25.774999618530273,26.165000915527344,26.709999084472656,25.71500015258789,19.613367080688477
2005-12-12,1956200,25.489999771118164,25.424999237060547,25.614999771118164,25.299999237060547,19.058664321899414
2005-12-09,1872000,24.815000534057617,24.825000762939453,25.100000381469727,24.704999923706055,18.608901977539062
2005-12-08,2512800,24.774999618530273,25.03499984741211,25.165000915527344,24.325000762939453,18.766313552856445
2005-12-07,2683400,24.860000610351562,24.81999969482422,24.920000076293945,24.184999465942383,18.605148315429688
2005-12-06,2036400,24.225000381469727,24.434999465942383,24.7450008392334,23.875,18.31655502319336
2005-12-05,2508400,24.350000381469727,24.329999923706055,24.75,24.25,18.237852096557617
2005-12-02,2192200,23.704999923706055,23.950000762939453,24.100000381469727,23.625,17.952999114990234
2005-12-01,2671000,22.875,23.385000228881836,23.485000610351562,22.81999969482422,17.52947235107422
2005-11-30,1817200,22.459999084472656,22.704999923706055,23.024999618530273,22.3799991607666,17.019746780395508
2005-11-29,2324800,23.155000686645508,22.579999923706055,23.25,22.469999313354492,16.926042556762695
2005-11-28,2589000,23.174999237060547,23.030000686645508,23.354999542236328,22.895000457763672,17.26336097717285
2005-11-25,419400,23.280000686645508,23.44499969482422,23.5,23.145000457763672,17.574447631835938
2005-11-23,1804200,23.350000381469727,23.049999237060547,23.350000381469727,22.69499969482422,17.278350830078125
2005-11-22,2117200,23.184999465942383,23.514999389648438,23.530000686645508,22.850000381469727,17.62691879272461
2005-11-21,2312800,23.0,22.8799991607666,23.059999465942383,22.565000534057617,17.150915145874023
2005-11-18,2579600,23.165000915527344,22.6200008392334,23.325000762939453,22.395000457763672,16.956026077270508
2005-11-17,2290400,24.100000381469727,23.280000686645508,24.299999237060547,23.15999984741211,17.450759887695312
2005-11-16,2211400,22.604999542236328,23.739999771118164,23.760000228881836,22.575000762939453,17.795583724975586
2005-11-15,2779600,22.524999618530273,22.795000076293945,23.260000228881836,22.5,17.087207794189453
2005-11-14,2578200,23.299999237060547,22.69499969482422,23.450000762939453,22.454999923706055,17.012245178222656
2005-11-11,2582600,22.434999465942383,23.200000762939453,23.200000762939453,22.104999542236328,17.390798568725586
2005-11-10,5846600,23.649999618530273,22.44499969482422,23.760000228881836,22.075000762939453,16.82485008239746
2005-11-09,3808200,23.5049991607666,23.90999984741211,24.55500030517578,23.114999771118164,17.923011779785156
2005-11-08,2146800,23.079999923706055,23.5049991607666,24.05500030517578,22.834999084472656,17.61942481994629
2005-11-07,2457800,23.424999237060547,23.079999923706055,23.540000915527344,23.05500030517578,17.300844192504883
2005-11-04,2794400,23.725000381469727,23.5,23.729999542236328,22.850000381469727,17.615678787231445
2005-11-03,3279400,23.174999237060547,23.770000457763672,23.975000381469727,23.174999237060547,17.81806755065918
2005-11-02,4764000,20.850000381469727,23.0049991607666,23.280000686645508,20.850000381469727,17.24461555480957
2005-11-01,2328600,20.479999542236328,21.114999771118164,21.114999771118164,20.405000686645508,15.827877044677734
2005-10-31,2091200,20.665000915527344,20.604999542236328,21.040000915527344,20.424999237060547,15.445578575134277
2005-10-28,2066400,20.219999313354492,20.764999389648438,20.795000076293945,19.739999771118164,15.565507888793945
2005-10-27,2793800,21.1299991607666,20.219999313354492,21.235000610351562,20.21500015258789,15.15696907043457
2005-10-26,3886400,20.56999969482422,20.71500015258789,21.6200008392334,20.424999237060547,15.528033256530762
2005-10-25,2689400,19.760000228881836,20.81999969482422,20.8700008392334,19.725000381469727,15.606738090515137
2005-10-24,3325600,18.350000381469727,19.469999313354492,19.6200008392334,18.31999969482422,14.594769477844238
2005-10-21,4467800,18.625,18.940000534057617,19.290000915527344,18.5,14.197486877441406
2005-10-20,4198200,19.219999313354492,18.885000228881836,19.84000015258789,18.719999313354492,14.156259536743164
2005-10-19,5176200,18.889999389648438,19.65999984741211,19.799999237060547,18.5049991607666,14.737200736999512
2005-10-18,4982600,19.450000762939453,18.940000534057617,19.489999771118164,18.875,14.197486877441406
2005-10-17,4523000,20.625,19.729999542236328,20.649999618530273,19.684999465942383,14.789668083190918
2005-10-14,6542000,18.799999237060547,19.55500030517578,19.924999237060547,18.670000076293945,14.658495903015137
2005-10-13,6870200,19.799999237060547,19.084999084472656,19.799999237060547,18.674999237060547,14.30617618560791
2005-10-12,4437400,21.094999313354492,20.0,21.290000915527344,19.94499969482422,14.992061614990234
2005-10-11,4869200,20.625,20.56999969482422,20.780000686645508,20.354999542236328,15.41933822631836
2005-10-10,2465000,20.1200008392334,19.579999923706055,20.1200008392334,19.274999618530273,14.677233695983887
2005-10-07,3497800,19.549999237060547,19.854999542236328,20.075000762939453,19.415000915527344,14.883370399475098
2005-10-06,5769400,19.375,19.155000686645508,19.7549991607666,18.950000762939453,14.358647346496582
2005-10-05,4679000,21.395000457763672,20.704999923706055,21.524999618530273,19.975000381469727,15.52053451538086
2005-10-04,2297000,22.489999771118164,21.395000457763672,22.489999771118164,21.299999237060547,16.03775405883789
2005-10-03,1551800,22.674999237060547,22.4950008392334,22.8700008392334,22.479999542236328,16.862323760986328
2005-09-30,2407200,22.78499984741211,22.594999313354492,22.860000610351562,22.405000686645508,16.93728256225586
2005-09-29,2606400,23.25,22.735000610351562,23.270000457763672,22.674999237060547,17.0422306060791
2005-09-28,2467600,22.700000762939453,23.059999465942383,23.19499969482422,22.28499984741211,17.285850524902344
2005-09-27,1782800,22.864999771118164,22.579999923706055,22.864999771118164,22.395000457763672,16.926042556762695
2005-09-26,2775600,21.899999618530273,22.809999465942383,23.135000228881836,21.78499984741211,17.098447799682617
2005-09-23,3608800,22.385000228881836,22.010000228881836,22.450000762939453,22.0,16.498769760131836
2005-09-22,4168600,24.389999389648438,22.594999313354492,24.395000457763672,22.375,16.93728256225586
2005-09-21,4070800,24.15999984741211,23.649999618530273,24.315000534057617,23.540000915527344,17.728111267089844
2005-09-20,2286600,23.774999618530273,23.459999084472656,24.270000457763672,23.344999313354492,17.585691452026367
2005-09-19,3607200,23.5,23.795000076293945,24.014999389648438,23.489999771118164,17.83679962158203
2005-09-16,1493200,23.170000076293945,23.0,23.174999237060547,22.780000686645508,17.240877151489258
2005-09-15,1432800,23.424999237060547,23.170000076293945,23.489999771118164,22.905000686645508,17.368303298950195
2005-09-14,2451400,23.020000457763672,23.264999389648438,23.364999771118164,22.725000381469727,17.439516067504883
2005-09-13,2135800,23.450000762939453,22.75,23.450000762939453,22.635000228881836,17.01531982421875
2005-09-12,2885200,24.149999618530273,23.219999313354492,24.149999618530273,23.15999984741211,17.366840362548828
2005-09-09,3150600,23.975000381469727,24.149999618530273,24.30500030517578,23.864999771118164,18.062414169311523
2005-09-08,3217800,24.200000762939453,23.625,24.420000076293945,23.5,17.669748306274414
2005-09-07,2494600,24.350000381469727,23.895000457763672,24.55500030517578,23.799999237060547,17.871692657470703
2005-09-06,2532400,24.3700008392334,24.524999618530273,24.69499969482422,24.100000381469727,18.34288787841797
2005-09-02,3431800,24.799999237060547,24.844999313354492,24.96500015258789,24.5,18.582223892211914
2005-09-01,3593000,24.764999389648438,25.364999771118164,25.364999771118164,24.670000076293945,18.971147537231445
2005-08-31,4324600,23.850000381469727,24.635000228881836,25.0,23.850000381469727,18.425159454345703
2005-08-30,2383600,22.9950008392334,23.670000076293945,23.915000915527344,22.8799991607666,17.703413009643555
2005-08-29,2930800,23.25,22.78499984741211,23.25,22.31999969482422,17.041488647460938
2005-08-26,1752400,22.81999969482422,22.125,23.020000457763672,21.959999084472656,16.547866821289062
2005-08-25,1965000,23.149999618530273,22.81999969482422,23.219999313354492,22.59000015258789,17.06766700744629
2005-08-24,2861800,22.424999237060547,23.149999618530273,23.334999084472656,22.424999237060547,17.314489364624023
2005-08-23,1284200,22.700000762939453,22.424999237060547,22.860000610351562,22.260000228881836,16.772245407104492
2005-08-22,2498200,22.5,22.520000457763672,22.700000762939453,22.325000762939453,16.843292236328125
2005-08-19,2461400,21.700000762939453,22.049999237060547,22.114999771118164,21.700000762939453,16.491771697998047
2005-08-18,4863400,20.75,21.100000381469727,21.46500015258789,20.719999313354492,15.781237602233887
2005-08-17,4578200,22.424999237060547,21.559999465942383,22.899999618530273,21.5049991607666,16.125282287597656
2005-08-16,3629200,23.299999237060547,22.8799991607666,23.299999237060547,22.28499984741211,17.112546920776367
2005-08-15,2357200,24.0,23.350000381469727,24.075000762939453,23.329999923706055,17.464078903198242
2005-08-12,2319800,24.28499984741211,24.25,24.56999969482422,24.19499969482422,18.137208938598633
2005-08-11,1979600,24.125,24.174999237060547,24.3700008392334,23.920000076293945,18.081111907958984
2005-08-10,2994000,24.225000381469727,24.049999237060547,24.225000381469727,23.59000015258789,17.987619400024414
2005-08-09,3434400,23.385000228881836,23.975000381469727,24.325000762939453,23.385000228881836,17.9315242767334
2005-08-08,3766800,23.450000762939453,23.860000610351562,24.43000030517578,23.450000762939453,17.84551239013672
2005-08-05,2560600,22.729999542236328,22.924999237060547,23.0049991607666,22.200000762939453,17.146203994750977
2005-08-04,4107600,22.139999389648438,22.729999542236328,22.735000610351562,22.024999618530273,17.00035858154297
2005-08-03,5235800,22.799999237060547,22.010000228881836,22.799999237060547,21.825000762939453,16.461849212646484
2005-08-02,4734400,21.549999237060547,22.485000610351562,22.69499969482422,21.549999237060547,16.81711769104004
2005-08-01,1336800,21.075000762939453,21.454999923706055,21.454999923706055,20.924999237060547,16.0467529296875
2005-07-29,1672000,20.665000915527344,20.790000915527344,20.94499969482422,20.665000915527344,15.549382209777832
2005-07-28,1515000,20.325000762939453,20.31999969482422,20.489999771118164,20.059999465942383,15.197855949401855
2005-07-27,1333200,19.764999389648438,20.209999084472656,20.2450008392334,19.725000381469727,15.115592002868652
2005-07-26,1277200,20.0,19.764999389648438,20.0,19.684999465942383,14.782756805419922
2005-07-25,3281600,20.149999618530273,20.065000534057617,20.264999389648438,19.75,15.007137298583984
2005-07-22,1855200,19.790000915527344,20.155000686645508,20.299999237060547,19.790000915527344,15.074450492858887
2005-07-21,1170200,19.735000610351562,19.725000381469727,20.110000610351562,19.719999313354492,14.752839088439941
2005-07-20,1797400,20.225000381469727,19.834999084472656,20.325000762939453,19.4950008392334,14.835108757019043
2005-07-19,2706600,19.889999389648438,20.125,20.149999618530273,19.700000762939453,15.052009582519531
2005-07-18,3040400,20.225000381469727,19.825000762939453,20.229999542236328,19.549999237060547,14.82762622833252
2005-07-15,1926000,20.235000610351562,19.889999389648438,20.389999389648438,19.81999969482422,14.876250267028809
2005-07-14,2724000,20.6200008392334,20.145000457763672,20.899999618530273,20.084999084472656,15.066967964172363
2005-07-13,2288600,20.5,20.6200008392334,20.75,20.450000762939453,15.422235488891602
2005-07-12,2576800,20.0,20.524999618530273,20.53499984741211,19.815000534057617,15.351184844970703
2005-07-11,5139600,19.600000381469727,19.729999542236328,19.729999542236328,19.31999969482422,14.756580352783203
2005-07-08,4768800,19.989999771118164,19.799999237060547,20.200000762939453,19.600000381469727,14.808929443359375
2005-07-07,1354200,19.125,19.670000076293945,19.670000076293945,19.125,14.711706161499023
2005-07-06,3050600,19.5,19.454999923706055,19.6200008392334,19.165000915527344,14.550902366638184
2005-07-05,2428800,18.774999618530273,19.040000915527344,19.274999618530273,18.655000686645508,14.240517616271973
2005-07-01,1815000,18.434999465942383,19.184999465942383,19.2549991607666,18.299999237060547,14.34896183013916
2005-06-30,2916400,18.190000534057617,18.190000534057617,18.549999237060547,18.100000381469727,13.604772567749023
2005-06-29,2759200,18.30500030517578,18.25,18.434999465942383,17.950000762939453,13.64964771270752
2005-06-28,2436600,18.235000610351562,18.510000228881836,18.75,18.235000610351562,13.844112396240234
2005-06-27,3900400,18.549999237060547,18.709999084472656,18.7549991607666,18.454999923706055,13.993697166442871
2005-06-24,1337200,18.485000610351562,18.43000030517578,18.485000610351562,18.135000228881836,13.784278869628906
2005-06-23,1689400,18.030000686645508,18.280000686645508,18.440000534057617,17.9950008392334,13.672089576721191
2005-06-22,3121000,17.75,17.875,18.024999618530273,17.510000228881836,13.369179725646973
2005-06-21,2175000,18.485000610351562,17.985000610351562,18.56999969482422,17.899999618530273,13.45145034790039
2005-06-20,3035200,18.649999618530273,18.600000381469727,18.829999923706055,18.3799991607666,13.911423683166504
2005-06-17,8121400,18.424999237060547,18.40999984741211,19.040000915527344,18.110000610351562,13.769320487976074
2005-06-16,3446000,17.625,18.19499969482422,18.200000762939453,17.514999389648438,13.608516693115234
2005-06-15,2567200,17.075000762939453,17.375,17.53499984741211,17.045000076293945,12.995211601257324
2005-06-14,2431200,16.100000381469727,16.84000015258789,16.8700008392334,16.05500030517578,12.559174537658691
2005-06-13,1786200,15.994999885559082,16.280000686645508,16.34000015258789,15.829999923706055,12.14153003692627
2005-06-10,1429600,15.949999809265137,16.094999313354492,16.2549991607666,15.949999809265137,12.003556251525879
2005-06-09,2046600,15.295000076293945,15.875,15.920000076293945,15.25,11.839479446411133
2005-06-08,1298600,15.125,15.1850004196167,15.675000190734863,15.0649995803833,11.324882507324219
2005-06-07,1360200,15.430000305175781,15.260000228881836,15.680000305175781,15.199999809265137,11.380818367004395
2005-06-06,1480400,15.350000381469727,15.295000076293945,15.619999885559082,15.145000457763672,11.4069242477417
2005-06-03,966400,14.954999923706055,15.199999809265137,15.210000038146973,14.899999618530273,11.336071014404297
2005-06-02,1613800,15.055000305175781,14.869999885559082,15.274999618530273,14.869999885559082,11.089959144592285
2005-06-01,1840000,14.800000190734863,14.970000267028809,15.100000381469727,14.71500015258789,11.164538383483887
2005-05-31,1450000,14.739999771118164,14.585000038146973,14.774999618530273,14.255000114440918,10.877408981323242
2005-05-27,2911600,14.125,14.742500305175781,14.78499984741211,14.114999771118164,10.994872093200684
2005-05-26,1348800,13.850000381469727,13.975000381469727,14.017499923706055,13.7524995803833,10.422473907470703
2005-05-25,2171600,13.744999885559082,13.832500457763672,13.962499618530273,13.557499885559082,10.316191673278809
2005-05-24,2222000,13.537500381469727,13.725000381469727,13.800000190734863,13.537500381469727,10.236027717590332
2005-05-23,1178400,13.125,13.592499732971191,13.645000457763672,13.079999923706055,10.13720417022705
2005-05-20,1087200,13.524999618530273,13.25,13.572500228881836,13.242500305175781,9.881771087646484
2005-05-19,996800,13.359999656677246,13.4975004196167,13.59749984741211,13.1225004196167,10.06635856628418
2005-05-18,3222000,13.375,13.359999656677246,13.757499694824219,13.229999542236328,9.963810920715332
2005-05-17,1357600,12.864999771118164,13.237500190734863,13.289999961853027,12.857500076293945,9.872451782226562
2005-05-16,2380400,13.037500381469727,12.952500343322754,13.050000190734863,12.762499809265137,9.659900665283203
2005-05-13,1586800,13.27750015258789,13.157500267028809,13.34749984741211,13.072500228881836,9.812788963317871
2005-05-12,1975200,13.642499923706055,13.3725004196167,13.699999809265137,13.322500228881836,9.973130226135254
2005-05-11,1805600,13.947500228881836,13.829999923706055,13.992500305175781,13.712499618530273,10.3143310546875
2005-05-10,1931200,14.229999542236328,14.135000228881836,14.359999656677246,14.067500114440918,10.541802406311035
2005-05-09,2019600,14.199999809265137,14.177499771118164,14.27750015258789,14.0,10.573495864868164
2005-05-06,3026400,13.787500381469727,14.087499618530273,14.125,13.737500190734863,10.506375312805176
2005-05-05,2291200,13.367500305175781,13.547499656677246,13.617500305175781,13.322500228881836,10.103646278381348
2005-05-04,2005600,12.824999809265137,13.125,13.255000114440918,12.717499732971191,9.788548469543457
2005-05-03,1381200,12.875,12.8125,13.042499542236328,12.742500305175781,9.555485725402832
2005-05-02,1514400,12.324999809265137,13.02750015258789,13.074999809265137,12.324999809265137,9.715831756591797
2005-04-29,1571600,12.649999618530273,12.385000228881836,12.712499618530273,12.295000076293945,9.23666000366211
2005-04-28,2074800,12.550000190734863,12.5600004196167,12.78499984741211,12.457500457763672,9.367175102233887
2005-04-27,1330800,13.427499771118164,12.899999618530273,13.4399995803833,12.845000267028809,9.620746612548828
2005-04-26,1761200,13.25,13.427499771118164,13.452500343322754,13.22249984741211,10.014150619506836
2005-04-25,2518400,13.572500228881836,13.395000457763672,13.572500228881836,13.1875,9.989912986755371
2005-04-22,1283200,13.600000381469727,13.427499771118164,13.8149995803833,13.395000457763672,10.014150619506836
2005-04-21,1656000,13.015000343322754,13.479999542236328,13.510000228881836,12.922499656677246,10.053308486938477
2005-04-20,1846000,13.229999542236328,13.037500381469727,13.522500038146973,13.007499694824219,9.723288536071777
2005-04-19,1388800,13.125,13.140000343322754,13.302499771118164,13.09749984741211,9.799736022949219
2005-04-18,2845200,12.352499961853027,12.757499694824219,12.84000015258789,12.239999771118164,9.514471054077148
2005-04-15,3550000,12.875,12.489999771118164,13.005000114440918,12.417499542236328,9.314967155456543
2005-04-14,2375600,13.274999618530273,13.005000114440918,13.354999542236328,12.96500015258789,9.699052810668945
2005-04-13,1738800,13.6274995803833,13.257499694824219,13.712499618530273,13.212499618530273,9.887367248535156
2005-04-12,2347600,14.119999885559082,13.7524995803833,14.140000343322754,13.630000114440918,10.256535530090332
2005-04-11,1581200,13.907500267028809,13.967499732971191,13.9975004196167,13.682499885559082,10.416877746582031
2005-04-08,1472400,13.975000381469727,13.944999694824219,14.137499809265137,13.774999618530273,10.400100708007812
2005-04-07,4285600,14.5625,14.137499809265137,14.664999961853027,14.077500343322754,10.543664932250977
2005-04-06,1826400,14.09000015258789,14.399999618530273,14.40999984741211,13.832500457763672,10.739439010620117
2005-04-05,1674400,14.25,14.087499618530273,14.462499618530273,13.960000038146973,10.506375312805176
2005-04-04,2056400,14.512499809265137,14.392499923706055,14.702500343322754,14.295000076293945,10.733841896057129
2005-04-01,2566000,14.5,14.350000381469727,14.545000076293945,14.265000343322754,10.70214557647705
2005-03-31,2304000,13.975000381469727,14.204999923706055,14.279999732971191,13.930000305175781,10.59400463104248
2005-03-30,2193600,13.350000381469727,13.555000305175781,13.600000381469727,13.087499618530273,10.109237670898438
2005-03-29,2438400,13.34000015258789,13.375,13.712499618530273,13.149999618530273,9.974993705749512
2005-03-28,3144800,13.7475004196167,13.40999984741211,13.762499809265137,13.267499923706055,10.001099586486816
2005-03-24,1861200,13.960000038146973,13.84000015258789,14.0625,13.737500190734863,10.321791648864746
2005-03-23,2096400,13.9375,13.782500267028809,13.960000038146973,13.670000076293945,10.278904914855957
2005-03-22,1786400,14.862500190734863,14.307499885559082,14.862500190734863,14.225000381469727,10.670449256896973
2005-03-21,1201200,14.842499732971191,14.657500267028809,14.954999923706055,14.600000381469727,10.931477546691895
2005-03-18,1324800,14.907500267028809,14.805000305175781,15.069999694824219,14.729999542236328,11.041484832763672
2005-03-17,1886800,14.899999618530273,14.875,14.9975004196167,14.712499618530273,11.093689918518066
2005-03-16,1760000,14.375,14.5,14.667499542236328,14.257499694824219,10.814016342163086
2005-03-15,1387600,14.489999771118164,14.387499809265137,14.642499923706055,14.362500190734863,10.660454750061035
2005-03-14,1492000,14.225000381469727,14.354999542236328,14.395000457763672,13.942500114440918,10.636373519897461
2005-03-11,2156800,13.725000381469727,14.227499961853027,14.335000038146973,13.72249984741211,10.541900634765625
2005-03-10,2866400,14.164999961853027,13.927499771118164,14.270000457763672,13.6875,10.319619178771973
2005-03-09,2264800,14.819999694824219,14.452500343322754,15.005000114440918,14.359999656677246,10.708620071411133
2005-03-08,1491200,14.907500267028809,14.757499694824219,14.975000381469727,14.712499618530273,10.93460464477539
2005-03-07,1441200,14.989999771118164,14.912500381469727,14.989999771118164,14.702500343322754,11.049457550048828
2005-03-04,2969600,14.742500305175781,15.074999809265137,15.1850004196167,14.645000457763672,11.169866561889648
2005-03-03,2135200,14.3125,14.677499771118164,14.779999732971191,14.274999618530273,10.875333786010742
2005-03-02,1816400,13.800000190734863,14.194999694824219,14.207500457763672,13.75,10.51782512664795
2005-03-01,2553200,14.220000267028809,13.90999984741211,14.220000267028809,13.662500381469727,10.306655883789062
2005-02-28,4589200,14.942500114440918,14.225000381469727,15.102499961853027,14.079999923706055,10.540053367614746
2005-02-25,2559600,13.897500038146973,14.607500076293945,14.789999961853027,13.869999885559082,10.823469161987305
2005-02-24,1699200,13.90250015258789,14.024999618530273,14.024999618530273,13.6899995803833,10.391861915588379
2005-02-23,2573200,13.710000038146973,13.90250015258789,13.954999923706055,13.682499885559082,10.301093101501465
2005-02-22,2970400,13.9375,14.020000457763672,14.145000457763672,13.744999885559082,10.388154029846191
2005-02-18,1725600,13.3725004196167,13.72249984741211,13.760000228881836,13.3725004196167,10.167726516723633
2005-02-17,1902000,13.625,13.295000076293945,13.654999732971191,13.225000381469727,9.85096549987793
2005-02-16,2461200,13.274999618530273,13.632499694824219,13.682499885559082,13.175000190734863,10.101035118103027
2005-02-15,2420000,13.137499809265137,13.262499809265137,13.350000381469727,13.1225004196167,9.826885223388672
2005-02-14,2260800,12.837499618530273,13.137499809265137,13.137499809265137,12.837499618530273,9.73426628112793
2005-02-11,3312000,12.619999885559082,12.837499618530273,13.1875,12.524999618530273,9.511978149414062
2005-02-10,2787600,12.257499694824219,12.6875,12.779999732971191,12.204999923706055,9.400836944580078
2005-02-09,1636400,11.8125,11.942500114440918,11.987500190734863,11.6899995803833,8.848830223083496
2005-02-08,1178000,11.517499923706055,11.842499732971191,11.882499694824219,11.507499694824219,8.774728775024414
2005-02-07,1852000,11.6875,11.640000343322754,11.832500457763672,11.5649995803833,8.624695777893066
2005-02-04,1266800,11.517499923706055,11.675000190734863,11.755000114440918,11.487500190734863,8.650620460510254
2005-02-03,1513200,11.5024995803833,11.492500305175781,11.572500228881836,11.3125,8.515400886535645
2005-02-02,2086800,11.399999618530273,11.569999694824219,11.699999809265137,11.350000381469727,8.572821617126465
2005-02-01,2901200,11.0625,11.460000038146973,11.529999732971191,11.055000305175781,8.491315841674805
2005-01-31,1090000,10.725000381469727,10.984999656677246,11.010000228881836,10.6875,8.139365196228027
2005-01-28,2028800,11.154999732971191,10.914999961853027,11.154999732971191,10.899999618530273,8.087495803833008
2005-01-27,1766400,10.887499809265137,11.199999809265137,11.237500190734863,10.887499809265137,8.29867172241211
2005-01-26,1137200,10.800000190734863,10.9399995803833,11.015000343322754,10.77750015258789,8.1060209274292
2005-01-25,1182000,10.617500305175781,10.8125,10.817500114440918,10.577500343322754,8.01154899597168
2005-01-24,1281200,10.757499694824219,10.717499732971191,10.805000305175781,10.675000190734863,7.941159248352051
2005-01-21,842400,10.649999618530273,10.755000114440918,10.859999656677246,10.625,7.968944549560547
2005-01-20,1280400,10.574999809265137,10.567500114440918,10.675000190734863,10.46500015258789,7.830016136169434
2005-01-19,1730400,10.912500381469727,10.755000114440918,10.914999961853027,10.75,7.968944549560547
2005-01-18,1932400,10.914999961853027,10.954999923706055,11.095000267028809,10.824999809265137,8.117136001586914
2005-01-14,1894800,10.862500190734863,10.852499961853027,10.862500190734863,10.647500038146973,8.04118824005127
2005-01-13,1267600,10.832500457763672,10.807499885559082,10.925000190734863,10.717499732971191,8.007843971252441
2005-01-12,1797600,10.342499732971191,10.807499885559082,10.8100004196167,10.3149995803833,8.007843971252441
2005-01-11,722400,10.1899995803833,10.154999732971191,10.260000228881836,10.1225004196167,7.5243754386901855
2005-01-10,1284000,10.202500343322754,10.1850004196167,10.3125,10.079999923706055,7.546603202819824
2005-01-07,811200,10.175000190734863,10.022500038146973,10.192500114440918,9.8725004196167,7.426198482513428
2005-01-06,2030000,9.875,10.102499961853027,10.142499923706055,9.869999885559082,7.485476016998291
2005-01-05,1758000,10.194999694824219,9.952500343322754,10.199999809265137,9.899999618530273,7.374333381652832
2005-01-04,1620800,10.22249984741211,10.207500457763672,10.3125,10.164999961853027,7.563275337219238
2005-01-03,2273600,10.694999694824219,10.162500381469727,10.694999694824219,10.100000381469727,7.529933452606201
2004-12-31,875200,10.524999618530273,10.692500114440918,10.75,10.524999618530273,7.922637462615967
2004-12-30,760400,10.505000114440918,10.555000305175781,10.6225004196167,10.399999618530273,7.82075834274292
2004-12-29,1096000,10.494999885559082,10.4975004196167,10.600000381469727,10.40250015258789,7.778151988983154
2004-12-28,801600,10.364999771118164,10.4399995803833,10.46500015258789,10.364999771118164,7.735543251037598
2004-12-27,942400,10.462499618530273,10.364999771118164,10.462499618530273,10.3125,7.67997407913208
2004-12-23,1059200,10.282500267028809,10.470000267028809,10.494999885559082,10.267499923706055,7.757776737213135
2004-12-22,2701200,10.477499961853027,10.329999923706055,10.515000343322754,10.142499923706055,7.654041767120361
2004-12-21,1877200,10.482500076293945,10.517499923706055,10.53499984741211,10.354999542236328,7.792971611022949
2004-12-20,2760000,10.462499618530273,10.479999542236328,10.522500038146973,10.2524995803833,7.765185356140137
2004-12-17,1620800,10.22249984741211,10.470000267028809,10.517499923706055,10.202500343322754,7.757776737213135
2004-12-16,2057200,10.177499771118164,10.147500038146973,10.220000267028809,10.055000305175781,7.5188164710998535
2004-12-15,2810400,9.977499961853027,10.274999618530273,10.40250015258789,9.797499656677246,7.613290309906006
2004-12-14,1905600,9.625,9.887499809265137,9.904999732971191,9.625,7.266153335571289
2004-12-13,1226000,9.375,9.625,9.625,9.319999694824219,7.073246002197266
2004-12-10,1146800,9.617500305175781,9.369999885559082,9.742500305175781,9.350000381469727,6.8858489990234375
2004-12-09,1262400,9.5600004196167,9.585000038146973,9.712499618530273,9.507499694824219,7.043848037719727
2004-12-08,1832800,9.364999771118164,9.5600004196167,9.587499618530273,9.27750015258789,7.025479793548584
2004-12-07,2474800,9.887499809265137,9.520000457763672,9.887499809265137,9.449999809265137,6.996082782745361
2004-12-06,1902800,10.039999961853027,9.962499618530273,10.052499771118164,9.8125,7.321267604827881
2004-12-03,2469200,9.832500457763672,10.039999961853027,10.067500114440918,9.774999618530273,7.378224849700928
2004-12-02,2902400,10.28499984741211,9.890000343322754,10.305000305175781,9.824999809265137,7.26799201965332
2004-12-01,1744800,10.797499656677246,10.522500038146973,10.797499656677246,10.3100004196167,7.732803821563721
2004-11-30,902400,10.850000381469727,10.854999542236328,11.020000457763672,10.797499656677246,7.977149963378906
2004-11-29,812000,11.0024995803833,10.8774995803833,11.005000114440918,10.729999542236328,7.993684768676758
2004-11-26,628800,10.982500076293945,10.975000381469727,11.02750015258789,10.944999694824219,8.065335273742676
2004-11-24,1175200,10.579999923706055,10.765000343322754,10.782500267028809,10.4975004196167,7.911012649536133
2004-11-23,1338000,10.380000114440918,10.505000114440918,10.657500267028809,10.380000114440918,7.71994161605835
2004-11-22,2356000,10.47249984741211,10.375,10.585000038146973,10.25,7.624410152435303
2004-11-19,2106400,9.970000267028809,10.302499771118164,10.342499732971191,9.9350004196167,7.571128845214844
2004-11-18,1550400,9.824999809265137,9.887499809265137,9.917499542236328,9.774999618530273,7.266153335571289
2004-11-17,2013200,9.907500267028809,9.930000305175781,10.024999618530273,9.802499771118164,7.297384738922119
2004-11-16,968400,9.90999984741211,9.885000228881836,9.994999885559082,9.8125,7.264313697814941
2004-11-15,2543200,10.037500381469727,9.842499732971191,10.039999961853027,9.707500457763672,7.2330827713012695
2004-11-12,2040000,9.992500305175781,10.085000038146973,10.1850004196167,9.925000190734863,7.411291599273682
2004-11-11,1781600,10.104999542236328,9.9375,10.1225004196167,9.857500076293945,7.3028998374938965
2004-11-10,2053600,9.802499771118164,10.175000190734863,10.212499618530273,9.625,7.477436542510986
2004-11-09,1088800,9.6899995803833,9.835000038146973,9.90250015258789,9.642499923706055,7.227570533752441
2004-11-08,3709600,9.819999694824219,9.7524995803833,9.862500190734863,9.640000343322754,7.166940689086914
2004-11-05,6427200,9.9975004196167,9.887499809265137,10.069999694824219,9.800000190734863,7.266153335571289
2004-11-04,1684000,10.25,10.020000457763672,10.3100004196167,9.987500190734863,7.363524436950684
2004-11-03,3294400,10.265000343322754,10.239999771118164,10.375,9.875,7.525197505950928
2004-11-02,1134000,10.332500457763672,10.1850004196167,10.332500457763672,10.119999885559082,7.48477840423584
2004-11-01,1066400,10.600000381469727,10.332500457763672,10.602499961853027,10.265000343322754,7.593177318572998
2004-10-29,1277200,10.387499809265137,10.489999771118164,10.607500076293945,10.387499809265137,7.70891809463501
2004-10-28,1440000,10.327500343322754,10.369999885559082,10.552499771118164,10.297499656677246,7.620734214782715
2004-10-27,1978800,10.9399995803833,10.475000381469727,10.979999542236328,10.3774995803833,7.697895050048828
2004-10-26,1178000,10.739999771118164,10.9375,10.967499732971191,10.739999771118164,8.037775993347168
2004-10-25,1121600,11.172499656677246,10.8774995803833,11.1850004196167,10.755000114440918,7.993684768676758
2004-10-22,1539200,10.845000267028809,10.987500190734863,11.125,10.77750015258789,8.074525833129883
2004-10-21,1439200,10.399999618530273,10.819999694824219,10.842499732971191,10.380000114440918,7.951431751251221
2004-10-20,1404800,10.050000190734863,10.367500305175781,10.407500267028809,9.970000267028809,7.618896007537842
2004-10-19,843200,9.822500228881836,10.005000114440918,10.125,9.78499984741211,7.352503299713135
2004-10-18,1323200,10.170000076293945,9.930000305175781,10.25,9.917499542236328,7.297384738922119
2004-10-15,701600,9.922499656677246,10.069999694824219,10.095000267028809,9.922499656677246,7.4002685546875
2004-10-14,2204000,9.987500190734863,9.922499656677246,10.050000190734863,9.880000114440918,7.291872501373291
2004-10-13,3508000,9.97249984741211,9.897500038146973,9.97249984741211,9.602499961853027,7.273500919342041
2004-10-12,1800800,10.300000190734863,10.074999809265137,10.3100004196167,10.072500228881836,7.403943061828613
2004-10-11,583600,10.3125,10.199999809265137,10.40250015258789,10.095000267028809,7.4958014488220215
2004-10-08,963200,10.242500305175781,10.3125,10.390000343322754,10.210000038146973,7.578479290008545
2004-10-07,1757600,10.412500381469727,10.217499732971191,10.72249984741211,10.217499732971191,7.508664608001709
2004-10-06,1026800,10.237500190734863,10.354999542236328,10.382499694824219,10.204999923706055,7.609708786010742
2004-10-05,1465600,10.292499542236328,10.234999656677246,10.357500076293945,10.22249984741211,7.521522045135498
2004-10-04,953200,10.114999771118164,10.140000343322754,10.300000190734863,10.029999732971191,7.451712131500244
2004-10-01,830000,9.994999885559082,10.244999885559082,10.2524995803833,9.967499732971191,7.528872966766357
2004-09-30,954800,9.837499618530273,9.957500457763672,10.077500343322754,9.800000190734863,7.317595481872559
2004-09-29,1765600,9.944999694824219,9.892499923706055,9.944999694824219,9.770000457763672,7.269826889038086
2004-09-28,2033200,9.604999542236328,9.949999809265137,9.957500457763672,9.545000076293945,7.3120832443237305
2004-09-27,1300800,9.470000267028809,9.5,9.59000015258789,9.412500381469727,6.981383800506592
2004-09-24,780000,9.324999809265137,9.382499694824219,9.425000190734863,9.262499809265137,6.8950371742248535
2004-09-23,739600,9.239999771118164,9.267499923706055,9.359999656677246,9.15250015258789,6.810524940490723
2004-09-22,1340800,9.522500038146973,9.28499984741211,9.522500038146973,9.199999809265137,6.8233842849731445
2004-09-21,1310400,9.154999732971191,9.512499809265137,9.53499984741211,9.132499694824219,6.990567207336426
2004-09-20,974000,8.962499618530273,9.050000190734863,9.132499694824219,8.914999961853027,6.650687217712402
2004-09-17,813200,8.942500114440918,8.867500305175781,9.069999694824219,8.824999809265137,6.516571521759033
2004-09-16,1130800,8.737500190734863,8.864999771118164,8.994999885559082,8.692500114440918,6.514733791351318
2004-09-15,1487600,8.47249984741211,8.712499618530273,8.842499732971191,8.414999961853027,6.402665615081787
2004-09-14,487600,8.399999618530273,8.479999542236328,8.4975004196167,8.270000457763672,6.174924373626709
2004-09-13,769600,8.307499885559082,8.350000381469727,8.460000038146973,8.232500076293945,6.080264091491699
2004-09-10,652400,8.357500076293945,8.177499771118164,8.357500076293945,8.162500381469727,5.954652309417725
2004-09-09,738800,8.162500381469727,8.295000076293945,8.380000114440918,8.125,6.0402140617370605
2004-09-08,775600,8.28499984741211,8.130000114440918,8.28499984741211,8.125,5.92006254196167
2004-09-07,721600,8.510000228881836,8.367500305175781,8.510000228881836,8.317500114440918,6.093005657196045
2004-09-03,724400,8.550000190734863,8.53499984741211,8.582500457763672,8.449999809265137,6.2149739265441895
2004-09-02,771600,8.452500343322754,8.532500267028809,8.545000076293945,8.420000076293945,6.213154315948486
2004-09-01,614400,8.112500190734863,8.362500190734863,8.392499923706055,8.024999618530273,6.089365482330322
2004-08-31,910400,7.889999866485596,8.1225004196167,8.147500038146973,7.8125,5.914602279663086
2004-08-30,771200,7.987500190734863,7.940000057220459,7.997499942779541,7.840000152587891,5.781710147857666
2004-08-27,520400,8.010000228881836,7.932499885559082,8.022500038146973,7.862500190734863,5.776247978210449
2004-08-26,970400,7.829999923706055,7.949999809265137,7.985000133514404,7.744999885559082,5.788992404937744
2004-08-25,740400,7.925000190734863,7.877500057220459,8.03499984741211,7.84250020980835,5.736198902130127
2004-08-24,1176800,8.024999618530273,7.872499942779541,8.02750015258789,7.824999809265137,5.732558250427246
2004-08-23,1115200,8.242500305175781,7.965000152587891,8.292499542236328,7.927499771118164,5.7999138832092285
2004-08-20,950000,8.555000305175781,8.302499771118164,8.59000015258789,8.225000381469727,6.04567289352417
2004-08-19,1216800,8.34749984741211,8.47249984741211,8.524999618530273,8.267499923706055,6.16946268081665
2004-08-18,768400,8.045000076293945,8.237500190734863,8.257499694824219,8.03499984741211,5.9983439445495605
2004-08-17,726000,8.107500076293945,8.010000228881836,8.107500076293945,7.952499866485596,5.832683086395264
2004-08-16,1129600,8.3125,8.1225004196167,8.3125,8.117500305175781,5.914602279663086
2004-08-13,522400,7.800000190734863,8.119999885559082,8.15999984741211,7.800000190734863,5.91278076171875
2004-08-12,1007200,7.71750020980835,7.784999847412109,7.857500076293945,7.710000038146973,5.66884183883667
2004-08-11,933600,7.945000171661377,7.707499980926514,7.945000171661377,7.637499809265137,5.612409591674805
2004-08-10,682000,7.974999904632568,7.914999961853027,8.042499542236328,7.889999866485596,5.7635040283203125
2004-08-09,836400,7.849999904632568,7.989999771118164,8.017499923706055,7.849999904632568,5.818118572235107
2004-08-06,1147600,7.849999904632568,7.822500228881836,7.980000019073486,7.762499809265137,5.696150779724121
2004-08-05,1401200,8.042499542236328,7.909999847412109,8.047499656677246,7.815000057220459,5.759866714477539
2004-08-04,993600,8.4375,7.989999771118164,8.494999885559082,7.982500076293945,5.818118572235107
2004-08-03,1940400,8.539999961853027,8.337499618530273,8.5625,8.237500190734863,6.07116174697876
2004-08-02,1720400,8.28499984741211,8.600000381469727,8.65250015258789,8.2524995803833,6.262305736541748
2004-07-30,938800,8.212499618530273,8.295000076293945,8.345000267028809,8.162500381469727,6.0402140617370605
2004-07-29,849200,8.077500343322754,8.119999885559082,8.140000343322754,7.900000095367432,5.91278076171875
2004-07-28,898800,7.954999923706055,8.015000343322754,8.095000267028809,7.949999809265137,5.836325168609619
2004-07-27,524400,7.747499942779541,7.882500171661377,7.927499771118164,7.659999847412109,5.739840984344482
2004-07-26,954400,7.960000038146973,7.730000019073486,7.960000038146973,7.675000190734863,5.6287922859191895
2004-07-23,898400,7.932499885559082,7.947500228881836,8.042499542236328,7.78000020980835,5.787172317504883
2004-07-22,840400,8.079999923706055,7.932499885559082,8.135000228881836,7.920000076293945,5.776247978210449
2004-07-21,690800,8.119999885559082,8.045000076293945,8.22249984741211,8.02750015258789,5.858170032501221
2004-07-20,571600,8.147500038146973,8.112500190734863,8.177499771118164,8.042499542236328,5.907321453094482
2004-07-19,613200,8.085000038146973,8.199999809265137,8.242500305175781,8.015000343322754,5.971034526824951
2004-07-16,1170400,7.982500076293945,8.0625,8.0649995803833,7.949999809265137,5.870912551879883
2004-07-15,1194400,7.875,7.857500076293945,7.922500133514404,7.789999961853027,5.7216362953186035
2004-07-14,1050000,7.800000190734863,7.902500152587891,7.920000076293945,7.762499809265137,5.754403114318848
2004-07-13,1423600,7.730000019073486,7.775000095367432,7.795000076293945,7.647500038146973,5.661561965942383
2004-07-12,972000,7.949999809265137,7.789999961853027,7.949999809265137,7.787499904632568,5.672483921051025
2004-07-09,980400,7.902500152587891,7.942500114440918,7.972499847412109,7.752500057220459,5.7835307121276855
2004-07-08,1022400,7.8125,7.84250020980835,7.902500152587891,7.75,5.710714340209961
2004-07-07,777600,7.8125,7.787499904632568,7.824999809265137,7.727499961853027,5.670663833618164
2004-07-06,1194000,7.699999809265137,7.8125,7.8125,7.652500152587891,5.688869476318359
2004-07-02,1214400,7.480000019073486,7.650000095367432,7.704999923706055,7.480000019073486,5.570539951324463
2004-07-01,1260400,7.525000095367432,7.487500190734863,7.527500152587891,7.429999828338623,5.452213764190674
2004-06-30,1796800,7.3125,7.474999904632568,7.522500038146973,7.252500057220459,5.443111419677734
2004-06-29,1802800,7.309999942779541,7.277500152587891,7.322500228881836,7.167500019073486,5.299293041229248
2004-06-28,1861600,7.554999828338623,7.320000171661377,7.554999828338623,7.255000114440918,5.330243110656738
2004-06-25,1131600,7.539999961853027,7.577499866485596,7.637499809265137,7.5,5.517746925354004
2004-06-24,1819600,7.605000019073486,7.537499904632568,7.612500190734863,7.492499828338623,5.488619327545166
2004-06-23,4702000,7.452499866485596,7.487500190734863,7.522500038146973,7.420000076293945,5.452213764190674
2004-06-22,3912800,7.412499904632568,7.380000114440918,7.425000190734863,7.360000133514404,5.373932361602783
2004-06-21,3211200,7.304999828338623,7.34499979019165,7.425000190734863,7.260000228881836,5.348447799682617
2004-06-18,758000,7.15749979019165,7.207499980926514,7.369999885559082,7.15749979019165,5.2483229637146
2004-06-17,499200,7.132500171661377,7.132500171661377,7.15749979019165,7.042500019073486,5.193708896636963
2004-06-16,652000,7.005000114440918,7.074999809265137,7.132500171661377,7.0,5.151837348937988
2004-06-15,1740000,6.875,7.052499771118164,7.112500190734863,6.857500076293945,5.082296371459961
2004-06-14,890800,6.795000076293945,6.739999771118164,6.864999771118164,6.71999979019165,4.857100486755371
2004-06-10,1288800,6.612500190734863,6.795000076293945,6.802499771118164,6.612500190734863,4.89673376083374
2004-06-09,1108400,6.650000095367432,6.5625,6.650000095367432,6.539999961853027,4.729185104370117
2004-06-08,957200,6.695000171661377,6.625,6.8125,6.625,4.774224758148193
2004-06-07,730800,6.565000057220459,6.667500019073486,6.747499942779541,6.565000057220459,4.804853916168213
2004-06-04,642000,6.53249979019165,6.602499961853027,6.602499961853027,6.519999980926514,4.758011817932129
2004-06-03,1391200,6.900000095367432,6.5,6.900000095367432,6.480000019073486,4.684146881103516
2004-06-02,692800,6.837500095367432,6.702499866485596,6.84499979019165,6.702499866485596,4.830075263977051
2004-06-01,1156800,6.800000190734863,6.837500095367432,6.96999979019165,6.664999961853027,4.927362442016602
2004-05-28,1671200,6.5,6.496250152587891,6.56125020980835,6.480000019073486,4.68144416809082
2004-05-27,2500800,6.809999942779541,6.482500076293945,6.827499866485596,6.46875,4.671535491943359
2004-05-26,2845600,6.956250190734863,6.789999961853027,6.958749771118164,6.775000095367432,4.893131256103516
2004-05-25,1877600,7.112500190734863,6.957499980926514,7.113749980926514,6.921249866485596,5.013838291168213
2004-05-24,641600,6.824999809265137,7.050000190734863,7.098750114440918,6.824999809265137,5.080498695373535
2004-05-21,616000,6.875,6.838749885559082,6.948750019073486,6.815000057220459,4.928260803222656
2004-05-20,1645600,6.974999904632568,6.875,7.042500019073486,6.832499980926514,4.954387187957764
2004-05-19,1576000,7.139999866485596,6.945000171661377,7.139999866485596,6.90625,5.004830360412598
2004-05-18,1147200,7.137499809265137,7.057499885559082,7.172500133514404,6.981249809265137,5.085902690887451
2004-05-17,1893600,7.184999942779541,7.125,7.256249904632568,7.087500095367432,5.134544849395752
2004-05-14,721600,7.041250228881836,7.113749980926514,7.143750190734863,6.973750114440918,5.126437187194824
2004-05-13,1278400,7.125,6.989999771118164,7.137499809265137,6.971250057220459,5.037257194519043
2004-05-12,1212800,6.902500152587891,7.0,7.050000190734863,6.868750095367432,5.044466018676758
2004-05-11,909600,6.737500190734863,6.920000076293945,6.956250190734863,6.666250228881836,4.986814022064209
2004-05-10,1735200,6.893750190734863,6.652500152587891,6.893750190734863,6.637499809265137,4.79404354095459
2004-05-07,1253600,7.306250095367432,7.010000228881836,7.306250095367432,7.010000228881836,5.051671981811523
2004-05-06,800800,7.367499828338623,7.286250114440918,7.367499828338623,7.210000038146973,5.2507476806640625
2004-05-05,857600,7.363749980926514,7.337500095367432,7.411250114440918,7.184999942779541,5.287679672241211
2004-05-04,1156800,7.21999979019165,7.366250038146973,7.432499885559082,7.171249866485596,5.30839729309082
2004-05-03,922400,6.893750190734863,7.073750019073486,7.177499771118164,6.893750190734863,5.097611904144287
2004-04-30,906400,6.981249809265137,6.886250019073486,7.025000095367432,6.877500057220459,4.962492942810059
2004-04-29,1684800,7.03000020980835,6.981249809265137,7.105000019073486,6.925000190734863,5.030951976776123
2004-04-28,1299200,7.238749980926514,7.113749980926514,7.257500171661377,7.110000133514404,5.126437187194824
2004-04-27,536000,7.400000095367432,7.394999980926514,7.440000057220459,7.356249809265137,5.3291168212890625
2004-04-26,407200,7.34375,7.351250171661377,7.417500019073486,7.336249828338623,5.297588348388672
2004-04-23,276000,7.336249828338623,7.263750076293945,7.336249828338623,7.221250057220459,5.234531879425049
2004-04-22,466400,7.141250133514404,7.323750019073486,7.336249828338623,7.133749961853027,5.27777099609375
2004-04-21,972800,7.258749961853027,7.111249923706055,7.258749961853027,7.09250020980835,5.124635219573975
2004-04-20,972000,7.418749809265137,7.258749961853027,7.46750020980835,7.252500057220459,5.230930328369141
2004-04-19,473600,7.508749961853027,7.472499847412109,7.514999866485596,7.414999961853027,5.384966850280762
2004-04-16,752800,7.571249961853027,7.476250171661377,7.571249961853027,7.389999866485596,5.387670040130615
2004-04-15,1448800,7.150000095367432,7.539999961853027,7.588749885559082,7.150000095367432,5.433607578277588
2004-04-14,944000,7.21750020980835,7.139999866485596,7.295000076293945,7.117499828338623,5.1453537940979
2004-04-13,1206400,7.512499809265137,7.375,7.53125,7.356249809265137,5.314703464508057
2004-04-12,769600,7.300000190734863,7.414999961853027,7.4375,7.300000190734863,5.3435282707214355
2004-04-08,1109600,7.261250019073486,7.298749923706055,7.318749904632568,7.202499866485596,5.259756088256836
2004-04-07,562400,7.31125020980835,7.293749809265137,7.362500190734863,7.25,5.256152629852295
2004-04-06,1034400,7.286250114440918,7.309999942779541,7.382500171661377,7.268750190734863,5.2678608894348145
2004-04-05,1520800,7.210000038146973,7.255000114440918,7.262499809265137,7.166250228881836,5.228227615356445
2004-04-02,1260800,7.038750171661377,7.141250133514404,7.144999980926514,6.988749980926514,5.146255016326904
2004-04-01,844000,6.982500076293945,7.018750190734863,7.068749904632568,6.96875,5.057976722717285
2004-03-31,1248000,6.952499866485596,6.954999923706055,7.068749904632568,6.894999980926514,5.0120368003845215
2004-03-30,1336000,6.817500114440918,6.921249866485596,7.023749828338623,6.817500114440918,4.9877142906188965
2004-03-29,1341600,6.768750190734863,6.821249961853027,6.853750228881836,6.735000133514404,4.915650367736816
2004-03-26,1016800,6.71875,6.716249942779541,6.757500171661377,6.690000057220459,4.839984893798828
2004-03-25,814400,6.713749885559082,6.670000076293945,6.713749885559082,6.587500095367432,4.80665397644043
2004-03-24,900000,6.888750076293945,6.731249809265137,6.888750076293945,6.716249942779541,4.850792407989502
2004-03-23,252800,6.962500095367432,6.908750057220459,6.963749885559082,6.881249904632568,4.978707313537598
2004-03-22,623200,6.90625,6.929999828338623,6.96750020980835,6.857500076293945,4.994020462036133
2004-03-19,693600,7.0,6.913750171661377,7.0,6.912499904632568,4.982309818267822
2004-03-18,543200,6.96999979019165,6.991250038146973,7.012499809265137,6.931250095367432,5.0381598472595215
2004-03-17,1048800,6.824999809265137,6.945000171661377,6.962500095367432,6.795000076293945,5.004830360412598
2004-03-16,771200,6.8125,6.803750038146973,6.917500019073486,6.769999980926514,4.903040409088135
2004-03-15,1982400,6.900000095367432,6.8125,6.900000095367432,6.78249979019165,4.909345626831055
2004-03-12,905600,6.90749979019165,6.835000038146973,6.934999942779541,6.778749942779541,4.925559997558594
2004-03-11,1295200,6.800000190734863,6.87624979019165,6.96875,6.708749771118164,4.955286026000977
2004-03-10,1476000,7.090000152587891,6.824999809265137,7.090000152587891,6.801249980926514,4.918354511260986
2004-03-09,833600,7.072500228881836,7.110000133514404,7.15749979019165,7.071249961853027,5.014485836029053
2004-03-08,691200,7.122499942779541,7.131249904632568,7.235000133514404,7.090000152587891,5.029472351074219
2004-03-05,1432000,6.885000228881836,7.090000152587891,7.130000114440918,6.885000228881836,5.000380516052246
2004-03-04,2607200,6.883749961853027,6.8125,6.883749961853027,6.760000228881836,4.804667949676514
2004-03-03,1092000,6.8125,6.852499961853027,6.861249923706055,6.732500076293945,4.832879543304443
2004-03-02,1251200,6.982500076293945,6.882500171661377,7.071249961853027,6.849999904632568,4.854037761688232
2004-03-01,1137600,7.019999980926514,6.96875,7.019999980926514,6.911250114440918,4.9148664474487305
2004-02-27,2780800,6.631249904632568,6.853750228881836,6.909999847412109,6.613749980926514,4.833759784698486
2004-02-26,1062400,6.4375,6.62624979019165,6.650000095367432,6.421249866485596,4.673310279846191
2004-02-25,1454400,6.387499809265137,6.432499885559082,6.46875,6.349999904632568,4.536664962768555
2004-02-24,728800,6.21875,6.238749980926514,6.302499771118164,6.179999828338623,4.400017738342285
2004-02-23,570400,6.224999904632568,6.1875,6.224999904632568,6.171249866485596,4.363874435424805
2004-02-20,551200,6.295000076293945,6.201250076293945,6.295000076293945,6.096250057220459,4.373570442199707
2004-02-19,825600,6.346250057220459,6.300000190734863,6.346250057220459,6.176249980926514,4.443215847015381
2004-02-18,398400,6.474999904632568,6.356249809265137,6.492499828338623,6.341249942779541,4.4828877449035645
2004-02-17,768000,6.416250228881836,6.458749771118164,6.463749885559082,6.364999771118164,4.555178165435791
2004-02-13,518400,6.440000057220459,6.337500095367432,6.460000038146973,6.317500114440918,4.469661235809326
2004-02-12,476800,6.4375,6.409999847412109,6.4375,6.363749980926514,4.5207953453063965
2004-02-11,781600,6.452499866485596,6.431250095367432,6.510000228881836,6.349999904632568,4.535782337188721
2004-02-10,609600,6.487500190734863,6.421249866485596,6.487500190734863,6.393750190734863,4.528730869293213
2004-02-09,895200,6.272500038146973,6.366250038146973,6.40500020980835,6.256249904632568,4.489940643310547
2004-02-06,331200,6.25,6.244999885559082,6.357500076293945,6.222499847412109,4.404425621032715
2004-02-05,1342400,6.191249847412109,6.193749904632568,6.222499847412109,6.135000228881836,4.368280410766602
2004-02-04,636000,6.3125,6.191249847412109,6.328750133514404,6.177499771118164,4.36651611328125
2004-02-03,964800,6.18874979019165,6.386250019073486,6.414999961853027,6.18874979019165,4.504045009613037
2004-02-02,1396800,6.039999961853027,6.138750076293945,6.190000057220459,5.96999979019165,4.3294901847839355
2004-01-30,1168000,6.112500190734863,6.039999961853027,6.183750152587891,6.03249979019165,4.259845733642578
2004-01-29,1633600,6.396249771118164,6.150000095367432,6.403749942779541,6.098750114440918,4.3374247550964355
2004-01-28,688800,6.639999866485596,6.433750152587891,6.639999866485596,6.361249923706055,4.537546157836914
2004-01-27,348800,6.699999809265137,6.712500095367432,6.712500095367432,6.627500057220459,4.7341413497924805
2004-01-26,768000,6.771249771118164,6.681250095367432,6.771249771118164,6.601250171661377,4.712100505828857
2004-01-23,453600,6.71999979019165,6.771249771118164,6.848750114440918,6.692500114440918,4.775576114654541
2004-01-22,462400,6.809999942779541,6.787499904632568,6.8125,6.638750076293945,4.787036895751953
2004-01-21,427200,6.716249942779541,6.776249885559082,6.776249885559082,6.691249847412109,4.7791008949279785
2004-01-20,552800,6.588749885559082,6.744999885559082,6.752500057220459,6.572500228881836,4.75706148147583
2004-01-16,416000,6.443749904632568,6.400000095367432,6.456250190734863,6.346250057220459,4.5137434005737305
2004-01-15,447200,6.682499885559082,6.451250076293945,6.699999809265137,6.431250095367432,4.549888610839844
2004-01-14,1668800,6.737500190734863,6.675000190734863,6.737500190734863,6.651249885559082,4.707692623138428
2004-01-13,1096000,6.736249923706055,6.768750190734863,6.817500114440918,6.698750019073486,4.773812770843506
2004-01-12,1021600,6.599999904632568,6.662499904632568,6.677499771118164,6.50124979019165,4.698877811431885
2004-01-09,1382400,6.448750019073486,6.590000152587891,6.652500152587891,6.375,4.647745132446289
2004-01-08,1768800,6.503749847412109,6.426249980926514,6.503749847412109,6.377500057220459,4.532256126403809
2004-01-07,781600,6.681250095367432,6.442500114440918,6.681250095367432,6.413750171661377,4.543718338012695
2004-01-06,1378400,6.893750190734863,6.612500190734863,6.920000076293945,6.576250076293945,4.663613319396973
2004-01-05,1636000,6.71875,6.896249771118164,6.9375,6.703750133514404,4.863734722137451
2004-01-02,680000,6.34250020980835,6.496250152587891,6.496250152587891,6.34250020980835,4.5816264152526855
2003-12-31,476000,6.297500133514404,6.304999828338623,6.37375020980835,6.286250114440918,4.446742057800293
2003-12-30,575200,6.331250190734863,6.297500133514404,6.423749923706055,6.291250228881836,4.441453456878662
2003-12-29,1408800,6.286250114440918,6.315000057220459,6.329999923706055,6.223750114440918,4.453794002532959
2003-12-26,137600,6.275000095367432,6.286250114440918,6.321249961853027,6.275000095367432,4.433518886566162
2003-12-24,223200,6.18874979019165,6.230000019073486,6.255000114440918,6.18874979019165,4.3938469886779785
2003-12-23,1625600,6.243750095367432,6.162499904632568,6.243750095367432,6.137499809265137,4.346242427825928
2003-12-22,847200,6.193749904632568,6.176249980926514,6.237500190734863,6.081250190734863,4.355937480926514
2003-12-19,1018400,6.116250038146973,6.208749771118164,6.216249942779541,6.09499979019165,4.378860950469971
2003-12-18,1608800,5.84375,6.118750095367432,6.181250095367432,5.84375,4.315385341644287
2003-12-17,760800,5.683750152587891,5.826250076293945,5.826250076293945,5.666250228881836,4.109093189239502
2003-12-16,460000,5.653749942779541,5.671249866485596,5.710000038146973,5.641250133514404,3.9997761249542236
2003-12-15,480000,5.724999904632568,5.667500019073486,5.731249809265137,5.662499904632568,3.997129440307617
2003-12-12,716800,5.695000171661377,5.701250076293945,5.731249809265137,5.652500152587891,4.020934104919434
2003-12-11,609600,5.65749979019165,5.673749923706055,5.698750019073486,5.618750095367432,4.001539707183838
2003-12-10,440800,5.840000152587891,5.737500190734863,5.840000152587891,5.703750133514404,4.046501159667969
2003-12-09,363200,5.863749980926514,5.824999809265137,5.863749980926514,5.776249885559082,4.02724552154541
2003-12-08,451200,5.777500152587891,5.892499923706055,5.897500038146973,5.761250019073486,4.07391357421875
2003-12-05,498400,5.808750152587891,5.736249923706055,5.808750152587891,5.731249809265137,3.965886116027832
2003-12-04,488800,5.711249828338623,5.758749961853027,5.758749961853027,5.662499904632568,3.981442928314209
2003-12-03,344800,5.637499809265137,5.677499771118164,5.690000057220459,5.606249809265137,3.9252684116363525
2003-12-02,394400,5.541250228881836,5.628749847412109,5.672500133514404,5.525000095367432,3.891563892364502
2003-12-01,368800,5.536250114440918,5.539999961853027,5.550000190734863,5.482500076293945,3.830205202102661
2003-11-28,80000,5.518750190734863,5.576250076293945,5.586249828338623,5.507500171661377,3.8552675247192383
2003-11-26,323200,5.414999961853027,5.473750114440918,5.473750114440918,5.386250019073486,3.78439998626709
2003-11-25,253600,5.422500133514404,5.383749961853027,5.423749923706055,5.37375020980835,3.722177028656006
2003-11-24,445600,5.5,5.361249923706055,5.5,5.335000038146973,3.7066221237182617
2003-11-21,746400,5.508749961853027,5.494999885559082,5.523749828338623,5.487500190734863,3.7990922927856445
2003-11-20,717600,5.465000152587891,5.542500019073486,5.551249980926514,5.458749771118164,3.831932783126831
2003-11-19,352000,5.356249809265137,5.465000152587891,5.471250057220459,5.356249809265137,3.7783520221710205
2003-11-18,290400,5.315000057220459,5.351250171661377,5.387499809265137,5.273749828338623,3.6997087001800537
2003-11-17,296800,5.348750114440918,5.288750171661377,5.352499961853027,5.262499809265137,3.656498432159424
2003-11-14,578400,5.335000038146973,5.364999771118164,5.448750019073486,5.335000038146973,3.7092154026031494
2003-11-13,352800,5.239999771118164,5.309999942779541,5.31125020980835,5.215000152587891,3.671189069747925
2003-11-12,723200,5.253749847412109,5.239999771118164,5.260000228881836,5.190000057220459,3.6227924823760986
2003-11-11,272800,5.199999809265137,5.21875,5.230000019073486,5.162499904632568,3.6081016063690186
2003-11-10,1161600,5.153749942779541,5.173749923706055,5.177499771118164,5.081250190734863,3.5769879817962646
2003-11-07,1420000,5.150000095367432,5.153749942779541,5.243750095367432,5.142499923706055,3.5631630420684814
2003-11-06,568800,5.081250190734863,5.106249809265137,5.150000095367432,5.054999828338623,3.530320882797241
2003-11-05,712000,5.09375,5.09375,5.137499809265137,5.072500228881836,3.5216805934906006
2003-11-04,699200,5.148749828338623,5.119999885559082,5.148749828338623,5.111249923706055,3.5398290157318115
2003-11-03,1053600,5.266250133514404,5.162499904632568,5.266250133514404,5.146249771118164,3.569209575653076
2003-10-31,1393600,5.287499904632568,5.31374979019165,5.31374979019165,5.213749885559082,3.6737799644470215
2003-10-30,704800,5.472499847412109,5.289999961853027,5.472499847412109,5.252500057220459,3.657362699508667
2003-10-29,687200,5.523749828338623,5.478750228881836,5.539999961853027,5.462500095367432,3.7878594398498535
2003-10-28,352000,5.550000190734863,5.53000020980835,5.552499771118164,5.496250152587891,3.8232924938201904
2003-10-27,393600,5.462500095367432,5.505000114440918,5.506249904632568,5.434999942779541,3.8060078620910645
2003-10-24,294400,5.46999979019165,5.462500095367432,5.53125,5.454999923706055,3.7766239643096924
2003-10-23,339200,5.453750133514404,5.466249942779541,5.485000133514404,5.426249980926514,3.7792158126831055
2003-10-22,960000,5.485000133514404,5.46875,5.519999980926514,5.458749771118164,3.780945062637329
2003-10-21,832800,5.412499904632568,5.486249923706055,5.502500057220459,5.412499904632568,3.7930426597595215
2003-10-20,616800,5.398749828338623,5.431250095367432,5.5,5.371250152587891,3.755018472671509
2003-10-17,392000,5.558750152587891,5.514999866485596,5.59250020980835,5.482500076293945,3.8129217624664307
2003-10-16,705600,5.510000228881836,5.583749771118164,5.608749866485596,5.510000228881836,3.8604538440704346
2003-10-15,655200,5.548749923706055,5.5,5.628749847412109,5.5,3.802550792694092
2003-10-14,324000,5.493750095367432,5.537499904632568,5.578750133514404,5.493750095367432,3.8284752368927
2003-10-13,237600,5.496250152587891,5.46875,5.553750038146973,5.452499866485596,3.780945062637329
2003-10-10,263200,5.400000095367432,5.502500057220459,5.502500057220459,5.397500038146973,3.8042781352996826
2003-10-09,323200,5.3125,5.323750019073486,5.347499847412109,5.276249885559082,3.6806960105895996
2003-10-08,345600,5.362500190734863,5.315000057220459,5.385000228881836,5.304999828338623,3.6746456623077393
2003-10-07,202400,5.349999904632568,5.333749771118164,5.355000019073486,5.3125,3.687610149383545
2003-10-06,291200,5.232500076293945,5.300000190734863,5.315000057220459,5.199999809265137,3.664276361465454
2003-10-03,411200,5.28000020980835,5.230000019073486,5.28000020980835,5.202499866485596,3.615880250930786
2003-10-02,531200,5.208749771118164,5.257500171661377,5.287499904632568,5.202499866485596,3.634891986846924
2003-10-01,336000,5.159999847412109,5.1875,5.21875,5.136250019073486,3.586496353149414
2003-09-30,661600,5.047500133514404,5.144999980926514,5.15500020980835,5.039999961853027,3.557112693786621
2003-09-29,1089600,4.99875020980835,5.043749809265137,5.052499771118164,4.99875020980835,3.487110137939453
2003-09-26,398400,5.014999866485596,4.992499828338623,5.03000020980835,4.957499980926514,3.4516780376434326
2003-09-25,400800,5.088749885559082,5.036250114440918,5.101250171661377,5.034999847412109,3.481926441192627
2003-09-24,355200,5.0,5.085000038146973,5.112500190734863,5.0,3.5156311988830566
2003-09-23,483200,4.93874979019165,4.987500190734863,4.992499828338623,4.881249904632568,3.4482200145721436
2003-09-22,159200,4.832499980926514,4.920000076293945,4.932499885559082,4.824999809265137,3.4015536308288574
2003-09-19,279200,4.852499961853027,4.853750228881836,4.896249771118164,4.817500114440918,3.3557510375976562
2003-09-18,416000,4.746250152587891,4.81125020980835,4.816249847412109,4.746250152587891,3.326366424560547
2003-09-17,660800,4.946249961853027,4.818749904632568,4.951250076293945,4.808750152587891,3.3315532207489014
2003-09-16,320000,4.988749980926514,4.921249866485596,5.0,4.921249866485596,3.4024181365966797
2003-09-15,197600,5.016250133514404,4.976250171661377,5.016250133514404,4.96875,3.440443277359009
2003-09-12,206400,5.028749942779541,5.016250133514404,5.052499771118164,5.010000228881836,3.46809720993042
2003-09-11,357600,5.026249885559082,5.028749942779541,5.052499771118164,5.00124979019165,3.4767401218414307
2003-09-10,523200,4.953750133514404,5.026249885559082,5.045000076293945,4.946249961853027,3.475013017654419
2003-09-09,215200,4.93874979019165,4.941249847412109,4.958749771118164,4.93625020980835,3.3401951789855957
2003-09-08,935200,4.90625,4.917500019073486,4.942500114440918,4.894999980926514,3.324140787124634
2003-09-05,578400,4.942500114440918,4.927499771118164,4.942500114440918,4.889999866485596,3.330899715423584
2003-09-04,375200,4.978750228881836,4.947500228881836,4.978750228881836,4.926249980926514,3.344419240951538
2003-09-03,379200,4.878749847412109,4.918749809265137,4.93874979019165,4.878749847412109,3.324984312057495
2003-09-02,728800,4.856249809265137,4.852499961853027,4.880000114440918,4.840000152587891,3.280200958251953
2003-08-29,393600,4.878749847412109,4.866250038146973,4.894999980926514,4.857500076293945,3.2894961833953857
2003-08-28,935200,4.864999771118164,4.863749980926514,4.882500171661377,4.832499980926514,3.2878055572509766
2003-08-27,404000,4.902500152587891,4.847499847412109,4.903749942779541,4.841249942779541,3.2768211364746094
2003-08-26,267200,5.026249885559082,4.925000190734863,5.026249885559082,4.90500020980835,3.3292107582092285
2003-08-25,190400,5.056250095367432,5.016250133514404,5.056250095367432,5.007500171661377,3.3908920288085938
2003-08-22,228800,5.027500152587891,5.043749809265137,5.050000190734863,4.978750228881836,3.4094815254211426
2003-08-21,392000,5.008749961853027,5.039999961853027,5.057499885559082,4.988749980926514,3.406947374343872
2003-08-20,143200,5.03249979019165,5.008749961853027,5.03249979019165,5.00124979019165,3.385823965072632
2003-08-19,91200,5.042500019073486,5.03125,5.045000076293945,5.022500038146973,3.4010329246520996
2003-08-18,302400,5.114999771118164,5.079999923706055,5.118750095367432,5.068749904632568,3.433985471725464
2003-08-15,189600,5.022500038146973,5.103750228881836,5.15625,5.022500038146973,3.4500410556793213
2003-08-14,278400,5.125,5.022500038146973,5.136250019073486,4.991250038146973,3.395118236541748
2003-08-13,166400,5.162499904632568,5.152500152587891,5.162499904632568,5.125,3.4829955101013184
2003-08-12,262400,5.168749809265137,5.144999980926514,5.168749809265137,5.105000019073486,3.477926015853882
2003-08-11,362400,5.021249771118164,5.150000095367432,5.15625,5.021249771118164,3.481306314468384
2003-08-08,189600,4.974999904632568,5.012499809265137,5.026249885559082,4.956250190734863,3.3883590698242188
2003-08-07,279200,4.881249904632568,4.932499885559082,4.954999923706055,4.824999809265137,3.3342792987823486
2003-08-06,933600,4.792500019073486,4.853750228881836,4.9375,4.792500019073486,3.2810471057891846
2003-08-05,278400,4.78125,4.832499980926514,4.878749847412109,4.78125,3.2666819095611572
2003-08-04,742400,4.882500171661377,4.697500228881836,4.925000190734863,4.670000076293945,3.1754226684570312
2003-08-01,635200,4.735000133514404,4.851250171661377,4.916250228881836,4.735000133514404,3.279357433319092
2003-07-31,524000,4.667500019073486,4.735000133514404,4.747499942779541,4.5625,3.2007737159729004
2003-07-30,362400,4.710000038146973,4.65500020980835,4.71999979019165,4.633749961853027,3.1466948986053467
2003-07-29,412800,4.87375020980835,4.753749847412109,4.87375020980835,4.753749847412109,3.2134480476379395
2003-07-28,216000,4.90500020980835,4.87375020980835,4.90500020980835,4.852499961853027,3.2945663928985596
2003-07-25,450400,4.802499771118164,4.897500038146973,4.90500020980835,4.802499771118164,3.3106210231781006
2003-07-24,840000,4.836249828338623,4.796249866485596,4.931250095367432,4.796249866485596,3.2421767711639404
2003-07-23,983200,4.768750190734863,4.836249828338623,4.836249828338623,4.756249904632568,3.2692158222198486
2003-07-22,1112000,4.831250190734863,4.762499809265137,4.831250190734863,4.71999979019165,3.2193617820739746
2003-07-21,1030400,4.818749904632568,4.801249980926514,4.824999809265137,4.791250228881836,3.2455573081970215
2003-07-18,686400,4.827499866485596,4.800000190734863,4.827499866485596,4.746250152587891,3.2447116374969482
2003-07-17,2136000,4.81374979019165,4.827499866485596,4.840000152587891,4.8125,3.26330304145813
2003-07-16,1109600,4.768750190734863,4.818749904632568,4.840000152587891,4.768750190734863,3.25738787651062
2003-07-15,433600,4.816249847412109,4.775000095367432,4.816249847412109,4.767499923706055,3.2278125286102295
2003-07-14,312000,4.764999866485596,4.823750019073486,4.837500095367432,4.764999866485596,3.2607665061950684
2003-07-11,448800,4.796249866485596,4.75,4.829999923706055,4.730000019073486,3.210914373397827
2003-07-10,305600,4.820000171661377,4.792500019073486,4.84250020980835,4.761250019073486,3.239640712738037
2003-07-09,148800,4.849999904632568,4.848750114440918,4.869999885559082,4.824999809265137,3.2776660919189453
2003-07-08,248800,4.84375,4.84375,4.872499942779541,4.837500095367432,3.2742860317230225
2003-07-07,297600,4.835000038146973,4.893750190734863,4.917500019073486,4.828750133514404,3.3080856800079346
2003-07-03,51200,4.90500020980835,4.93874979019165,4.949999809265137,4.90500020980835,3.338505506515503
2003-07-02,339200,4.922500133514404,4.894999980926514,4.942500114440918,4.887499809265137,3.3089303970336914
2003-07-01,72000,4.96750020980835,4.916250228881836,4.96750020980835,4.90625,3.3232948780059814
2003-06-30,391200,4.911250114440918,4.988749980926514,4.992499828338623,4.896249771118164,3.372303009033203
2003-06-27,474400,4.966249942779541,4.898749828338623,4.966249942779541,4.886250019073486,3.3114657402038574
2003-06-26,638400,5.008749961853027,4.920000076293945,5.028749942779541,4.886250019073486,3.3258297443389893
2003-06-25,936800,5.00124979019165,5.039999961853027,5.114999771118164,5.00124979019165,3.406947374343872
2003-06-24,187200,5.0,4.976250171661377,5.0,4.952499866485596,3.3638532161712646
2003-06-23,207200,4.986249923706055,4.991250038146973,4.996250152587891,4.960000038146973,3.373992681503296
2003-06-20,152800,5.034999847412109,4.962500095367432,5.034999847412109,4.962500095367432,3.354559898376465
2003-06-19,859200,5.016250133514404,5.033750057220459,5.066249847412109,4.966249942779541,3.4027228355407715
2003-06-18,556800,5.112500190734863,5.106249809265137,5.125,5.082499980926514,3.451730966567993
2003-06-17,848000,5.112500190734863,5.133749961853027,5.15625,5.112500190734863,3.470320701599121
2003-06-16,336800,5.117499828338623,5.112500190734863,5.12624979019165,5.068749904632568,3.455955982208252
2003-06-13,637600,5.238749980926514,5.175000190734863,5.238749980926514,5.15625,3.4982059001922607
2003-06-12,372800,5.277500152587891,5.253749847412109,5.306250095367432,5.21875,3.5514397621154785
2003-06-11,484000,5.227499961853027,5.256249904632568,5.286250114440918,5.223750114440918,3.553129196166992
2003-06-10,436000,5.09375,5.171249866485596,5.171249866485596,5.087500095367432,3.4210422039031982
2003-06-09,181600,5.107500076293945,5.106249809265137,5.114999771118164,5.081250190734863,3.3780407905578613
2003-06-06,293600,5.071249961853027,5.125,5.137499809265137,5.0625,3.3904457092285156
2003-06-05,328000,4.997499942779541,5.088749885559082,5.106249809265137,4.976250171661377,3.3664631843566895
2003-06-04,700800,4.933750152587891,4.974999904632568,4.997499942779541,4.917500019073486,3.291212558746338
2003-06-03,590400,4.918749809265137,4.929999828338623,4.954999923706055,4.871250152587891,3.261443853378296
2003-06-02,548800,4.878749847412109,4.926249980926514,4.966249942779541,4.858749866485596,3.2589614391326904
2003-05-30,297600,4.820000171661377,4.847499847412109,4.867499828338623,4.808750152587891,3.206864833831787
2003-05-29,327200,4.775000095367432,4.826250076293945,4.829999923706055,4.763750076293945,3.192807912826538
2003-05-28,264800,4.730000019073486,4.763750076293945,4.792500019073486,4.708749771118164,3.1514599323272705
2003-05-27,346400,4.724999904632568,4.742499828338623,4.75124979019165,4.724999904632568,3.137402296066284
2003-05-23,207200,4.707499980926514,4.724999904632568,4.724999904632568,4.671249866485596,3.125824451446533
2003-05-22,678400,4.712500095367432,4.699999809265137,4.74875020980835,4.691249847412109,3.1092844009399414
2003-05-21,544800,4.701250076293945,4.724999904632568,4.764999866485596,4.652500152587891,3.125824451446533
2003-05-20,138400,4.651249885559082,4.683750152587891,4.691249847412109,4.62375020980835,3.0985374450683594
2003-05-19,65600,4.633749961853027,4.650000095367432,4.683750152587891,4.632500171661377,3.07620906829834
2003-05-16,56000,4.578750133514404,4.601250171661377,4.601250171661377,4.572500228881836,3.043959379196167
2003-05-15,345600,4.635000228881836,4.551249980926514,4.635000228881836,4.541250228881836,3.010880947113037
2003-05-14,270400,4.46875,4.635000228881836,4.635000228881836,4.449999809265137,3.066286087036133
2003-05-13,308800,4.454999923706055,4.463749885559082,4.481249809265137,4.425000190734863,2.9529948234558105
2003-05-12,228800,4.409999847412109,4.442500114440918,4.458749771118164,4.409999847412109,2.938936948776245
2003-05-09,413600,4.402500152587891,4.397500038146973,4.443749904632568,4.393750190734863,2.9091672897338867
2003-05-08,110400,4.486249923706055,4.433750152587891,4.496250152587891,4.431250095367432,2.9331464767456055
2003-05-07,398400,4.525000095367432,4.480000019073486,4.525000095367432,4.445000171661377,2.9637441635131836
2003-05-06,446400,4.426249980926514,4.525000095367432,4.528749942779541,4.426249980926514,2.9935154914855957
2003-05-05,228800,4.333749771118164,4.412499904632568,4.426249980926514,4.328750133514404,2.9190893173217773
2003-05-02,150400,4.273749828338623,4.315000057220459,4.322500228881836,4.267499923706055,2.8545901775360107
2003-05-01,455200,4.172500133514404,4.273749828338623,4.286250114440918,4.172500133514404,2.8273000717163086
2003-04-30,412800,4.166250228881836,4.172500133514404,4.172500133514404,4.117499828338623,2.7603180408477783
2003-04-29,136000,4.1875,4.152500152587891,4.1875,4.152500152587891,2.7470874786376953
2003-04-28,311200,4.161250114440918,4.193749904632568,4.263750076293945,4.143750190734863,2.774376392364502
2003-04-25,432000,4.133749961853027,4.172500133514404,4.192500114440918,4.125,2.7603180408477783
2003-04-24,265600,4.143750190734863,4.132500171661377,4.171249866485596,4.125,2.733856439590454
2003-04-23,370400,4.176249980926514,4.159999847412109,4.237500190734863,4.146249771118164,2.7520482540130615
2003-04-22,269600,4.146249771118164,4.167500019073486,4.167500019073486,4.125,2.7570106983184814
2003-04-21,166400,4.113749980926514,4.12624979019165,4.143750190734863,4.09250020980835,2.729721784591675
2003-04-17,269600,4.088749885559082,4.110000133514404,4.127500057220459,4.088749885559082,2.7189724445343018
2003-04-16,416000,4.150000095367432,4.086249828338623,4.150000095367432,4.086249828338623,2.7032597064971924
2003-04-15,220800,4.150000095367432,4.153749942779541,4.15749979019165,4.137499809265137,2.7479138374328613
2003-04-14,194400,4.112500190734863,4.139999866485596,4.151249885559082,4.112500190734863,2.7388176918029785
2003-04-11,159200,4.086249828338623,4.122499942779541,4.175000190734863,4.081250190734863,2.727240800857544
2003-04-10,269600,4.034999847412109,4.106249809265137,4.106249809265137,4.034999847412109,2.7164902687072754
2003-04-09,159200,4.018750190734863,4.023749828338623,4.033750057220459,4.012499809265137,2.6619131565093994
2003-04-08,118400,3.973750114440918,4.008749961853027,4.017499923706055,3.973750114440918,2.651989221572876
2003-04-07,596000,3.96875,3.981250047683716,3.994999885559082,3.9387500286102295,2.633796453475952
2003-04-04,313600,4.099999904632568,4.068749904632568,4.101250171661377,4.043749809265137,2.691682815551758
2003-04-03,244000,4.136250019073486,4.116250038146973,4.163750171661377,4.09250020980835,2.7231061458587646
2003-04-02,364800,4.264999866485596,4.150000095367432,4.264999866485596,4.150000095367432,2.745434045791626
2003-04-01,285600,4.255000114440918,4.289999961853027,4.298749923706055,4.232500076293945,2.8380508422851562
2003-03-31,180800,4.295000076293945,4.25,4.296249866485596,4.25,2.8115878105163574
2003-03-28,321600,4.25,4.287499904632568,4.287499904632568,4.227499961853027,2.8363969326019287
2003-03-27,264000,4.172500133514404,4.267499923706055,4.275000095367432,4.172500133514404,2.8231661319732666
2003-03-26,172000,4.101250171661377,4.137499809265137,4.146249771118164,4.101250171661377,2.7371644973754883
2003-03-25,195200,4.074999809265137,4.088749885559082,4.105000019073486,4.065000057220459,2.704913377761841
2003-03-24,319200,4.121250152587891,4.081250190734863,4.15500020980835,4.06374979019165,2.6999518871307373
2003-03-21,709600,4.15625,4.096250057220459,4.183750152587891,4.074999809265137,2.7098755836486816
2003-03-20,668800,4.027500152587891,4.148749828338623,4.150000095367432,4.005000114440918,2.7446060180664062
2003-03-19,358400,4.087500095367432,4.058750152587891,4.111249923706055,4.010000228881836,2.6850671768188477
2003-03-18,545600,4.143750190734863,4.09250020980835,4.143750190734863,4.023749828338623,2.7073941230773926
2003-03-17,410400,4.150000095367432,4.162499904632568,4.190000057220459,4.141250133514404,2.7537028789520264
2003-03-14,439200,4.137499809265137,4.125,4.163750171661377,4.101250171661377,2.7288944721221924
2003-03-13,416000,4.349999904632568,4.258749961853027,4.349999904632568,4.238749980926514,2.8173773288726807
2003-03-12,555200,4.462500095367432,4.362500190734863,4.462500095367432,4.349999904632568,2.8860135078430176
2003-03-11,883200,4.43625020980835,4.487500190734863,4.487500190734863,4.432499885559082,2.9012293815612793
2003-03-10,398400,4.431250095367432,4.446249961853027,4.496250152587891,4.427499771118164,2.874558925628662
2003-03-07,496000,4.362500190734863,4.443749904632568,4.449999809265137,4.347499847412109,2.87294340133667
2003-03-06,205600,4.337500095367432,4.356249809265137,4.356249809265137,4.306250095367432,2.816373825073242
2003-03-05,337600,4.293749809265137,4.347499847412109,4.348750114440918,4.293749809265137,2.810715913772583
2003-03-04,348800,4.263750076293945,4.28125,4.303750038146973,4.228750228881836,2.767885684967041
2003-03-03,1355200,4.300000190734863,4.262499809265137,4.3125,4.257500171661377,2.755763530731201
2003-02-28,840800,4.278749942779541,4.306250095367432,4.306250095367432,4.260000228881836,2.7840471267700195
2003-02-27,515200,4.262499809265137,4.263750076293945,4.3125,4.25,2.756570816040039
2003-02-26,377600,4.081250190734863,4.221250057220459,4.231249809265137,4.081250190734863,2.7290945053100586
2003-02-25,424800,4.116250038146973,4.0625,4.175000190734863,4.0625,2.6264607906341553
2003-02-24,385600,4.0,4.103750228881836,4.112500190734863,3.990000009536743,2.6531291007995605
2003-02-21,192000,3.950000047683716,3.963749885559082,3.963749885559082,3.9362499713897705,2.5626168251037598
2003-02-20,88000,3.934999942779541,3.9312500953674316,3.947499990463257,3.9287500381469727,2.5416057109832764
2003-02-19,42400,3.9124999046325684,3.9200000762939453,3.9200000762939453,3.891249895095825,2.534332275390625
2003-02-18,120800,3.893749952316284,3.9175000190734863,3.9262499809265137,3.862499952316284,2.5327155590057373
2003-02-14,112800,3.9024999141693115,3.887500047683716,3.953749895095825,3.8812499046325684,2.5133209228515625
2003-02-13,146400,3.916249990463257,3.924999952316284,3.924999952316284,3.887500047683716,2.537565231323242
2003-02-12,397600,3.9124999046325684,3.911250114440918,3.922499895095825,3.903749942779541,2.528674840927124
2003-02-11,188000,3.898750066757202,3.9175000190734863,3.9337499141693115,3.896250009536743,2.5327155590057373
2003-02-10,301600,3.9000000953674316,3.8712499141693115,3.9075000286102295,3.8637499809265137,2.5028138160705566
2003-02-07,117600,3.9312500953674316,3.9149999618530273,3.9487500190734863,3.903749942779541,2.5310986042022705
2003-02-06,219200,3.9749999046325684,3.924999952316284,3.9800000190734863,3.922499895095825,2.537565231323242
2003-02-05,599200,3.987499952316284,3.9749999046325684,4.017499923706055,3.9649999141693115,2.569890260696411
2003-02-04,152800,3.940000057220459,3.990000009536743,3.9987499713897705,3.9200000762939453,2.5795886516571045
2003-02-03,152000,3.891249895095825,3.911250114440918,3.911250114440918,3.875,2.528674840927124
2003-01-31,648000,3.862499952316284,3.8975000381469727,3.9149999618530273,3.846250057220459,2.519785165786743
2003-01-30,484000,3.9000000953674316,3.8687500953674316,3.9075000286102295,3.8524999618530273,2.5011985301971436
2003-01-29,1390400,3.841249942779541,3.896250009536743,3.90625,3.8037500381469727,2.518977403640747
2003-01-28,780800,3.8424999713897705,3.838749885559082,3.846250057220459,3.7750000953674316,2.4818031787872314
2003-01-27,1363200,3.8924999237060547,3.8499999046325684,3.8924999237060547,3.831249952316284,2.4890754222869873
2003-01-24,1042400,3.9237499237060547,3.9375,3.9462499618530273,3.922499895095825,2.5456461906433105
2003-01-23,1336000,3.918750047683716,3.9362499713897705,3.9487500190734863,3.884999990463257,2.5448379516601562
2003-01-22,1012000,3.884999990463257,3.875,3.887500047683716,3.8125,2.505239248275757
2003-01-21,308800,3.9000000953674316,3.882499933242798,3.913749933242798,3.841249942779541,2.5100884437561035
2003-01-17,329600,3.8787500858306885,3.9075000286102295,3.944999933242798,3.8524999618530273,2.526252031326294
2003-01-16,121600,3.791249990463257,3.8712499141693115,3.875,3.791249990463257,2.5028138160705566
2003-01-15,497600,3.663749933242798,3.776249885559082,3.8062500953674316,3.65625,2.4413957595825195
2003-01-14,375200,3.744999885559082,3.6812500953674316,3.744999885559082,3.668750047683716,2.379976511001587
2003-01-13,220800,3.762500047683716,3.757499933242798,3.765000104904175,3.7487499713897705,2.429273843765259
2003-01-10,165600,3.791249990463257,3.776249885559082,3.791249990463257,3.7562499046325684,2.4413957595825195
2003-01-09,377600,3.731250047683716,3.78125,3.7925000190734863,3.71875,2.4446280002593994
2003-01-08,420000,3.766249895095825,3.731250047683716,3.766249895095825,3.7125000953674316,2.4123029708862305
2003-01-07,436800,3.8375000953674316,3.7699999809265137,3.838749885559082,3.7512500286102295,2.4373552799224854
2003-01-06,202400,3.8187499046325684,3.84375,3.8612499237060547,3.8137500286102295,2.4850361347198486
2003-01-03,109600,3.78125,3.809999942779541,3.8299999237060547,3.78125,2.4632158279418945
2003-01-02,511200,3.708750009536743,3.765000104904175,3.771250009536743,3.708750009536743,2.4341237545013428
2002-12-31,393600,3.71875,3.708750009536743,3.71875,3.6762499809265137,2.397756576538086
2002-12-30,600000,3.700000047683716,3.7325000762939453,3.744999885559082,3.6737499237060547,2.413111448287964
2002-12-27,172800,3.75,3.694999933242798,3.75,3.6624999046325684,2.388867139816284
2002-12-26,81600,3.7562499046325684,3.7437500953674316,3.773750066757202,3.7412500381469727,2.4203851222991943
2002-12-24,356800,3.737499952316284,3.75,3.7562499046325684,3.721250057220459,2.424424886703491
2002-12-23,552800,3.7437500953674316,3.7387499809265137,3.7437500953674316,3.703749895095825,2.417151689529419
2002-12-20,159200,3.6862499713897705,3.700000047683716,3.708750009536743,3.6337499618530273,2.392099142074585
2002-12-19,376800,3.643749952316284,3.6287500858306885,3.706249952316284,3.6112499237060547,2.3460352420806885
2002-12-18,320800,3.6700000762939453,3.6262500286102295,3.6962499618530273,3.6162500381469727,2.344419479370117
2002-12-17,816000,3.6875,3.668750047683716,3.7437500953674316,3.668750047683716,2.3718955516815186
2002-12-16,847200,3.713749885559082,3.731250047683716,3.7487499713897705,3.706249952316284,2.4123029708862305
2002-12-13,1416000,3.625,3.6887500286102295,3.6962499618530273,3.625,2.384826421737671
2002-12-12,174400,3.549999952316284,3.609999895095825,3.6162500381469727,3.538749933242798,2.3339130878448486
2002-12-11,236800,3.518749952316284,3.549999952316284,3.581249952316284,3.518749952316284,2.295121908187866
2002-12-10,379200,3.515000104904175,3.5250000953674316,3.588749885559082,3.5087499618530273,2.226979970932007
2002-12-09,646400,3.458750009536743,3.5250000953674316,3.5562500953674316,3.458750009536743,2.226979970932007
2002-12-06,212000,3.3687500953674316,3.458750009536743,3.4674999713897705,3.362499952316284,2.1851251125335693
2002-12-05,192000,3.4100000858306885,3.3837499618530273,3.424999952316284,3.3812499046325684,2.1377413272857666
2002-12-04,177600,3.422499895095825,3.401249885559082,3.434999942779541,3.387500047683716,2.148798942565918
2002-12-03,933600,3.375,3.447499990463257,3.484999895095825,3.375,2.17801833152771
2002-12-02,269600,3.331249952316284,3.3375000953674316,3.346250057220459,3.293750047683716,2.108522653579712
2002-11-29,103200,3.288749933242798,3.2925000190734863,3.302500009536743,3.278749942779541,2.0800933837890625
2002-11-27,485600,3.2300000190734863,3.2874999046325684,3.3087499141693115,3.2300000190734863,2.0769355297088623
2002-11-26,532000,3.2074999809265137,3.1987500190734863,3.21875,3.190000057220459,2.0208661556243896
2002-11-25,643200,3.211250066757202,3.2274999618530273,3.265000104904175,3.202500104904175,2.039029121398926
2002-11-22,777600,3.2562499046325684,3.1887500286102295,3.2562499046325684,3.1575000286102295,2.0145483016967773
2002-11-21,360000,3.28125,3.240000009536743,3.299999952316284,3.2362499237060547,2.0469260215759277
2002-11-20,447200,3.182499885559082,3.25,3.271250009536743,3.182499885559082,2.0532443523406982
2002-11-19,1061600,3.21875,3.151249885559082,3.2750000953674316,3.1424999237060547,1.9908570051193237
2002-11-18,448800,3.112499952316284,3.190000057220459,3.2200000286102295,3.112499952316284,2.0153379440307617
2002-11-15,303200,3.132499933242798,3.081249952316284,3.132499933242798,3.0687499046325684,1.9466326236724854
2002-11-14,309600,3.168750047683716,3.1287500858306885,3.180000066757202,3.1287500858306885,1.9766424894332886
2002-11-13,388000,3.223750114440918,3.1575000286102295,3.2750000953674316,3.1312499046325684,1.9948047399520874
2002-11-12,267200,3.211250066757202,3.223750114440918,3.273750066757202,3.211250066757202,2.0366594791412354
2002-11-11,120000,3.2249999046325684,3.1812500953674316,3.2249999046325684,3.1812500953674316,2.0098094940185547
2002-11-08,703200,3.2125000953674316,3.2125000953674316,3.237499952316284,3.1549999713897705,2.029552936553955
2002-11-07,760800,3.336250066757202,3.223750114440918,3.3450000286102295,3.1875,2.0366594791412354
2002-11-06,342400,3.418750047683716,3.3237500190734863,3.418750047683716,3.259999990463257,2.099836826324463
2002-11-05,457600,3.424999952316284,3.4375,3.4725000858306885,3.387500047683716,2.1717007160186768
2002-11-04,284800,3.461250066757202,3.413749933242798,3.4987499713897705,3.40625,2.156696081161499
2002-11-01,489600,3.4700000286102295,3.456249952316284,3.490000009536743,3.442500114440918,2.1835451126098633
2002-10-31,679200,3.380000114440918,3.4625000953674316,3.494999885559082,3.380000114440918,2.1874940395355225
2002-10-30,494400,3.3375000953674316,3.3524999618530273,3.4049999713897705,3.3350000381469727,2.1180002689361572
2002-10-29,218400,3.4375,3.325000047683716,3.440000057220459,3.3037500381469727,2.100626230239868
2002-10-28,290400,3.401249885559082,3.4124999046325684,3.453749895095825,3.3762500286102295,2.1559062004089355
2002-10-25,526400,3.3125,3.325000047683716,3.3375000953674316,3.28125,2.100626230239868
2002-10-24,592000,3.3887500762939453,3.3125,3.4375,3.299999952316284,2.0927295684814453
2002-10-23,1298400,3.4124999046325684,3.3575000762939453,3.4287500381469727,3.3375000953674316,2.1211583614349365
2002-10-22,1291200,3.581249952316284,3.430000066757202,3.581249952316284,3.396250009536743,2.1669623851776123
2002-10-21,570400,3.6337499618530273,3.567500114440918,3.6337499618530273,3.5625,2.2538301944732666
2002-10-18,972800,3.771250009536743,3.6600000858306885,3.771250009536743,3.643749952316284,2.3122684955596924
2002-10-17,534400,3.833750009536743,3.825000047683716,3.859999895095825,3.78125,2.4165101051330566
2002-10-16,356800,3.6887500286102295,3.793750047683716,3.793750047683716,3.6875,2.3967678546905518
2002-10-15,455200,3.625,3.744999885559082,3.7699999809265137,3.577500104904175,2.3659682273864746
2002-10-14,220800,3.543750047683716,3.59375,3.625,3.543750047683716,2.270413398742676
2002-10-11,300800,3.546250104904175,3.533750057220459,3.5924999713897705,3.4962499141693115,2.2325074672698975
2002-10-10,1099200,3.555000066757202,3.521250009536743,3.598750114440918,3.387500047683716,2.2246108055114746
2002-10-09,271200,3.653749942779541,3.588749885559082,3.653749942779541,3.5374999046325684,2.2672557830810547
2002-10-08,115200,3.706249952316284,3.666249990463257,3.706249952316284,3.632499933242798,2.3162169456481934
2002-10-07,227200,3.75,3.708750009536743,3.776249885559082,3.7074999809265137,2.3430674076080322
2002-10-04,348800,3.815000057220459,3.7512500286102295,3.8237500190734863,3.7174999713897705,2.3699183464050293
2002-10-03,91200,3.887500047683716,3.815000057220459,3.887500047683716,3.802500009536743,2.4101920127868652
2002-10-02,221600,3.9200000762939453,3.90625,3.927500009536743,3.865000009536743,2.467841148376465
2002-10-01,784000,3.952500104904175,3.9412500858306885,3.976249933242798,3.9175000190734863,2.489952802658081
2002-09-30,862400,3.9700000286102295,3.9749999046325684,4.012499809265137,3.903749942779541,2.511274814605713
2002-09-27,444000,4.023749828338623,3.96875,4.023749828338623,3.9600000381469727,2.507327079772949
2002-09-26,142400,3.96875,4.037499904632568,4.037499904632568,3.958750009536743,2.550760507583618
2002-09-25,193600,3.8237500190734863,3.9512500762939453,3.9512500762939453,3.817500114440918,2.4962704181671143
2002-09-24,311200,3.9312500953674316,3.8550000190734863,3.9312500953674316,3.8062500953674316,2.4354629516601562
2002-09-23,154400,3.896250009536743,3.932499885559082,3.953749895095825,3.8812499046325684,2.4844253063201904
2002-09-20,126400,3.862499952316284,3.8837499618530273,3.916249990463257,3.862499952316284,2.4536261558532715
2002-09-19,97600,3.8975000381469727,3.8399999141693115,3.8975000381469727,3.8399999141693115,2.4259862899780273
2002-09-18,170400,3.825000047683716,3.8687500953674316,3.872499942779541,3.8125,2.4441497325897217
2002-09-17,296800,3.96875,3.833750009536743,3.96875,3.827500104904175,2.4220387935638428
2002-09-16,136800,4.050000190734863,3.994999885559082,4.050000190734863,3.984999895095825,2.5239109992980957
2002-09-13,40800,4.050000190734863,4.027500152587891,4.056250095367432,4.025000095367432,2.544442653656006
2002-09-12,199200,4.085000038146973,4.021249771118164,4.085000038146973,4.0,2.540494203567505
2002-09-11,15200,4.056250095367432,4.043749809265137,4.056250095367432,4.037499904632568,2.55470871925354
2002-09-10,67200,4.056250095367432,4.045000076293945,4.079999923706055,4.027500152587891,2.5052101612091064
2002-09-09,121600,4.0625,4.028749942779541,4.0625,4.012499809265137,2.4951462745666504
2002-09-06,82400,4.074999809265137,4.076250076293945,4.118750095367432,4.056250095367432,2.524564266204834
2002-09-05,56000,4.070000171661377,4.051249980926514,4.074999809265137,4.018750190734863,2.5090808868408203
2002-09-04,70400,4.083749771118164,4.070000171661377,4.09375,4.03125,2.5206949710845947
2002-09-03,109600,4.15625,4.081250190734863,4.15625,4.074999809265137,2.527661085128784
2002-08-30,89600,4.125,4.168749809265137,4.197500228881836,4.125,2.581852912902832
2002-08-29,56000,4.125,4.119999885559082,4.125,4.098750114440918,2.5516602993011475
2002-08-28,73600,4.150000095367432,4.161250114440918,4.168749809265137,4.12624979019165,2.5772082805633545
2002-08-27,106400,4.211249828338623,4.197500228881836,4.233749866485596,4.181250095367432,2.599658727645874
2002-08-26,100000,4.1875,4.208749771118164,4.215000152587891,4.161250114440918,2.606626272201538
2002-08-23,324800,4.181250095367432,4.182499885559082,4.235000133514404,4.181250095367432,2.5903687477111816
2002-08-22,79200,4.161250114440918,4.176249980926514,4.178750038146973,4.137499809265137,2.5864975452423096
2002-08-21,116000,4.170000076293945,4.152500152587891,4.172500133514404,4.106249809265137,2.5717883110046387
2002-08-20,88000,4.212500095367432,4.172500133514404,4.212500095367432,4.163750171661377,2.5841751098632812
2002-08-19,241600,4.262499809265137,4.206250190734863,4.262499809265137,4.206250190734863,2.605079174041748
2002-08-16,141600,4.262499809265137,4.25,4.296249866485596,4.243750095367432,2.632173776626587
2002-08-15,246400,4.25,4.243750095367432,4.275000095367432,4.192500114440918,2.628302574157715
2002-08-14,163200,4.239999771118164,4.224999904632568,4.263750076293945,4.166250228881836,2.6166908740997314
2002-08-13,286400,4.212500095367432,4.239999771118164,4.300000190734863,4.196249961853027,2.625980854034424
2002-08-12,164000,4.143750190734863,4.183750152587891,4.1875,4.097499847412109,2.5911433696746826
2002-08-09,248000,4.125,4.162499904632568,4.162499904632568,4.098750114440918,2.5779826641082764
2002-08-08,114400,4.06125020980835,4.137499809265137,4.142499923706055,4.058750152587891,2.5624988079071045
2002-08-07,225600,4.162499904632568,4.065000057220459,4.162499904632568,4.036250114440918,2.517597198486328
2002-08-06,140000,4.012499809265137,4.152500152587891,4.163750171661377,4.012499809265137,2.5717883110046387
2002-08-05,308000,4.037499904632568,3.9825000762939453,4.037499904632568,3.9825000762939453,2.4665017127990723
2002-08-02,136800,3.9987499713897705,4.0625,4.0625,3.958750009536743,2.5160486698150635
2002-08-01,132800,4.074999809265137,3.9912500381469727,4.074999809265137,3.987499952316284,2.471921920776367
2002-07-31,88800,3.96875,4.047500133514404,4.052499771118164,3.966249942779541,2.506758689880371
2002-07-30,212800,3.9649999141693115,3.973750114440918,4.025000095367432,3.9649999141693115,2.461082935333252
2002-07-29,173600,3.7874999046325684,3.956249952316284,3.9774999618530273,3.7874999046325684,2.450244665145874
2002-07-26,115200,3.8012499809265137,3.783750057220459,3.802500009536743,3.7437500953674316,2.3434102535247803
2002-07-25,187200,3.8062500953674316,3.8324999809265137,3.918750047683716,3.78125,2.3736014366149902
2002-07-24,372000,3.440000057220459,3.8424999713897705,3.8424999713897705,3.440000057220459,2.3797950744628906
2002-07-23,274400,3.663749933242798,3.5625,3.7850000858306885,3.5625,2.206380605697632
2002-07-22,615200,3.9000000953674316,3.682499885559082,3.958750009536743,3.6762499809265137,2.2807016372680664
2002-07-19,241600,4.0,4.008749961853027,4.074999809265137,4.0,2.4827592372894287
2002-07-18,267200,4.041250228881836,4.053750038146973,4.106249809265137,4.039999961853027,2.510629177093506
2002-07-17,196000,4.018750190734863,4.053750038146973,4.122499942779541,4.018750190734863,2.510629177093506
2002-07-16,317600,4.0625,4.056250095367432,4.110000133514404,4.043749809265137,2.5121779441833496
2002-07-15,311200,4.118750095367432,4.059999942779541,4.125,4.047500133514404,2.5144991874694824
2002-07-12,204000,4.150000095367432,4.131249904632568,4.159999847412109,4.108749866485596,2.5586280822753906
2002-07-11,357600,4.238749980926514,4.15625,4.238749980926514,4.148749828338623,2.5741117000579834
2002-07-10,224800,4.287499904632568,4.238749980926514,4.324999809265137,4.227499961853027,2.625206470489502
2002-07-09,132000,4.326250076293945,4.302499771118164,4.336249828338623,4.276249885559082,2.664689064025879
2002-07-08,157600,4.349999904632568,4.307499885559082,4.360000133514404,4.28249979019165,2.667785167694092
2002-07-05,88000,4.224999904632568,4.316249847412109,4.331250190734863,4.224999904632568,2.673206090927124
2002-07-03,88800,4.207499980926514,4.231249809265137,4.237500190734863,4.18874979019165,2.6205620765686035
2002-07-02,289600,4.277500152587891,4.212500095367432,4.277500152587891,4.162499904632568,2.6089494228363037
2002-07-01,588000,4.287499904632568,4.308750152587891,4.31125020980835,4.257500171661377,2.668560028076172
2002-06-28,778400,4.168749809265137,4.28125,4.28125,4.116250038146973,2.6515278816223145
2002-06-27,372000,4.21875,4.1875,4.231249809265137,4.168749809265137,2.593465805053711
2002-06-26,401600,4.289999961853027,4.207499980926514,4.309999942779541,4.204999923706055,2.6058526039123535
2002-06-25,364800,4.28125,4.300000190734863,4.303750038146973,4.262499809265137,2.6631410121917725
2002-06-24,248000,4.175000190734863,4.21750020980835,4.237500190734863,4.175000190734863,2.612046003341675
2002-06-21,216000,4.177499771118164,4.166250228881836,4.211249828338623,4.153749942779541,2.5803048610687256
2002-06-20,166400,4.068749904632568,4.18874979019165,4.233749866485596,4.068749904632568,2.5942397117614746
2002-06-19,137600,3.9912500381469727,4.068749904632568,4.068749904632568,3.9912500381469727,2.5199193954467773
2002-06-18,88000,3.987499952316284,4.00124979019165,4.021249771118164,3.987499952316284,2.4781150817871094
2002-06-17,62400,3.924999952316284,3.994999885559082,4.012499809265137,3.924999952316284,2.4742443561553955
2002-06-14,213600,3.9912500381469727,3.930000066757202,3.9912500381469727,3.901249885559082,2.4339871406555176
2002-06-13,1861600,3.950000047683716,3.990000009536743,4.006249904632568,3.950000047683716,2.4711477756500244
2002-06-12,1766400,3.891249895095825,3.9412500858306885,3.958750009536743,3.891249895095825,2.4409542083740234
2002-06-11,211200,3.893749952316284,3.898750066757202,3.9375,3.887500047683716,2.3640942573547363
2002-06-10,209600,4.046249866485596,3.913749933242798,4.046249866485596,3.9124999046325684,2.3731906414031982
2002-06-07,66400,4.018750190734863,4.046249866485596,4.047500133514404,3.997499942779541,2.4535346031188965
2002-06-06,308800,4.016250133514404,4.018750190734863,4.043749809265137,4.016250133514404,2.4368600845336914
2002-06-05,429600,4.065000057220459,4.012499809265137,4.065000057220459,3.978749990463257,2.4330692291259766
2002-06-04,388000,4.074999809265137,4.071249961853027,4.083749771118164,4.057499885559082,2.468693494796753
2002-06-03,351200,4.09250020980835,4.066249847412109,4.107500076293945,4.057499885559082,2.4656612873077393
2002-05-31,596000,4.045000076293945,4.099999904632568,4.099999904632568,4.045000076293945,2.48612642288208
2002-05-30,373600,4.09375,4.013750076293945,4.09375,3.990000009536743,2.4338278770446777
2002-05-29,118400,4.09375,4.102499961853027,4.103750228881836,4.066249847412109,2.4876437187194824
2002-05-28,115200,4.06374979019165,4.106249809265137,4.106249809265137,4.06374979019165,2.4899168014526367
2002-05-24,100800,4.09375,4.0625,4.09375,4.051249980926514,2.4633877277374268
2002-05-23,233600,4.025000095367432,4.09499979019165,4.131249904632568,4.025000095367432,2.48309588432312
2002-05-22,163200,3.997499942779541,4.022500038146973,4.034999847412109,3.997499942779541,2.439133405685425
2002-05-21,221600,3.9749999046325684,4.003749847412109,4.050000190734863,3.9749999046325684,2.4277637004852295
2002-05-20,193600,4.012499809265137,3.9625000953674316,4.012499809265137,3.9124999046325684,2.40275239944458
2002-05-17,146400,4.025000095367432,4.017499923706055,4.025000095367432,3.953749895095825,2.4361016750335693
2002-05-16,113600,4.012499809265137,4.018750190734863,4.042500019073486,4.012499809265137,2.4368600845336914
2002-05-15,98400,4.068749904632568,4.017499923706055,4.068749904632568,4.016250133514404,2.4361016750335693
2002-05-14,297600,4.116250038146973,4.065000057220459,4.130000114440918,4.045000076293945,2.464904308319092
2002-05-13,955200,3.9962499141693115,4.085000038146973,4.118750095367432,3.9387500286102295,2.47703218460083
2002-05-10,224000,4.196249961853027,4.193749904632568,4.244999885559082,4.193749904632568,2.5429751873016357
2002-05-09,248800,4.25,4.196249961853027,4.25,4.184999942779541,2.544490337371826
2002-05-08,443200,4.112500190734863,4.236249923706055,4.24875020980835,4.112500190734863,2.568744659423828
2002-05-07,196000,4.111249923706055,4.101250171661377,4.111249923706055,4.033750057220459,2.4868850708007812
2002-05-06,139200,4.199999809265137,4.142499923706055,4.199999809265137,4.118750095367432,2.5118980407714844
2002-05-03,356800,4.106249809265137,4.227499961853027,4.24875020980835,4.106249809265137,2.563439130783081
2002-05-02,240000,4.137499809265137,4.118750095367432,4.137499809265137,4.103750228881836,2.49749755859375
2002-05-01,121600,4.125,4.143750190734863,4.192500114440918,4.116250038146973,2.512655735015869
2002-04-30,60800,4.117499828338623,4.119999885559082,4.150000095367432,4.111249923706055,2.4982552528381348
2002-04-29,198400,4.09375,4.106249809265137,4.118750095367432,4.056250095367432,2.4899168014526367
2002-04-26,107200,4.161250114440918,4.148749828338623,4.1875,4.125,2.515688180923462
2002-04-25,242400,4.106249809265137,4.153749942779541,4.18625020980835,4.106249809265137,2.5187199115753174
2002-04-24,99200,4.099999904632568,4.111249923706055,4.131249904632568,4.098750114440918,2.492948293685913
2002-04-23,455200,4.0625,4.09250020980835,4.112500190734863,4.037499904632568,2.481578826904297
2002-04-22,118400,4.081250190734863,4.059999942779541,4.099999904632568,4.037499904632568,2.4618728160858154
2002-04-19,370400,4.0,4.067500114440918,4.088749885559082,3.997499942779541,2.4664206504821777
2002-04-18,137600,4.03125,4.011250019073486,4.045000076293945,3.96875,2.432311773300171
2002-04-17,132000,3.9800000190734863,4.006249904632568,4.018750190734863,3.973750114440918,2.4292802810668945
2002-04-16,84000,3.851249933242798,3.9487500190734863,3.9800000190734863,3.851249933242798,2.394413471221924
2002-04-15,236800,3.78125,3.819999933242798,3.862499952316284,3.78125,2.316343307495117
2002-04-12,229600,3.8450000286102295,3.75,3.8450000286102295,3.690000057220459,2.2738966941833496
2002-04-11,183200,3.9075000286102295,3.8712499141693115,3.9075000286102295,3.8375000953674316,2.3474197387695312
2002-04-10,166400,3.9000000953674316,3.8887500762939453,3.9487500190734863,3.877500057220459,2.3580315113067627
2002-04-09,187200,3.953749895095825,3.891249895095825,3.9600000381469727,3.887500047683716,2.359546422958374
2002-04-08,184800,3.9749999046325684,3.984999895095825,4.0,3.9412500858306885,2.416393756866455
2002-04-05,257600,3.9312500953674316,3.96875,3.9912500381469727,3.918750047683716,2.406541109085083
2002-04-04,266400,4.067500114440918,3.944999933242798,4.079999923706055,3.9024999141693115,2.3921396732330322
2002-04-03,151200,4.108749866485596,4.067500114440918,4.128749847412109,4.0625,2.4664206504821777
2002-04-02,261600,4.181250095367432,4.162499904632568,4.283750057220459,4.159999847412109,2.5240249633789062
2002-04-01,150400,4.118750095367432,4.150000095367432,4.158750057220459,4.096250057220459,2.516446113586426
2002-03-28,282400,4.074999809265137,4.117499828338623,4.15625,4.050000190734863,2.4967386722564697
2002-03-27,882400,3.9749999046325684,4.074999809265137,4.09375,3.9749999046325684,2.4709677696228027
2002-03-26,167200,3.961250066757202,3.9800000190734863,3.987499952316284,3.9312500953674316,2.4133622646331787
2002-03-25,124000,4.006249904632568,3.9825000762939453,4.006249904632568,3.9800000190734863,2.4148783683776855
2002-03-22,285600,3.9574999809265137,4.013750076293945,4.043749809265137,3.9574999809265137,2.4338278770446777
2002-03-21,152800,3.9549999237060547,3.956249952316284,3.9649999141693115,3.922499895095825,2.398961305618286
2002-03-20,388000,3.950000047683716,3.952500104904175,3.984999895095825,3.9000000953674316,2.3966872692108154
2002-03-19,384800,4.025000095367432,3.9574999809265137,4.03125,3.9375,2.3997178077697754
2002-03-18,280800,3.9574999809265137,4.050000190734863,4.103750228881836,3.944999933242798,2.455808639526367
2002-03-15,194400,3.856250047683716,3.944999933242798,3.953749895095825,3.856250047683716,2.3921396732330322
2002-03-14,115200,3.799999952316284,3.8499999046325684,3.856250047683716,3.7825000286102295,2.3345344066619873
2002-03-13,192800,3.8125,3.793750047683716,3.875,3.793750047683716,2.3004260063171387
2002-03-12,184000,3.768749952316284,3.8162500858306885,3.869999885559082,3.7612500190734863,2.2660446166992188
2002-03-11,237600,3.8687500953674316,3.8450000286102295,3.887500047683716,3.8424999713897705,2.2831153869628906
2002-03-08,301600,3.9312500953674316,3.8687500953674316,3.9375,3.8424999713897705,2.2972183227539062
2002-03-07,498400,3.8375000953674316,3.9375,3.950000047683716,3.8375000953674316,2.338040590286255
2002-03-06,202400,3.762500047683716,3.8062500953674316,3.825000047683716,3.7437500953674316,2.2601072788238525
2002-03-05,180000,3.788749933242798,3.75,3.799999952316284,3.7300000190734863,2.226705551147461
2002-03-04,154400,3.768749952316284,3.7699999809265137,3.8137500286102295,3.762500047683716,2.238582134246826
2002-03-01,293600,3.65625,3.762500047683716,3.762500047683716,3.65625,2.2341277599334717
2002-02-28,244000,3.706249952316284,3.671250104904175,3.799999952316284,3.651249885559082,2.179945230484009
2002-02-27,180000,3.682499885559082,3.706249952316284,3.716249942779541,3.6237499713897705,2.2007274627685547
2002-02-26,368800,3.606250047683716,3.674999952316284,3.6937499046325684,3.606250047683716,2.1821720600128174
2002-02-25,203200,3.5299999713897705,3.5899999141693115,3.634999990463257,3.5250000953674316,2.131699562072754
2002-02-22,90400,3.5,3.528749942779541,3.5450000762939453,3.4749999046325684,2.095330238342285
2002-02-21,214400,3.4937500953674316,3.494999885559082,3.53125,3.46875,2.0752899646759033
2002-02-20,85600,3.5,3.4937500953674316,3.5,3.461250066757202,2.0745480060577393
2002-02-19,142400,3.5374999046325684,3.502500057220459,3.5374999046325684,3.481250047683716,2.0797438621520996
2002-02-15,101600,3.4800000190734863,3.5450000762939453,3.5450000762939453,3.456249952316284,2.1049795150756836
2002-02-14,352000,3.4000000953674316,3.492500066757202,3.4987499713897705,3.4000000953674316,2.073806047439575
2002-02-13,128000,3.387500047683716,3.380000114440918,3.403749942779541,3.336250066757202,2.007004976272583
2002-02-12,166400,3.4674999713897705,3.3924999237060547,3.4674999713897705,3.390000104904175,2.0144262313842773
2002-02-11,153600,3.4124999046325684,3.4674999713897705,3.516249895095825,3.4024999141693115,2.058960199356079
2002-02-08,162400,3.390000104904175,3.4100000858306885,3.46875,3.359999895095825,2.024817705154419
2002-02-07,292800,3.319999933242798,3.377500057220459,3.3787500858306885,3.319999933242798,2.0055198669433594
2002-02-06,174400,3.317500114440918,3.3137500286102295,3.317500114440918,3.2899999618530273,1.9676660299301147
2002-02-05,906400,3.28125,3.317500114440918,3.325000047683716,3.25,1.9698917865753174
2002-02-04,118400,3.333750009536743,3.3125,3.333750009536743,3.293750047683716,1.966923475265503
2002-02-01,237600,3.262500047683716,3.3375000953674316,3.3787500858306885,3.2512500286102295,1.9817678928375244
2002-01-31,83200,3.1787500381469727,3.255000114440918,3.259999990463257,3.1787500381469727,1.9327805042266846
2002-01-30,338400,3.182499885559082,3.190000057220459,3.190000057220459,3.1262500286102295,1.8941839933395386
2002-01-29,327200,3.262500047683716,3.1912500858306885,3.268749952316284,3.161250114440918,1.8949264287948608
2002-01-28,941600,3.2750000953674316,3.25,3.2750000953674316,3.2049999237060547,1.9298114776611328
2002-01-25,280800,3.122499942779541,3.182499885559082,3.182499885559082,3.122499942779541,1.8897314071655273
2002-01-24,1084000,3.046250104904175,3.091249942779541,3.106250047683716,3.0374999046325684,1.8355470895767212
2002-01-23,201600,3.0037500858306885,3.0325000286102295,3.043750047683716,2.9937500953674316,1.8006627559661865
2002-01-22,87200,3.0062499046325684,3.0062499046325684,3.0250000953674316,2.9800000190734863,1.7850759029388428
2002-01-18,108800,3.0250000953674316,2.9987499713897705,3.033750057220459,2.997499942779541,1.7806216478347778
2002-01-17,35200,3.0374999046325684,3.0174999237060547,3.0374999046325684,3.0,1.7917560338974
2002-01-16,263200,3.125,3.0299999713897705,3.125,2.987499952316284,1.7991784811019897
2002-01-15,190400,3.075000047683716,3.103749990463257,3.132499933242798,3.075000047683716,1.842970371246338
2002-01-14,174400,3.0274999141693115,3.0762500762939453,3.0762500762939453,3.0274999141693115,1.8266410827636719
2002-01-11,218400,3.047499895095825,3.043750047683716,3.0625,3.033750057220459,1.8073428869247437
2002-01-10,171200,3.0399999618530273,3.038749933242798,3.0612499713897705,3.028749942779541,1.8043737411499023
2002-01-09,113600,3.033750057220459,3.047499895095825,3.057499885559082,3.033750057220459,1.8095684051513672
2002-01-08,124800,3.0712499618530273,3.065000057220459,3.09375,3.0625,1.8199617862701416
2002-01-07,203200,3.0250000953674316,3.0537500381469727,3.075000047683716,3.0250000953674316,1.8132809400558472
2002-01-04,108800,2.9574999809265137,3.0,3.015000104904175,2.9574999809265137,1.7813643217086792
2002-01-03,116000,2.9800000190734863,2.9549999237060547,2.9825000762939453,2.9549999237060547,1.7546441555023193
2002-01-02,383200,3.0087499618530273,2.9774999618530273,3.012500047683716,2.9412500858306885,1.7680044174194336
2001-12-31,331200,3.0625,3.049999952316284,3.067500114440918,3.026249885559082,1.81105375289917
2001-12-28,312000,3.075000047683716,3.0799999237060547,3.1237499713897705,3.049999952316284,1.8288674354553223
2001-12-27,391200,3.055000066757202,3.049999952316284,3.0612499713897705,3.028749942779541,1.81105375289917
2001-12-26,302400,3.012500047683716,3.0687499046325684,3.0687499046325684,3.012500047683716,1.822187066078186
2001-12-24,88000,2.9749999046325684,3.0087499618530273,3.0174999237060547,2.9625000953674316,1.7865605354309082
2001-12-21,105600,3.012500047683716,3.0062499046325684,3.0225000381469727,2.9887499809265137,1.7850759029388428
2001-12-20,137600,3.026249885559082,3.0062499046325684,3.0562500953674316,3.0012500286102295,1.7850759029388428
2001-12-19,138400,3.0374999046325684,3.012500047683716,3.052500009536743,3.012500047683716,1.7887870073318481
2001-12-18,312800,2.971250057220459,3.012500047683716,3.03125,2.971250057220459,1.7887870073318481
2001-12-17,179200,2.9674999713897705,2.9825000762939453,2.984999895095825,2.947499990463257,1.7709734439849854
2001-12-14,202400,2.987499952316284,2.9774999618530273,3.0087499618530273,2.96875,1.7680044174194336
2001-12-13,181600,3.028749942779541,2.9887499809265137,3.03125,2.9412500858306885,1.7746844291687012
2001-12-12,124800,3.049999952316284,3.043750047683716,3.075000047683716,3.018749952316284,1.8073428869247437
2001-12-11,414400,3.0875000953674316,3.0325000286102295,3.0875000953674316,3.0250000953674316,1.7628978490829468
2001-12-10,434400,3.0537500381469727,3.0712499618530273,3.0924999713897705,3.0325000286102295,1.7854243516921997
2001-12-07,329600,3.106250047683716,3.0875000953674316,3.109999895095825,3.043750047683716,1.7948706150054932
2001-12-06,301600,3.15625,3.125,3.1649999618530273,3.1050000190734863,1.8166717290878296
2001-12-05,157600,3.25,3.171250104904175,3.25,3.171250104904175,1.8435574769973755
2001-12-04,122400,3.0924999713897705,3.15625,3.172499895095825,3.0924999713897705,1.834837555885315
2001-12-03,361600,3.0799999237060547,3.106250047683716,3.1500000953674316,3.077500104904175,1.8057715892791748
2001-11-30,212800,3.122499942779541,3.103749990463257,3.1237499713897705,3.1024999618530273,1.804317831993103
2001-11-29,101600,3.0512499809265137,3.1075000762939453,3.1237499713897705,3.0512499809265137,1.8064976930618286
2001-11-28,86400,3.0625,3.047499895095825,3.0924999713897705,3.046250104904175,1.7716165781021118
2001-11-27,136800,3.0274999141693115,3.0712499618530273,3.106250047683716,3.0274999141693115,1.7854243516921997
2001-11-26,558400,3.055000066757202,3.0250000953674316,3.055000066757202,2.9887499809265137,1.7585378885269165
2001-11-23,123200,3.0374999046325684,3.0512499809265137,3.077500104904175,3.0374999046325684,1.7737979888916016
2001-11-21,236800,3.03125,3.0062499046325684,3.033750057220459,2.990000009536743,1.7476379871368408
2001-11-20,212000,2.950000047683716,3.009999990463257,3.028749942779541,2.930000066757202,1.7498173713684082
2001-11-19,144800,2.918750047683716,2.90625,2.944999933242798,2.893749952316284,1.6895040273666382
2001-11-16,543200,2.927500009536743,2.9049999713897705,2.950000047683716,2.8499999046325684,1.6887775659561157
2001-11-15,493600,3.2300000190734863,2.924999952316284,3.2300000190734863,2.9000000953674316,1.7004039287567139
2001-11-14,202400,3.375,3.2612500190734863,3.375,3.228749990463257,1.8958780765533447
2001-11-13,200800,3.341249942779541,3.4049999713897705,3.4049999713897705,3.341249942779541,1.9794455766677856
2001-11-12,84000,3.25,3.333750009536743,3.3350000381469727,3.25,1.9380247592926025
2001-11-09,227200,3.2637500762939453,3.3237500190734863,3.331249952316284,3.2562499046325684,1.9322110414505005
2001-11-08,171200,3.25,3.208750009536743,3.271250009536743,3.1875,1.8653584718704224
2001-11-07,191200,3.2412500381469727,3.15625,3.244999885559082,3.1424999237060547,1.834837555885315
2001-11-06,128000,3.2274999618530273,3.208750009536743,3.2274999618530273,3.143749952316284,1.8653584718704224
2001-11-05,128800,3.3375000953674316,3.2774999141693115,3.3375000953674316,3.266249895095825,1.9053248167037964
2001-11-02,196800,3.293750047683716,3.328749895095825,3.328749895095825,3.268749952316284,1.935117483139038
2001-11-01,240000,3.3399999141693115,3.3125,3.3399999141693115,3.262500047683716,1.9256709814071655
2001-10-31,197600,3.276249885559082,3.3499999046325684,3.362499952316284,3.262500047683716,1.9474713802337646
2001-10-30,232000,3.4337499141693115,3.307499885559082,3.4337499141693115,3.2899999618530273,1.9227651357650757
2001-10-29,236800,3.461250066757202,3.4462499618530273,3.461250066757202,3.3375000953674316,2.0034255981445312
2001-10-26,138400,3.2850000858306885,3.430000066757202,3.4312500953674316,3.28125,1.9939781427383423
2001-10-25,432000,3.252500057220459,3.273750066757202,3.286250114440918,3.2437500953674316,1.9031450748443604
2001-10-24,169600,3.1875,3.2462499141693115,3.2462499141693115,3.153749942779541,1.8871597051620483
2001-10-23,80000,3.2799999713897705,3.202500104904175,3.3125,3.190000057220459,1.861724853515625
2001-10-22,156800,3.1887500286102295,3.28125,3.28125,3.182499885559082,1.9075044393539429
2001-10-19,377600,3.262500047683716,3.1624999046325684,3.262500047683716,3.130000114440918,1.8384712934494019
2001-10-18,122400,3.387500047683716,3.2750000953674316,3.403749942779541,3.266249895095825,1.9038711786270142
2001-10-17,54400,3.4674999713897705,3.4124999046325684,3.481250047683716,3.4124999046325684,1.9838051795959473
2001-10-16,48800,3.444999933242798,3.440000057220459,3.4462499618530273,3.411250114440918,1.9997930526733398
2001-10-15,113600,3.450000047683716,3.4487500190734863,3.4649999141693115,3.4124999046325684,2.004878044128418
2001-10-12,144800,3.483750104904175,3.46875,3.5,3.387500047683716,2.016505479812622
2001-10-11,171200,3.53125,3.5,3.575000047683716,3.466249942779541,2.0346713066101074
2001-10-10,318400,3.4287500381469727,3.4987499713897705,3.5999999046325684,3.4287500381469727,2.033945083618164
2001-10-09,98400,3.387500047683716,3.4200000762939453,3.450000047683716,3.375,1.9881658554077148
2001-10-08,9600,3.2750000953674316,3.28125,3.28125,3.2587499618530273,1.9075044393539429
2001-10-05,74400,3.283750057220459,3.2750000953674316,3.3062500953674316,3.2512500286102295,1.9038711786270142
2001-10-04,213600,3.1812500953674316,3.283750057220459,3.291249990463257,3.1812500953674316,1.9089587926864624
2001-10-03,184800,3.1737499237060547,3.1787500381469727,3.1875,3.075000047683716,1.8479188680648804
2001-10-02,189600,3.0875000953674316,3.190000057220459,3.200000047683716,3.0625,1.8544580936431885
2001-10-01,221600,3.0450000762939453,3.0687499046325684,3.0687499046325684,3.018749952316284,1.7839707136154175
2001-09-28,204000,3.047499895095825,3.0425000190734863,3.1500000953674316,3.0425000190734863,1.7687113285064697
2001-09-27,248000,3.0,3.033750057220459,3.0562500953674316,2.994999885559082,1.763624668121338
2001-09-26,320800,3.049999952316284,3.0112500190734863,3.0737500190734863,3.0112500190734863,1.7505438327789307
2001-09-25,521600,3.137500047683716,3.078749895095825,3.1787500381469727,3.075000047683716,1.7897850275039673
2001-09-24,391200,3.194999933242798,3.112499952316284,3.237499952316284,3.0950000286102295,1.809404969215393
2001-09-21,217600,3.2874999046325684,3.307499885559082,3.3550000190734863,3.15625,1.9227651357650757
2001-09-20,123200,3.34375,3.315000057220459,3.3949999809265137,3.315000057220459,1.9271255731582642
2001-09-19,365600,3.5875000953674316,3.4175000190734863,3.5875000953674316,3.3162500858306885,1.9867124557495117
2001-09-18,106400,3.71875,3.5762500762939453,3.71875,3.5687499046325684,2.0789990425109863
2001-09-17,255200,3.6762499809265137,3.71875,3.7750000953674316,3.6762499809265137,2.1618382930755615
2001-09-10,42400,3.6337499618530273,3.6762499809265137,3.6875,3.615000009536743,2.099926710128784
2001-09-07,59200,3.651249885559082,3.640000104904175,3.651249885559082,3.586250066757202,2.0792198181152344
2001-09-06,113600,3.6449999809265137,3.6449999809265137,3.6549999713897705,3.596250057220459,2.08207631111145
2001-09-05,197600,3.5662500858306885,3.6575000286102295,3.700000047683716,3.5662500858306885,2.0892159938812256
2001-09-04,319200,3.4825000762939453,3.5625,3.6624999046325684,3.4825000762939453,2.0349514484405518
2001-08-31,92800,3.4375,3.4800000190734863,3.4800000190734863,3.4375,1.9878250360488892
2001-08-30,142400,3.5037500858306885,3.450000047683716,3.5037500858306885,3.4375,1.9706898927688599
2001-08-29,334400,3.5562500953674316,3.505000114440918,3.5562500953674316,3.5,2.0021066665649414
2001-08-28,52800,3.5924999713897705,3.549999952316284,3.612499952316284,3.5374999046325684,2.027810573577881
2001-08-27,59200,3.700000047683716,3.612499952316284,3.700000047683716,3.612499952316284,2.063511848449707
2001-08-24,15200,3.6675000190734863,3.6887500286102295,3.6937499046325684,3.6675000190734863,2.107067108154297
2001-08-23,33600,3.7074999809265137,3.6624999046325684,3.7074999809265137,3.65625,2.092072010040283
2001-08-22,104000,3.674999952316284,3.7074999809265137,3.7750000953674316,3.674999952316284,2.117776870727539
2001-08-21,77600,3.668750047683716,3.6624999046325684,3.6912500858306885,3.637500047683716,2.092072010040283
2001-08-20,58400,3.6675000190734863,3.65625,3.6937499046325684,3.65625,2.0885024070739746
2001-08-17,96000,3.737499952316284,3.6624999046325684,3.737499952316284,3.658750057220459,2.092072010040283
2001-08-16,224800,3.862499952316284,3.75,3.862499952316284,3.726249933242798,2.1420540809631348
2001-08-15,81600,3.7487499713897705,3.84375,3.862499952316284,3.7487499713897705,2.1956052780151367
2001-08-14,39200,3.78125,3.7487499713897705,3.78125,3.7487499713897705,2.1413400173187256
2001-08-13,91200,3.799999952316284,3.7874999046325684,3.825000047683716,3.78125,2.1634738445281982
2001-08-10,152800,3.7412500381469727,3.799999952316284,3.8299999237060547,3.7412500381469727,2.17061448097229
2001-08-09,102400,3.875,3.742500066757202,3.875,3.737499952316284,2.1377696990966797
2001-08-08,285600,3.952500104904175,3.884999990463257,4.034999847412109,3.884999990463257,2.219167470932007
2001-08-07,162400,3.833750009536743,3.9287500381469727,3.9287500381469727,3.833750009536743,2.2441580295562744
2001-08-06,112800,3.865000009536743,3.825000047683716,3.9000000953674316,3.825000047683716,2.1848948001861572
2001-08-03,152000,3.7874999046325684,3.846250057220459,3.8524999618530273,3.7750000953674316,2.197033166885376
2001-08-02,456800,3.7174999713897705,3.768749952316284,3.8012499809265137,3.6912500858306885,2.152764081954956
2001-08-01,19200,3.731250047683716,3.6862499713897705,3.734999895095825,3.6862499713897705,2.1056387424468994
2001-07-31,140800,3.65625,3.706249952316284,3.728749990463257,3.65625,2.117063522338867
2001-07-30,27200,3.661250114440918,3.663749933242798,3.6837499141693115,3.6500000953674316,2.092787265777588
2001-07-27,124000,3.658750057220459,3.6312499046325684,3.658750057220459,3.612499952316284,2.0742220878601074
2001-07-26,252000,3.7325000762939453,3.658750057220459,3.7325000762939453,3.619999885559082,2.089931011199951
2001-07-25,125600,3.630000114440918,3.7012500762939453,3.728749990463257,3.630000114440918,2.1142075061798096
2001-07-24,146400,3.634999990463257,3.612499952316284,3.6475000381469727,3.612499952316284,2.063511848449707
2001-07-23,132800,3.6387500762939453,3.640000104904175,3.65625,3.5762500762939453,2.0792198181152344
2001-07-20,77600,3.512500047683716,3.5737500190734863,3.5737500190734863,3.4749999046325684,2.041377544403076
2001-07-19,32800,3.4387500286102295,3.450000047683716,3.4625000953674316,3.4312500953674316,1.9706898927688599
2001-07-18,328000,3.452500104904175,3.4200000762939453,3.452500104904175,3.3499999046325684,1.9535539150238037
2001-07-17,355200,3.5250000953674316,3.4725000858306885,3.543750047683716,3.4387500286102295,1.9835418462753296
2001-07-16,116800,3.5450000762939453,3.512500047683716,3.5512499809265137,3.512500047683716,2.0063908100128174
2001-07-13,84800,3.518749952316284,3.5762500762939453,3.5875000953674316,3.497499942779541,2.0428061485290527
2001-07-12,112000,3.5625,3.533750057220459,3.5625,3.5,2.0185282230377197
2001-07-11,315200,3.5250000953674316,3.5562500953674316,3.5562500953674316,3.487499952316284,2.0313806533813477
2001-07-10,272000,3.646250009536743,3.547499895095825,3.646250009536743,3.5250000953674316,2.0263824462890625
2001-07-09,550400,3.6212499141693115,3.5562500953674316,3.625,3.552500009536743,2.0313806533813477
2001-07-06,92000,3.627500057220459,3.625,3.646250009536743,3.575000047683716,2.070652484893799
2001-07-05,85600,3.653749942779541,3.6424999237060547,3.6762499809265137,3.6424999237060547,2.0806479454040527
2001-07-03,104800,3.6387500762939453,3.625,3.640000104904175,3.612499952316284,2.070652484893799
2001-07-02,35200,3.700000047683716,3.668750047683716,3.7049999237060547,3.6624999046325684,2.0956428050994873
2001-06-29,57600,3.59375,3.706249952316284,3.7125000953674316,3.5687499046325684,2.117063522338867
2001-06-28,296800,3.5562500953674316,3.5625,3.6337499618530273,3.523750066757202,2.0349514484405518
2001-06-27,119200,3.716249942779541,3.5875000953674316,3.716249942779541,3.5799999237060547,2.049232006072998
2001-06-26,87200,3.778749942779541,3.7325000762939453,3.778749942779541,3.71875,2.1320574283599854
2001-06-25,108800,3.828749895095825,3.7750000953674316,3.8499999046325684,3.737499952316284,2.1563334465026855
2001-06-22,759200,3.7750000953674316,3.797499895095825,3.797499895095825,3.6575000286102295,2.169187307357788
2001-06-21,561600,3.8812499046325684,3.7587499618530273,3.8887500762939453,3.7274999618530273,2.1470515727996826
2001-06-20,138400,3.984999895095825,3.856250047683716,3.984999895095825,3.846250057220459,2.202745199203491
2001-06-19,132000,4.051249980926514,3.9774999618530273,4.051249980926514,3.9774999618530273,2.272005558013916
2001-06-18,127200,4.053750038146973,4.056250095367432,4.077499866485596,4.027500152587891,2.316987991333008
2001-06-15,272800,4.050000190734863,4.037499904632568,4.068749904632568,4.025000095367432,2.306277275085449
2001-06-14,141600,4.052499771118164,4.018750190734863,4.052499771118164,4.003749847412109,2.2955684661865234
2001-06-13,150400,4.081250190734863,4.068749904632568,4.088749885559082,4.058750152587891,2.3241283893585205
2001-06-12,56800,4.037499904632568,4.082499980926514,4.099999904632568,4.025000095367432,2.29451060295105
2001-06-11,76800,4.033750057220459,4.051249980926514,4.070000171661377,4.033750057220459,2.276947498321533
2001-06-08,105600,4.09375,4.043749809265137,4.09375,3.992500066757202,2.2727322578430176
2001-06-07,142400,4.168749809265137,4.103750228881836,4.168749809265137,4.081250190734863,2.3064537048339844
2001-06-06,242400,4.175000190734863,4.175000190734863,4.183750152587891,4.143750190734863,2.3464996814727783
2001-06-05,159200,4.193749904632568,4.193749904632568,4.216249942779541,4.182499885559082,2.35703706741333
2001-06-04,253600,4.193749904632568,4.184999942779541,4.246250152587891,4.175000190734863,2.3521196842193604
2001-06-01,326400,4.25,4.175000190734863,4.25,4.151249885559082,2.3464996814727783
2001-05-31,238400,4.15749979019165,4.195000171661377,4.235000133514404,4.065000057220459,2.357740879058838
2001-05-30,1064000,4.256249904632568,4.198750019073486,4.256249904632568,4.137499809265137,2.359847068786621
2001-05-29,888800,4.15749979019165,4.196249961853027,4.235000133514404,4.15625,2.358441114425659
2001-05-25,269600,4.130000114440918,4.09499979019165,4.164999961853027,4.056250095367432,2.3015365600585938
2001-05-24,454400,4.175000190734863,4.128749847412109,4.224999904632568,4.088749885559082,2.320504665374756
2001-05-23,310400,4.158750057220459,4.144999980926514,4.167500019073486,4.099999904632568,2.329637289047241
2001-05-22,555200,4.183750152587891,4.15749979019165,4.224999904632568,4.148749828338623,2.3366637229919434
2001-05-21,276000,4.212500095367432,4.288750171661377,4.31374979019165,4.212500095367432,2.410431146621704
2001-05-18,448800,4.067500114440918,4.15500020980835,4.15500020980835,4.058750152587891,2.335258722305298
2001-05-17,572000,4.037499904632568,4.067500114440918,4.087500095367432,4.037499904632568,2.2860805988311768
2001-05-16,268000,4.008749961853027,4.018750190734863,4.027500152587891,3.981250047683716,2.258681535720825
2001-05-15,374400,3.90625,3.9774999618530273,4.0,3.877500057220459,2.235496997833252
2001-05-14,187200,3.825000047683716,3.865000009536743,3.890000104904175,3.793750047683716,2.1722679138183594
2001-05-11,152800,3.84375,3.796250104904175,3.8475000858306885,3.7750000953674316,2.1336281299591064
2001-05-10,170400,3.887500047683716,3.8324999809265137,3.922499895095825,3.8324999809265137,2.1540024280548096
2001-05-09,271200,3.706249952316284,3.8125,3.831249952316284,3.706249952316284,2.142760992050171
2001-05-08,102400,3.637500047683716,3.6762499809265137,3.692500114440918,3.632499933242798,2.0661838054656982
2001-05-07,203200,3.6875,3.6449999809265137,3.744999885559082,3.6312499046325684,2.048619508743286
2001-05-04,132000,3.6024999618530273,3.653749942779541,3.6875,3.588749885559082,2.053537368774414
2001-05-03,286400,3.5875000953674316,3.5762500762939453,3.6187500953674316,3.5537500381469727,2.0099799633026123
2001-05-02,625600,3.75,3.549999952316284,3.75,3.5374999046325684,1.9952272176742554
2001-05-01,387200,3.924999952316284,3.825000047683716,3.924999952316284,3.7512500286102295,2.149787664413452
2001-04-30,391200,3.987499952316284,3.924999952316284,4.006249904632568,3.893749952316284,2.20599102973938
2001-04-27,407200,3.9287500381469727,3.9375,3.950000047683716,3.9000000953674316,2.21301531791687
2001-04-26,226400,3.8499999046325684,3.8887500762939453,3.8949999809265137,3.8187499046325684,2.185616970062256
2001-04-25,140800,3.7750000953674316,3.8125,3.831249952316284,3.7750000953674316,2.142760992050171
2001-04-24,515200,3.793750047683716,3.765000104904175,3.8687500953674316,3.7637500762939453,2.11606502532959
2001-04-23,713600,3.7437500953674316,3.765000104904175,3.8187499046325684,3.737499952316284,2.11606502532959
2001-04-20,279200,3.6524999141693115,3.672499895095825,3.706249952316284,3.637500047683716,2.0640759468078613
2001-04-19,87200,3.6449999809265137,3.627500057220459,3.6500000953674316,3.625,2.0387842655181885
2001-04-18,558400,3.700000047683716,3.6387500762939453,3.700000047683716,3.6387500762939453,2.045106887817383
2001-04-17,136000,3.71875,3.6787500381469727,3.71875,3.6737499237060547,2.06758975982666
2001-04-16,40800,3.6312499046325684,3.646250009536743,3.6837499141693115,3.6312499046325684,2.0493223667144775
2001-04-12,40000,3.7125000953674316,3.630000114440918,3.723750114440918,3.630000114440918,2.0401904582977295
2001-04-11,94400,3.7774999141693115,3.674999952316284,3.793750047683716,3.666249990463257,2.0654819011688232
2001-04-10,143200,3.7249999046325684,3.7774999141693115,3.7774999141693115,3.6875,2.1230900287628174
2001-04-09,101600,3.5712499618530273,3.6624999046325684,3.6624999046325684,3.5712499618530273,2.0584564208984375
2001-04-06,132000,3.518749952316284,3.547499895095825,3.606250047683716,3.512500047683716,1.9938220977783203
2001-04-05,175200,3.5687499046325684,3.543750047683716,3.586250066757202,3.543750047683716,1.991714358329773
2001-04-04,157600,3.5,3.552500009536743,3.5924999713897705,3.5,1.9966319799423218
2001-04-03,76800,3.581249952316284,3.502500057220459,3.5875000953674316,3.481250047683716,1.9685299396514893
2001-04-02,331200,3.674999952316284,3.549999952316284,3.6875,3.549999952316284,1.9952272176742554
2001-03-30,102400,3.6050000190734863,3.606250047683716,3.653749942779541,3.5762500762939453,2.026841163635254
2001-03-29,175200,3.612499952316284,3.583750009536743,3.6524999141693115,3.547499895095825,2.014195203781128
2001-03-28,92800,3.6500000953674316,3.640000104904175,3.7100000381469727,3.632499933242798,2.0458102226257324
2001-03-27,26400,3.6837499141693115,3.684999942779541,3.700000047683716,3.671250104904175,2.071101427078247
2001-03-26,93600,3.674999952316284,3.677500009536743,3.7437500953674316,3.674999952316284,2.0668869018554688
2001-03-23,52800,3.7249999046325684,3.682499885559082,3.737499952316284,3.674999952316284,2.0696969032287598
2001-03-22,164800,3.690000057220459,3.6337499618530273,3.740000009536743,3.617500066757202,2.042297124862671
2001-03-21,128000,3.7225000858306885,3.7074999809265137,3.7225000858306885,3.677500009536743,2.0837478637695312
2001-03-20,68000,3.6787500381469727,3.700000047683716,3.733750104904175,3.6787500381469727,2.0795326232910156
2001-03-19,130400,3.625,3.6287500858306885,3.7325000762939453,3.625,2.039486885070801
2001-03-16,208800,3.762500047683716,3.601249933242798,3.762500047683716,3.5950000286102295,2.024031162261963
2001-03-15,55200,3.856250047683716,3.75,3.856250047683716,3.75,2.1076347827911377
2001-03-14,408800,3.793750047683716,3.880000114440918,3.9237499237060547,3.793750047683716,2.1445038318634033
2001-03-13,293600,3.84375,3.831249952316284,3.84375,3.7874999046325684,2.1175589561462402
2001-03-12,253600,3.9625000953674316,3.8499999046325684,3.971250057220459,3.8499999046325684,2.1279220581054688
2001-03-09,172800,4.037499904632568,4.011250019073486,4.037499904632568,3.9625000953674316,2.2170467376708984
2001-03-08,196800,4.034999847412109,4.019999980926514,4.052499771118164,3.9487500190734863,2.2218828201293945
2001-03-07,257600,3.84375,4.056250095367432,4.056250095367432,3.84375,2.2419180870056152
2001-03-06,257600,3.875,3.8499999046325684,3.9000000953674316,3.8350000381469727,2.1279220581054688
2001-03-05,168800,3.668750047683716,3.8262500762939453,3.8262500762939453,3.668750047683716,2.1147959232330322
2001-03-02,83200,3.5625,3.6600000858306885,3.6600000858306885,3.538749933242798,2.0229082107543945
2001-03-01,52800,3.5625,3.549999952316284,3.575000047683716,3.53125,1.9621104001998901
2001-02-28,129600,3.5662500858306885,3.518749952316284,3.5662500858306885,3.5037500858306885,1.9448376893997192
2001-02-27,101600,3.65625,3.5975000858306885,3.65625,3.5875000953674316,1.988364338874817
2001-02-26,200800,3.6812500953674316,3.658750057220459,3.7125000953674316,3.6500000953674316,2.0222175121307373
2001-02-23,88000,3.7249999046325684,3.6875,3.7249999046325684,3.674999952316284,2.0381083488464355
2001-02-22,123200,3.671250104904175,3.7249999046325684,3.7412500381469727,3.668750047683716,2.0588343143463135
2001-02-21,234400,3.7750000953674316,3.671250104904175,3.7750000953674316,3.6624999046325684,2.029125452041626
2001-02-20,144800,3.9625000953674316,3.8125,3.9749999046325684,3.8125,2.1071958541870117
2001-02-16,221600,3.733750104904175,3.8737499713897705,3.893749952316284,3.733750104904175,2.1410491466522217
2001-02-15,364800,3.8762500286102295,3.7249999046325684,3.8762500286102295,3.7249999046325684,2.0588343143463135
2001-02-14,96000,3.799999952316284,3.8762500286102295,3.8924999237060547,3.799999952316284,2.1424307823181152
2001-02-13,57600,3.799999952316284,3.8125,3.8162500858306885,3.7874999046325684,2.1071958541870117
2001-02-12,164800,3.765000104904175,3.791249990463257,3.8125,3.7437500953674316,2.0954511165618896
2001-02-09,136000,3.6987500190734863,3.755000114440918,3.768749952316284,3.6987500190734863,2.075415849685669
2001-02-08,64800,3.6524999141693115,3.7049999237060547,3.7049999237060547,3.6524999141693115,2.047780752182007
2001-02-07,88800,3.6500000953674316,3.6475000381469727,3.6549999713897705,3.625,2.0159988403320312
2001-02-06,79200,3.700000047683716,3.6424999237060547,3.700000047683716,3.6424999237060547,2.013235569000244
2001-02-05,38400,3.747499942779541,3.706249952316284,3.747499942779541,3.702500104904175,2.0484697818756104
2001-02-02,92800,3.7774999141693115,3.766249895095825,3.793750047683716,3.75,2.0816328525543213
2001-02-01,56800,3.651249885559082,3.747499942779541,3.747499942779541,3.651249885559082,2.0712697505950928
2001-01-31,20800,3.658750057220459,3.6524999141693115,3.6624999046325684,3.6524999141693115,2.018763303756714
2001-01-30,51200,3.641249895095825,3.65625,3.65625,3.598750114440918,2.0208346843719482
2001-01-29,88800,3.684999942779541,3.666249990463257,3.6987500190734863,3.666249990463257,2.026362895965576
2001-01-26,136000,3.59375,3.65625,3.6953125,3.5859375,2.0208346843719482
2001-01-25,12000,3.578125,3.6015625,3.6015625,3.5703125,1.9906089305877686
2001-01-24,71200,3.6171875,3.578125,3.6171875,3.515625,1.977655053138733
2001-01-23,112000,3.53125,3.59375,3.609375,3.5,1.9862909317016602
2001-01-22,190400,3.484375,3.53125,3.53125,3.484375,1.9517461061477661
2001-01-19,21600,3.453125,3.4375,3.4609375,3.40625,1.8999310731887817
2001-01-18,172800,3.5234375,3.46875,3.5234375,3.46875,1.9172033071517944
2001-01-17,124800,3.5546875,3.5546875,3.625,3.515625,1.9647011756896973
2001-01-16,203200,3.4765625,3.5546875,3.5703125,3.4765625,1.9647011756896973
2001-01-12,76000,3.4609375,3.4609375,3.484375,3.421875,1.912883996963501
2001-01-11,95200,3.4296875,3.453125,3.515625,3.4296875,1.9085665941238403
2001-01-10,55200,3.390625,3.4765625,3.4765625,3.375,1.9215196371078491
2001-01-09,52800,3.375,3.421875,3.4375,3.34375,1.891295075416565
2001-01-08,269600,3.453125,3.3671875,3.4609375,3.3671875,1.8610687255859375
2001-01-05,111200,3.3125,3.4140625,3.4296875,3.3125,1.8869770765304565
2001-01-04,70400,3.3984375,3.3359375,3.40625,3.296875,1.843795895576477
2001-01-03,92800,3.5,3.390625,3.5,3.359375,1.8740224838256836
2001-01-02,356000,3.46875,3.5078125,3.546875,3.46875,1.9387928247451782
2000-12-29,187200,3.40625,3.4375,3.4375,3.328125,1.8999310731887817
2000-12-28,165600,3.2890625,3.390625,3.421875,3.2890625,1.8740224838256836
2000-12-27,88000,3.1875,3.2890625,3.296875,3.1875,1.8178883790969849
2000-12-26,15200,3.125,3.25,3.25,3.125,1.7962981462478638
2000-12-22,118400,3.125,3.109375,3.1875,3.109375,1.718573808670044
2000-12-21,260800,3.21875,3.1171875,3.21875,3.09375,1.722891926765442
2000-12-20,85600,3.359375,3.2109375,3.359375,3.203125,1.7747079133987427
2000-12-19,64000,3.4765625,3.359375,3.4765625,3.359375,1.85675048828125
2000-12-18,76800,3.4375,3.5,3.5234375,3.4375,1.9344754219055176
2000-12-15,29600,3.4296875,3.4375,3.4375,3.3984375,1.8999310731887817
2000-12-14,89600,3.6015625,3.421875,3.6015625,3.4140625,1.891295075416565
2000-12-13,23200,3.640625,3.6015625,3.640625,3.59375,1.9906089305877686
2000-12-12,49600,3.6328125,3.6171875,3.65625,3.6171875,1.999245285987854
2000-12-11,92000,3.6484375,3.65625,3.6816375255584717,3.59375,2.0208346843719482
2000-12-08,59200,3.6875,3.6171875,3.6953125,3.6015625,1.999245285987854
2000-12-07,53600,3.6328125,3.6875,3.7109375,3.6328125,2.0381083488464355
2000-12-06,36800,3.5078125,3.6171875,3.625,3.5078125,1.999245285987854
2000-12-05,101600,3.6953125,3.5078125,3.7421875,3.4921875,1.9387928247451782
2000-12-04,234400,3.4609375,3.71875,3.71875,3.4609375,2.0553793907165527
2000-12-01,16000,3.4609375,3.4296875,3.5078125,3.4296875,1.8956122398376465
2000-11-30,68800,3.484375,3.453125,3.5,3.390625,1.9085665941238403
2000-11-29,138400,3.578125,3.4765625,3.578125,3.4765625,1.9215196371078491
2000-11-28,92000,3.4375,3.53125,3.5859375,3.4375,1.9517461061477661
2000-11-27,68800,3.4296875,3.453125,3.4765625,3.4140625,1.9085665941238403
2000-11-24,31200,3.4140625,3.4609375,3.4609375,3.4140625,1.912883996963501
2000-11-22,94400,3.3828125,3.296875,3.3828125,3.2578125,1.822205901145935
2000-11-21,490400,3.4375,3.390625,3.4375,3.296875,1.8740224838256836
2000-11-20,110400,3.515625,3.46875,3.53125,3.46875,1.9172033071517944
2000-11-17,125600,3.5625,3.515625,3.5625,3.5,1.9431109428405762
2000-11-16,136800,3.546875,3.5390625,3.5625,3.53125,1.956065058708191
2000-11-15,65600,3.5,3.5234375,3.5703125,3.5,1.9474290609359741
2000-11-14,115200,3.5234375,3.5195250511169434,3.546875,3.46875,1.9452662467956543
2000-11-13,92000,3.578125,3.46875,3.625,3.46875,1.9172033071517944
2000-11-10,77600,3.625,3.578125,3.6328125,3.5703125,1.977655053138733
2000-11-09,97600,3.65625,3.609375,3.6953125,3.609375,1.9949275255203247
2000-11-08,20800,3.6953125,3.609375,3.6953125,3.609375,1.9949275255203247
2000-11-07,11200,3.578125,3.6328125,3.6328125,3.578125,2.0078811645507812
2000-11-06,37600,3.609375,3.59375,3.609375,3.53125,1.9862909317016602
2000-11-03,30400,3.6328125,3.5703125,3.6328125,3.5703125,1.9733368158340454
2000-11-02,23200,3.6484375,3.625,3.671875,3.625,2.003563165664673
2000-11-01,36800,3.703125,3.703125,3.734375,3.671875,2.046743392944336
2000-10-31,11200,3.5859375,3.671875,3.6796875,3.5859375,2.0294713973999023
2000-10-30,40000,3.640625,3.5703125,3.640625,3.5703125,1.9733368158340454
2000-10-27,86400,3.7734375,3.640625,3.7734375,3.640625,2.012199878692627
2000-10-26,8000,3.828125,3.8046875,3.859375,3.8046875,2.102877378463745
2000-10-25,6400,3.796875,3.7734375,3.8125,3.7734375,2.0856056213378906
2000-10-24,29600,3.859375,3.7734375,3.859375,3.7734375,2.0856056213378906
2000-10-23,25600,3.8984375,3.875,3.8984375,3.84375,2.141739845275879
2000-10-20,38400,3.7890625,3.890625,3.890625,3.7890625,2.150376319885254
2000-10-19,20000,3.84375,3.875,3.875,3.84375,2.141739845275879
2000-10-18,64800,3.875,3.828125,3.875,3.7578125,2.1158323287963867
2000-10-17,60000,3.90625,3.875,3.921875,3.8515625,2.141739845275879
2000-10-16,15200,4.0,3.890625,4.0,3.890625,2.150376319885254
2000-10-13,17600,4.1875,4.078125,4.1875,4.0546875,2.2540085315704346
2000-10-12,83200,4.09375,4.1953125,4.2578125,4.09375,2.3187789916992188
2000-10-11,24000,4.1328125,4.125,4.15625,4.125,2.279916763305664
2000-10-10,76000,4.0859375,4.1015625,4.171875,4.0859375,2.266962766647339
2000-10-09,6400,4.0546875,4.046875,4.0546875,4.046875,2.2367358207702637
2000-10-06,54400,4.09375,4.0234375,4.09375,4.0234375,2.223782777786255
2000-10-05,15200,4.1953125,4.109375,4.1953125,4.109375,2.2712807655334473
2000-10-04,53600,4.28125,4.2734375,4.2890625,4.234375,2.3619604110717773
2000-10-03,16000,4.28125,4.2265625,4.3203125,4.2265625,2.3360519409179688
2000-10-02,30400,4.25,4.28125,4.296875,4.1875,2.3662781715393066
2000-09-29,24000,4.140625,4.1875,4.1875,4.125,2.3144607543945312
2000-09-28,524800,4.1328125,4.1640625,4.1796875,4.1328125,2.3015074729919434
2000-09-27,13600,4.25,4.203125,4.25,4.1953125,2.323096990585327
2000-09-26,6400,4.203125,4.1953125,4.203125,4.1953125,2.3187789916992188
2000-09-25,127200,4.1171875,4.1171875,4.1171875,4.0234375,2.275599241256714
2000-09-22,89600,4.2265625,4.1875,4.34375,4.15625,2.3144607543945312
2000-09-21,30400,4.34375,4.34375,4.375,4.328125,2.4008212089538574
2000-09-20,55200,4.6953125,4.5,4.6953125,4.5,2.487182378768921
2000-09-19,68800,4.6484375,4.5703125,4.6484375,4.5546875,2.526045083999634
2000-09-18,112800,4.65625,4.609375,4.734375,4.515625,2.5476346015930176
2000-09-15,102400,4.4453125,4.65625,4.65625,4.4453125,2.573542833328247
2000-09-14,59200,4.46875,4.421875,4.484375,4.421875,2.444002389907837
2000-09-13,93600,4.4375,4.46875,4.484375,4.4140625,2.4699103832244873
2000-09-12,63200,4.28125,4.40625,4.40625,4.25,2.4353654384613037
2000-09-11,32000,4.1953125,4.21875,4.25,4.1953125,2.331733226776123
2000-09-08,16800,4.1796875,4.171875,4.1796875,4.171875,2.3058247566223145
2000-09-07,57600,4.203125,4.2265625,4.25,4.1875,2.3360519409179688
2000-09-06,48800,4.0625,4.1875,4.203125,4.046875,2.3144607543945312
2000-09-05,32000,4.0390625,4.078125,4.078125,4.015625,2.2540085315704346
2000-09-01,52000,4.0625,4.0,4.0625,4.0,2.2108278274536133
2000-08-31,15200,4.0546875,4.0625,4.09375,4.0546875,2.245373010635376
2000-08-30,13600,4.0234375,4.0234375,4.0390625,4.0234375,2.223782777786255
2000-08-29,65600,4.1640625,4.046875,4.2265625,4.046875,2.2367358207702637
2000-08-28,101600,4.078125,4.15625,4.15625,4.0703125,2.297189235687256
2000-08-25,19200,4.0546875,4.078125,4.0859375,4.0390625,2.2540085315704346
2000-08-24,65600,4.046875,4.015625,4.046875,4.015625,2.2194645404815674
2000-08-23,218400,3.9609375,4.0625,4.0625,3.9609375,2.245373010635376
2000-08-22,27200,3.96875,3.9453125,3.96875,3.921875,2.1806018352508545
2000-08-21,22400,3.9921875,3.96875,3.9921875,3.9609375,2.193556308746338
2000-08-18,46400,4.015625,3.9765625,4.015625,3.953125,2.1978750228881836
2000-08-17,53600,3.9609375,4.0078125,4.0234375,3.9609375,2.21514630317688
2000-08-16,49600,3.828125,3.921875,3.9296875,3.828125,2.167649507522583
2000-08-15,25600,3.9140625,3.8359375,3.921875,3.8359375,2.1201493740081787
2000-08-14,116000,3.84375,3.859375,3.875,3.84375,2.133103847503662
2000-08-11,12000,3.78125,3.8203125,3.8203125,3.78125,2.11151385307312
2000-08-10,44800,3.78125,3.78125,3.78125,3.7578125,2.089923620223999
2000-08-09,114400,3.6640625,3.71875,3.75,3.6640625,2.0553793907165527
2000-08-08,54400,3.6796875,3.6796875,3.75,3.6484375,2.0337893962860107
2000-08-07,31200,3.65625,3.5703125,3.65625,3.5625,1.9733368158340454
2000-08-04,61600,3.65625,3.671875,3.6796875,3.625,2.0294713973999023
2000-08-03,74400,3.65625,3.6640625,3.7109375,3.6484375,2.025153875350952
2000-08-02,46400,3.625,3.65625,3.6796875,3.625,2.0208346843719482
2000-08-01,62400,3.5,3.5,3.5,3.4296875,1.9344754219055176
2000-07-31,104000,3.5625,3.484375,3.5625,3.484375,1.9258387088775635
