date,volume,open,close,high,low,adjclose
2019-04-18,0,2.0,2.0,2.0,2.0,2.0
2019-04-17,0,2.0,2.0,2.0,2.0,2.0
2019-04-16,0,2.0,2.0,2.0,2.0,2.0
2019-04-15,0,2.0,2.0,2.0,2.0,2.0
2019-04-12,16400,2.0199999809265137,2.0,2.0999999046325684,1.9700000286102295,2.0
2019-04-11,48800,2.009999990463257,2.049999952316284,2.049999952316284,2.009999990463257,2.049999952316284
2019-04-10,15000,2.049999952316284,2.0199999809265137,2.0899999141693115,2.009999990463257,2.0199999809265137
2019-04-09,14200,2.059999942779541,2.059999942779541,2.059999942779541,2.0299999713897705,2.059999942779541
2019-04-08,2300,2.0899999141693115,2.0899999141693115,2.119999885559082,2.069999933242798,2.0899999141693115
2019-04-05,22100,2.0799999237060547,2.049999952316284,2.0799999237060547,2.0,2.049999952316284
2019-04-04,101600,2.0,2.0799999237060547,2.119999885559082,1.9700000286102295,2.0799999237060547
2019-04-03,46000,2.119999885559082,2.009999990463257,2.119999885559082,2.009999990463257,2.009999990463257
2019-04-02,200,2.119999885559082,2.0999999046325684,2.119999885559082,2.0999999046325684,2.0999999046325684
2019-04-01,5900,2.0399999618530273,2.0999999046325684,2.0999999046325684,2.0399999618530273,2.0999999046325684
2019-03-29,2500,2.1700000762939453,2.0899999141693115,2.1700000762939453,2.049999952316284,2.0899999141693115
2019-03-28,200,2.109999895095825,2.1500000953674316,2.1500000953674316,2.109999895095825,2.1500000953674316
2019-03-27,100,2.130000114440918,2.130000114440918,2.130000114440918,2.130000114440918,2.130000114440918
2019-03-26,700,2.0399999618530273,2.2100000381469727,2.2100000381469727,2.0399999618530273,2.2100000381469727
2019-03-25,8800,2.1500000953674316,2.190000057220459,2.2200000286102295,2.1500000953674316,2.190000057220459
2019-03-22,13600,2.119999885559082,2.1500000953674316,2.2200000286102295,2.119999885559082,2.1500000953674316
2019-03-21,900,2.0999999046325684,2.119999885559082,2.119999885559082,2.0999999046325684,2.119999885559082
2019-03-20,4400,2.0899999141693115,2.119999885559082,2.130000114440918,2.0899999141693115,2.119999885559082
2019-03-19,5500,2.109999895095825,2.130000114440918,2.1500000953674316,2.0899999141693115,2.130000114440918
2019-03-18,2400,2.0899999141693115,2.140000104904175,2.1600000858306885,2.0899999141693115,2.140000104904175
2019-03-15,500,2.1700000762939453,2.1500000953674316,2.1700000762939453,2.1500000953674316,2.1500000953674316
2019-03-14,7000,2.119999885559082,2.1700000762939453,2.1700000762939453,2.119999885559082,2.1700000762939453
2019-03-13,2300,2.0399999618530273,2.119999885559082,2.119999885559082,2.0399999618530273,2.119999885559082
2019-03-12,6500,2.009999990463257,2.119999885559082,2.119999885559082,2.0,2.119999885559082
2019-03-11,1300,2.119999885559082,2.0799999237060547,2.119999885559082,2.0199999809265137,2.0799999237060547
2019-03-08,3300,2.0799999237060547,2.119999885559082,2.119999885559082,2.0799999237060547,2.119999885559082
2019-03-07,1200,2.130000114440918,2.130000114440918,2.130000114440918,2.130000114440918,2.130000114440918
2019-03-06,9400,2.109999895095825,2.140000104904175,2.1500000953674316,2.109999895095825,2.140000104904175
2019-03-05,200,2.140000104904175,2.140000104904175,2.140000104904175,2.140000104904175,2.140000104904175
2019-03-04,8100,2.1700000762939453,2.119999885559082,2.1700000762939453,2.119999885559082,2.119999885559082
2019-03-01,3300,2.1600000858306885,2.130000114440918,2.1600000858306885,2.119999885559082,2.130000114440918
2019-02-28,6000,2.180000066757202,2.1700000762939453,2.180000066757202,2.1500000953674316,2.1700000762939453
2019-02-27,1200,2.200000047683716,2.180000066757202,2.200000047683716,2.180000066757202,2.180000066757202
2019-02-26,5700,2.2100000381469727,2.180000066757202,2.2100000381469727,2.180000066757202,2.180000066757202
2019-02-25,5300,2.25,2.2100000381469727,2.25,2.190000057220459,2.2100000381469727
2019-02-22,1300,2.25,2.259999990463257,2.259999990463257,2.25,2.259999990463257
2019-02-21,6400,2.2100000381469727,2.2300000190734863,2.2699999809265137,2.2100000381469727,2.2300000190734863
2019-02-20,100,2.2200000286102295,2.2200000286102295,2.2200000286102295,2.2200000286102295,2.2200000286102295
2019-02-19,19700,2.3299999237060547,2.2200000286102295,2.3299999237060547,2.200000047683716,2.2200000286102295
2019-02-15,100,2.2300000190734863,2.2300000190734863,2.2300000190734863,2.2300000190734863,2.2300000190734863
2019-02-14,500,2.25,2.2100000381469727,2.25,2.2100000381469727,2.2100000381469727
2019-02-13,4400,2.200000047683716,2.2300000190734863,2.25,2.200000047683716,2.2300000190734863
2019-02-12,1300,2.259999990463257,2.2300000190734863,2.259999990463257,2.200000047683716,2.2300000190734863
2019-02-11,3100,2.25,2.2100000381469727,2.259999990463257,2.1700000762939453,2.2100000381469727
2019-02-08,5500,2.319999933242798,2.240000009536743,2.319999933242798,2.240000009536743,2.240000009536743
2019-02-07,1200,2.3299999237060547,2.240000009536743,2.3299999237060547,2.240000009536743,2.240000009536743
2019-02-06,100,2.25,2.25,2.25,2.25,2.25
2019-02-05,400,2.2100000381469727,2.25,2.2799999713897705,2.2100000381469727,2.25
2019-02-04,1300,2.2899999618530273,2.25,2.2899999618530273,2.25,2.25
2019-02-01,1300,2.180000066757202,2.2100000381469727,2.2799999713897705,2.180000066757202,2.2100000381469727
2019-01-31,900,2.2699999809265137,2.2300000190734863,2.2699999809265137,2.2300000190734863,2.2300000190734863
2019-01-30,100,2.25,2.25,2.25,2.25,2.25
2019-01-29,500,2.2699999809265137,2.2200000286102295,2.2699999809265137,2.2200000286102295,2.2200000286102295
2019-01-28,1000,2.190000057220459,2.25,2.25,2.190000057220459,2.25
2019-01-25,2600,2.1500000953674316,2.25,2.2899999618530273,2.1500000953674316,2.25
2019-01-24,2800,2.259999990463257,2.200000047683716,2.259999990463257,2.190000057220459,2.200000047683716
2019-01-23,100,2.2799999713897705,2.2799999713897705,2.2799999713897705,2.2799999713897705,2.2799999713897705
2019-01-22,5300,2.190000057220459,2.259999990463257,2.259999990463257,2.190000057220459,2.259999990463257
2019-01-18,8600,2.240000009536743,2.25,2.319999933242798,2.240000009536743,2.25
2019-01-17,6700,2.2300000190734863,2.259999990463257,2.259999990463257,2.2300000190734863,2.259999990463257
2019-01-16,29100,2.180000066757202,2.2300000190734863,2.2799999713897705,2.1600000858306885,2.2300000190734863
2019-01-15,300,2.2100000381469727,2.2200000286102295,2.2200000286102295,2.2100000381469727,2.2200000286102295
2019-01-14,5800,2.2200000286102295,2.2100000381469727,2.25,2.1700000762939453,2.2100000381469727
2019-01-11,100,2.2100000381469727,2.2100000381469727,2.2100000381469727,2.2100000381469727,2.2100000381469727
2019-01-10,3200,2.240000009536743,2.190000057220459,2.299999952316284,2.1700000762939453,2.190000057220459
2019-01-09,4900,2.2799999713897705,2.2799999713897705,2.2899999618530273,2.25,2.2799999713897705
2019-01-08,3200,2.2200000286102295,2.2200000286102295,2.259999990463257,2.2200000286102295,2.2200000286102295
2019-01-07,100,2.2300000190734863,2.2300000190734863,2.2300000190734863,2.2300000190734863,2.2300000190734863
2019-01-04,1600,2.2100000381469727,2.1700000762939453,2.240000009536743,2.1700000762939453,2.1700000762939453
2019-01-03,3000,2.1500000953674316,2.1500000953674316,2.1500000953674316,2.1500000953674316,2.1500000953674316
2019-01-02,600,2.1500000953674316,2.1500000953674316,2.1600000858306885,2.1500000953674316,2.1500000953674316
2018-12-31,8400,2.2100000381469727,2.1600000858306885,2.2100000381469727,2.1500000953674316,2.1600000858306885
2018-12-28,22600,2.180000066757202,2.2200000286102295,2.2799999713897705,2.180000066757202,2.2200000286102295
2018-12-27,9900,2.180000066757202,2.2200000286102295,2.2200000286102295,2.1700000762939453,2.2200000286102295
2018-12-26,600,2.180000066757202,2.1700000762939453,2.2100000381469727,2.1700000762939453,2.1700000762939453
2018-12-24,21100,2.1600000858306885,2.190000057220459,2.2200000286102295,2.1600000858306885,2.190000057220459
2018-12-21,7600,2.1700000762939453,2.1700000762939453,2.180000066757202,2.1600000858306885,2.1700000762939453
2018-12-20,2800,2.4800000190734863,2.240000009536743,2.4800000190734863,2.1700000762939453,2.240000009536743
2018-12-19,4500,2.240000009536743,2.2300000190734863,2.240000009536743,2.1700000762939453,2.2300000190734863
2018-12-18,5700,2.25,2.2100000381469727,2.25,2.1600000858306885,2.2100000381469727
2018-12-17,1200,2.2699999809265137,2.2899999618530273,2.2899999618530273,2.240000009536743,2.2899999618530273
2018-12-14,9000,2.240000009536743,2.2899999618530273,2.299999952316284,2.2300000190734863,2.2899999618530273
2018-12-13,23900,2.390000104904175,2.2799999713897705,2.390000104904175,2.2300000190734863,2.2799999713897705
2018-12-12,34700,2.200000047683716,2.3299999237060547,2.380000114440918,2.200000047683716,2.3299999237060547
2018-12-11,5000,2.25,2.2300000190734863,2.25,2.1700000762939453,2.2300000190734863
2018-12-10,6800,2.190000057220459,2.25,2.25,2.190000057220459,2.25
2018-12-07,7300,2.2100000381469727,2.190000057220459,2.2100000381469727,2.190000057220459,2.190000057220459
2018-12-06,2600,2.200000047683716,2.180000066757202,2.200000047683716,2.180000066757202,2.180000066757202
2018-12-04,25300,2.240000009536743,2.2200000286102295,2.25,2.2100000381469727,2.2200000286102295
2018-12-03,9100,2.25,2.2200000286102295,2.2799999713897705,2.2200000286102295,2.2200000286102295
2018-11-30,12800,2.1700000762939453,2.240000009536743,2.240000009536743,2.1700000762939453,2.240000009536743
2018-11-29,1800,2.2100000381469727,2.2200000286102295,2.2300000190734863,2.2100000381469727,2.2200000286102295
2018-11-28,900,2.200000047683716,2.190000057220459,2.259999990463257,2.190000057220459,2.190000057220459
2018-11-27,3700,2.2100000381469727,2.190000057220459,2.2100000381469727,2.180000066757202,2.190000057220459
2018-11-26,3100,2.1500000953674316,2.1500000953674316,2.1500000953674316,2.1500000953674316,2.1500000953674316
2018-11-23,5500,2.190000057220459,2.190000057220459,2.190000057220459,2.1500000953674316,2.190000057220459
2018-11-21,3600,2.1600000858306885,2.1600000858306885,2.1600000858306885,2.1600000858306885,2.1600000858306885
2018-11-20,3500,2.2699999809265137,2.1500000953674316,2.2699999809265137,2.1500000953674316,2.1500000953674316
2018-11-19,14300,2.2200000286102295,2.1600000858306885,2.2200000286102295,2.1500000953674316,2.1600000858306885
2018-11-16,4500,2.2200000286102295,2.259999990463257,2.259999990463257,2.2100000381469727,2.259999990463257
2018-11-15,100,2.240000009536743,2.240000009536743,2.240000009536743,2.240000009536743,2.240000009536743
2018-11-14,1600,2.309999942779541,2.240000009536743,2.309999942779541,2.240000009536743,2.240000009536743
2018-11-13,5000,2.2699999809265137,2.240000009536743,2.2699999809265137,2.240000009536743,2.240000009536743
2018-11-12,12500,2.1500000953674316,2.2699999809265137,2.319999933242798,2.1500000953674316,2.2699999809265137
2018-11-09,2200,2.309999942779541,2.25,2.309999942779541,2.25,2.25
2018-11-08,7200,2.299999952316284,2.25,2.3399999141693115,2.25,2.25
2018-11-07,100,2.3299999237060547,2.3299999237060547,2.3299999237060547,2.3299999237060547,2.3299999237060547
2018-11-06,700,2.309999942779541,2.3299999237060547,2.3299999237060547,2.309999942779541,2.3299999237060547
2018-11-05,3100,2.359999895095825,2.3499999046325684,2.359999895095825,2.259999990463257,2.3499999046325684
2018-11-02,4700,2.309999942779541,2.259999990463257,2.4600000381469727,2.259999990463257,2.259999990463257
2018-11-01,1600,2.2899999618530273,2.2899999618530273,2.2899999618530273,2.25,2.2899999618530273
2018-10-31,0,2.2200000286102295,2.2200000286102295,2.2200000286102295,2.2200000286102295,2.2200000286102295
2018-10-30,11100,2.180000066757202,2.2200000286102295,2.240000009536743,2.180000066757202,2.2200000286102295
2018-10-29,500,2.2100000381469727,2.2100000381469727,2.2100000381469727,2.2100000381469727,2.2100000381469727
2018-10-26,2700,2.2100000381469727,2.240000009536743,2.299999952316284,2.2100000381469727,2.240000009536743
2018-10-25,13500,2.2200000286102295,2.190000057220459,2.2300000190734863,2.180000066757202,2.190000057220459
2018-10-24,300,2.299999952316284,2.259999990463257,2.299999952316284,2.259999990463257,2.259999990463257
2018-10-23,11300,2.1700000762939453,2.2200000286102295,2.2899999618530273,2.1700000762939453,2.2200000286102295
2018-10-22,2600,2.1700000762939453,2.2300000190734863,2.299999952316284,2.1700000762939453,2.2300000190734863
2018-10-19,82000,2.200000047683716,2.2100000381469727,2.299999952316284,2.1700000762939453,2.2100000381469727
2018-10-18,8500,2.25,2.309999942779541,2.309999942779541,2.25,2.309999942779541
2018-10-17,6400,2.309999942779541,2.369999885559082,2.369999885559082,2.309999942779541,2.369999885559082
2018-10-16,0,2.359999895095825,2.359999895095825,2.359999895095825,2.359999895095825,2.359999895095825
2018-10-15,23300,2.319999933242798,2.359999895095825,2.4000000953674316,2.319999933242798,2.359999895095825
2018-10-12,2700,2.200000047683716,2.309999942779541,2.309999942779541,2.200000047683716,2.309999942779541
2018-10-11,16000,2.25,2.200000047683716,2.25,2.200000047683716,2.200000047683716
2018-10-10,20600,2.2899999618530273,2.2200000286102295,2.299999952316284,2.200000047683716,2.2200000286102295
2018-10-09,24900,2.2899999618530273,2.3299999237060547,2.3399999141693115,2.2899999618530273,2.3299999237060547
2018-10-08,27100,2.25,2.25,2.2899999618530273,2.2200000286102295,2.25
2018-10-05,17800,2.190000057220459,2.2699999809265137,2.299999952316284,2.1700000762939453,2.2699999809265137
2018-10-04,11800,2.1500000953674316,2.2300000190734863,2.240000009536743,2.1500000953674316,2.2300000190734863
2018-10-03,22500,2.1600000858306885,2.2799999713897705,2.309999942779541,2.1600000858306885,2.2799999713897705
2018-10-02,29300,2.0799999237060547,2.2200000286102295,2.240000009536743,2.0799999237060547,2.2200000286102295
2018-10-01,13500,2.069999933242798,2.069999933242798,2.2100000381469727,2.069999933242798,2.069999933242798
2018-09-28,12500,2.069999933242798,2.0799999237060547,2.200000047683716,2.069999933242798,2.0799999237060547
2018-09-27,22100,2.0899999141693115,2.140000104904175,2.140000104904175,2.069999933242798,2.140000104904175
2018-09-26,0,2.180000066757202,2.180000066757202,2.180000066757202,2.180000066757202,2.180000066757202
2018-09-25,13900,2.109999895095825,2.180000066757202,2.240000009536743,2.109999895095825,2.180000066757202
2018-09-24,1000,2.240000009536743,2.1500000953674316,2.240000009536743,2.1500000953674316,2.1500000953674316
2018-09-21,33200,2.0999999046325684,2.200000047683716,2.2100000381469727,2.0799999237060547,2.200000047683716
2018-09-20,7200,2.1600000858306885,2.200000047683716,2.25,2.109999895095825,2.200000047683716
2018-09-19,1400,2.1500000953674316,2.140000104904175,2.1500000953674316,2.140000104904175,2.140000104904175
2018-09-18,7600,2.1600000858306885,2.140000104904175,2.1600000858306885,2.0999999046325684,2.140000104904175
2018-09-17,4600,2.1700000762939453,2.140000104904175,2.1700000762939453,2.130000114440918,2.140000104904175
2018-09-14,13000,2.180000066757202,2.1600000858306885,2.180000066757202,2.0999999046325684,2.1600000858306885
2018-09-13,4600,2.2100000381469727,2.180000066757202,2.2100000381469727,2.180000066757202,2.180000066757202
2018-09-12,3600,2.25,2.200000047683716,2.3299999237060547,2.200000047683716,2.200000047683716
2018-09-11,1000,2.2799999713897705,2.2799999713897705,2.2799999713897705,2.2799999713897705,2.2799999713897705
2018-09-10,10500,2.2799999713897705,2.25,2.2899999618530273,2.200000047683716,2.25
2018-09-07,400,2.25,2.3299999237060547,2.3299999237060547,2.25,2.3299999237060547
2018-09-06,200,2.2100000381469727,2.240000009536743,2.240000009536743,2.2100000381469727,2.240000009536743
2018-09-05,10100,2.240000009536743,2.240000009536743,2.3399999141693115,2.2200000286102295,2.240000009536743
2018-09-04,18400,2.200000047683716,2.200000047683716,2.299999952316284,2.1700000762939453,2.200000047683716
2018-08-31,23000,2.1500000953674316,2.1700000762939453,2.200000047683716,2.140000104904175,2.1700000762939453
2018-08-30,15900,2.2100000381469727,2.130000114440918,2.240000009536743,2.130000114440918,2.130000114440918
2018-08-29,1800,2.2300000190734863,2.25,2.25,2.2300000190734863,2.25
2018-08-28,9500,2.299999952316284,2.2100000381469727,2.299999952316284,2.2100000381469727,2.2100000381469727
2018-08-27,7000,2.299999952316284,2.309999942779541,2.309999942779541,2.240000009536743,2.309999942779541
2018-08-24,300,2.25,2.25,2.25,2.25,2.25
2018-08-23,8900,2.299999952316284,2.299999952316284,2.299999952316284,2.2699999809265137,2.299999952316284
2018-08-22,0,2.299999952316284,2.299999952316284,2.299999952316284,2.299999952316284,2.299999952316284
2018-08-21,400,2.299999952316284,2.299999952316284,2.299999952316284,2.299999952316284,2.299999952316284
2018-08-20,3300,2.3499999046325684,2.309999942779541,2.3499999046325684,2.299999952316284,2.309999942779541
2018-08-17,400,2.3499999046325684,2.3499999046325684,2.3499999046325684,2.3499999046325684,2.3499999046325684
2018-08-16,2600,2.319999933242798,2.3499999046325684,2.3499999046325684,2.309999942779541,2.3499999046325684
2018-08-15,2200,2.25,2.490000009536743,2.490000009536743,2.25,2.490000009536743
2018-08-14,4400,2.369999885559082,2.380000114440918,2.4000000953674316,2.309999942779541,2.380000114440918
2018-08-13,13000,2.299999952316284,2.299999952316284,2.4200000762939453,2.240000009536743,2.299999952316284
2018-08-10,11200,2.4700000286102295,2.4000000953674316,2.5199999809265137,2.4000000953674316,2.4000000953674316
2018-08-09,4100,2.5199999809265137,2.5,2.5199999809265137,2.5,2.5
2018-08-08,2100,2.569999933242798,2.569999933242798,2.569999933242798,2.569999933242798,2.569999933242798
2018-08-07,500,2.5299999713897705,2.5299999713897705,2.5299999713897705,2.5299999713897705,2.5299999713897705
2018-08-06,7300,2.5299999713897705,2.490000009536743,2.5299999713897705,2.4100000858306885,2.490000009536743
2018-08-03,2700,2.509999990463257,2.4800000190734863,2.509999990463257,2.4800000190734863,2.4800000190734863
2018-08-02,17200,2.4800000190734863,2.549999952316284,2.5799999237060547,2.440000057220459,2.549999952316284
2018-08-01,6600,2.4700000286102295,2.4600000381469727,2.4700000286102295,2.4100000858306885,2.4600000381469727
2018-07-31,17700,2.369999885559082,2.440000057220459,2.440000057220459,2.369999885559082,2.440000057220459
2018-07-30,24400,2.4000000953674316,2.4200000762939453,2.4800000190734863,2.4000000953674316,2.4200000762939453
2018-07-27,17700,2.359999895095825,2.309999942779541,2.359999895095825,2.309999942779541,2.309999942779541
2018-07-26,27500,2.430000066757202,2.4100000858306885,2.4700000286102295,2.390000104904175,2.4100000858306885
2018-07-25,4200,2.440000057220459,2.4000000953674316,2.440000057220459,2.4000000953674316,2.4000000953674316
2018-07-24,7600,2.430000066757202,2.3399999141693115,2.440000057220459,2.319999933242798,2.3399999141693115
2018-07-23,23400,2.3399999141693115,2.3399999141693115,2.569999933242798,2.3399999141693115,2.3399999141693115
2018-07-20,11500,2.309999942779541,2.319999933242798,2.3499999046325684,2.309999942779541,2.319999933242798
2018-07-19,27300,2.299999952316284,2.2899999618530273,2.3399999141693115,2.259999990463257,2.2899999618530273
2018-07-18,12300,2.259999990463257,2.2799999713897705,2.299999952316284,2.25,2.2799999713897705
2018-07-17,8200,2.2799999713897705,2.25,2.2799999713897705,2.25,2.25
2018-07-16,13900,2.240000009536743,2.240000009536743,2.2799999713897705,2.2300000190734863,2.240000009536743
2018-07-13,8800,2.190000057220459,2.190000057220459,2.2100000381469727,2.1600000858306885,2.190000057220459
2018-07-12,6400,2.25,2.2100000381469727,2.25,2.190000057220459,2.2100000381469727
2018-07-11,59300,2.259999990463257,2.1700000762939453,2.2799999713897705,2.1500000953674316,2.1700000762939453
2018-07-10,11800,2.319999933242798,2.299999952316284,2.3399999141693115,2.299999952316284,2.299999952316284
2018-07-09,32300,2.319999933242798,2.390000104904175,2.440000057220459,2.319999933242798,2.390000104904175
2018-07-06,7900,2.2300000190734863,2.369999885559082,2.4100000858306885,2.2200000286102295,2.369999885559082
2018-07-05,9000,2.299999952316284,2.3299999237060547,2.4100000858306885,2.2200000286102295,2.3299999237060547
2018-07-03,4900,2.3499999046325684,2.3299999237060547,2.3499999046325684,2.2799999713897705,2.3299999237060547
2018-07-02,18400,2.380000114440918,2.3399999141693115,2.430000066757202,2.25,2.3399999141693115
2018-06-29,34900,2.3299999237060547,2.430000066757202,2.440000057220459,2.3299999237060547,2.430000066757202
2018-06-28,26200,2.319999933242798,2.2799999713897705,2.4100000858306885,2.25,2.2799999713897705
2018-06-27,6100,2.4000000953674316,2.359999895095825,2.4100000858306885,2.2799999713897705,2.359999895095825
2018-06-26,3200,2.4100000858306885,2.359999895095825,2.4200000762939453,2.359999895095825,2.359999895095825
2018-06-25,5900,2.4200000762939453,2.380000114440918,2.4200000762939453,2.3399999141693115,2.380000114440918
2018-06-22,14300,2.3399999141693115,2.430000066757202,2.430000066757202,2.309999942779541,2.430000066757202
2018-06-21,8800,2.369999885559082,2.3399999141693115,2.4100000858306885,2.3399999141693115,2.3399999141693115
2018-06-20,3300,2.309999942779541,2.430000066757202,2.430000066757202,2.309999942779541,2.430000066757202
2018-06-19,33200,2.3299999237060547,2.319999933242798,2.4100000858306885,2.25,2.319999933242798
2018-06-18,57900,2.549999952316284,2.430000066757202,2.5999999046325684,2.430000066757202,2.430000066757202
2018-06-15,10700,2.6600000858306885,2.5999999046325684,2.6600000858306885,2.5799999237060547,2.5999999046325684
2018-06-14,6700,2.75,2.6600000858306885,2.7799999713897705,2.6600000858306885,2.6600000858306885
2018-06-13,12400,2.799999952316284,2.690000057220459,2.799999952316284,2.690000057220459,2.690000057220459
2018-06-12,4300,2.740000009536743,2.7799999713897705,2.7899999618530273,2.740000009536743,2.7799999713897705
2018-06-11,19600,2.7699999809265137,2.75,2.7899999618530273,2.75,2.75
2018-06-08,23200,2.7300000190734863,2.7899999618530273,2.799999952316284,2.7300000190734863,2.7899999618530273
2018-06-07,25300,2.7699999809265137,2.75,2.799999952316284,2.7300000190734863,2.75
2018-06-06,2700,2.859999895095825,2.8399999141693115,2.869999885559082,2.8399999141693115,2.8399999141693115
2018-06-05,5800,2.819999933242798,2.8399999141693115,2.869999885559082,2.819999933242798,2.8399999141693115
2018-06-04,10500,2.950000047683716,2.8299999237060547,2.950000047683716,2.799999952316284,2.8299999237060547
2018-06-01,8900,3.0,2.9700000286102295,3.0,2.9700000286102295,2.9700000286102295
2018-05-31,13300,2.990000009536743,3.009999990463257,3.009999990463257,2.950000047683716,3.009999990463257
2018-05-30,4800,2.9800000190734863,2.950000047683716,2.9800000190734863,2.950000047683716,2.950000047683716
2018-05-29,13000,3.0399999618530273,3.069999933242798,3.069999933242798,3.0,3.069999933242798
2018-05-25,2300,2.990000009536743,3.009999990463257,3.069999933242798,2.990000009536743,3.009999990463257
2018-05-24,9900,2.9600000381469727,3.069999933242798,3.109999895095825,2.9600000381469727,3.069999933242798
2018-05-23,26200,2.950000047683716,3.0199999809265137,3.0199999809265137,2.880000114440918,3.0199999809265137
2018-05-22,5200,2.9600000381469727,2.9600000381469727,2.9700000286102295,2.950000047683716,2.9600000381469727
2018-05-21,9000,2.8499999046325684,2.940000057220459,2.9600000381469727,2.8499999046325684,2.940000057220459
2018-05-18,7400,2.8499999046325684,2.819999933242798,2.8499999046325684,2.7899999618530273,2.819999933242798
2018-05-17,0,2.809999942779541,2.809999942779541,2.809999942779541,2.809999942779541,2.809999942779541
2018-05-16,0,2.809999942779541,2.809999942779541,2.809999942779541,2.809999942779541,2.809999942779541
2018-05-15,5400,2.7699999809265137,2.809999942779541,2.809999942779541,2.700000047683716,2.809999942779541
2018-05-14,2400,2.7899999618530273,2.799999952316284,2.8399999141693115,2.7799999713897705,2.799999952316284
2018-05-11,1500,2.819999933242798,2.799999952316284,2.819999933242798,2.799999952316284,2.799999952316284
2018-05-10,7100,2.7899999618530273,2.8499999046325684,2.9100000858306885,2.7899999618530273,2.8499999046325684
2018-05-09,1800,2.8299999237060547,2.7799999713897705,2.8299999237060547,2.7699999809265137,2.7799999713897705
2018-05-08,900,2.8399999141693115,2.8399999141693115,2.8399999141693115,2.8399999141693115,2.8399999141693115
2018-05-07,7500,2.9000000953674316,2.8499999046325684,2.9700000286102295,2.8499999046325684,2.8499999046325684
2018-05-04,600,2.940000057220459,2.940000057220459,2.940000057220459,2.940000057220459,2.940000057220459
2018-05-03,14900,2.9000000953674316,2.9600000381469727,2.9600000381469727,2.880000114440918,2.9600000381469727
2018-05-02,5600,2.9100000858306885,2.9200000762939453,2.9200000762939453,2.9100000858306885,2.9200000762939453
2018-05-01,38200,2.8299999237060547,2.880000114440918,2.9200000762939453,2.8299999237060547,2.880000114440918
2018-04-30,3200,2.799999952316284,2.819999933242798,2.8299999237060547,2.7699999809265137,2.819999933242798
2018-04-27,13300,2.7300000190734863,2.7699999809265137,2.8299999237060547,2.7100000381469727,2.7699999809265137
2018-04-26,700,2.799999952316284,2.7899999618530273,2.799999952316284,2.7899999618530273,2.7899999618530273
2018-04-25,9400,2.7200000286102295,2.7699999809265137,2.7699999809265137,2.7200000286102295,2.7699999809265137
2018-04-24,5800,2.7699999809265137,2.75,2.7699999809265137,2.7300000190734863,2.75
2018-04-23,10500,2.890000104904175,2.7799999713897705,2.890000104904175,2.7799999713897705,2.7799999713897705
2018-04-20,0,2.859999895095825,2.859999895095825,2.859999895095825,2.859999895095825,2.859999895095825
2018-04-19,500,2.819999933242798,2.859999895095825,2.869999885559082,2.819999933242798,2.859999895095825
2018-04-18,1000,2.819999933242798,2.819999933242798,2.8299999237060547,2.819999933242798,2.819999933242798
2018-04-17,2100,2.9000000953674316,2.8299999237060547,2.9000000953674316,2.8299999237060547,2.8299999237060547
2018-04-16,45900,2.930000066757202,2.9100000858306885,2.930000066757202,2.869999885559082,2.9100000858306885
2018-04-13,1000,2.8299999237060547,2.859999895095825,2.9100000858306885,2.8299999237060547,2.859999895095825
2018-04-12,100,2.890000104904175,2.890000104904175,2.890000104904175,2.890000104904175,2.890000104904175
2018-04-11,9900,2.8499999046325684,2.8299999237060547,2.869999885559082,2.819999933242798,2.8299999237060547
2018-04-10,4600,2.890000104904175,2.9000000953674316,2.9000000953674316,2.8499999046325684,2.9000000953674316
2018-04-09,6900,2.890000104904175,2.930000066757202,2.930000066757202,2.890000104904175,2.930000066757202
2018-04-06,3800,2.7799999713897705,2.819999933242798,2.859999895095825,2.7799999713897705,2.819999933242798
2018-04-05,42300,2.7699999809265137,2.8499999046325684,2.8499999046325684,2.759999990463257,2.8499999046325684
2018-04-04,5100,2.7799999713897705,2.7699999809265137,2.799999952316284,2.7699999809265137,2.7699999809265137
2018-04-03,30600,2.8499999046325684,2.8299999237060547,2.9200000762939453,2.8299999237060547,2.8299999237060547
2018-04-02,18900,2.8499999046325684,2.819999933242798,2.859999895095825,2.819999933242798,2.819999933242798
2018-03-29,5600,2.799999952316284,2.8399999141693115,2.8399999141693115,2.75,2.8399999141693115
2018-03-28,6700,2.799999952316284,2.75,2.799999952316284,2.740000009536743,2.75
2018-03-27,7900,2.819999933242798,2.7799999713897705,2.819999933242798,2.759999990463257,2.7799999713897705
2018-03-26,18900,2.819999933242798,2.7799999713897705,2.819999933242798,2.75,2.7799999713897705
2018-03-23,15600,2.880000114440918,2.819999933242798,2.880000114440918,2.7899999618530273,2.819999933242798
2018-03-22,200,2.9200000762939453,2.9200000762939453,2.9200000762939453,2.9200000762939453,2.9200000762939453
2018-03-21,7200,2.9100000858306885,2.9600000381469727,2.9600000381469727,2.8499999046325684,2.9600000381469727
2018-03-20,2300,2.9200000762939453,2.8499999046325684,2.950000047683716,2.8499999046325684,2.8499999046325684
2018-03-19,32200,2.930000066757202,2.8399999141693115,2.930000066757202,2.7899999618530273,2.8399999141693115
2018-03-16,9800,2.930000066757202,2.930000066757202,2.940000057220459,2.9200000762939453,2.930000066757202
2018-03-15,6800,2.990000009536743,2.9600000381469727,2.990000009536743,2.940000057220459,2.9600000381469727
2018-03-14,1200,3.0,3.009999990463257,3.009999990463257,3.0,3.009999990463257
2018-03-13,17800,3.009999990463257,3.0299999713897705,3.049999952316284,2.990000009536743,3.0299999713897705
2018-03-12,7100,3.049999952316284,3.0299999713897705,3.049999952316284,3.0,3.0299999713897705
2018-03-09,11000,3.119999885559082,3.049999952316284,3.119999885559082,3.0299999713897705,3.049999952316284
2018-03-08,1000,3.0899999141693115,3.0899999141693115,3.0899999141693115,3.0899999141693115,3.0899999141693115
2018-03-07,14800,3.1600000858306885,3.069999933242798,3.1600000858306885,3.059999942779541,3.069999933242798
2018-03-06,8900,3.1600000858306885,3.130000114440918,3.1600000858306885,3.109999895095825,3.130000114440918
2018-03-05,1900,3.109999895095825,3.109999895095825,3.140000104904175,3.0999999046325684,3.109999895095825
2018-03-02,29300,3.1600000858306885,3.130000114440918,3.1600000858306885,3.0899999141693115,3.130000114440918
2018-03-01,29800,3.0199999809265137,3.0999999046325684,3.0999999046325684,3.0199999809265137,3.0999999046325684
2018-02-28,14700,2.9700000286102295,3.0199999809265137,3.0199999809265137,2.950000047683716,3.0199999809265137
2018-02-27,8900,2.940000057220459,2.9100000858306885,2.9600000381469727,2.9100000858306885,2.9100000858306885
2018-02-26,9100,2.940000057220459,2.9700000286102295,2.9700000286102295,2.940000057220459,2.9700000286102295
2018-02-23,11600,2.950000047683716,2.940000057220459,2.950000047683716,2.9000000953674316,2.940000057220459
2018-02-22,3900,2.9100000858306885,2.9000000953674316,2.9200000762939453,2.890000104904175,2.9000000953674316
2018-02-21,2400,2.8499999046325684,2.880000114440918,2.880000114440918,2.8499999046325684,2.880000114440918
2018-02-20,800,2.930000066757202,2.859999895095825,2.930000066757202,2.8499999046325684,2.859999895095825
2018-02-16,8000,2.9200000762939453,2.9000000953674316,2.940000057220459,2.859999895095825,2.9000000953674316
2018-02-15,5900,2.8399999141693115,2.9200000762939453,2.9200000762939453,2.8399999141693115,2.9200000762939453
2018-02-14,26600,2.9200000762939453,2.8299999237060547,2.950000047683716,2.8299999237060547,2.8299999237060547
2018-02-13,1900,2.9000000953674316,2.9200000762939453,2.9200000762939453,2.890000104904175,2.9200000762939453
2018-02-12,42700,2.819999933242798,2.880000114440918,2.9000000953674316,2.819999933242798,2.880000114440918
2018-02-09,27900,2.940000057220459,2.9000000953674316,2.940000057220459,2.8499999046325684,2.9000000953674316
2018-02-08,4500,2.9000000953674316,2.9000000953674316,2.9600000381469727,2.9000000953674316,2.9000000953674316
2018-02-07,8800,2.9600000381469727,2.950000047683716,2.9600000381469727,2.9000000953674316,2.950000047683716
2018-02-06,13900,2.9000000953674316,2.9700000286102295,2.9700000286102295,2.890000104904175,2.9700000286102295
2018-02-05,31400,2.940000057220459,2.9600000381469727,2.9600000381469727,2.9200000762939453,2.9600000381469727
2018-02-02,36800,2.940000057220459,2.940000057220459,2.9800000190734863,2.940000057220459,2.940000057220459
2018-02-01,10700,3.0,2.9700000286102295,3.0,2.9600000381469727,2.9700000286102295
2018-01-31,65200,3.0,3.009999990463257,3.009999990463257,2.9700000286102295,3.009999990463257
2018-01-30,75200,2.9200000762939453,3.0199999809265137,3.0199999809265137,2.9100000858306885,3.0199999809265137
2018-01-29,29200,2.8399999141693115,2.9000000953674316,2.9100000858306885,2.8399999141693115,2.9000000953674316
2018-01-26,15600,2.809999942779541,2.8299999237060547,2.8399999141693115,2.809999942779541,2.8299999237060547
2018-01-25,18100,2.799999952316284,2.799999952316284,2.8299999237060547,2.799999952316284,2.799999952316284
2018-01-24,16100,2.759999990463257,2.799999952316284,2.799999952316284,2.759999990463257,2.799999952316284
2018-01-23,15400,2.759999990463257,2.759999990463257,2.759999990463257,2.759999990463257,2.759999990463257
2018-01-22,10900,2.8399999141693115,2.7699999809265137,2.8399999141693115,2.7699999809265137,2.7699999809265137
2018-01-19,8000,2.819999933242798,2.7899999618530273,2.819999933242798,2.7899999618530273,2.7899999618530273
2018-01-18,4500,2.809999942779541,2.7699999809265137,2.809999942779541,2.7699999809265137,2.7699999809265137
2018-01-17,2400,2.8399999141693115,2.809999942779541,2.8399999141693115,2.7799999713897705,2.809999942779541
2018-01-16,17000,2.8499999046325684,2.7899999618530273,2.8499999046325684,2.7799999713897705,2.7899999618530273
2018-01-12,13500,2.9000000953674316,2.819999933242798,2.9000000953674316,2.799999952316284,2.819999933242798
2018-01-11,7900,2.8499999046325684,2.869999885559082,2.9000000953674316,2.8499999046325684,2.869999885559082
2018-01-10,2500,2.859999895095825,2.8499999046325684,2.880000114440918,2.8499999046325684,2.8499999046325684
2018-01-09,12900,2.9200000762939453,2.890000104904175,2.9200000762939453,2.819999933242798,2.890000104904175
2018-01-08,3000,2.930000066757202,2.869999885559082,2.940000057220459,2.859999895095825,2.869999885559082
2018-01-05,20300,2.950000047683716,2.950000047683716,2.950000047683716,2.8299999237060547,2.950000047683716
2018-01-04,1700,2.950000047683716,2.9100000858306885,2.950000047683716,2.9100000858306885,2.9100000858306885
2018-01-03,34100,2.799999952316284,2.880000114440918,2.9200000762939453,2.799999952316284,2.880000114440918
2018-01-02,21800,2.799999952316284,2.890000104904175,2.890000104904175,2.799999952316284,2.890000104904175
2017-12-29,18400,2.859999895095825,2.859999895095825,2.869999885559082,2.799999952316284,2.859999895095825
2017-12-28,14600,2.75,2.8499999046325684,2.859999895095825,2.75,2.8499999046325684
2017-12-27,10600,2.7799999713897705,2.8299999237060547,2.859999895095825,2.759999990463257,2.8299999237060547
2017-12-26,21300,2.7899999618530273,2.8299999237060547,2.9200000762939453,2.7899999618530273,2.8299999237060547
2017-12-22,1800,2.7799999713897705,2.799999952316284,2.799999952316284,2.7799999713897705,2.799999952316284
2017-12-21,8400,2.7799999713897705,2.799999952316284,2.799999952316284,2.75,2.799999952316284
2017-12-20,5600,2.7100000381469727,2.75,2.75,2.7100000381469727,2.75
2017-12-19,4500,2.5999999046325684,2.7200000286102295,2.7200000286102295,2.5999999046325684,2.7200000286102295
2017-12-18,15800,2.5999999046325684,2.690000057220459,2.740000009536743,2.5999999046325684,2.690000057220459
2017-12-15,1100,2.799999952316284,2.7899999618530273,2.8399999141693115,2.7899999618530273,2.7899999618530273
2017-12-14,4000,2.7899999618530273,2.7899999618530273,2.799999952316284,2.7899999618530273,2.7899999618530273
2017-12-13,6100,2.75,2.7899999618530273,2.7899999618530273,2.740000009536743,2.7899999618530273
2017-12-12,2500,2.8399999141693115,2.75,2.8399999141693115,2.7300000190734863,2.75
2017-12-11,7300,2.8399999141693115,2.740000009536743,2.8399999141693115,2.7200000286102295,2.740000009536743
2017-12-08,4500,2.799999952316284,2.8399999141693115,2.8399999141693115,2.799999952316284,2.8399999141693115
2017-12-07,23700,2.880000114440918,2.7899999618530273,2.890000104904175,2.7699999809265137,2.7899999618530273
2017-12-06,800,2.9000000953674316,2.9000000953674316,2.9000000953674316,2.9000000953674316,2.9000000953674316
2017-12-05,1800,2.9000000953674316,2.930000066757202,2.930000066757202,2.9000000953674316,2.930000066757202
2017-12-04,5600,2.9100000858306885,2.9100000858306885,2.940000057220459,2.9100000858306885,2.9100000858306885
2017-12-01,1300,2.950000047683716,2.930000066757202,2.950000047683716,2.9100000858306885,2.930000066757202
2017-11-30,1400,2.9200000762939453,2.940000057220459,2.940000057220459,2.9200000762939453,2.940000057220459
2017-11-29,300,2.9100000858306885,2.9100000858306885,2.9100000858306885,2.9100000858306885,2.9100000858306885
2017-11-28,400,2.9200000762939453,2.9200000762939453,2.9200000762939453,2.9200000762939453,2.9200000762939453
2017-11-27,3300,2.9600000381469727,2.9700000286102295,2.9700000286102295,2.9200000762939453,2.9700000286102295
2017-11-24,1100,2.950000047683716,2.9200000762939453,2.950000047683716,2.9200000762939453,2.9200000762939453
2017-11-22,2400,2.9600000381469727,2.9600000381469727,2.9600000381469727,2.9600000381469727,2.9600000381469727
2017-11-21,1800,2.9100000858306885,2.950000047683716,2.9600000381469727,2.9100000858306885,2.950000047683716
2017-11-20,5500,2.9000000953674316,2.9200000762939453,2.940000057220459,2.9000000953674316,2.9200000762939453
2017-11-17,13100,2.9600000381469727,2.9000000953674316,3.0299999713897705,2.880000114440918,2.9000000953674316
2017-11-16,12700,2.950000047683716,2.950000047683716,2.950000047683716,2.890000104904175,2.950000047683716
2017-11-15,5800,2.950000047683716,2.890000104904175,2.950000047683716,2.880000114440918,2.890000104904175
2017-11-14,1600,2.9800000190734863,2.9100000858306885,2.990000009536743,2.9100000858306885,2.9100000858306885
2017-11-13,2600,2.930000066757202,2.930000066757202,2.930000066757202,2.930000066757202,2.930000066757202
2017-11-10,200,2.930000066757202,2.930000066757202,2.930000066757202,2.930000066757202,2.930000066757202
2017-11-09,14900,2.950000047683716,2.9600000381469727,3.0,2.9000000953674316,2.9600000381469727
2017-11-08,8900,2.9000000953674316,2.950000047683716,2.950000047683716,2.890000104904175,2.950000047683716
2017-11-07,1700,2.9600000381469727,2.930000066757202,2.9600000381469727,2.930000066757202,2.930000066757202
2017-11-06,4600,2.890000104904175,2.940000057220459,2.940000057220459,2.890000104904175,2.940000057220459
2017-11-03,1900,2.9000000953674316,2.9100000858306885,2.9100000858306885,2.9000000953674316,2.9100000858306885
2017-11-02,500,2.9100000858306885,2.9100000858306885,2.9100000858306885,2.9100000858306885,2.9100000858306885
2017-11-01,300,2.9600000381469727,2.9600000381469727,2.9600000381469727,2.9600000381469727,2.9600000381469727
2017-10-31,3900,2.950000047683716,2.940000057220459,2.950000047683716,2.890000104904175,2.940000057220459
2017-10-30,24800,2.890000104904175,2.9200000762939453,2.940000057220459,2.890000104904175,2.9200000762939453
2017-10-27,17200,2.930000066757202,2.880000114440918,2.930000066757202,2.880000114440918,2.880000114440918
2017-10-26,6000,2.9100000858306885,2.890000104904175,2.9100000858306885,2.890000104904175,2.890000104904175
2017-10-25,2700,2.9100000858306885,2.9100000858306885,2.990000009536743,2.9100000858306885,2.9100000858306885
2017-10-24,1500,2.9000000953674316,2.940000057220459,2.940000057220459,2.9000000953674316,2.940000057220459
2017-10-23,25200,2.880000114440918,2.930000066757202,2.930000066757202,2.880000114440918,2.930000066757202
2017-10-20,8300,2.9100000858306885,2.880000114440918,2.9100000858306885,2.880000114440918,2.880000114440918
2017-10-19,17200,2.9000000953674316,2.9000000953674316,2.9700000286102295,2.9000000953674316,2.9000000953674316
2017-10-18,900,2.950000047683716,2.940000057220459,2.950000047683716,2.940000057220459,2.940000057220459
2017-10-17,7600,2.9200000762939453,2.9200000762939453,2.9800000190734863,2.9100000858306885,2.9200000762939453
2017-10-16,3500,2.9200000762939453,2.930000066757202,3.0,2.9200000762939453,2.930000066757202
2017-10-13,8900,3.0199999809265137,2.9700000286102295,3.0199999809265137,2.9700000286102295,2.9700000286102295
2017-10-12,3600,2.9200000762939453,2.950000047683716,2.9800000190734863,2.9200000762939453,2.950000047683716
2017-10-11,300,2.9100000858306885,2.9100000858306885,2.9100000858306885,2.890000104904175,2.9100000858306885
2017-10-10,4500,2.880000114440918,2.9100000858306885,2.940000057220459,2.880000114440918,2.9100000858306885
2017-10-09,37500,2.9000000953674316,2.9000000953674316,2.940000057220459,2.9000000953674316,2.9000000953674316
2017-10-06,800,2.9700000286102295,2.9600000381469727,2.9700000286102295,2.9600000381469727,2.9600000381469727
2017-10-05,7200,2.9800000190734863,2.990000009536743,3.0,2.9700000286102295,2.990000009536743
2017-10-04,15200,2.9600000381469727,2.9700000286102295,2.990000009536743,2.9600000381469727,2.9700000286102295
2017-10-03,700,3.0,2.990000009536743,3.0,2.990000009536743,2.990000009536743
2017-10-02,1000,3.009999990463257,2.9800000190734863,3.009999990463257,2.9800000190734863,2.9800000190734863
2017-09-29,4500,3.059999942779541,3.0199999809265137,3.059999942779541,3.009999990463257,3.0199999809265137
2017-09-28,6300,3.0299999713897705,3.0299999713897705,3.0299999713897705,2.9700000286102295,3.0299999713897705
2017-09-27,18500,3.0,3.0,3.0199999809265137,2.9700000286102295,3.0
2017-09-26,6600,3.109999895095825,3.0,3.109999895095825,3.0,3.0
2017-09-25,125500,3.0299999713897705,3.009999990463257,3.0999999046325684,3.0,3.009999990463257
2017-09-22,1700,3.0899999141693115,3.0799999237060547,3.119999885559082,3.0799999237060547,3.0799999237060547
2017-09-21,1300,3.0899999141693115,3.0899999141693115,3.1600000858306885,3.0899999141693115,3.0899999141693115
2017-09-20,700,3.109999895095825,3.130000114440918,3.1600000858306885,3.109999895095825,3.130000114440918
2017-09-19,9500,3.140000104904175,3.0899999141693115,3.140000104904175,3.069999933242798,3.0899999141693115
2017-09-18,1100,3.0799999237060547,3.119999885559082,3.119999885559082,3.0799999237060547,3.119999885559082
2017-09-15,2000,3.1600000858306885,3.0799999237060547,3.1600000858306885,3.0799999237060547,3.0799999237060547
2017-09-14,10200,3.0999999046325684,3.180000066757202,3.180000066757202,3.0999999046325684,3.180000066757202
2017-09-13,6000,3.0799999237060547,3.0799999237060547,3.0799999237060547,3.049999952316284,3.0799999237060547
2017-09-12,17400,3.059999942779541,3.059999942779541,3.119999885559082,3.009999990463257,3.059999942779541
2017-09-11,2800,3.0899999141693115,3.0799999237060547,3.0899999141693115,3.0799999237060547,3.0799999237060547
2017-09-08,14200,3.1500000953674316,3.1500000953674316,3.1700000762939453,3.109999895095825,3.1500000953674316
2017-09-07,3600,3.180000066757202,3.140000104904175,3.180000066757202,3.140000104904175,3.140000104904175
2017-09-06,3200,3.109999895095825,3.140000104904175,3.140000104904175,3.109999895095825,3.140000104904175
2017-09-05,2300,3.0799999237060547,3.069999933242798,3.0899999141693115,3.059999942779541,3.069999933242798
2017-09-01,1600,3.069999933242798,3.059999942779541,3.0899999141693115,3.059999942779541,3.059999942779541
2017-08-31,3000,2.990000009536743,3.049999952316284,3.049999952316284,2.990000009536743,3.049999952316284
2017-08-30,11200,3.0199999809265137,2.990000009536743,3.0199999809265137,2.990000009536743,2.990000009536743
2017-08-29,1900,3.0,3.009999990463257,3.0199999809265137,3.0,3.009999990463257
2017-08-28,9900,3.0999999046325684,3.009999990463257,3.0999999046325684,3.009999990463257,3.009999990463257
2017-08-25,12300,3.0199999809265137,3.0899999141693115,3.0899999141693115,3.009999990463257,3.0899999141693115
2017-08-24,10000,2.9700000286102295,2.9800000190734863,3.0799999237060547,2.9600000381469727,2.9800000190734863
2017-08-23,10400,2.9700000286102295,2.9700000286102295,3.0,2.9600000381469727,2.9700000286102295
2017-08-22,400,3.009999990463257,3.0,3.0799999237060547,3.0,3.0
2017-08-21,2300,3.049999952316284,3.0399999618530273,3.049999952316284,3.0399999618530273,3.0399999618530273
2017-08-18,10600,2.990000009536743,3.0299999713897705,3.049999952316284,2.990000009536743,3.0299999713897705
2017-08-17,7800,3.0,2.990000009536743,3.0,2.9700000286102295,2.990000009536743
2017-08-16,18200,3.069999933242798,3.009999990463257,3.069999933242798,2.9600000381469727,3.009999990463257
2017-08-15,135300,3.109999895095825,3.069999933242798,3.119999885559082,2.9600000381469727,3.069999933242798
2017-08-14,11800,3.059999942779541,3.0299999713897705,3.0799999237060547,2.990000009536743,3.0299999713897705
2017-08-11,12600,3.0,3.059999942779541,3.140000104904175,2.990000009536743,3.059999942779541
2017-08-10,15200,3.140000104904175,3.0299999713897705,3.240000009536743,3.0299999713897705,3.0299999713897705
2017-08-09,14300,3.2300000190734863,3.140000104904175,3.2300000190734863,3.119999885559082,3.140000104904175
2017-08-08,4500,3.3499999046325684,3.2200000286102295,3.3499999046325684,3.2200000286102295,3.2200000286102295
2017-08-07,2100,3.3499999046325684,3.2899999618530273,3.3499999046325684,3.200000047683716,3.2899999618530273
2017-08-04,16000,3.3499999046325684,3.2300000190734863,3.3499999046325684,3.2300000190734863,3.2300000190734863
2017-08-03,14400,3.4100000858306885,3.3499999046325684,3.4100000858306885,3.3499999046325684,3.3499999046325684
2017-08-02,900,3.4000000953674316,3.4100000858306885,3.4100000858306885,3.359999895095825,3.4100000858306885
2017-08-01,2400,3.450000047683716,3.3499999046325684,3.450000047683716,3.3499999046325684,3.3499999046325684
2017-07-31,15200,3.4200000762939453,3.430000066757202,3.4700000286102295,3.359999895095825,3.430000066757202
2017-07-28,3300,3.3499999046325684,3.3499999046325684,3.3499999046325684,3.3499999046325684,3.3499999046325684
2017-07-27,9400,3.450000047683716,3.450000047683716,3.5,3.390000104904175,3.450000047683716
2017-07-26,4900,3.359999895095825,3.430000066757202,3.440000057220459,3.359999895095825,3.430000066757202
2017-07-25,13100,3.450000047683716,3.359999895095825,3.450000047683716,3.3399999141693115,3.359999895095825
2017-07-24,7300,3.6500000953674316,3.5199999809265137,3.6500000953674316,3.4000000953674316,3.5199999809265137
2017-07-21,5500,3.5999999046325684,3.490000009536743,3.640000104904175,3.440000057220459,3.490000009536743
2017-07-20,9600,3.5899999141693115,3.5899999141693115,3.5999999046325684,3.569999933242798,3.5899999141693115
2017-07-19,3900,3.619999885559082,3.559999942779541,3.640000104904175,3.559999942779541,3.559999942779541
2017-07-18,27400,3.569999933242798,3.559999942779541,3.619999885559082,3.559999942779541,3.559999942779541
2017-07-17,21200,3.609999895095825,3.5199999809265137,3.609999895095825,3.450000047683716,3.5199999809265137
2017-07-14,13200,3.5999999046325684,3.559999942779541,3.5999999046325684,3.4700000286102295,3.559999942779541
2017-07-13,24300,3.559999942779541,3.4800000190734863,3.5899999141693115,3.4600000381469727,3.4800000190734863
2017-07-12,18500,3.759999990463257,3.5999999046325684,3.759999990463257,3.5999999046325684,3.5999999046325684
2017-07-11,29800,3.7100000381469727,3.799999952316284,3.809999942779541,3.630000114440918,3.799999952316284
2017-07-10,45700,3.6600000858306885,3.7100000381469727,3.7300000190734863,3.5899999141693115,3.7100000381469727
2017-07-07,10700,3.5199999809265137,3.609999895095825,3.630000114440918,3.5199999809265137,3.609999895095825
2017-07-06,13700,3.630000114440918,3.559999942779541,3.630000114440918,3.5199999809265137,3.559999942779541
2017-07-05,62300,3.5999999046325684,3.5999999046325684,3.680000066757202,3.559999942779541,3.5999999046325684
2017-07-03,52200,3.4000000953674316,3.5899999141693115,3.5899999141693115,3.4000000953674316,3.5899999141693115
2017-06-30,24500,3.200000047683716,3.3399999141693115,3.4000000953674316,3.200000047683716,3.3399999141693115
2017-06-29,10100,3.049999952316284,3.130000114440918,3.140000104904175,3.049999952316284,3.130000114440918
2017-06-28,21400,3.0,3.0199999809265137,3.049999952316284,3.0,3.0199999809265137
2017-06-27,15700,3.0899999141693115,3.0399999618530273,3.0899999141693115,2.990000009536743,3.0399999618530273
2017-06-26,25600,3.049999952316284,3.0199999809265137,3.059999942779541,3.0,3.0199999809265137
2017-06-23,4900,3.0,3.109999895095825,3.1500000953674316,3.0,3.109999895095825
2017-06-22,7500,3.109999895095825,3.009999990463257,3.119999885559082,3.0,3.009999990463257
2017-06-21,2100,3.119999885559082,3.119999885559082,3.119999885559082,3.119999885559082,3.119999885559082
2017-06-20,1000,3.119999885559082,3.119999885559082,3.1700000762939453,3.119999885559082,3.119999885559082
2017-06-19,3500,3.1500000953674316,3.200000047683716,3.25,3.1500000953674316,3.200000047683716
2017-06-16,900,3.2799999713897705,3.190000057220459,3.2799999713897705,3.1600000858306885,3.190000057220459
2017-06-15,13400,3.1600000858306885,3.140000104904175,3.240000009536743,3.140000104904175,3.140000104904175
2017-06-14,14800,3.25,3.1500000953674316,3.25,3.1500000953674316,3.1500000953674316
2017-06-13,2800,3.1600000858306885,3.180000066757202,3.25,3.1600000858306885,3.180000066757202
2017-06-12,13700,3.2300000190734863,3.180000066757202,3.2300000190734863,3.1500000953674316,3.180000066757202
2017-06-09,2200,3.2200000286102295,3.200000047683716,3.299999952316284,3.200000047683716,3.200000047683716
2017-06-08,13800,3.2799999713897705,3.2799999713897705,3.2899999618530273,3.2100000381469727,3.2799999713897705
2017-06-07,11500,3.180000066757202,3.2100000381469727,3.299999952316284,3.180000066757202,3.2100000381469727
2017-06-06,10500,3.119999885559082,3.190000057220459,3.200000047683716,3.119999885559082,3.190000057220459
2017-06-05,6600,3.0799999237060547,3.109999895095825,3.140000104904175,3.069999933242798,3.109999895095825
2017-06-02,5500,3.130000114440918,3.109999895095825,3.130000114440918,3.0999999046325684,3.109999895095825
2017-06-01,1600,3.1500000953674316,3.119999885559082,3.1500000953674316,3.109999895095825,3.119999885559082
2017-05-31,6000,3.299999952316284,3.1500000953674316,3.299999952316284,3.1500000953674316,3.1500000953674316
2017-05-30,4900,3.25,3.2100000381469727,3.25,3.1500000953674316,3.2100000381469727
2017-05-26,3600,3.2799999713897705,3.2799999713897705,3.2799999713897705,3.25,3.2799999713897705
2017-05-25,2200,3.25,3.299999952316284,3.299999952316284,3.25,3.299999952316284
2017-05-24,2000,3.3299999237060547,3.25,3.3299999237060547,3.25,3.25
2017-05-23,1500,3.319999933242798,3.2699999809265137,3.319999933242798,3.2699999809265137,3.2699999809265137
2017-05-22,10200,3.2899999618530273,3.3499999046325684,3.430000066757202,3.2899999618530273,3.3499999046325684
2017-05-19,21100,3.2300000190734863,3.309999942779541,3.3399999141693115,3.2300000190734863,3.309999942779541
2017-05-18,8800,3.2699999809265137,3.2300000190734863,3.2899999618530273,3.200000047683716,3.2300000190734863
2017-05-17,1100,3.2100000381469727,3.2799999713897705,3.2799999713897705,3.2100000381469727,3.2799999713897705
2017-05-16,5000,3.3499999046325684,3.2200000286102295,3.3499999046325684,3.2100000381469727,3.2200000286102295
2017-05-15,10800,3.2200000286102295,3.200000047683716,3.3299999237060547,3.200000047683716,3.200000047683716
2017-05-12,5200,3.200000047683716,3.2899999618530273,3.3499999046325684,3.200000047683716,3.2899999618530273
2017-05-11,24800,3.299999952316284,3.2100000381469727,3.319999933242798,3.2100000381469727,3.2100000381469727
2017-05-10,12000,3.380000114440918,3.240000009536743,3.380000114440918,3.2100000381469727,3.240000009536743
2017-05-09,3500,3.200000047683716,3.200000047683716,3.2200000286102295,3.190000057220459,3.200000047683716
2017-05-08,1700,3.259999990463257,3.190000057220459,3.259999990463257,3.119999885559082,3.190000057220459
2017-05-05,5000,3.3399999141693115,3.2799999713897705,3.3399999141693115,3.109999895095825,3.2799999713897705
2017-05-04,12500,3.299999952316284,3.2200000286102295,3.299999952316284,3.2100000381469727,3.2200000286102295
2017-05-03,2500,3.380000114440918,3.3399999141693115,3.440000057220459,3.3399999141693115,3.3399999141693115
2017-05-02,35400,3.4800000190734863,3.359999895095825,3.5,3.3399999141693115,3.359999895095825
2017-05-01,130900,3.2799999713897705,3.369999885559082,3.509999990463257,3.2799999713897705,3.369999885559082
2017-04-28,800,3.309999942779541,3.319999933242798,3.319999933242798,3.309999942779541,3.319999933242798
2017-04-27,4600,3.299999952316284,3.2799999713897705,3.3299999237060547,3.240000009536743,3.2799999713897705
2017-04-26,3200,3.359999895095825,3.2300000190734863,3.390000104904175,3.2200000286102295,3.2300000190734863
2017-04-25,16500,3.309999942779541,3.2799999713897705,3.359999895095825,3.2799999713897705,3.2799999713897705
2017-04-24,4500,3.2899999618530273,3.359999895095825,3.390000104904175,3.2899999618530273,3.359999895095825
2017-04-21,18800,3.259999990463257,3.2799999713897705,3.2899999618530273,3.200000047683716,3.2799999713897705
2017-04-20,65000,3.4000000953674316,3.259999990463257,3.4200000762939453,3.259999990463257,3.259999990463257
2017-04-19,9900,3.4000000953674316,3.4000000953674316,3.4600000381469727,3.4000000953674316,3.4000000953674316
2017-04-18,4900,3.4200000762939453,3.390000104904175,3.430000066757202,3.380000114440918,3.390000104904175
2017-04-17,2000,3.4200000762939453,3.430000066757202,3.450000047683716,3.4000000953674316,3.430000066757202
2017-04-13,32500,3.390000104904175,3.390000104904175,3.509999990463257,3.390000104904175,3.390000104904175
2017-04-12,3700,3.359999895095825,3.3499999046325684,3.390000104904175,3.3499999046325684,3.3499999046325684
2017-04-11,29100,3.4000000953674316,3.380000114440918,3.4000000953674316,3.359999895095825,3.380000114440918
2017-04-10,2000,3.4000000953674316,3.380000114440918,3.4000000953674316,3.299999952316284,3.380000114440918
2017-04-07,6500,3.3399999141693115,3.299999952316284,3.3399999141693115,3.299999952316284,3.299999952316284
2017-04-06,15900,3.299999952316284,3.309999942779541,3.3299999237060547,3.299999952316284,3.309999942779541
2017-04-05,32100,3.450000047683716,3.309999942779541,3.450000047683716,3.299999952316284,3.309999942779541
2017-04-04,4300,3.450000047683716,3.390000104904175,3.4700000286102295,3.380000114440918,3.390000104904175
2017-04-03,14700,3.359999895095825,3.369999885559082,3.509999990463257,3.359999895095825,3.369999885559082
2017-03-31,46000,3.4200000762939453,3.4200000762939453,3.450000047683716,3.3299999237060547,3.4200000762939453
2017-03-30,1600,3.430000066757202,3.4000000953674316,3.430000066757202,3.4000000953674316,3.4000000953674316
2017-03-29,6500,3.5,3.4600000381469727,3.5,3.4600000381469727,3.4600000381469727
2017-03-28,1900,3.5399999618530273,3.5399999618530273,3.5399999618530273,3.5399999618530273,3.5399999618530273
2017-03-27,1200,3.450000047683716,3.450000047683716,3.450000047683716,3.450000047683716,3.450000047683716
2017-03-24,3800,3.509999990463257,3.4600000381469727,3.559999942779541,3.4600000381469727,3.4600000381469727
2017-03-23,0,3.509999990463257,3.509999990463257,3.509999990463257,3.509999990463257,3.509999990463257
2017-03-22,3300,3.5199999809265137,3.509999990463257,3.569999933242798,3.5,3.509999990463257
2017-03-21,1900,3.549999952316284,3.5399999618530273,3.5999999046325684,3.5399999618530273,3.5399999618530273
2017-03-20,11800,3.5999999046325684,3.5799999237060547,3.619999885559082,3.5799999237060547,3.5799999237060547
2017-03-17,1800,3.6500000953674316,3.609999895095825,3.6500000953674316,3.5999999046325684,3.609999895095825
2017-03-16,7900,3.630000114440918,3.6500000953674316,3.6500000953674316,3.630000114440918,3.6500000953674316
2017-03-15,2500,3.5799999237060547,3.5799999237060547,3.5799999237060547,3.5799999237060547,3.5799999237060547
2017-03-14,3800,3.5999999046325684,3.5399999618530273,3.7899999618530273,3.5399999618530273,3.5399999618530273
2017-03-13,20500,3.690000057220459,3.609999895095825,3.740000009536743,3.5999999046325684,3.609999895095825
2017-03-10,13600,3.569999933242798,3.640000104904175,3.6600000858306885,3.569999933242798,3.640000104904175
2017-03-09,23900,3.859999895095825,3.630000114440918,3.859999895095825,3.619999885559082,3.630000114440918
2017-03-08,7100,3.75,3.859999895095825,3.859999895095825,3.7200000286102295,3.859999895095825
2017-03-07,1100,3.890000104904175,3.890000104904175,3.890000104904175,3.799999952316284,3.890000104904175
2017-03-06,11600,4.0,3.9000000953674316,4.0,3.880000114440918,3.9000000953674316
2017-03-03,1200,3.9200000762939453,3.869999885559082,3.9200000762939453,3.859999895095825,3.869999885559082
2017-03-02,4800,3.880000114440918,3.9100000858306885,3.9100000858306885,3.880000114440918,3.9100000858306885
2017-03-01,4200,3.950000047683716,3.950000047683716,3.950000047683716,3.8299999237060547,3.950000047683716
2017-02-28,8000,3.809999942779541,3.9200000762939453,3.9600000381469727,3.809999942779541,3.9200000762939453
2017-02-27,6400,3.8499999046325684,3.8499999046325684,3.880000114440918,3.8299999237060547,3.8499999046325684
2017-02-24,7300,3.880000114440918,3.809999942779541,3.9000000953674316,3.799999952316284,3.809999942779541
2017-02-23,24000,3.9700000286102295,3.890000104904175,3.9700000286102295,3.880000114440918,3.890000104904175
2017-02-22,12200,4.010000228881836,4.070000171661377,4.079999923706055,3.9700000286102295,4.070000171661377
2017-02-21,2100,3.9700000286102295,3.9800000190734863,4.019999980926514,3.9700000286102295,3.9800000190734863
2017-02-17,17000,4.079999923706055,4.059999942779541,4.079999923706055,3.9800000190734863,4.059999942779541
2017-02-16,40400,4.119999885559082,4.079999923706055,4.179999828338623,4.070000171661377,4.079999923706055
2017-02-15,44200,4.0,4.110000133514404,4.119999885559082,4.0,4.110000133514404
2017-02-14,16900,3.940000057220459,3.9700000286102295,4.010000228881836,3.940000057220459,3.9700000286102295
2017-02-13,6000,3.9200000762939453,3.9600000381469727,4.0,3.9200000762939453,3.9600000381469727
2017-02-10,4500,3.9000000953674316,3.890000104904175,3.930000066757202,3.890000104904175,3.890000104904175
2017-02-09,5200,3.930000066757202,3.9000000953674316,3.930000066757202,3.9000000953674316,3.9000000953674316
2017-02-08,9200,3.9000000953674316,3.9100000858306885,3.930000066757202,3.890000104904175,3.9100000858306885
2017-02-07,4200,3.890000104904175,3.9000000953674316,3.950000047683716,3.880000114440918,3.9000000953674316
2017-02-06,11200,3.9000000953674316,3.8499999046325684,3.940000057220459,3.8499999046325684,3.8499999046325684
2017-02-03,59700,3.950000047683716,3.859999895095825,4.079999923706055,3.859999895095825,3.859999895095825
2017-02-02,116200,3.869999885559082,3.9000000953674316,4.119999885559082,3.859999895095825,3.9000000953674316
2017-02-01,56900,3.7699999809265137,3.8299999237060547,3.9700000286102295,3.7699999809265137,3.8299999237060547
2017-01-31,117400,3.759999990463257,3.799999952316284,3.950000047683716,3.7200000286102295,3.799999952316284
2017-01-30,66900,3.9100000858306885,3.75,3.9100000858306885,3.690000057220459,3.75
2017-01-27,6700,3.9600000381469727,3.9200000762939453,3.9600000381469727,3.9100000858306885,3.9200000762939453
2017-01-26,2100,3.9800000190734863,3.9200000762939453,3.9800000190734863,3.9100000858306885,3.9200000762939453
2017-01-25,5000,3.990000009536743,3.9600000381469727,3.990000009536743,3.9000000953674316,3.9600000381469727
2017-01-24,15300,3.990000009536743,3.9700000286102295,3.990000009536743,3.940000057220459,3.9700000286102295
2017-01-23,23900,3.9100000858306885,3.940000057220459,3.950000047683716,3.9100000858306885,3.940000057220459
2017-01-20,46500,3.799999952316284,3.890000104904175,3.9000000953674316,3.799999952316284,3.890000104904175
2017-01-19,37000,3.8399999141693115,3.9000000953674316,3.9600000381469727,3.8399999141693115,3.9000000953674316
2017-01-18,37100,3.8499999046325684,3.930000066757202,3.9800000190734863,3.8399999141693115,3.930000066757202
2017-01-17,45100,3.890000104904175,3.8499999046325684,3.9100000858306885,3.819999933242798,3.8499999046325684
2017-01-13,11600,3.7100000381469727,3.869999885559082,3.869999885559082,3.700000047683716,3.869999885559082
2017-01-12,4800,3.6600000858306885,3.7200000286102295,3.75,3.6600000858306885,3.7200000286102295
2017-01-11,39700,3.609999895095825,3.640000104904175,3.7100000381469727,3.5999999046325684,3.640000104904175
2017-01-10,47400,3.640000104904175,3.740000009536743,3.7899999618530273,3.640000104904175,3.740000009536743
2017-01-09,45400,3.680000066757202,3.7200000286102295,3.75,3.619999885559082,3.7200000286102295
2017-01-06,26200,3.640000104904175,3.7100000381469727,3.740000009536743,3.640000104904175,3.7100000381469727
2017-01-05,41400,3.5899999141693115,3.6500000953674316,3.7899999618530273,3.5899999141693115,3.6500000953674316
2017-01-04,2800,3.559999942779541,3.609999895095825,3.6500000953674316,3.5399999618530273,3.609999895095825
2017-01-03,30000,3.5,3.5199999809265137,3.640000104904175,3.490000009536743,3.5199999809265137
2016-12-30,6100,3.490000009536743,3.4800000190734863,3.5799999237060547,3.4700000286102295,3.4800000190734863
2016-12-29,18600,3.4800000190734863,3.569999933242798,3.569999933242798,3.4600000381469727,3.569999933242798
2016-12-28,110500,3.569999933242798,3.450000047683716,3.5999999046325684,3.4200000762939453,3.450000047683716
2016-12-27,90600,3.4200000762939453,3.559999942779541,3.559999942779541,3.369999885559082,3.559999942779541
2016-12-23,131600,3.4600000381469727,3.5299999713897705,3.5299999713897705,3.319999933242798,3.5299999713897705
2016-12-22,81800,3.490000009536743,3.4600000381469727,3.5299999713897705,3.359999895095825,3.4600000381469727
2016-12-21,64200,3.5399999618530273,3.490000009536743,3.5799999237060547,3.4200000762939453,3.490000009536743
2016-12-20,68600,3.5399999618530273,3.509999990463257,3.5799999237060547,3.4000000953674316,3.509999990463257
2016-12-19,28700,3.609999895095825,3.5999999046325684,3.6500000953674316,3.5799999237060547,3.5999999046325684
2016-12-16,37800,3.5799999237060547,3.5399999618530273,3.6500000953674316,3.5199999809265137,3.5399999618530273
2016-12-15,4600,3.6500000953674316,3.619999885559082,3.6500000953674316,3.549999952316284,3.619999885559082
2016-12-14,10000,3.680000066757202,3.5999999046325684,3.690000057220459,3.5999999046325684,3.5999999046325684
2016-12-13,23200,3.680000066757202,3.640000104904175,3.700000047683716,3.619999885559082,3.640000104904175
2016-12-12,30400,3.559999942779541,3.5999999046325684,3.690000057220459,3.559999942779541,3.5999999046325684
2016-12-09,23900,3.5999999046325684,3.559999942779541,3.5999999046325684,3.5199999809265137,3.559999942779541
2016-12-08,10600,3.5799999237060547,3.559999942779541,3.5999999046325684,3.559999942779541,3.559999942779541
2016-12-07,5700,3.5399999618530273,3.5799999237060547,3.680000066757202,3.5399999618530273,3.5799999237060547
2016-12-06,5700,3.690000057220459,3.5999999046325684,3.690000057220459,3.5799999237060547,3.5999999046325684
2016-12-05,5600,3.5299999713897705,3.5299999713897705,3.690000057220459,3.5,3.5299999713897705
2016-12-02,1400,3.5299999713897705,3.4700000286102295,3.5999999046325684,3.4700000286102295,3.4700000286102295
2016-12-01,3900,3.5199999809265137,3.569999933242798,3.5999999046325684,3.509999990463257,3.569999933242798
2016-11-30,3100,3.569999933242798,3.5399999618530273,3.569999933242798,3.5199999809265137,3.5399999618530273
2016-11-29,2700,3.630000114440918,3.549999952316284,3.630000114440918,3.549999952316284,3.549999952316284
2016-11-28,5000,3.5999999046325684,3.609999895095825,3.6600000858306885,3.5899999141693115,3.609999895095825
2016-11-25,2000,3.609999895095825,3.6500000953674316,3.6500000953674316,3.609999895095825,3.6500000953674316
2016-11-23,2100,3.690000057220459,3.6700000762939453,3.690000057220459,3.6700000762939453,3.6700000762939453
2016-11-22,2500,3.700000047683716,3.680000066757202,3.700000047683716,3.680000066757202,3.680000066757202
2016-11-21,17800,3.549999952316284,3.690000057220459,3.690000057220459,3.549999952316284,3.690000057220459
2016-11-18,0,3.549999952316284,3.549999952316284,3.549999952316284,3.549999952316284,3.549999952316284
2016-11-17,2000,3.549999952316284,3.549999952316284,3.549999952316284,3.5199999809265137,3.549999952316284
2016-11-16,4700,3.5199999809265137,3.5199999809265137,3.5199999809265137,3.509999990463257,3.5199999809265137
2016-11-15,1400,3.5399999618530273,3.5199999809265137,3.559999942779541,3.5199999809265137,3.5199999809265137
2016-11-14,2800,3.6600000858306885,3.640000104904175,3.6600000858306885,3.5899999141693115,3.640000104904175
2016-11-11,8500,3.700000047683716,3.5999999046325684,3.700000047683716,3.5999999046325684,3.5999999046325684
2016-11-10,4100,3.6600000858306885,3.700000047683716,3.700000047683716,3.6600000858306885,3.700000047683716
2016-11-09,3900,3.75,3.690000057220459,3.75,3.690000057220459,3.690000057220459
2016-11-08,5900,3.9000000953674316,3.740000009536743,3.9100000858306885,3.740000009536743,3.740000009536743
2016-11-07,3000,3.6700000762939453,3.740000009536743,3.740000009536743,3.6700000762939453,3.740000009536743
2016-11-04,2800,3.630000114440918,3.6700000762939453,3.680000066757202,3.619999885559082,3.6700000762939453
2016-11-03,2500,3.6500000953674316,3.680000066757202,3.740000009536743,3.630000114440918,3.680000066757202
2016-11-02,6700,3.799999952316284,3.680000066757202,3.819999933242798,3.680000066757202,3.680000066757202
2016-11-01,1700,3.809999942779541,3.75,3.880000114440918,3.75,3.75
2016-10-31,0,3.809999942779541,3.809999942779541,3.809999942779541,3.809999942779541,3.809999942779541
2016-10-28,3300,3.7699999809265137,3.809999942779541,3.809999942779541,3.7699999809265137,3.809999942779541
2016-10-27,3600,3.869999885559082,3.9100000858306885,3.930000066757202,3.869999885559082,3.9100000858306885
2016-10-26,4800,3.7799999713897705,3.890000104904175,3.950000047683716,3.7799999713897705,3.890000104904175
2016-10-25,2900,3.740000009536743,3.7799999713897705,3.9000000953674316,3.740000009536743,3.7799999713897705
2016-10-24,2700,3.8299999237060547,3.8499999046325684,3.8499999046325684,3.8299999237060547,3.8499999046325684
2016-10-21,3300,3.8299999237060547,3.819999933242798,3.8299999237060547,3.819999933242798,3.819999933242798
2016-10-20,800,3.930000066757202,3.740000009536743,3.950000047683716,3.740000009536743,3.740000009536743
2016-10-19,6100,3.940000057220459,3.869999885559082,3.950000047683716,3.869999885559082,3.869999885559082
2016-10-18,9200,3.819999933242798,3.940000057220459,3.940000057220459,3.819999933242798,3.940000057220459
2016-10-17,7100,3.809999942779541,3.759999990463257,3.8399999141693115,3.7300000190734863,3.759999990463257
2016-10-14,1400,3.940000057220459,3.880000114440918,3.940000057220459,3.880000114440918,3.880000114440918
2016-10-13,8700,3.700000047683716,3.880000114440918,3.880000114440918,3.690000057220459,3.880000114440918
2016-10-12,5000,3.9200000762939453,3.7100000381469727,3.9200000762939453,3.700000047683716,3.7100000381469727
2016-10-11,3600,3.880000114440918,3.8299999237060547,3.880000114440918,3.819999933242798,3.8299999237060547
2016-10-10,2000,3.819999933242798,3.8299999237060547,3.8299999237060547,3.819999933242798,3.8299999237060547
2016-10-07,4800,3.809999942779541,3.740000009536743,3.950000047683716,3.740000009536743,3.740000009536743
2016-10-06,5700,3.9100000858306885,3.8399999141693115,3.9100000858306885,3.759999990463257,3.8399999141693115
2016-10-05,12600,3.7200000286102295,3.930000066757202,3.930000066757202,3.7200000286102295,3.930000066757202
2016-10-04,19700,3.759999990463257,3.7300000190734863,3.7699999809265137,3.7200000286102295,3.7300000190734863
2016-10-03,16900,3.630000114440918,3.7200000286102295,3.7200000286102295,3.609999895095825,3.7200000286102295
2016-09-30,12200,3.700000047683716,3.6500000953674316,3.7699999809265137,3.6500000953674316,3.6500000953674316
2016-09-29,1100,3.740000009536743,3.740000009536743,3.880000114440918,3.740000009536743,3.740000009536743
2016-09-28,1300,3.75,3.7799999713897705,3.7799999713897705,3.740000009536743,3.7799999713897705
2016-09-27,6900,3.7300000190734863,3.740000009536743,3.7699999809265137,3.7300000190734863,3.740000009536743
2016-09-26,3000,3.700000047683716,3.759999990463257,3.759999990463257,3.700000047683716,3.759999990463257
2016-09-23,2100,3.700000047683716,3.7799999713897705,3.7899999618530273,3.6700000762939453,3.7799999713897705
2016-09-22,7000,3.7799999713897705,3.8299999237060547,3.8299999237060547,3.6700000762939453,3.8299999237060547
2016-09-21,5600,3.75,3.7899999618530273,3.8499999046325684,3.75,3.7899999618530273
2016-09-20,4400,3.700000047683716,3.700000047683716,3.7100000381469727,3.6600000858306885,3.700000047683716
2016-09-19,10300,3.819999933242798,3.700000047683716,3.9000000953674316,3.700000047683716,3.700000047683716
2016-09-16,9500,3.640000104904175,3.7899999618530273,3.7899999618530273,3.640000104904175,3.7899999618530273
2016-09-15,4400,3.5999999046325684,3.6500000953674316,3.6500000953674316,3.5999999046325684,3.6500000953674316
2016-09-14,3500,3.680000066757202,3.680000066757202,3.680000066757202,3.5399999618530273,3.680000066757202
2016-09-13,7700,3.7799999713897705,3.5799999237060547,3.7799999713897705,3.5799999237060547,3.5799999237060547
2016-09-12,10900,3.75,3.75,3.75,3.690000057220459,3.75
2016-09-09,15500,3.609999895095825,3.680000066757202,3.7699999809265137,3.609999895095825,3.680000066757202
2016-09-08,1400,3.5999999046325684,3.6600000858306885,3.680000066757202,3.5999999046325684,3.6600000858306885
2016-09-07,4200,3.5799999237060547,3.680000066757202,3.680000066757202,3.5799999237060547,3.680000066757202
2016-09-06,11200,3.6500000953674316,3.680000066757202,3.7300000190734863,3.5199999809265137,3.680000066757202
2016-09-02,26300,3.5999999046325684,3.559999942779541,3.6700000762939453,3.5399999618530273,3.559999942779541
2016-09-01,6000,3.4700000286102295,3.450000047683716,3.5399999618530273,3.450000047683716,3.450000047683716
2016-08-31,6700,3.559999942779541,3.509999990463257,3.559999942779541,3.5,3.509999990463257
2016-08-30,16500,3.609999895095825,3.5199999809265137,3.680000066757202,3.5199999809265137,3.5199999809265137
2016-08-29,28500,3.630000114440918,3.609999895095825,3.700000047683716,3.609999895095825,3.609999895095825
2016-08-26,20900,3.740000009536743,3.6700000762939453,3.75,3.6500000953674316,3.6700000762939453
2016-08-25,30600,3.799999952316284,3.75,3.8499999046325684,3.740000009536743,3.75
2016-08-24,28500,3.880000114440918,3.809999942779541,3.9200000762939453,3.799999952316284,3.809999942779541
2016-08-23,45000,3.8499999046325684,3.880000114440918,4.050000190734863,3.8499999046325684,3.880000114440918
2016-08-22,13400,3.9000000953674316,3.880000114440918,3.940000057220459,3.799999952316284,3.880000114440918
2016-08-19,3000,3.880000114440918,3.8299999237060547,3.880000114440918,3.8299999237060547,3.8299999237060547
2016-08-18,2400,3.930000066757202,3.9600000381469727,3.9600000381469727,3.930000066757202,3.9600000381469727
2016-08-17,0,3.990000009536743,3.990000009536743,3.990000009536743,3.990000009536743,3.990000009536743
2016-08-16,8200,3.809999942779541,3.990000009536743,4.119999885559082,3.809999942779541,3.990000009536743
2016-08-15,69900,4.079999923706055,3.859999895095825,4.079999923706055,3.819999933242798,3.859999895095825
2016-08-12,6100,4.039999961853027,4.039999961853027,4.079999923706055,4.019999980926514,4.039999961853027
2016-08-11,3500,4.110000133514404,4.050000190734863,4.110000133514404,4.010000228881836,4.050000190734863
2016-08-10,5300,4.150000095367432,4.130000114440918,4.159999847412109,4.110000133514404,4.130000114440918
2016-08-09,2800,4.099999904632568,4.079999923706055,4.099999904632568,4.070000171661377,4.079999923706055
2016-08-08,12900,4.059999942779541,4.050000190734863,4.079999923706055,4.03000020980835,4.050000190734863
2016-08-05,9000,4.050000190734863,4.059999942779541,4.070000171661377,4.039999961853027,4.059999942779541
2016-08-04,3800,4.0,4.03000020980835,4.099999904632568,4.0,4.03000020980835
2016-08-03,8900,4.010000228881836,4.050000190734863,4.230000019073486,4.0,4.050000190734863
2016-08-02,30700,4.289999961853027,4.03000020980835,4.289999961853027,4.0,4.03000020980835
2016-08-01,54100,4.110000133514404,4.239999771118164,4.369999885559082,4.070000171661377,4.239999771118164
2016-07-29,26100,4.03000020980835,4.070000171661377,4.110000133514404,4.0,4.070000171661377
2016-07-28,15900,3.9700000286102295,4.059999942779541,4.059999942779541,3.9700000286102295,4.059999942779541
2016-07-27,20100,3.819999933242798,3.9000000953674316,3.9700000286102295,3.819999933242798,3.9000000953674316
2016-07-26,3700,3.950000047683716,3.8299999237060547,4.099999904632568,3.8299999237060547,3.8299999237060547
2016-07-25,14600,4.070000171661377,4.010000228881836,4.099999904632568,3.930000066757202,4.010000228881836
2016-07-22,27800,3.859999895095825,4.03000020980835,4.03000020980835,3.819999933242798,4.03000020980835
2016-07-21,4200,3.940000057220459,3.890000104904175,3.9600000381469727,3.890000104904175,3.890000104904175
2016-07-20,11300,3.9600000381469727,3.880000114440918,3.9600000381469727,3.869999885559082,3.880000114440918
2016-07-19,22600,4.050000190734863,3.9600000381469727,4.050000190734863,3.9600000381469727,3.9600000381469727
2016-07-18,9500,3.890000104904175,4.0,4.0,3.8499999046325684,4.0
2016-07-15,21600,4.110000133514404,3.9600000381469727,4.110000133514404,3.9600000381469727,3.9600000381469727
2016-07-14,18100,4.230000019073486,4.110000133514404,4.349999904632568,4.110000133514404,4.110000133514404
2016-07-13,21200,4.150000095367432,4.199999809265137,4.239999771118164,4.150000095367432,4.199999809265137
2016-07-12,28800,3.930000066757202,4.03000020980835,4.03000020980835,3.9100000858306885,4.03000020980835
2016-07-11,31400,4.119999885559082,4.099999904632568,4.170000076293945,4.070000171661377,4.099999904632568
2016-07-08,17900,4.0,4.039999961853027,4.079999923706055,3.950000047683716,4.039999961853027
2016-07-07,27500,4.150000095367432,3.9100000858306885,4.159999847412109,3.9000000953674316,3.9100000858306885
2016-07-06,7600,4.159999847412109,4.150000095367432,4.21999979019165,4.099999904632568,4.150000095367432
2016-07-05,16900,4.550000190734863,4.199999809265137,4.550000190734863,4.190000057220459,4.199999809265137
2016-07-01,26100,4.519999980926514,4.449999809265137,4.519999980926514,4.329999923706055,4.449999809265137
2016-06-30,39300,4.400000095367432,4.440000057220459,4.550000190734863,4.400000095367432,4.440000057220459
2016-06-29,32000,4.559999942779541,4.420000076293945,4.619999885559082,4.400000095367432,4.420000076293945
2016-06-28,103500,4.409999847412109,4.400000095367432,4.590000152587891,4.400000095367432,4.400000095367432
2016-06-27,79800,4.130000114440918,4.260000228881836,4.440000057220459,4.119999885559082,4.260000228881836
2016-06-24,258700,4.429999828338623,4.050000190734863,4.489999771118164,3.9100000858306885,4.050000190734863
2016-06-23,10400,4.570000171661377,4.539999961853027,4.570000171661377,4.400000095367432,4.539999961853027
2016-06-22,10700,4.360000133514404,4.449999809265137,4.5,4.360000133514404,4.449999809265137
2016-06-21,24800,4.659999847412109,4.400000095367432,4.800000190734863,4.400000095367432,4.400000095367432
2016-06-20,56500,4.75,4.730000019073486,4.820000171661377,4.71999979019165,4.730000019073486
2016-06-17,12000,4.610000133514404,4.659999847412109,4.75,4.579999923706055,4.659999847412109
2016-06-16,33100,4.599999904632568,4.599999904632568,4.679999828338623,4.380000114440918,4.599999904632568
2016-06-15,19100,4.699999809265137,4.619999885559082,4.769999980926514,4.599999904632568,4.619999885559082
2016-06-14,21900,4.730000019073486,4.670000076293945,4.789999961853027,4.670000076293945,4.670000076293945
2016-06-13,39300,4.789999961853027,4.860000133514404,4.889999866485596,4.730000019073486,4.860000133514404
2016-06-10,18500,4.760000228881836,4.760000228881836,4.889999866485596,4.730000019073486,4.760000228881836
2016-06-09,14600,4.829999923706055,4.820000171661377,4.829999923706055,4.760000228881836,4.820000171661377
2016-06-08,42700,4.760000228881836,4.840000152587891,4.980000019073486,4.760000228881836,4.840000152587891
2016-06-07,40600,4.860000133514404,4.760000228881836,4.880000114440918,4.670000076293945,4.760000228881836
2016-06-06,91100,4.539999961853027,4.78000020980835,4.860000133514404,4.539999961853027,4.78000020980835
2016-06-03,43600,4.420000076293945,4.539999961853027,4.550000190734863,4.340000152587891,4.539999961853027
2016-06-02,36200,4.179999828338623,4.329999923706055,4.400000095367432,4.179999828338623,4.329999923706055
2016-06-01,6500,4.079999923706055,4.139999866485596,4.159999847412109,4.079999923706055,4.139999866485596
2016-05-31,4200,4.260000228881836,4.090000152587891,4.260000228881836,4.090000152587891,4.090000152587891
2016-05-27,7500,4.25,4.190000057220459,4.25,4.130000114440918,4.190000057220459
2016-05-26,11400,4.139999866485596,4.199999809265137,4.210000038146973,4.050000190734863,4.199999809265137
2016-05-25,19500,4.21999979019165,4.090000152587891,4.21999979019165,3.9800000190734863,4.090000152587891
2016-05-24,3400,4.269999980926514,4.170000076293945,4.269999980926514,4.170000076293945,4.170000076293945
2016-05-23,6200,4.130000114440918,4.25,4.25,4.079999923706055,4.25
2016-05-20,6900,4.059999942779541,4.190000057220459,4.190000057220459,4.050000190734863,4.190000057220459
2016-05-19,31800,4.119999885559082,4.059999942779541,4.199999809265137,4.050000190734863,4.059999942779541
2016-05-18,19900,4.190000057220459,4.190000057220459,4.210000038146973,4.099999904632568,4.190000057220459
2016-05-17,15100,4.199999809265137,4.21999979019165,4.260000228881836,4.150000095367432,4.21999979019165
2016-05-16,11900,4.099999904632568,4.119999885559082,4.150000095367432,4.010000228881836,4.119999885559082
2016-05-13,8200,4.019999980926514,4.019999980926514,4.099999904632568,4.019999980926514,4.019999980926514
2016-05-12,3400,4.050000190734863,4.039999961853027,4.050000190734863,4.019999980926514,4.039999961853027
2016-05-11,21600,3.950000047683716,4.03000020980835,4.079999923706055,3.950000047683716,4.03000020980835
2016-05-10,15000,3.799999952316284,3.930000066757202,3.940000057220459,3.7200000286102295,3.930000066757202
2016-05-09,4300,3.9000000953674316,3.8499999046325684,3.9000000953674316,3.799999952316284,3.8499999046325684
2016-05-06,1900,3.7799999713897705,3.7699999809265137,3.869999885559082,3.7699999809265137,3.7699999809265137
2016-05-05,8100,3.8299999237060547,3.819999933242798,4.050000190734863,3.759999990463257,3.819999933242798
2016-05-04,15100,3.859999895095825,3.8399999141693115,3.9000000953674316,3.819999933242798,3.8399999141693115
2016-05-03,18600,3.9600000381469727,3.9700000286102295,3.9700000286102295,3.819999933242798,3.9700000286102295
2016-05-02,16000,4.130000114440918,3.9600000381469727,4.269999980926514,3.950000047683716,3.9600000381469727
2016-04-29,9300,4.039999961853027,4.099999904632568,4.099999904632568,4.010000228881836,4.099999904632568
2016-04-28,15400,4.0,4.050000190734863,4.130000114440918,4.0,4.050000190734863
2016-04-27,11800,4.039999961853027,4.050000190734863,4.050000190734863,3.9200000762939453,4.050000190734863
2016-04-26,56700,3.9200000762939453,4.079999923706055,4.079999923706055,3.759999990463257,4.079999923706055
2016-04-25,4200,3.819999933242798,3.880000114440918,3.890000104904175,3.7799999713897705,3.880000114440918
2016-04-22,168600,3.759999990463257,3.75,3.8399999141693115,3.690000057220459,3.75
2016-04-21,46000,3.9000000953674316,3.8399999141693115,3.940000057220459,3.809999942779541,3.8399999141693115
2016-04-20,44800,3.6600000858306885,3.859999895095825,3.940000057220459,3.6600000858306885,3.859999895095825
2016-04-19,16100,3.5299999713897705,3.640000104904175,3.640000104904175,3.5299999713897705,3.640000104904175
2016-04-18,9900,3.450000047683716,3.5299999713897705,3.5999999046325684,3.450000047683716,3.5299999713897705
2016-04-15,8100,3.380000114440918,3.490000009536743,3.5,3.380000114440918,3.490000009536743
2016-04-14,300,3.3399999141693115,3.390000104904175,3.390000104904175,3.3399999141693115,3.390000104904175
2016-04-13,5700,3.299999952316284,3.299999952316284,3.3499999046325684,3.2899999618530273,3.299999952316284
2016-04-12,2200,3.3399999141693115,3.240000009536743,3.3499999046325684,3.240000009536743,3.240000009536743
2016-04-11,9300,3.3299999237060547,3.2799999713897705,3.3399999141693115,3.2699999809265137,3.2799999713897705
2016-04-08,1600,3.190000057220459,3.25,3.25,3.180000066757202,3.25
2016-04-07,7200,3.259999990463257,3.180000066757202,3.259999990463257,3.180000066757202,3.180000066757202
2016-04-06,18800,3.2699999809265137,3.2200000286102295,3.2899999618530273,3.2100000381469727,3.2200000286102295
2016-04-05,4100,3.359999895095825,3.3299999237060547,3.369999885559082,3.3299999237060547,3.3299999237060547
2016-04-04,8700,3.4200000762939453,3.359999895095825,3.4800000190734863,3.359999895095825,3.359999895095825
2016-04-01,5100,3.309999942779541,3.4100000858306885,3.5,3.309999942779541,3.4100000858306885
2016-03-31,2300,3.3499999046325684,3.369999885559082,3.4700000286102295,3.309999942779541,3.369999885559082
2016-03-30,23100,3.569999933242798,3.5399999618530273,3.569999933242798,3.3499999046325684,3.5399999618530273
2016-03-29,19800,3.569999933242798,3.6700000762939453,3.6700000762939453,3.5299999713897705,3.6700000762939453
2016-03-28,15500,3.440000057220459,3.5899999141693115,3.5899999141693115,3.430000066757202,3.5899999141693115
2016-03-24,17200,3.509999990463257,3.450000047683716,3.5399999618530273,3.450000047683716,3.450000047683716
2016-03-23,27800,3.609999895095825,3.569999933242798,3.640000104904175,3.569999933242798,3.569999933242798
2016-03-22,10600,3.619999885559082,3.6600000858306885,3.6600000858306885,3.609999895095825,3.6600000858306885
2016-03-21,1900,3.549999952316284,3.5799999237060547,3.5799999237060547,3.549999952316284,3.5799999237060547
2016-03-18,10800,3.5,3.5,3.509999990463257,3.4800000190734863,3.5
2016-03-17,8200,3.4000000953674316,3.4800000190734863,3.490000009536743,3.4000000953674316,3.4800000190734863
2016-03-16,4200,3.450000047683716,3.4700000286102295,3.4700000286102295,3.430000066757202,3.4700000286102295
2016-03-15,30800,3.4000000953674316,3.4800000190734863,3.5199999809265137,3.319999933242798,3.4800000190734863
2016-03-14,10300,3.319999933242798,3.4000000953674316,3.430000066757202,3.259999990463257,3.4000000953674316
2016-03-11,9200,3.25,3.4000000953674316,3.4600000381469727,3.25,3.4000000953674316
2016-03-10,13700,3.4100000858306885,3.2899999618530273,3.4100000858306885,3.25,3.2899999618530273
2016-03-09,3800,3.190000057220459,3.369999885559082,3.390000104904175,3.190000057220459,3.369999885559082
2016-03-08,5600,3.25,3.1600000858306885,3.25,3.1600000858306885,3.1600000858306885
2016-03-07,22400,3.200000047683716,3.2100000381469727,3.299999952316284,3.200000047683716,3.2100000381469727
2016-03-04,21300,3.0399999618530273,3.190000057220459,3.2699999809265137,3.0399999618530273,3.190000057220459
2016-03-03,17300,3.049999952316284,3.109999895095825,3.119999885559082,3.049999952316284,3.109999895095825
2016-03-02,7800,3.1500000953674316,3.0299999713897705,3.1500000953674316,3.0299999713897705,3.0299999713897705
2016-03-01,3400,3.059999942779541,3.0999999046325684,3.0999999046325684,3.0199999809265137,3.0999999046325684
2016-02-29,1100,3.0999999046325684,3.119999885559082,3.119999885559082,3.0999999046325684,3.119999885559082
2016-02-26,200,3.0999999046325684,3.0999999046325684,3.0999999046325684,3.0999999046325684,3.0999999046325684
2016-02-25,1700,3.049999952316284,3.049999952316284,3.049999952316284,3.049999952316284,3.049999952316284
2016-02-24,2800,3.0199999809265137,3.009999990463257,3.0199999809265137,3.009999990463257,3.009999990463257
2016-02-23,15800,3.109999895095825,3.0199999809265137,3.1500000953674316,3.0199999809265137,3.0199999809265137
2016-02-22,4900,3.069999933242798,3.0999999046325684,3.130000114440918,3.069999933242798,3.0999999046325684
2016-02-19,2700,3.0,3.069999933242798,3.069999933242798,3.0,3.069999933242798
2016-02-18,5500,3.069999933242798,3.0199999809265137,3.0999999046325684,3.0199999809265137,3.0199999809265137
2016-02-17,1400,3.049999952316284,3.0399999618530273,3.049999952316284,3.0399999618530273,3.0399999618530273
2016-02-16,100,3.049999952316284,3.049999952316284,3.049999952316284,3.049999952316284,3.049999952316284
2016-02-12,3700,2.9700000286102295,3.0199999809265137,3.049999952316284,2.9700000286102295,3.0199999809265137
2016-02-11,11800,2.990000009536743,2.940000057220459,2.990000009536743,2.9100000858306885,2.940000057220459
2016-02-10,7000,3.009999990463257,2.990000009536743,3.009999990463257,2.9800000190734863,2.990000009536743
2016-02-09,7200,3.049999952316284,3.0299999713897705,3.049999952316284,3.009999990463257,3.0299999713897705
2016-02-08,15900,3.1500000953674316,3.0999999046325684,3.1500000953674316,3.049999952316284,3.0999999046325684
2016-02-05,17200,3.069999933242798,3.119999885559082,3.119999885559082,3.069999933242798,3.119999885559082
2016-02-04,2400,3.059999942779541,3.119999885559082,3.1600000858306885,3.059999942779541,3.119999885559082
2016-02-03,1300,3.130000114440918,3.059999942779541,3.130000114440918,3.059999942779541,3.059999942779541
2016-02-02,800,3.140000104904175,3.1500000953674316,3.1500000953674316,3.140000104904175,3.1500000953674316
2016-02-01,1100,3.180000066757202,3.180000066757202,3.180000066757202,3.180000066757202,3.180000066757202
2016-01-29,400,3.1600000858306885,3.200000047683716,3.200000047683716,3.1600000858306885,3.200000047683716
2016-01-28,1700,3.119999885559082,3.059999942779541,3.119999885559082,3.049999952316284,3.059999942779541
2016-01-27,1500,3.119999885559082,3.109999895095825,3.130000114440918,3.109999895095825,3.109999895095825
2016-01-26,0,3.130000114440918,3.130000114440918,3.130000114440918,3.130000114440918,3.130000114440918
2016-01-25,3400,3.1600000858306885,3.130000114440918,3.1600000858306885,3.119999885559082,3.130000114440918
2016-01-22,7800,3.1500000953674316,3.140000104904175,3.2100000381469727,3.119999885559082,3.140000104904175
2016-01-21,4200,3.119999885559082,3.130000114440918,3.2200000286102295,3.119999885559082,3.130000114440918
2016-01-20,13100,3.0999999046325684,3.130000114440918,3.1500000953674316,3.0999999046325684,3.130000114440918
2016-01-19,3600,3.0999999046325684,3.130000114440918,3.1600000858306885,3.0999999046325684,3.130000114440918
2016-01-15,15200,2.990000009536743,3.0999999046325684,3.119999885559082,2.990000009536743,3.0999999046325684
2016-01-14,2000,3.069999933242798,3.0899999141693115,3.119999885559082,3.069999933242798,3.0899999141693115
2016-01-13,16200,3.0299999713897705,3.0999999046325684,3.1600000858306885,3.0199999809265137,3.0999999046325684
2016-01-12,14700,3.0199999809265137,3.0399999618530273,3.1500000953674316,2.990000009536743,3.0399999618530273
2016-01-11,6400,3.0199999809265137,3.009999990463257,3.0299999713897705,3.009999990463257,3.009999990463257
2016-01-08,3300,3.119999885559082,3.059999942779541,3.119999885559082,3.049999952316284,3.059999942779541
2016-01-07,21800,3.0299999713897705,3.0899999141693115,3.200000047683716,3.0299999713897705,3.0899999141693115
2016-01-06,78400,3.1500000953674316,3.0299999713897705,3.1500000953674316,2.990000009536743,3.0299999713897705
2016-01-05,6000,3.1500000953674316,3.1500000953674316,3.2699999809265137,3.1500000953674316,3.1500000953674316
2016-01-04,5100,3.240000009536743,3.1500000953674316,3.25,3.1500000953674316,3.1500000953674316
2015-12-31,2200,3.25,3.2699999809265137,3.2699999809265137,3.25,3.2699999809265137
2015-12-30,7100,3.2699999809265137,3.259999990463257,3.2799999713897705,3.200000047683716,3.259999990463257
2015-12-29,2900,3.190000057220459,3.25,3.2699999809265137,3.190000057220459,3.25
2015-12-28,49200,3.2300000190734863,3.2100000381469727,3.259999990463257,3.1600000858306885,3.2100000381469727
2015-12-24,30100,3.2699999809265137,3.2300000190734863,3.309999942779541,3.2300000190734863,3.2300000190734863
2015-12-23,13800,3.319999933242798,3.299999952316284,3.319999933242798,3.2799999713897705,3.299999952316284
2015-12-22,700,3.299999952316284,3.309999942779541,3.319999933242798,3.299999952316284,3.309999942779541
2015-12-21,1100,3.3299999237060547,3.319999933242798,3.3299999237060547,3.319999933242798,3.319999933242798
2015-12-18,24300,3.430000066757202,3.4200000762939453,3.430000066757202,3.359999895095825,3.4200000762939453
2015-12-17,38900,3.309999942779541,3.3299999237060547,3.3499999046325684,3.259999990463257,3.3299999237060547
2015-12-16,47300,3.309999942779541,3.3299999237060547,3.390000104904175,3.25,3.3299999237060547
2015-12-15,25500,3.369999885559082,3.3299999237060547,3.4000000953674316,3.3299999237060547,3.3299999237060547
2015-12-14,35300,3.2799999713897705,3.3299999237060547,3.4100000858306885,3.2799999713897705,3.3299999237060547
2015-12-11,49500,3.450000047683716,3.369999885559082,3.4600000381469727,3.3499999046325684,3.369999885559082
2015-12-10,99300,3.5,3.4200000762939453,3.5,3.359999895095825,3.4200000762939453
2015-12-09,45700,3.369999885559082,3.390000104904175,3.5,3.359999895095825,3.390000104904175
2015-12-08,64800,3.369999885559082,3.359999895095825,3.4100000858306885,3.3499999046325684,3.359999895095825
2015-12-07,96700,3.450000047683716,3.5,3.5299999713897705,3.430000066757202,3.5
2015-12-04,96500,3.5,3.509999990463257,3.5999999046325684,3.440000057220459,3.509999990463257
2015-12-03,137200,3.4800000190734863,3.549999952316284,3.630000114440918,3.3299999237060547,3.549999952316284
2015-12-02,700,3.4800000190734863,3.4800000190734863,3.4800000190734863,3.4800000190734863,3.4800000190734863
2015-12-01,5800,3.4200000762939453,3.4600000381469727,3.4700000286102295,3.4000000953674316,3.4600000381469727
2015-11-30,7200,3.440000057220459,3.4700000286102295,3.490000009536743,3.4200000762939453,3.4700000286102295
2015-11-27,8800,3.4000000953674316,3.259999990463257,3.4800000190734863,3.1700000762939453,3.259999990463257
2015-11-25,5000,3.430000066757202,3.450000047683716,3.490000009536743,3.4000000953674316,3.450000047683716
2015-11-24,30300,3.430000066757202,3.369999885559082,3.440000057220459,3.25,3.369999885559082
2015-11-23,37200,3.309999942779541,3.430000066757202,3.4800000190734863,3.309999942779541,3.430000066757202
2015-11-20,76900,3.440000057220459,3.359999895095825,3.4800000190734863,3.3499999046325684,3.359999895095825
2015-11-19,136000,3.299999952316284,3.359999895095825,3.4100000858306885,3.259999990463257,3.359999895095825
2015-11-18,48700,3.309999942779541,3.309999942779541,3.319999933242798,3.25,3.309999942779541
2015-11-17,400,3.2799999713897705,3.3499999046325684,3.3499999046325684,3.2799999713897705,3.3499999046325684
2015-11-16,5000,3.2699999809265137,3.390000104904175,3.390000104904175,3.2200000286102295,3.390000104904175
2015-11-13,8800,3.380000114440918,3.3399999141693115,3.380000114440918,3.240000009536743,3.3399999141693115
2015-11-12,45400,3.4200000762939453,3.3399999141693115,3.4200000762939453,3.3299999237060547,3.3399999141693115
2015-11-11,30400,3.299999952316284,3.3299999237060547,3.3399999141693115,3.180000066757202,3.3299999237060547
2015-11-10,32400,3.359999895095825,3.369999885559082,3.4000000953674316,3.309999942779541,3.369999885559082
2015-11-09,20200,3.440000057220459,3.380000114440918,3.450000047683716,3.369999885559082,3.380000114440918
2015-11-06,15500,3.5,3.450000047683716,3.5,3.450000047683716,3.450000047683716
2015-11-05,2600,3.509999990463257,3.490000009536743,3.509999990463257,3.490000009536743,3.490000009536743
2015-11-04,600,3.5199999809265137,3.509999990463257,3.5199999809265137,3.5,3.509999990463257
2015-11-03,58600,3.5899999141693115,3.5,3.609999895095825,3.490000009536743,3.5
2015-11-02,67000,3.5899999141693115,3.5399999618530273,3.8499999046325684,3.450000047683716,3.5399999618530273
2015-10-30,75100,3.549999952316284,3.5899999141693115,3.7100000381469727,3.4700000286102295,3.5899999141693115
2015-10-29,40100,3.450000047683716,3.5399999618530273,3.569999933242798,3.450000047683716,3.5399999618530273
2015-10-28,26900,3.5,3.4200000762939453,3.5299999713897705,3.4100000858306885,3.4200000762939453
2015-10-27,28000,3.6700000762939453,3.559999942779541,3.700000047683716,3.5199999809265137,3.559999942779541
2015-10-26,22800,3.4800000190734863,3.569999933242798,3.569999933242798,3.4800000190734863,3.569999933242798
2015-10-23,41300,3.6500000953674316,3.430000066757202,3.6500000953674316,3.380000114440918,3.430000066757202
2015-10-22,7600,3.640000104904175,3.640000104904175,3.6500000953674316,3.609999895095825,3.640000104904175
2015-10-21,2200,3.5199999809265137,3.5399999618530273,3.5399999618530273,3.5199999809265137,3.5399999618530273
2015-10-20,4300,3.5199999809265137,3.559999942779541,3.640000104904175,3.5199999809265137,3.559999942779541
2015-10-19,6600,3.609999895095825,3.6600000858306885,3.6600000858306885,3.549999952316284,3.6600000858306885
2015-10-16,45300,3.5,3.619999885559082,3.680000066757202,3.5,3.619999885559082
2015-10-15,7200,3.559999942779541,3.5299999713897705,3.5799999237060547,3.5,3.5299999713897705
2015-10-14,300,3.5299999713897705,3.5299999713897705,3.5399999618530273,3.5299999713897705,3.5299999713897705
2015-10-13,10500,3.4700000286102295,3.569999933242798,3.6600000858306885,3.4700000286102295,3.569999933242798
2015-10-12,11200,3.619999885559082,3.5299999713897705,3.619999885559082,3.5,3.5299999713897705
2015-10-09,39200,3.5799999237060547,3.5999999046325684,3.7100000381469727,3.5,3.5999999046325684
2015-10-08,51200,3.569999933242798,3.5799999237060547,3.680000066757202,3.5399999618530273,3.5799999237060547
2015-10-07,19800,3.6500000953674316,3.5799999237060547,3.6500000953674316,3.549999952316284,3.5799999237060547
2015-10-06,22100,3.390000104904175,3.5799999237060547,3.5899999141693115,3.390000104904175,3.5799999237060547
2015-10-05,14000,3.319999933242798,3.4200000762939453,3.4700000286102295,3.319999933242798,3.4200000762939453
2015-10-02,13000,3.3399999141693115,3.430000066757202,3.430000066757202,3.299999952316284,3.430000066757202
2015-10-01,9500,3.4600000381469727,3.440000057220459,3.4600000381469727,3.4100000858306885,3.440000057220459
2015-09-30,5500,3.2899999618530273,3.390000104904175,3.4000000953674316,3.2899999618530273,3.390000104904175
2015-09-29,25300,3.299999952316284,3.2799999713897705,3.299999952316284,3.25,3.2799999713897705
2015-09-28,41400,3.180000066757202,3.259999990463257,3.3299999237060547,3.180000066757202,3.259999990463257
2015-09-25,145700,3.359999895095825,3.319999933242798,3.430000066757202,3.309999942779541,3.319999933242798
2015-09-24,11000,3.3499999046325684,3.3499999046325684,3.430000066757202,3.2799999713897705,3.3499999046325684
2015-09-23,151200,3.390000104904175,3.299999952316284,3.450000047683716,3.2200000286102295,3.299999952316284
2015-09-22,49900,3.450000047683716,3.390000104904175,3.5,3.2300000190734863,3.390000104904175
2015-09-21,62900,3.2799999713897705,3.4000000953674316,3.4000000953674316,3.2799999713897705,3.4000000953674316
2015-09-18,143800,3.4100000858306885,3.319999933242798,3.4200000762939453,3.2300000190734863,3.319999933242798
2015-09-17,6400,3.4000000953674316,3.4100000858306885,3.4100000858306885,3.380000114440918,3.4100000858306885
2015-09-16,20800,3.490000009536743,3.440000057220459,3.5199999809265137,3.440000057220459,3.440000057220459
2015-09-15,4700,3.490000009536743,3.559999942779541,3.6500000953674316,3.490000009536743,3.559999942779541
2015-09-14,230200,3.5,3.549999952316284,3.6600000858306885,3.5,3.549999952316284
2015-09-11,174100,3.3299999237060547,3.369999885559082,3.4700000286102295,3.25,3.369999885559082
2015-09-10,63800,3.2699999809265137,3.3499999046325684,3.359999895095825,3.2699999809265137,3.3499999046325684
2015-09-09,66500,3.4800000190734863,3.299999952316284,3.4800000190734863,3.2300000190734863,3.299999952316284
2015-09-08,74800,3.490000009536743,3.390000104904175,3.5299999713897705,3.380000114440918,3.390000104904175
2015-09-04,110400,3.5899999141693115,3.490000009536743,3.5899999141693115,3.4100000858306885,3.490000009536743
2015-09-03,62200,3.4800000190734863,3.490000009536743,3.5,3.4100000858306885,3.490000009536743
2015-09-02,187500,3.319999933242798,3.4200000762939453,3.4700000286102295,3.180000066757202,3.4200000762939453
2015-09-01,158800,3.309999942779541,3.319999933242798,3.4100000858306885,3.180000066757202,3.319999933242798
2015-08-31,77900,3.5,3.299999952316284,3.5799999237060547,3.2799999713897705,3.299999952316284
2015-08-28,76100,3.549999952316284,3.4800000190734863,3.5799999237060547,3.450000047683716,3.4800000190734863
2015-08-27,87900,3.549999952316284,3.509999990463257,3.5799999237060547,3.4700000286102295,3.509999990463257
2015-08-26,143600,3.5999999046325684,3.4700000286102295,3.5999999046325684,3.430000066757202,3.4700000286102295
2015-08-25,437400,3.3499999046325684,3.4100000858306885,3.680000066757202,3.240000009536743,3.4100000858306885
2015-08-24,121600,3.200000047683716,3.299999952316284,3.299999952316284,3.049999952316284,3.299999952316284
2015-08-21,18600,3.4000000953674316,3.299999952316284,3.5,3.299999952316284,3.299999952316284
2015-08-20,25200,3.430000066757202,3.4600000381469727,3.4800000190734863,3.430000066757202,3.4600000381469727
2015-08-19,53400,3.7300000190734863,3.430000066757202,3.7300000190734863,3.430000066757202,3.430000066757202
2015-08-18,121100,3.4000000953674316,3.5799999237060547,3.630000114440918,3.2699999809265137,3.5799999237060547
2015-08-17,129200,3.4000000953674316,3.4700000286102295,3.7300000190734863,3.369999885559082,3.4700000286102295
2015-08-14,118500,3.369999885559082,3.5299999713897705,3.549999952316284,3.3299999237060547,3.5299999713897705
2015-08-13,326100,3.319999933242798,3.4800000190734863,3.7300000190734863,3.299999952316284,3.4800000190734863
2015-08-12,172200,3.640000104904175,3.4800000190734863,3.6700000762939453,3.2300000190734863,3.4800000190734863
2015-08-11,4400,3.6600000858306885,3.6500000953674316,3.700000047683716,3.5999999046325684,3.6500000953674316
2015-08-10,64800,3.7300000190734863,3.680000066757202,3.809999942779541,3.6600000858306885,3.680000066757202
2015-08-07,63500,3.509999990463257,3.5999999046325684,3.759999990463257,3.490000009536743,3.5999999046325684
2015-08-06,108800,3.700000047683716,3.5799999237060547,3.7300000190734863,3.4700000286102295,3.5799999237060547
2015-08-05,84900,3.609999895095825,3.7100000381469727,3.7100000381469727,3.4700000286102295,3.7100000381469727
2015-08-04,137100,3.450000047683716,3.509999990463257,3.759999990463257,3.430000066757202,3.509999990463257
2015-08-03,8100,3.509999990463257,3.549999952316284,3.619999885559082,3.430000066757202,3.549999952316284
2015-07-31,10400,3.5899999141693115,3.5399999618530273,3.5999999046325684,3.5399999618530273,3.5399999618530273
2015-07-30,20200,3.700000047683716,3.680000066757202,3.880000114440918,3.6500000953674316,3.680000066757202
2015-07-29,23300,3.700000047683716,3.690000057220459,3.8499999046325684,3.690000057220459,3.690000057220459
2015-07-28,17600,3.8399999141693115,3.880000114440918,3.950000047683716,3.700000047683716,3.880000114440918
2015-07-27,51500,3.9800000190734863,3.690000057220459,3.9800000190734863,3.690000057220459,3.690000057220459
2015-07-24,18000,4.309999942779541,4.059999942779541,4.340000152587891,3.890000104904175,4.059999942779541
2015-07-23,29400,4.210000038146973,4.099999904632568,4.369999885559082,4.039999961853027,4.099999904632568
2015-07-22,175900,4.099999904632568,4.059999942779541,4.389999866485596,4.0,4.059999942779541
2015-07-21,98900,4.199999809265137,4.090000152587891,4.400000095367432,4.079999923706055,4.090000152587891
2015-07-20,39300,4.300000190734863,4.199999809265137,4.539999961853027,4.199999809265137,4.199999809265137
2015-07-17,27200,4.400000095367432,4.309999942779541,4.400000095367432,4.300000190734863,4.309999942779541
2015-07-16,8400,4.46999979019165,4.400000095367432,4.5,4.400000095367432,4.400000095367432
2015-07-15,24300,4.599999904632568,4.440000057220459,4.599999904632568,4.400000095367432,4.440000057220459
2015-07-14,7700,4.510000228881836,4.510000228881836,4.820000171661377,4.5,4.510000228881836
2015-07-13,10100,4.400000095367432,4.53000020980835,4.550000190734863,4.360000133514404,4.53000020980835
2015-07-10,37900,4.429999828338623,4.440000057220459,4.590000152587891,4.369999885559082,4.440000057220459
2015-07-09,16500,4.380000114440918,4.360000133514404,4.449999809265137,4.340000152587891,4.360000133514404
2015-07-08,50500,4.420000076293945,4.320000171661377,4.5,4.320000171661377,4.320000171661377
2015-07-07,25500,4.599999904632568,4.380000114440918,4.599999904632568,4.329999923706055,4.380000114440918
2015-07-06,19200,4.599999904632568,4.510000228881836,4.639999866485596,4.5,4.510000228881836
2015-07-02,27800,4.599999904632568,4.599999904632568,4.699999809265137,4.579999923706055,4.599999904632568
2015-07-01,56500,4.860000133514404,4.599999904632568,4.880000114440918,4.590000152587891,4.599999904632568
2015-06-30,66500,4.239999771118164,4.860000133514404,4.860000133514404,4.239999771118164,4.860000133514404
2015-06-29,46200,4.369999885559082,4.309999942779541,4.489999771118164,4.300000190734863,4.309999942779541
2015-06-26,10700,4.5,4.360000133514404,4.5,4.360000133514404,4.360000133514404
2015-06-25,35100,4.550000190734863,4.349999904632568,4.559999942779541,4.349999904632568,4.349999904632568
2015-06-24,24100,4.539999961853027,4.449999809265137,4.619999885559082,4.369999885559082,4.449999809265137
2015-06-23,12200,4.570000171661377,4.550000190734863,4.760000228881836,4.539999961853027,4.550000190734863
2015-06-22,13300,4.599999904632568,4.539999961853027,4.599999904632568,4.539999961853027,4.539999961853027
2015-06-19,12700,4.619999885559082,4.5,4.619999885559082,4.400000095367432,4.5
2015-06-18,33200,4.650000095367432,4.610000133514404,4.739999771118164,4.510000228881836,4.610000133514404
2015-06-17,20700,4.710000038146973,4.639999866485596,4.730000019073486,4.610000133514404,4.639999866485596
2015-06-16,35400,4.710000038146973,4.590000152587891,4.820000171661377,4.400000095367432,4.590000152587891
2015-06-15,36300,4.909999847412109,4.739999771118164,4.909999847412109,4.579999923706055,4.739999771118164
2015-06-12,4700,5.03000020980835,5.039999961853027,5.429999828338623,5.0,5.039999961853027
2015-06-11,25900,5.199999809265137,4.889999866485596,5.320000171661377,4.880000114440918,4.889999866485596
2015-06-10,8100,5.349999904632568,5.260000228881836,5.369999885559082,5.21999979019165,5.260000228881836
2015-06-09,2500,5.480000019073486,5.369999885559082,5.480000019073486,5.309999942779541,5.369999885559082
2015-06-08,40700,5.449999809265137,5.289999961853027,5.590000152587891,5.199999809265137,5.289999961853027
2015-06-05,26800,5.289999961853027,5.630000114440918,5.739999771118164,5.25,5.630000114440918
2015-06-04,23500,5.559999942779541,5.480000019073486,5.670000076293945,5.429999828338623,5.480000019073486
2015-06-03,11400,5.650000095367432,5.429999828338623,5.650000095367432,5.329999923706055,5.429999828338623
2015-06-02,8700,5.409999847412109,5.460000038146973,5.659999847412109,5.300000190734863,5.460000038146973
2015-06-01,32600,5.5,5.400000095367432,5.699999809265137,5.300000190734863,5.400000095367432
2015-05-29,31800,5.769999980926514,5.769999980926514,5.869999885559082,5.25,5.769999980926514
2015-05-28,50100,5.179999828338623,5.579999923706055,5.699999809265137,5.179999828338623,5.579999923706055
2015-05-27,29900,5.400000095367432,5.110000133514404,5.610000133514404,5.110000133514404,5.110000133514404
2015-05-26,26100,5.659999847412109,5.25,5.699999809265137,5.199999809265137,5.25
2015-05-22,11200,5.510000228881836,5.639999866485596,5.739999771118164,5.510000228881836,5.639999866485596
2015-05-21,3300,5.590000152587891,5.630000114440918,5.699999809265137,5.590000152587891,5.630000114440918
2015-05-20,7700,5.510000228881836,5.590000152587891,5.670000076293945,5.510000228881836,5.590000152587891
2015-05-19,29600,5.820000171661377,5.510000228881836,5.840000152587891,5.5,5.510000228881836
2015-05-18,46000,5.699999809265137,5.710000038146973,5.78000020980835,5.650000095367432,5.710000038146973
2015-05-15,43500,5.409999847412109,5.5,5.5,5.400000095367432,5.5
2015-05-14,36800,5.099999904632568,5.289999961853027,5.400000095367432,5.03000020980835,5.289999961853027
2015-05-13,2000,4.869999885559082,5.03000020980835,5.079999923706055,4.869999885559082,5.03000020980835
2015-05-12,20700,4.960000038146973,4.880000114440918,5.110000133514404,4.769999980926514,4.880000114440918
2015-05-11,5500,5.119999885559082,5.099999904632568,5.119999885559082,5.079999923706055,5.099999904632568
2015-05-08,4900,5.03000020980835,5.059999942779541,5.110000133514404,5.03000020980835,5.059999942779541
2015-05-07,14200,4.820000171661377,5.019999980926514,5.110000133514404,4.809999942779541,5.019999980926514
2015-05-06,21900,4.650000095367432,4.900000095367432,4.900000095367432,4.650000095367432,4.900000095367432
2015-05-05,17800,4.800000190734863,4.590000152587891,4.800000190734863,4.590000152587891,4.590000152587891
2015-05-04,38700,5.150000095367432,4.840000152587891,5.150000095367432,4.800000190734863,4.840000152587891
2015-05-01,23000,4.940000057220459,4.960000038146973,5.0,4.860000133514404,4.960000038146973
2015-04-30,20700,5.059999942779541,4.989999771118164,5.139999866485596,4.960000038146973,4.989999771118164
2015-04-29,14900,5.230000019073486,5.159999847412109,5.239999771118164,5.0,5.159999847412109
2015-04-28,29300,5.099999904632568,5.110000133514404,5.110000133514404,5.010000228881836,5.110000133514404
2015-04-27,132400,4.730000019073486,5.0,5.099999904632568,4.730000019073486,5.0
2015-04-24,39000,4.900000095367432,4.639999866485596,4.900000095367432,4.340000152587891,4.639999866485596
2015-04-23,25300,4.690000057220459,4.699999809265137,4.949999809265137,4.690000057220459,4.699999809265137
2015-04-22,54900,4.849999904632568,4.860000133514404,5.0,4.809999942779541,4.860000133514404
2015-04-21,93200,4.670000076293945,4.889999866485596,5.210000038146973,4.590000152587891,4.889999866485596
2015-04-20,40900,4.480000019073486,4.570000171661377,4.690000057220459,4.349999904632568,4.570000171661377
2015-04-17,57300,4.28000020980835,4.349999904632568,4.460000038146973,4.28000020980835,4.349999904632568
2015-04-16,58100,4.099999904632568,4.349999904632568,4.389999866485596,4.059999942779541,4.349999904632568
2015-04-15,157100,4.059999942779541,4.139999866485596,4.179999828338623,4.059999942779541,4.139999866485596
2015-04-14,8600,4.099999904632568,4.099999904632568,4.190000057220459,4.079999923706055,4.099999904632568
2015-04-13,5000,4.179999828338623,4.099999904632568,4.239999771118164,4.079999923706055,4.099999904632568
2015-04-10,3500,4.119999885559082,4.190000057220459,4.28000020980835,4.119999885559082,4.190000057220459
2015-04-09,9200,4.21999979019165,4.170000076293945,4.340000152587891,4.099999904632568,4.170000076293945
2015-04-08,13000,4.289999961853027,4.239999771118164,4.409999847412109,4.230000019073486,4.239999771118164
2015-04-07,10900,4.230000019073486,4.309999942779541,4.329999923706055,4.210000038146973,4.309999942779541
2015-04-06,2800,4.400000095367432,4.349999904632568,4.400000095367432,4.300000190734863,4.349999904632568
2015-04-02,4600,4.25,4.360000133514404,4.380000114440918,4.25,4.360000133514404
2015-04-01,24800,4.179999828338623,4.25,4.25,4.110000133514404,4.25
2015-03-31,39200,4.309999942779541,4.170000076293945,4.309999942779541,4.070000171661377,4.170000076293945
2015-03-30,23000,4.170000076293945,4.260000228881836,4.289999961853027,4.170000076293945,4.260000228881836
2015-03-27,6200,4.230000019073486,4.170000076293945,4.309999942779541,4.170000076293945,4.170000076293945
2015-03-26,6200,4.320000171661377,4.25,4.320000171661377,4.199999809265137,4.25
2015-03-25,3400,4.440000057220459,4.369999885559082,4.449999809265137,4.340000152587891,4.369999885559082
2015-03-24,8100,4.590000152587891,4.440000057220459,4.590000152587891,4.329999923706055,4.440000057220459
2015-03-23,32800,4.400000095367432,4.409999847412109,4.480000019073486,4.340000152587891,4.409999847412109
2015-03-20,30300,4.199999809265137,4.389999866485596,4.400000095367432,4.199999809265137,4.389999866485596
2015-03-19,10900,4.210000038146973,4.119999885559082,4.25,4.110000133514404,4.119999885559082
2015-03-18,8700,4.150000095367432,4.210000038146973,4.230000019073486,4.110000133514404,4.210000038146973
2015-03-17,21600,4.239999771118164,4.099999904632568,4.239999771118164,4.090000152587891,4.099999904632568
2015-03-16,5500,4.380000114440918,4.21999979019165,4.380000114440918,4.190000057220459,4.21999979019165
2015-03-13,9800,4.340000152587891,4.179999828338623,4.340000152587891,4.179999828338623,4.179999828338623
2015-03-12,1900,4.380000114440918,4.380000114440918,4.380000114440918,4.369999885559082,4.380000114440918
2015-03-11,2000,4.25,4.309999942779541,4.329999923706055,4.239999771118164,4.309999942779541
2015-03-10,14200,4.349999904632568,4.300000190734863,4.349999904632568,4.21999979019165,4.300000190734863
2015-03-09,24600,4.340000152587891,4.340000152587891,4.409999847412109,4.309999942779541,4.340000152587891
2015-03-06,24200,4.440000057220459,4.340000152587891,4.449999809265137,4.230000019073486,4.340000152587891
2015-03-05,2900,4.380000114440918,4.360000133514404,4.380000114440918,4.349999904632568,4.360000133514404
2015-03-04,13300,4.539999961853027,4.389999866485596,4.539999961853027,4.340000152587891,4.389999866485596
2015-03-03,12000,4.510000228881836,4.46999979019165,4.510000228881836,4.400000095367432,4.46999979019165
2015-03-02,14000,4.650000095367432,4.5,4.650000095367432,4.449999809265137,4.5
2015-02-27,12400,4.550000190734863,4.579999923706055,4.610000133514404,4.510000228881836,4.579999923706055
2015-02-26,6100,4.539999961853027,4.489999771118164,4.539999961853027,4.46999979019165,4.489999771118164
2015-02-25,10200,4.550000190734863,4.489999771118164,4.550000190734863,4.440000057220459,4.489999771118164
2015-02-24,4000,4.570000171661377,4.550000190734863,4.650000095367432,4.539999961853027,4.550000190734863
2015-02-23,13400,4.679999828338623,4.5,4.679999828338623,4.489999771118164,4.5
2015-02-20,6000,4.610000133514404,4.570000171661377,4.730000019073486,4.570000171661377,4.570000171661377
2015-02-19,3700,4.599999904632568,4.679999828338623,4.690000057220459,4.599999904632568,4.679999828338623
2015-02-18,6100,4.75,4.690000057220459,4.75,4.679999828338623,4.690000057220459
2015-02-17,16100,4.670000076293945,4.800000190734863,4.800000190734863,4.670000076293945,4.800000190734863
2015-02-13,2100,4.75,4.690000057220459,4.75,4.690000057220459,4.690000057220459
2015-02-12,1700,4.610000133514404,4.630000114440918,4.650000095367432,4.599999904632568,4.630000114440918
2015-02-11,4400,4.639999866485596,4.599999904632568,4.730000019073486,4.510000228881836,4.599999904632568
2015-02-10,6400,4.699999809265137,4.639999866485596,4.739999771118164,4.630000114440918,4.639999866485596
2015-02-09,3600,4.610000133514404,4.679999828338623,4.739999771118164,4.610000133514404,4.679999828338623
2015-02-06,7500,4.650000095367432,4.650000095367432,4.769999980926514,4.630000114440918,4.650000095367432
2015-02-05,9800,4.639999866485596,4.690000057220459,4.690000057220459,4.610000133514404,4.690000057220459
2015-02-04,6500,4.869999885559082,4.590000152587891,4.869999885559082,4.570000171661377,4.590000152587891
2015-02-03,7600,4.489999771118164,4.670000076293945,4.699999809265137,4.489999771118164,4.670000076293945
2015-02-02,10500,4.690000057220459,4.449999809265137,4.699999809265137,4.420000076293945,4.449999809265137
2015-01-30,19500,4.570000171661377,4.630000114440918,4.630000114440918,4.5,4.630000114440918
2015-01-29,13000,4.699999809265137,4.630000114440918,4.789999961853027,4.590000152587891,4.630000114440918
2015-01-28,17500,4.710000038146973,4.610000133514404,4.739999771118164,4.599999904632568,4.610000133514404
2015-01-27,11400,4.760000228881836,4.730000019073486,4.860000133514404,4.71999979019165,4.730000019073486
2015-01-26,24500,4.880000114440918,4.78000020980835,4.880000114440918,4.78000020980835,4.78000020980835
2015-01-23,3200,4.849999904632568,4.869999885559082,4.869999885559082,4.800000190734863,4.869999885559082
2015-01-22,6500,4.880000114440918,4.880000114440918,4.980000019073486,4.860000133514404,4.880000114440918
2015-01-21,3700,5.0,4.960000038146973,5.0,4.920000076293945,4.960000038146973
2015-01-20,8500,5.0,4.800000190734863,5.0,4.75,4.800000190734863
2015-01-16,16000,4.880000114440918,4.960000038146973,5.0,4.829999923706055,4.960000038146973
2015-01-15,5800,4.800000190734863,4.820000171661377,4.849999904632568,4.800000190734863,4.820000171661377
2015-01-14,10200,4.849999904632568,4.849999904632568,4.889999866485596,4.809999942779541,4.849999904632568
2015-01-13,26300,5.050000190734863,4.880000114440918,5.46999979019165,4.880000114440918,4.880000114440918
2015-01-12,18500,5.230000019073486,5.019999980926514,5.230000019073486,5.0,5.019999980926514
2015-01-09,3000,5.090000152587891,5.099999904632568,5.210000038146973,5.090000152587891,5.099999904632568
2015-01-08,3900,5.079999923706055,5.110000133514404,5.25,5.079999923706055,5.110000133514404
2015-01-07,12800,5.360000133514404,5.170000076293945,5.360000133514404,5.150000095367432,5.170000076293945
2015-01-06,14100,5.289999961853027,5.289999961853027,5.420000076293945,5.269999980926514,5.289999961853027
2015-01-05,15500,5.170000076293945,5.179999828338623,5.179999828338623,5.090000152587891,5.179999828338623
2015-01-02,32700,5.150000095367432,5.179999828338623,5.179999828338623,5.079999923706055,5.179999828338623
2014-12-31,20000,5.420000076293945,5.199999809265137,5.420000076293945,5.099999904632568,5.199999809265137
2014-12-30,8700,5.300000190734863,5.300000190734863,5.429999828338623,5.300000190734863,5.300000190734863
2014-12-29,14900,5.300000190734863,5.400000095367432,5.480000019073486,5.300000190734863,5.400000095367432
2014-12-26,11900,5.389999866485596,5.320000171661377,5.389999866485596,5.300000190734863,5.320000171661377
2014-12-24,8100,5.420000076293945,5.420000076293945,5.489999771118164,5.389999866485596,5.420000076293945
2014-12-23,10900,5.429999828338623,5.429999828338623,5.5,5.420000076293945,5.429999828338623
2014-12-22,3500,5.440000057220459,5.429999828338623,5.5,5.429999828338623,5.429999828338623
2014-12-19,10600,5.389999866485596,5.489999771118164,5.670000076293945,5.389999866485596,5.489999771118164
2014-12-18,12000,5.619999885559082,5.579999923706055,5.670000076293945,5.519999980926514,5.579999923706055
2014-12-17,28700,5.599999904632568,5.420000076293945,5.599999904632568,5.389999866485596,5.420000076293945
2014-12-16,9100,5.599999904632568,5.5,5.679999828338623,5.46999979019165,5.5
2014-12-15,13500,5.769999980926514,5.489999771118164,5.769999980926514,5.489999771118164,5.489999771118164
2014-12-12,19400,5.440000057220459,5.46999979019165,5.519999980926514,5.400000095367432,5.46999979019165
2014-12-11,15300,5.53000020980835,5.400000095367432,5.53000020980835,5.369999885559082,5.400000095367432
2014-12-10,15500,5.599999904632568,5.429999828338623,5.71999979019165,5.400000095367432,5.429999828338623
2014-12-09,23600,5.579999923706055,5.489999771118164,5.800000190734863,5.489999771118164,5.489999771118164
2014-12-08,34200,5.820000171661377,5.519999980926514,5.920000076293945,5.519999980926514,5.519999980926514
2014-12-05,41800,5.559999942779541,5.710000038146973,5.800000190734863,5.550000190734863,5.710000038146973
2014-12-04,16800,5.590000152587891,5.559999942779541,5.71999979019165,5.559999942779541,5.559999942779541
2014-12-03,6100,5.559999942779541,5.579999923706055,5.630000114440918,5.559999942779541,5.579999923706055
2014-12-02,27800,5.699999809265137,5.639999866485596,5.909999847412109,5.579999923706055,5.639999866485596
2014-12-01,12500,5.739999771118164,5.659999847412109,5.769999980926514,5.610000133514404,5.659999847412109
2014-11-28,4200,5.710000038146973,5.699999809265137,5.769999980926514,5.699999809265137,5.699999809265137
2014-11-26,7100,5.630000114440918,5.650000095367432,5.679999828338623,5.630000114440918,5.650000095367432
2014-11-25,1300,5.769999980926514,5.71999979019165,5.769999980926514,5.71999979019165,5.71999979019165
2014-11-24,2800,5.639999866485596,5.690000057220459,5.769999980926514,5.639999866485596,5.690000057220459
2014-11-21,2400,5.639999866485596,5.619999885559082,5.78000020980835,5.610000133514404,5.619999885559082
2014-11-20,2800,5.710000038146973,5.699999809265137,5.71999979019165,5.690000057220459,5.699999809265137
2014-11-19,1300,5.849999904632568,5.639999866485596,5.849999904632568,5.639999866485596,5.639999866485596
2014-11-18,6300,5.639999866485596,5.679999828338623,5.739999771118164,5.579999923706055,5.679999828338623
2014-11-17,9800,5.849999904632568,5.690000057220459,5.849999904632568,5.599999904632568,5.690000057220459
2014-11-14,3900,5.71999979019165,5.860000133514404,5.860000133514404,5.659999847412109,5.860000133514404
2014-11-13,30500,5.800000190734863,5.829999923706055,5.869999885559082,5.800000190734863,5.829999923706055
2014-11-12,5200,5.900000095367432,5.75,5.900000095367432,5.519999980926514,5.75
2014-11-11,9100,5.53000020980835,5.559999942779541,5.739999771118164,5.5,5.559999942779541
2014-11-10,8000,5.659999847412109,5.590000152587891,5.739999771118164,5.579999923706055,5.590000152587891
2014-11-07,4000,5.679999828338623,5.690000057220459,5.690000057220459,5.639999866485596,5.690000057220459
2014-11-06,8300,5.5,5.599999904632568,5.670000076293945,5.5,5.599999904632568
2014-11-05,17500,5.460000038146973,5.550000190734863,5.880000114440918,5.460000038146973,5.550000190734863
2014-11-04,78100,6.099999904632568,5.539999961853027,6.099999904632568,5.389999866485596,5.539999961853027
2014-11-03,32000,6.119999885559082,6.0,6.119999885559082,6.0,6.0
2014-10-31,8100,6.190000057220459,6.119999885559082,6.25,6.119999885559082,6.119999885559082
2014-10-30,12500,6.309999942779541,6.239999771118164,6.309999942779541,6.239999771118164,6.239999771118164
2014-10-29,19300,6.309999942779541,6.320000171661377,6.360000133514404,6.25,6.320000171661377
2014-10-28,5000,6.329999923706055,6.230000019073486,6.389999866485596,6.230000019073486,6.230000019073486
2014-10-27,40600,6.150000095367432,6.199999809265137,6.329999923706055,6.079999923706055,6.199999809265137
2014-10-24,3900,6.190000057220459,6.139999866485596,6.300000190734863,6.139999866485596,6.139999866485596
2014-10-23,25200,6.239999771118164,6.099999904632568,6.300000190734863,5.980000019073486,6.099999904632568
2014-10-22,83000,6.320000171661377,6.150000095367432,6.400000095367432,6.150000095367432,6.150000095367432
2014-10-21,22600,6.199999809265137,6.300000190734863,6.369999885559082,6.190000057220459,6.300000190734863
2014-10-20,11000,6.28000020980835,6.190000057220459,6.309999942779541,6.190000057220459,6.190000057220459
2014-10-17,22200,6.25,6.360000133514404,6.440000057220459,6.25,6.360000133514404
2014-10-16,9100,6.400000095367432,6.320000171661377,6.400000095367432,6.190000057220459,6.320000171661377
2014-10-15,17800,6.25,6.400000095367432,6.489999771118164,6.239999771118164,6.400000095367432
2014-10-14,9100,6.25,6.239999771118164,6.260000228881836,6.190000057220459,6.239999771118164
2014-10-13,18400,6.480000019073486,6.210000038146973,6.480000019073486,6.110000133514404,6.210000038146973
2014-10-10,9100,6.650000095367432,6.260000228881836,6.650000095367432,6.210000038146973,6.260000228881836
2014-10-09,4800,6.360000133514404,6.269999980926514,6.360000133514404,6.269999980926514,6.269999980926514
2014-10-08,11500,6.210000038146973,6.369999885559082,6.369999885559082,6.210000038146973,6.369999885559082
2014-10-07,24000,6.190000057220459,6.360000133514404,6.590000152587891,6.190000057220459,6.360000133514404
2014-10-06,37300,6.400000095367432,6.179999828338623,6.449999809265137,6.159999847412109,6.179999828338623
2014-10-03,11000,6.190000057220459,6.260000228881836,6.309999942779541,6.190000057220459,6.260000228881836
2014-10-02,6200,6.21999979019165,6.21999979019165,6.25,6.150000095367432,6.21999979019165
2014-10-01,19800,6.25,6.150000095367432,6.400000095367432,6.010000228881836,6.150000095367432
2014-09-30,8100,6.050000190734863,6.079999923706055,6.099999904632568,5.929999828338623,6.079999923706055
2014-09-29,42800,5.889999866485596,6.130000114440918,6.150000095367432,5.849999904632568,6.130000114440918
2014-09-26,35100,5.989999771118164,5.849999904632568,6.070000171661377,5.789999961853027,5.849999904632568
2014-09-25,24500,6.070000171661377,6.059999942779541,6.099999904632568,5.900000095367432,6.059999942779541
2014-09-24,52600,5.800000190734863,6.019999980926514,6.119999885559082,5.710000038146973,6.019999980926514
2014-09-23,25900,5.739999771118164,5.78000020980835,5.800000190734863,5.650000095367432,5.78000020980835
2014-09-22,35200,5.760000228881836,5.789999961853027,5.840000152587891,5.699999809265137,5.789999961853027
2014-09-19,20700,5.929999828338623,5.849999904632568,5.929999828338623,5.800000190734863,5.849999904632568
2014-09-18,22600,6.070000171661377,6.0,6.070000171661377,5.949999809265137,6.0
2014-09-17,18600,5.989999771118164,6.099999904632568,6.190000057220459,5.900000095367432,6.099999904632568
2014-09-16,4200,6.190000057220459,6.139999866485596,6.190000057220459,6.050000190734863,6.139999866485596
2014-09-15,47600,6.25,5.96999979019165,6.25,5.96999979019165,5.96999979019165
2014-09-12,33700,6.320000171661377,6.159999847412109,6.320000171661377,6.099999904632568,6.159999847412109
2014-09-11,35600,6.510000228881836,6.239999771118164,6.510000228881836,6.179999828338623,6.239999771118164
2014-09-10,13500,6.400000095367432,6.440000057220459,6.449999809265137,6.380000114440918,6.440000057220459
2014-09-09,18500,6.449999809265137,6.440000057220459,6.46999979019165,6.400000095367432,6.440000057220459
2014-09-08,13900,6.550000190734863,6.519999980926514,6.550000190734863,6.460000038146973,6.519999980926514
2014-09-05,6100,6.510000228881836,6.550000190734863,6.550000190734863,6.5,6.550000190734863
2014-09-04,21900,6.639999866485596,6.539999961853027,6.639999866485596,6.519999980926514,6.539999961853027
2014-09-03,29300,6.659999847412109,6.639999866485596,6.659999847412109,6.570000171661377,6.639999866485596
2014-09-02,12400,6.739999771118164,6.760000228881836,6.769999980926514,6.630000114440918,6.760000228881836
2014-08-29,8900,6.769999980926514,6.690000057220459,6.769999980926514,6.639999866485596,6.690000057220459
2014-08-28,1100,6.679999828338623,6.699999809265137,6.699999809265137,6.679999828338623,6.699999809265137
2014-08-27,12400,6.820000171661377,6.659999847412109,6.820000171661377,6.639999866485596,6.659999847412109
2014-08-26,33100,6.769999980926514,6.630000114440918,6.769999980926514,6.610000133514404,6.630000114440918
2014-08-25,22200,6.75,6.730000019073486,6.800000190734863,6.699999809265137,6.730000019073486
2014-08-22,5100,6.71999979019165,6.75,6.869999885559082,6.699999809265137,6.75
2014-08-21,3700,6.820000171661377,6.809999942779541,6.820000171661377,6.710000038146973,6.809999942779541
2014-08-20,4500,6.800000190734863,6.78000020980835,6.800000190734863,6.699999809265137,6.78000020980835
2014-08-19,17500,6.829999923706055,6.800000190734863,6.829999923706055,6.699999809265137,6.800000190734863
2014-08-18,4500,6.920000076293945,6.739999771118164,6.920000076293945,6.699999809265137,6.739999771118164
2014-08-15,28100,6.610000133514404,6.820000171661377,6.849999904632568,6.610000133514404,6.820000171661377
2014-08-14,42600,6.639999866485596,6.659999847412109,6.78000020980835,6.610000133514404,6.659999847412109
2014-08-13,12400,6.699999809265137,6.690000057220459,6.860000133514404,6.630000114440918,6.690000057220459
2014-08-12,12600,6.71999979019165,6.730000019073486,6.75,6.599999904632568,6.730000019073486
2014-08-11,14800,6.800000190734863,6.78000020980835,6.840000152587891,6.710000038146973,6.78000020980835
2014-08-08,21000,6.980000019073486,6.820000171661377,6.980000019073486,6.739999771118164,6.820000171661377
2014-08-07,36300,6.920000076293945,6.860000133514404,6.980000019073486,6.619999885559082,6.860000133514404
2014-08-06,3400,6.809999942779541,6.920000076293945,6.949999809265137,6.809999942779541,6.920000076293945
2014-08-05,12100,6.800000190734863,6.809999942779541,6.909999847412109,6.800000190734863,6.809999942779541
2014-08-04,56600,6.769999980926514,6.989999771118164,7.03000020980835,6.659999847412109,6.989999771118164
2014-08-01,11900,6.75,6.710000038146973,6.75,6.710000038146973,6.710000038146973
2014-07-31,18900,6.78000020980835,6.739999771118164,6.820000171661377,6.730000019073486,6.739999771118164
2014-07-30,9200,6.869999885559082,6.789999961853027,6.869999885559082,6.78000020980835,6.789999961853027
2014-07-29,40600,6.869999885559082,6.860000133514404,6.980000019073486,6.829999923706055,6.860000133514404
2014-07-28,30900,6.860000133514404,6.940000057220459,6.96999979019165,6.829999923706055,6.940000057220459
2014-07-25,20500,6.78000020980835,6.78000020980835,6.840000152587891,6.710000038146973,6.78000020980835
2014-07-24,9100,6.75,6.679999828338623,6.75,6.670000076293945,6.679999828338623
2014-07-23,37400,6.510000228881836,6.570000171661377,6.730000019073486,6.510000228881836,6.570000171661377
2014-07-22,45500,6.71999979019165,6.579999923706055,6.760000228881836,6.539999961853027,6.579999923706055
2014-07-21,75500,6.550000190734863,6.730000019073486,6.739999771118164,6.489999771118164,6.730000019073486
2014-07-18,37200,6.730000019073486,6.710000038146973,6.789999961853027,6.619999885559082,6.710000038146973
2014-07-17,39900,6.71999979019165,6.78000020980835,7.010000228881836,6.610000133514404,6.78000020980835
2014-07-16,11500,6.880000114440918,6.900000095367432,6.900000095367432,6.820000171661377,6.900000095367432
2014-07-15,17500,6.800000190734863,6.800000190734863,6.889999866485596,6.730000019073486,6.800000190734863
2014-07-14,47400,6.650000095367432,6.940000057220459,7.0,6.650000095367432,6.940000057220459
2014-07-11,115500,6.809999942779541,6.699999809265137,6.809999942779541,6.599999904632568,6.699999809265137
2014-07-10,24000,6.769999980926514,6.869999885559082,6.869999885559082,6.769999980926514,6.869999885559082
2014-07-09,20100,6.900000095367432,6.820000171661377,6.909999847412109,6.820000171661377,6.820000171661377
2014-07-08,18000,6.900000095367432,6.949999809265137,6.96999979019165,6.900000095367432,6.949999809265137
2014-07-07,21200,7.150000095367432,6.989999771118164,7.150000095367432,6.909999847412109,6.989999771118164
2014-07-03,14000,7.130000114440918,7.139999866485596,7.150000095367432,7.099999904632568,7.139999866485596
2014-07-02,76900,7.050000190734863,7.210000038146973,7.329999923706055,7.0,7.210000038146973
2014-07-01,44600,7.139999866485596,7.159999847412109,7.170000076293945,7.03000020980835,7.159999847412109
2014-06-30,73400,7.619999885559082,7.190000057220459,7.639999866485596,7.130000114440918,7.190000057220459
2014-06-27,14900,7.659999847412109,7.730000019073486,7.789999961853027,7.659999847412109,7.730000019073486
2014-06-26,42400,7.670000076293945,7.760000228881836,7.820000171661377,7.610000133514404,7.760000228881836
2014-06-25,7400,7.639999866485596,7.690000057220459,7.699999809265137,7.639999866485596,7.690000057220459
2014-06-24,24300,7.71999979019165,7.670000076293945,7.71999979019165,7.599999904632568,7.670000076293945
2014-06-23,26500,7.829999923706055,7.739999771118164,7.860000133514404,7.699999809265137,7.739999771118164
2014-06-20,21200,7.78000020980835,7.800000190734863,7.840000152587891,7.730000019073486,7.800000190734863
2014-06-19,39000,7.699999809265137,7.829999923706055,7.829999923706055,7.699999809265137,7.829999923706055
2014-06-18,12300,7.480000019073486,7.570000171661377,7.639999866485596,7.480000019073486,7.570000171661377
2014-06-17,11700,7.53000020980835,7.480000019073486,7.53000020980835,7.420000076293945,7.480000019073486
2014-06-16,20000,7.71999979019165,7.550000190734863,7.71999979019165,7.539999961853027,7.550000190734863
2014-06-13,13200,7.579999923706055,7.550000190734863,7.619999885559082,7.519999980926514,7.550000190734863
2014-06-12,27800,7.489999771118164,7.440000057220459,7.510000228881836,7.400000095367432,7.440000057220459
2014-06-11,33100,7.71999979019165,7.480000019073486,7.71999979019165,7.46999979019165,7.480000019073486
2014-06-10,13000,7.760000228881836,7.710000038146973,7.760000228881836,7.670000076293945,7.710000038146973
2014-06-09,10200,7.820000171661377,7.760000228881836,7.820000171661377,7.710000038146973,7.760000228881836
2014-06-06,37900,7.559999942779541,7.860000133514404,7.880000114440918,7.559999942779541,7.860000133514404
2014-06-05,110800,7.699999809265137,7.570000171661377,7.699999809265137,7.519999980926514,7.570000171661377
2014-06-04,9000,7.71999979019165,7.71999979019165,7.800000190734863,7.710000038146973,7.71999979019165
2014-06-03,23900,7.849999904632568,7.75,7.849999904632568,7.699999809265137,7.75
2014-06-02,33500,7.909999847412109,7.829999923706055,7.920000076293945,7.769999980926514,7.829999923706055
2014-05-30,9700,8.039999961853027,7.949999809265137,8.0600004196167,7.920000076293945,7.949999809265137
2014-05-29,15400,8.1899995803833,8.140000343322754,8.279999732971191,8.100000381469727,8.140000343322754
2014-05-28,21200,8.050000190734863,8.079999923706055,8.100000381469727,7.940000057220459,8.079999923706055
2014-05-27,83200,8.1899995803833,8.029999732971191,8.1899995803833,8.0,8.029999732971191
2014-05-23,12000,8.420000076293945,8.380000114440918,8.420000076293945,8.34000015258789,8.380000114440918
2014-05-22,9800,8.5600004196167,8.430000305175781,8.5600004196167,8.420000076293945,8.430000305175781
2014-05-21,26900,8.399999618530273,8.449999809265137,8.5,8.369999885559082,8.449999809265137
2014-05-20,22000,8.579999923706055,8.40999984741211,8.670000076293945,8.369999885559082,8.40999984741211
2014-05-19,24800,8.470000267028809,8.5,8.510000228881836,8.369999885559082,8.5
2014-05-16,24000,8.640000343322754,8.550000190734863,8.640000343322754,8.489999771118164,8.550000190734863
2014-05-15,31400,8.720000267028809,8.65999984741211,8.720000267028809,8.600000381469727,8.65999984741211
2014-05-14,3600,8.850000381469727,8.84000015258789,8.880000114440918,8.8100004196167,8.84000015258789
2014-05-13,7900,8.829999923706055,8.949999809265137,8.949999809265137,8.779999732971191,8.949999809265137
2014-05-12,12900,8.859999656677246,8.75,8.859999656677246,8.630000114440918,8.75
2014-05-09,12600,9.029999732971191,8.829999923706055,9.069999694824219,8.819999694824219,8.829999923706055
2014-05-08,6400,8.920000076293945,9.010000228881836,9.09000015258789,8.920000076293945,9.010000228881836
2014-05-07,16900,8.979999542236328,9.0600004196167,9.0600004196167,8.899999618530273,9.0600004196167
2014-05-06,6300,8.869999885559082,9.079999923706055,9.079999923706055,8.869999885559082,9.079999923706055
2014-05-05,4800,8.850000381469727,8.949999809265137,8.949999809265137,8.8100004196167,8.949999809265137
2014-05-02,19500,8.880000114440918,8.770000457763672,8.930000305175781,8.760000228881836,8.770000457763672
2014-05-01,61100,9.100000381469727,8.930000305175781,9.109999656677246,8.859999656677246,8.930000305175781
2014-04-30,45900,9.050000190734863,9.149999618530273,9.15999984741211,8.960000038146973,9.149999618530273
2014-04-29,24000,8.84000015258789,9.010000228881836,9.050000190734863,8.84000015258789,9.010000228881836
2014-04-28,18100,8.890000343322754,8.869999885559082,8.920000076293945,8.789999961853027,8.869999885559082
2014-04-25,4700,8.84000015258789,8.899999618530273,8.949999809265137,8.829999923706055,8.899999618530273
2014-04-24,31600,8.829999923706055,8.84000015258789,8.899999618530273,8.720000267028809,8.84000015258789
2014-04-23,18100,8.520000457763672,8.720000267028809,8.739999771118164,8.520000457763672,8.720000267028809
2014-04-22,6000,8.369999885559082,8.529999732971191,8.529999732971191,8.369999885559082,8.529999732971191
2014-04-21,27200,8.529999732971191,8.430000305175781,8.529999732971191,8.369999885559082,8.430000305175781
2014-04-17,6300,8.649999618530273,8.710000038146973,8.760000228881836,8.619999885559082,8.710000038146973
2014-04-16,14000,8.800000190734863,8.710000038146973,8.930000305175781,8.710000038146973,8.710000038146973
2014-04-15,9600,8.550000190734863,8.770000457763672,8.779999732971191,8.539999961853027,8.770000457763672
2014-04-14,27100,8.520000457763672,8.59000015258789,8.670000076293945,8.510000228881836,8.59000015258789
2014-04-11,48100,8.430000305175781,8.390000343322754,8.550000190734863,8.369999885559082,8.390000343322754
2014-04-10,19400,8.609999656677246,8.569999694824219,8.619999885559082,8.4399995803833,8.569999694824219
2014-04-09,27900,8.720000267028809,8.609999656677246,8.779999732971191,8.5600004196167,8.609999656677246
2014-04-08,20500,8.609999656677246,8.6899995803833,8.729999542236328,8.59000015258789,8.6899995803833
2014-04-07,9200,8.510000228881836,8.510000228881836,8.600000381469727,8.510000228881836,8.510000228881836
2014-04-04,37200,8.460000038146973,8.579999923706055,8.600000381469727,8.420000076293945,8.579999923706055
2014-04-03,24300,8.369999885559082,8.529999732971191,8.579999923706055,8.220000267028809,8.529999732971191
2014-04-02,6000,8.579999923706055,8.369999885559082,8.579999923706055,8.369999885559082,8.369999885559082
2014-04-01,14100,8.720000267028809,8.59000015258789,8.800000190734863,8.59000015258789,8.59000015258789
2014-03-31,23100,8.479999542236328,8.649999618530273,8.710000038146973,8.170000076293945,8.649999618530273
2014-03-28,36800,8.600000381469727,8.569999694824219,8.75,8.510000228881836,8.569999694824219
2014-03-27,16200,8.619999885559082,8.739999771118164,8.75,8.600000381469727,8.739999771118164
2014-03-26,10800,8.550000190734863,8.550000190734863,8.550000190734863,8.520000457763672,8.550000190734863
2014-03-25,24600,8.350000381469727,8.539999961853027,8.539999961853027,8.350000381469727,8.539999961853027
2014-03-24,46200,8.279999732971191,8.420000076293945,8.5,8.279999732971191,8.420000076293945
2014-03-21,68800,8.279999732971191,8.210000038146973,8.300000190734863,8.199999809265137,8.210000038146973
2014-03-20,22500,8.479999542236328,8.430000305175781,8.600000381469727,8.350000381469727,8.430000305175781
2014-03-19,26500,8.3100004196167,8.539999961853027,8.649999618530273,8.3100004196167,8.539999961853027
2014-03-18,24200,8.149999618530273,8.380000114440918,8.449999809265137,8.149999618530273,8.380000114440918
2014-03-17,17200,8.199999809265137,8.170000076293945,8.3100004196167,8.170000076293945,8.170000076293945
2014-03-14,12900,8.239999771118164,8.289999961853027,8.350000381469727,7.909999847412109,8.289999961853027
2014-03-13,23800,8.470000267028809,8.319999694824219,8.5,8.3100004196167,8.319999694824219
2014-03-12,62100,8.279999732971191,8.390000343322754,8.449999809265137,8.1899995803833,8.390000343322754
2014-03-11,31900,8.369999885559082,8.3100004196167,8.640000343322754,8.15999984741211,8.3100004196167
2014-03-10,189100,8.600000381469727,8.140000343322754,8.670000076293945,8.100000381469727,8.140000343322754
2014-03-07,28900,8.75,8.720000267028809,8.75,8.649999618530273,8.720000267028809
2014-03-06,28300,8.789999961853027,8.65999984741211,8.789999961853027,8.649999618530273,8.65999984741211
2014-03-05,26100,8.800000190734863,8.770000457763672,8.800000190734863,8.6899995803833,8.770000457763672
2014-03-04,25200,8.579999923706055,8.779999732971191,8.779999732971191,8.579999923706055,8.779999732971191
2014-03-03,43900,8.380000114440918,8.550000190734863,8.600000381469727,8.380000114440918,8.550000190734863
2014-02-28,42400,8.0600004196167,8.260000228881836,8.359999656677246,7.900000095367432,8.260000228881836
2014-02-27,44000,8.0,8.220000267028809,8.300000190734863,8.0,8.220000267028809
2014-02-26,76900,8.130000114440918,8.010000228881836,8.1899995803833,7.800000190734863,8.010000228881836
2014-02-25,95700,8.800000190734863,8.319999694824219,8.819999694824219,8.199999809265137,8.319999694824219
2014-02-24,149400,8.09000015258789,8.770000457763672,8.84000015258789,8.09000015258789,8.770000457763672
2014-02-21,18200,7.929999828338623,7.949999809265137,7.989999771118164,7.860000133514404,7.949999809265137
2014-02-20,70400,7.860000133514404,7.860000133514404,7.980000019073486,7.78000020980835,7.860000133514404
2014-02-19,55800,7.699999809265137,7.789999961853027,7.889999866485596,7.679999828338623,7.789999961853027
2014-02-18,55100,7.429999828338623,7.539999961853027,7.559999942779541,7.400000095367432,7.539999961853027
2014-02-14,22200,7.340000152587891,7.460000038146973,7.489999771118164,7.25,7.460000038146973
2014-02-13,5700,7.210000038146973,7.230000019073486,7.260000228881836,7.199999809265137,7.230000019073486
2014-02-12,19300,7.230000019073486,7.199999809265137,7.289999961853027,7.130000114440918,7.199999809265137
2014-02-11,29400,7.099999904632568,7.190000057220459,7.190000057220459,7.019999980926514,7.190000057220459
2014-02-10,28000,7.090000152587891,7.150000095367432,7.199999809265137,6.96999979019165,7.150000095367432
2014-02-07,12100,7.139999866485596,7.130000114440918,7.150000095367432,7.070000171661377,7.130000114440918
2014-02-06,42400,7.239999771118164,7.139999866485596,7.340000152587891,7.090000152587891,7.139999866485596
2014-02-05,45600,7.150000095367432,7.130000114440918,7.190000057220459,7.110000133514404,7.130000114440918
2014-02-04,117300,6.949999809265137,7.130000114440918,7.159999847412109,6.949999809265137,7.130000114440918
2014-02-03,41600,6.789999961853027,6.849999904632568,6.900000095367432,6.789999961853027,6.849999904632568
2014-01-31,31400,6.630000114440918,6.75,6.789999961853027,6.610000133514404,6.75
2014-01-30,10500,6.630000114440918,6.590000152587891,6.690000057220459,6.559999942779541,6.590000152587891
2014-01-29,20600,6.699999809265137,6.590000152587891,6.699999809265137,6.570000171661377,6.590000152587891
2014-01-28,6800,6.78000020980835,6.769999980926514,6.800000190734863,6.739999771118164,6.769999980926514
2014-01-27,13200,6.800000190734863,6.71999979019165,6.900000095367432,6.71999979019165,6.71999979019165
2014-01-24,16800,6.869999885559082,6.800000190734863,6.889999866485596,6.699999809265137,6.800000190734863
2014-01-23,11600,6.809999942779541,6.75,6.809999942779541,6.75,6.75
2014-01-22,18300,6.840000152587891,6.739999771118164,6.840000152587891,6.71999979019165,6.739999771118164
2014-01-21,12900,6.809999942779541,6.789999961853027,6.849999904632568,6.769999980926514,6.789999961853027
2014-01-17,25800,6.900000095367432,6.800000190734863,6.900000095367432,6.789999961853027,6.800000190734863
2014-01-16,9800,6.860000133514404,6.960000038146973,6.96999979019165,6.860000133514404,6.960000038146973
2014-01-15,19000,6.940000057220459,6.869999885559082,6.940000057220459,6.840000152587891,6.869999885559082
2014-01-14,13000,6.960000038146973,6.989999771118164,7.019999980926514,6.869999885559082,6.989999771118164
2014-01-13,14200,6.940000057220459,6.96999979019165,6.989999771118164,6.829999923706055,6.96999979019165
2014-01-10,32500,6.840000152587891,6.900000095367432,6.920000076293945,6.769999980926514,6.900000095367432
2014-01-09,51100,6.949999809265137,6.840000152587891,6.980000019073486,6.789999961853027,6.840000152587891
2014-01-08,28900,7.130000114440918,6.949999809265137,7.21999979019165,6.900000095367432,6.949999809265137
2014-01-07,5600,7.309999942779541,7.170000076293945,7.309999942779541,7.119999885559082,7.170000076293945
2014-01-06,11300,7.28000020980835,7.210000038146973,7.28000020980835,7.159999847412109,7.210000038146973
2014-01-03,4100,7.130000114440918,7.28000020980835,7.349999904632568,7.130000114440918,7.28000020980835
2014-01-02,35900,7.25,7.130000114440918,7.25,7.119999885559082,7.130000114440918
2013-12-31,11400,7.239999771118164,7.260000228881836,7.320000171661377,7.239999771118164,7.260000228881836
2013-12-30,11300,7.349999904632568,7.320000171661377,7.349999904632568,7.210000038146973,7.320000171661377
2013-12-27,21300,7.300000190734863,7.349999904632568,7.349999904632568,7.300000190734863,7.349999904632568
2013-12-26,52100,7.440000057220459,7.360000133514404,7.440000057220459,7.28000020980835,7.360000133514404
2013-12-24,6000,7.440000057220459,7.449999809265137,7.46999979019165,7.420000076293945,7.449999809265137
2013-12-23,14800,7.519999980926514,7.440000057220459,7.519999980926514,7.440000057220459,7.440000057220459
2013-12-20,16800,7.480000019073486,7.539999961853027,7.559999942779541,7.440000057220459,7.539999961853027
2013-12-19,41200,7.309999942779541,7.409999847412109,7.46999979019165,7.309999942779541,7.409999847412109
2013-12-18,30800,7.400000095367432,7.369999885559082,7.46999979019165,7.340000152587891,7.369999885559082
2013-12-17,26000,7.489999771118164,7.440000057220459,7.5,7.400000095367432,7.440000057220459
2013-12-16,28200,7.46999979019165,7.449999809265137,7.5,7.449999809265137,7.449999809265137
2013-12-13,9700,7.579999923706055,7.5,7.730000019073486,7.5,7.5
2013-12-12,106500,7.659999847412109,7.650000095367432,7.760000228881836,7.420000076293945,7.650000095367432
2013-12-11,3000,7.75,7.75,7.760000228881836,7.71999979019165,7.75
2013-12-10,3300,7.809999942779541,7.75,7.829999923706055,7.75,7.75
2013-12-09,13100,7.760000228881836,7.829999923706055,7.840000152587891,7.760000228881836,7.829999923706055
2013-12-06,900,7.800000190734863,7.789999961853027,7.800000190734863,7.739999771118164,7.789999961853027
2013-12-05,9700,7.800000190734863,7.800000190734863,7.900000095367432,7.650000095367432,7.800000190734863
2013-12-04,300,7.920000076293945,7.860000133514404,7.920000076293945,7.860000133514404,7.860000133514404
2013-12-03,6900,7.730000019073486,7.829999923706055,7.96999979019165,7.730000019073486,7.829999923706055
2013-12-02,12200,7.800000190734863,7.769999980926514,7.840000152587891,7.739999771118164,7.769999980926514
2013-11-29,300,7.940000057220459,7.900000095367432,7.940000057220459,7.900000095367432,7.900000095367432
2013-11-27,5200,7.800000190734863,7.809999942779541,7.920000076293945,7.800000190734863,7.809999942779541
2013-11-26,13800,7.869999885559082,7.829999923706055,7.889999866485596,7.800000190734863,7.829999923706055
2013-11-25,10500,7.909999847412109,7.909999847412109,7.980000019073486,7.889999866485596,7.909999847412109
2013-11-22,7500,8.09000015258789,7.960000038146973,8.09000015258789,7.769999980926514,7.960000038146973
2013-11-21,1200,7.900000095367432,7.909999847412109,7.929999828338623,7.900000095367432,7.909999847412109
2013-11-20,4900,8.0,7.820000171661377,8.0,7.809999942779541,7.820000171661377
2013-11-19,8600,7.800000190734863,7.789999961853027,7.900000095367432,7.769999980926514,7.789999961853027
2013-11-18,30800,7.900000095367432,7.800000190734863,7.929999828338623,7.800000190734863,7.800000190734863
2013-11-15,23600,8.020000457763672,7.900000095367432,8.170000076293945,7.900000095367432,7.900000095367432
2013-11-14,4700,8.0600004196167,8.039999961853027,8.09000015258789,8.020000457763672,8.039999961853027
2013-11-13,7700,8.140000343322754,8.100000381469727,8.15999984741211,8.050000190734863,8.100000381469727
2013-11-12,5000,8.149999618530273,8.140000343322754,8.199999809265137,8.140000343322754,8.140000343322754
2013-11-11,4900,8.079999923706055,8.220000267028809,8.25,8.079999923706055,8.220000267028809
2013-11-08,45600,7.989999771118164,8.140000343322754,8.1899995803833,7.989999771118164,8.140000343322754
2013-11-07,15800,8.170000076293945,8.039999961853027,8.170000076293945,7.980000019073486,8.039999961853027
2013-11-06,9400,8.1899995803833,8.100000381469727,8.260000228881836,8.100000381469727,8.100000381469727
2013-11-05,800,8.239999771118164,8.140000343322754,8.239999771118164,8.140000343322754,8.140000343322754
2013-11-04,15200,8.25,8.1899995803833,8.300000190734863,8.130000114440918,8.1899995803833
2013-11-01,17100,8.420000076293945,8.229999542236328,8.420000076293945,8.220000267028809,8.229999542236328
2013-10-31,9500,8.359999656677246,8.3100004196167,8.420000076293945,8.279999732971191,8.3100004196167
2013-10-30,13600,8.479999542236328,8.359999656677246,8.479999542236328,8.359999656677246,8.359999656677246
2013-10-29,24000,8.460000038146973,8.420000076293945,8.529999732971191,8.359999656677246,8.420000076293945
2013-10-28,16300,8.649999618530273,8.539999961853027,8.649999618530273,8.420000076293945,8.539999961853027
2013-10-25,5200,8.760000228881836,8.65999984741211,8.760000228881836,8.65999984741211,8.65999984741211
2013-10-24,19700,8.729999542236328,8.739999771118164,8.75,8.680000305175781,8.739999771118164
2013-10-23,4600,8.800000190734863,8.760000228881836,8.859999656677246,8.760000228881836,8.760000228881836
2013-10-22,19400,8.800000190734863,8.789999961853027,8.8100004196167,8.729999542236328,8.789999961853027
2013-10-21,2200,8.710000038146973,8.829999923706055,8.829999923706055,8.710000038146973,8.829999923706055
2013-10-18,25800,8.760000228881836,8.75,8.850000381469727,8.75,8.75
2013-10-17,12000,8.65999984741211,8.729999542236328,8.760000228881836,8.65999984741211,8.729999542236328
2013-10-16,2600,8.670000076293945,8.630000114440918,8.75,8.630000114440918,8.630000114440918
2013-10-15,1800,8.800000190734863,8.609999656677246,8.800000190734863,8.600000381469727,8.609999656677246
2013-10-14,5400,8.649999618530273,8.65999984741211,8.739999771118164,8.609999656677246,8.65999984741211
2013-10-11,3900,8.600000381469727,8.539999961853027,8.710000038146973,8.539999961853027,8.539999961853027
2013-10-10,10900,8.6899995803833,8.630000114440918,8.979999542236328,8.600000381469727,8.630000114440918
2013-10-09,5600,8.649999618530273,8.649999618530273,8.800000190734863,8.640000343322754,8.649999618530273
2013-10-08,8900,8.850000381469727,8.680000305175781,9.0,8.640000343322754,8.680000305175781
2013-10-07,9500,8.680000305175781,8.779999732971191,8.829999923706055,8.670000076293945,8.779999732971191
2013-10-04,2800,8.609999656677246,8.680000305175781,8.680000305175781,8.550000190734863,8.680000305175781
2013-10-03,8400,8.5600004196167,8.59000015258789,8.609999656677246,8.539999961853027,8.59000015258789
2013-10-02,10900,8.5,8.430000305175781,8.520000457763672,8.420000076293945,8.430000305175781
2013-10-01,24000,8.369999885559082,8.369999885559082,8.420000076293945,8.270000457763672,8.369999885559082
2013-09-30,18100,8.5600004196167,8.369999885559082,8.65999984741211,8.34000015258789,8.369999885559082
2013-09-27,13600,8.510000228881836,8.510000228881836,8.819999694824219,8.510000228881836,8.510000228881836
2013-09-26,6100,8.600000381469727,8.720000267028809,8.720000267028809,8.550000190734863,8.720000267028809
2013-09-25,76000,8.5,8.579999923706055,8.710000038146973,8.5,8.579999923706055
2013-09-24,7500,8.430000305175781,8.40999984741211,8.489999771118164,8.399999618530273,8.40999984741211
2013-09-23,21800,8.399999618530273,8.40999984741211,8.4399995803833,8.390000343322754,8.40999984741211
2013-09-20,9800,8.520000457763672,8.420000076293945,8.520000457763672,8.420000076293945,8.420000076293945
2013-09-19,9700,8.680000305175781,8.619999885559082,8.739999771118164,8.569999694824219,8.619999885559082
2013-09-18,400,8.520000457763672,8.510000228881836,8.520000457763672,8.510000228881836,8.510000228881836
2013-09-17,18100,8.680000305175781,8.510000228881836,8.739999771118164,8.460000038146973,8.510000228881836
2013-09-16,15800,8.75,8.579999923706055,8.75,8.550000190734863,8.579999923706055
2013-09-13,18500,9.0,8.789999961853027,9.09000015258789,8.729999542236328,8.789999961853027
2013-09-12,19800,8.979999542236328,9.010000228881836,9.09000015258789,8.729999542236328,9.010000228881836
2013-09-11,10900,8.75,8.829999923706055,8.84000015258789,8.75,8.829999923706055
2013-09-10,13500,8.649999618530273,8.829999923706055,8.850000381469727,8.649999618530273,8.829999923706055
2013-09-09,8900,8.710000038146973,8.649999618530273,8.800000190734863,8.649999618530273,8.649999618530273
2013-09-06,7100,8.800000190734863,8.720000267028809,8.800000190734863,8.65999984741211,8.720000267028809
2013-09-05,17400,8.800000190734863,8.600000381469727,8.850000381469727,8.5600004196167,8.600000381469727
2013-09-04,29800,8.789999961853027,8.829999923706055,8.829999923706055,8.65999984741211,8.829999923706055
2013-09-03,35200,9.010000228881836,8.850000381469727,9.140000343322754,8.739999771118164,8.850000381469727
2013-08-30,96200,8.899999618530273,8.899999618530273,9.020000457763672,8.819999694824219,8.899999618530273
2013-08-29,23700,9.0,8.90999984741211,9.069999694824219,8.90999984741211,8.90999984741211
2013-08-28,23000,9.100000381469727,8.970000267028809,9.199999809265137,8.970000267028809,8.970000267028809
2013-08-27,29100,9.1899995803833,9.210000038146973,9.25,9.100000381469727,9.210000038146973
2013-08-26,37400,9.140000343322754,9.220000267028809,9.300000190734863,9.069999694824219,9.220000267028809
2013-08-23,3500,8.6899995803833,8.699999809265137,8.720000267028809,8.600000381469727,8.699999809265137
2013-08-22,6400,8.550000190734863,8.5600004196167,8.5600004196167,8.550000190734863,8.5600004196167
2013-08-21,118900,8.720000267028809,8.6899995803833,8.789999961853027,8.550000190734863,8.6899995803833
2013-08-20,4600,8.949999809265137,8.800000190734863,8.949999809265137,8.770000457763672,8.800000190734863
2013-08-19,37400,8.819999694824219,8.890000343322754,8.899999618530273,8.609999656677246,8.890000343322754
2013-08-16,43300,8.619999885559082,8.819999694824219,8.819999694824219,8.600000381469727,8.819999694824219
2013-08-15,37600,8.350000381469727,8.770000457763672,8.890000343322754,8.350000381469727,8.770000457763672
2013-08-14,10000,8.25,8.270000457763672,8.4399995803833,8.229999542236328,8.270000457763672
2013-08-13,10700,8.329999923706055,8.229999542236328,8.4399995803833,8.229999542236328,8.229999542236328
2013-08-12,31300,8.029999732971191,8.420000076293945,8.4399995803833,8.020000457763672,8.420000076293945
2013-08-09,6100,8.100000381469727,8.029999732971191,8.130000114440918,8.029999732971191,8.029999732971191
2013-08-08,14300,8.010000228881836,8.119999885559082,8.130000114440918,7.980000019073486,8.119999885559082
2013-08-07,4000,7.920000076293945,7.96999979019165,7.96999979019165,7.909999847412109,7.96999979019165
2013-08-06,30800,8.050000190734863,7.900000095367432,8.079999923706055,7.900000095367432,7.900000095367432
2013-08-05,4700,8.119999885559082,8.050000190734863,8.15999984741211,8.050000190734863,8.050000190734863
2013-08-02,15400,8.210000038146973,8.109999656677246,8.34000015258789,8.109999656677246,8.109999656677246
2013-08-01,18900,8.270000457763672,8.180000305175781,8.3100004196167,8.140000343322754,8.180000305175781
2013-07-31,7700,8.289999961853027,8.4399995803833,8.4399995803833,8.25,8.4399995803833
2013-07-30,29500,8.399999618530273,8.34000015258789,8.399999618530273,8.279999732971191,8.34000015258789
2013-07-29,23200,8.289999961853027,8.279999732971191,8.329999923706055,8.220000267028809,8.279999732971191
2013-07-26,14300,8.229999542236328,8.239999771118164,8.300000190734863,8.199999809265137,8.239999771118164
2013-07-25,198700,8.710000038146973,8.210000038146973,8.760000228881836,8.140000343322754,8.210000038146973
2013-07-24,13700,8.579999923706055,8.649999618530273,8.649999618530273,8.550000190734863,8.649999618530273
2013-07-23,18300,8.869999885559082,8.510000228881836,8.869999885559082,8.510000228881836,8.510000228881836
2013-07-22,4000,8.960000038146973,8.930000305175781,8.989999771118164,8.75,8.930000305175781
2013-07-19,12000,8.75,8.949999809265137,9.029999732971191,8.75,8.949999809265137
2013-07-18,12400,8.90999984741211,9.010000228881836,9.010000228881836,8.850000381469727,9.010000228881836
2013-07-17,14200,8.800000190734863,8.850000381469727,8.920000076293945,8.770000457763672,8.850000381469727
2013-07-16,33500,9.050000190734863,8.829999923706055,9.100000381469727,8.829999923706055,8.829999923706055
2013-07-15,14500,8.75,8.869999885559082,8.989999771118164,8.75,8.869999885559082
2013-07-12,7400,9.0,9.0,9.149999618530273,8.90999984741211,9.0
2013-07-11,11700,9.109999656677246,9.020000457763672,9.170000076293945,8.960000038146973,9.020000457763672
2013-07-10,12700,9.029999732971191,9.100000381469727,9.130000114440918,9.0,9.100000381469727
2013-07-09,20900,8.859999656677246,9.119999885559082,9.130000114440918,8.859999656677246,9.119999885559082
2013-07-08,22500,8.529999732971191,8.739999771118164,8.949999809265137,8.529999732971191,8.739999771118164
2013-07-05,28700,8.720000267028809,8.529999732971191,8.850000381469727,8.529999732971191,8.529999732971191
2013-07-03,12900,8.800000190734863,8.850000381469727,8.899999618530273,8.729999542236328,8.850000381469727
2013-07-02,20400,8.8100004196167,8.789999961853027,8.819999694824219,8.699999809265137,8.789999961853027
2013-07-01,47400,9.369999885559082,8.789999961853027,9.369999885559082,8.739999771118164,8.789999961853027
2013-06-28,82200,9.289999961853027,8.920000076293945,9.289999961853027,8.859999656677246,8.920000076293945
2013-06-27,11400,9.600000381469727,9.359999656677246,9.600000381469727,9.289999961853027,9.359999656677246
2013-06-26,5900,9.5,9.529999732971191,9.550000190734863,9.479999542236328,9.529999732971191
2013-06-25,12900,9.649999618530273,9.5,9.649999618530273,9.5,9.5
2013-06-24,21700,9.449999809265137,9.479999542236328,9.489999771118164,9.359999656677246,9.479999542236328
2013-06-21,16400,9.579999923706055,9.579999923706055,9.6899995803833,9.5600004196167,9.579999923706055
2013-06-20,56300,9.729999542236328,9.600000381469727,9.739999771118164,9.5600004196167,9.600000381469727
2013-06-19,98400,9.579999923706055,9.90999984741211,10.039999961853027,9.579999923706055,9.90999984741211
2013-06-18,20200,9.489999771118164,9.5600004196167,9.600000381469727,9.470000267028809,9.5600004196167
2013-06-17,9400,9.369999885559082,9.479999542236328,9.5,9.220000267028809,9.479999542236328
2013-06-14,15500,9.399999618530273,9.470000267028809,9.470000267028809,9.34000015258789,9.470000267028809
2013-06-13,7700,9.350000381469727,9.390000343322754,9.390000343322754,9.279999732971191,9.390000343322754
2013-06-12,61600,9.600000381469727,9.40999984741211,9.609999656677246,9.15999984741211,9.40999984741211
2013-06-11,27900,9.630000114440918,9.729999542236328,9.739999771118164,9.579999923706055,9.729999542236328
2013-06-10,10700,9.729999542236328,9.609999656677246,9.729999542236328,9.5600004196167,9.609999656677246
2013-06-07,33400,9.789999961853027,9.829999923706055,9.869999885559082,9.75,9.829999923706055
2013-06-06,22000,9.539999961853027,9.670000076293945,9.710000038146973,9.539999961853027,9.670000076293945
2013-06-05,24800,9.739999771118164,9.5600004196167,9.739999771118164,9.550000190734863,9.5600004196167
2013-06-04,32000,9.739999771118164,9.789999961853027,9.819999694824219,9.720000267028809,9.789999961853027
2013-06-03,18100,10.020000457763672,9.899999618530273,10.069999694824219,9.779999732971191,9.899999618530273
2013-05-31,38900,9.829999923706055,9.880000114440918,9.979999542236328,9.829999923706055,9.880000114440918
2013-05-30,26200,9.789999961853027,9.84000015258789,9.850000381469727,9.710000038146973,9.84000015258789
2013-05-29,55900,9.720000267028809,9.859999656677246,9.920000076293945,9.649999618530273,9.859999656677246
2013-05-28,21200,9.600000381469727,9.699999809265137,9.84000015258789,9.600000381469727,9.699999809265137
2013-05-24,4900,9.420000076293945,9.489999771118164,9.5,9.40999984741211,9.489999771118164
2013-05-23,47100,9.239999771118164,9.5,9.5600004196167,9.239999771118164,9.5
2013-05-22,19900,9.319999694824219,9.229999542236328,9.319999694824219,9.220000267028809,9.229999542236328
2013-05-21,32000,9.069999694824219,9.119999885559082,9.15999984741211,9.020000457763672,9.119999885559082
2013-05-20,74400,9.100000381469727,9.220000267028809,9.300000190734863,9.020000457763672,9.220000267028809
2013-05-17,95900,9.170000076293945,9.220000267028809,9.220000267028809,9.069999694824219,9.220000267028809
2013-05-16,114500,9.3100004196167,9.15999984741211,9.3100004196167,9.15999984741211,9.15999984741211
2013-05-15,23200,9.420000076293945,9.260000228881836,9.4399995803833,9.25,9.260000228881836
2013-05-14,13900,9.510000228881836,9.479999542236328,9.510000228881836,9.4399995803833,9.479999542236328
2013-05-13,7900,9.510000228881836,9.539999961853027,9.619999885559082,9.4399995803833,9.539999961853027
2013-05-10,40200,9.65999984741211,9.420000076293945,9.65999984741211,9.369999885559082,9.420000076293945
2013-05-09,58100,9.5,9.720000267028809,9.75,9.5,9.720000267028809
2013-05-08,28000,9.529999732971191,9.5,9.579999923706055,9.430000305175781,9.5
2013-05-07,34000,9.630000114440918,9.600000381469727,9.670000076293945,9.479999542236328,9.600000381469727
2013-05-06,52300,9.6899995803833,9.640000343322754,9.6899995803833,9.569999694824219,9.640000343322754
2013-05-03,32300,9.979999542236328,9.859999656677246,10.079999923706055,9.75,9.859999656677246
2013-05-02,14300,9.760000228881836,9.920000076293945,9.9399995803833,9.729999542236328,9.920000076293945
2013-05-01,69900,9.800000190734863,9.670000076293945,9.859999656677246,9.670000076293945,9.670000076293945
2013-04-30,57100,9.869999885559082,9.989999771118164,10.079999923706055,9.869999885559082,9.989999771118164
2013-04-29,19700,9.4399995803833,9.869999885559082,9.880000114440918,9.4399995803833,9.869999885559082
2013-04-26,6000,9.3100004196167,9.329999923706055,9.369999885559082,9.3100004196167,9.329999923706055
2013-04-25,46400,9.300000190734863,9.40999984741211,9.65999984741211,9.270000457763672,9.40999984741211
2013-04-24,32300,9.319999694824219,9.279999732971191,9.34000015258789,9.1899995803833,9.279999732971191
2013-04-23,22800,9.40999984741211,9.300000190734863,9.420000076293945,9.279999732971191,9.300000190734863
2013-04-22,38300,9.59000015258789,9.5,9.59000015258789,9.399999618530273,9.5
2013-04-19,19200,9.619999885559082,9.729999542236328,9.779999732971191,9.619999885559082,9.729999542236328
2013-04-18,29000,9.789999961853027,9.640000343322754,9.789999961853027,9.550000190734863,9.640000343322754
2013-04-17,6700,9.510000228881836,9.649999618530273,9.760000228881836,9.510000228881836,9.649999618530273
2013-04-16,10400,9.510000228881836,9.6899995803833,9.6899995803833,9.510000228881836,9.6899995803833
2013-04-15,61900,9.859999656677246,9.380000114440918,9.859999656677246,9.380000114440918,9.380000114440918
2013-04-12,16400,9.8100004196167,9.869999885559082,9.880000114440918,9.800000190734863,9.869999885559082
2013-04-11,15800,9.770000457763672,9.670000076293945,9.770000457763672,9.649999618530273,9.670000076293945
2013-04-10,34000,9.770000457763672,9.710000038146973,9.850000381469727,9.609999656677246,9.710000038146973
2013-04-09,9400,9.5600004196167,9.760000228881836,9.789999961853027,9.5600004196167,9.760000228881836
2013-04-08,16600,9.350000381469727,9.630000114440918,9.649999618530273,9.350000381469727,9.630000114440918
2013-04-05,8200,9.380000114440918,9.579999923706055,9.609999656677246,9.369999885559082,9.579999923706055
2013-04-04,6100,9.6899995803833,9.609999656677246,9.6899995803833,9.520000457763672,9.609999656677246
2013-04-03,11300,9.4399995803833,9.640000343322754,9.649999618530273,9.4399995803833,9.640000343322754
2013-04-02,16000,9.649999618530273,9.550000190734863,9.699999809265137,9.4399995803833,9.550000190734863
2013-04-01,22800,9.600000381469727,9.59000015258789,9.710000038146973,9.4399995803833,9.59000015258789
2013-03-28,93800,10.260000228881836,9.630000114440918,10.270000457763672,9.609999656677246,9.630000114440918
2013-03-27,5400,10.329999923706055,10.350000381469727,10.420000076293945,10.329999923706055,10.350000381469727
2013-03-26,11000,10.289999961853027,10.319999694824219,10.350000381469727,10.25,10.319999694824219
2013-03-25,11900,10.270000457763672,10.289999961853027,10.359999656677246,10.260000228881836,10.289999961853027
2013-03-22,6000,10.300000190734863,10.319999694824219,10.329999923706055,10.210000038146973,10.319999694824219
2013-03-21,18700,10.329999923706055,10.40999984741211,10.4399995803833,10.329999923706055,10.40999984741211
2013-03-20,16700,10.279999732971191,10.390000343322754,10.420000076293945,10.25,10.390000343322754
2013-03-19,15700,10.149999618530273,10.220000267028809,10.260000228881836,10.109999656677246,10.220000267028809
2013-03-18,75300,10.3100004196167,10.180000305175781,10.3100004196167,10.079999923706055,10.180000305175781
2013-03-15,15500,10.3100004196167,10.34000015258789,10.359999656677246,10.260000228881836,10.34000015258789
2013-03-14,8700,10.180000305175781,10.359999656677246,10.380000114440918,10.180000305175781,10.359999656677246
2013-03-13,18100,10.260000228881836,10.260000228881836,10.270000457763672,10.100000381469727,10.260000228881836
2013-03-12,14400,10.25,10.270000457763672,10.300000190734863,10.199999809265137,10.270000457763672
2013-03-11,28100,10.229999542236328,10.279999732971191,10.319999694824219,10.1899995803833,10.279999732971191
2013-03-08,13300,10.170000076293945,10.130000114440918,10.229999542236328,10.069999694824219,10.130000114440918
2013-03-07,12400,10.0600004196167,10.149999618530273,10.180000305175781,10.020000457763672,10.149999618530273
2013-03-06,15300,10.109999656677246,9.949999809265137,10.109999656677246,9.930000305175781,9.949999809265137
2013-03-05,17300,10.130000114440918,10.149999618530273,10.199999809265137,10.109999656677246,10.149999618530273
2013-03-04,14500,10.100000381469727,10.039999961853027,10.140000343322754,9.9399995803833,10.039999961853027
2013-03-01,35100,10.079999923706055,10.180000305175781,10.199999809265137,10.0600004196167,10.180000305175781
2013-02-28,19300,10.170000076293945,10.239999771118164,10.369999885559082,10.170000076293945,10.239999771118164
2013-02-27,13200,10.220000267028809,10.100000381469727,10.239999771118164,10.100000381469727,10.100000381469727
2013-02-26,56300,10.050000190734863,10.130000114440918,10.149999618530273,10.039999961853027,10.130000114440918
2013-02-25,21000,10.220000267028809,10.130000114440918,10.329999923706055,10.09000015258789,10.130000114440918
2013-02-22,53500,10.489999771118164,10.270000457763672,10.520000457763672,10.25,10.270000457763672
2013-02-21,14300,10.470000267028809,10.300000190734863,10.470000267028809,10.260000228881836,10.300000190734863
2013-02-20,15500,10.5,10.550000190734863,10.619999885559082,10.479999542236328,10.550000190734863
2013-02-19,21600,10.550000190734863,10.380000114440918,10.550000190734863,10.3100004196167,10.380000114440918
2013-02-15,59600,10.5,10.399999618530273,10.550000190734863,10.34000015258789,10.399999618530273
2013-02-14,60700,10.460000038146973,10.4399995803833,10.460000038146973,10.359999656677246,10.4399995803833
2013-02-13,16300,10.5,10.59000015258789,10.619999885559082,10.5,10.59000015258789
2013-02-12,14400,10.600000381469727,10.520000457763672,10.600000381469727,10.460000038146973,10.520000457763672
2013-02-11,44000,10.770000457763672,10.640000343322754,10.770000457763672,10.630000114440918,10.640000343322754
2013-02-08,51000,11.029999732971191,10.800000190734863,11.119999885559082,10.779999732971191,10.800000190734863
2013-02-07,45300,11.149999618530273,10.970000267028809,11.210000038146973,10.960000038146973,10.970000267028809
2013-02-06,50600,11.289999961853027,11.210000038146973,11.329999923706055,11.210000038146973,11.210000038146973
2013-02-05,28100,11.539999961853027,11.479999542236328,11.59000015258789,11.4399995803833,11.479999542236328
2013-02-04,12800,11.739999771118164,11.59000015258789,11.779999732971191,11.569999694824219,11.59000015258789
2013-02-01,13000,11.640000343322754,11.619999885559082,11.850000381469727,11.569999694824219,11.619999885559082
2013-01-31,11700,11.609999656677246,11.670000076293945,11.680000305175781,11.520000457763672,11.670000076293945
2013-01-30,20300,11.600000381469727,11.739999771118164,11.75,11.600000381469727,11.739999771118164
2013-01-29,33100,11.479999542236328,11.470000267028809,11.529999732971191,11.40999984741211,11.470000267028809
2013-01-28,51500,11.420000076293945,11.5600004196167,11.600000381469727,11.369999885559082,11.5600004196167
2013-01-25,52900,11.25,11.350000381469727,11.390000343322754,11.25,11.350000381469727
2013-01-24,50500,11.199999809265137,11.34000015258789,11.34000015258789,11.180000305175781,11.34000015258789
2013-01-23,27100,11.359999656677246,11.399999618530273,11.510000228881836,11.300000190734863,11.399999618530273
2013-01-22,25800,11.34000015258789,11.359999656677246,11.600000381469727,11.34000015258789,11.359999656677246
2013-01-18,15200,11.319999694824219,11.470000267028809,11.489999771118164,11.3100004196167,11.470000267028809
2013-01-17,13100,11.449999809265137,11.300000190734863,11.449999809265137,11.300000190734863,11.300000190734863
2013-01-16,28300,11.4399995803833,11.5,11.529999732971191,11.369999885559082,11.5
2013-01-15,18700,11.399999618530273,11.4399995803833,11.520000457763672,11.399999618530273,11.4399995803833
2013-01-14,87200,11.25,11.359999656677246,11.4399995803833,11.239999771118164,11.359999656677246
2013-01-11,91200,11.199999809265137,11.239999771118164,11.520000457763672,11.050000190734863,11.239999771118164
2013-01-10,31300,11.300000190734863,11.220000267028809,11.34000015258789,11.210000038146973,11.220000267028809
2013-01-09,27600,11.220000267028809,11.25,11.25,11.09000015258789,11.25
2013-01-08,10200,11.170000076293945,11.170000076293945,11.210000038146973,11.149999618530273,11.170000076293945
2013-01-07,18600,11.180000305175781,11.199999809265137,11.270000457763672,11.050000190734863,11.199999809265137
2013-01-04,20200,11.199999809265137,11.079999923706055,11.199999809265137,11.020000457763672,11.079999923706055
2013-01-03,31200,11.369999885559082,11.319999694824219,11.430000305175781,11.260000228881836,11.319999694824219
2013-01-02,116900,12.149999618530273,11.5,12.149999618530273,11.489999771118164,11.5
2012-12-31,16700,11.739999771118164,11.789999961853027,11.850000381469727,11.600000381469727,11.789999961853027
2012-12-28,23800,11.760000228881836,11.779999732971191,11.819999694824219,11.75,11.779999732971191
2012-12-27,8500,11.529999732971191,11.699999809265137,11.720000267028809,11.510000228881836,11.699999809265137
2012-12-26,15400,12.0,11.630000114440918,12.0,11.619999885559082,11.630000114440918
2012-12-24,16300,11.920000076293945,11.84000015258789,11.960000038146973,11.84000015258789,11.84000015258789
2012-12-21,18000,11.65999984741211,11.850000381469727,11.90999984741211,11.65999984741211,11.850000381469727
2012-12-20,30600,11.75,11.739999771118164,11.869999885559082,11.699999809265137,11.739999771118164
2012-12-19,34300,12.279999732971191,12.0,12.329999923706055,11.979999542236328,12.0
2012-12-18,62500,12.149999618530273,12.1899995803833,12.229999542236328,12.029999732971191,12.1899995803833
2012-12-17,15300,12.300000190734863,12.25,12.319999694824219,12.119999885559082,12.25
2012-12-14,17100,12.109999656677246,12.220000267028809,12.229999542236328,12.09000015258789,12.220000267028809
2012-12-13,70800,12.09000015258789,12.0,12.100000381469727,11.880000114440918,12.0
2012-12-12,50300,12.279999732971191,12.100000381469727,12.279999732971191,12.050000190734863,12.100000381469727
2012-12-11,10000,12.449999809265137,12.289999961853027,12.449999809265137,12.220000267028809,12.289999961853027
2012-12-10,4700,12.59000015258789,12.579999923706055,12.59000015258789,12.430000305175781,12.579999923706055
2012-12-07,4000,12.630000114440918,12.670000076293945,12.720000267028809,12.630000114440918,12.670000076293945
2012-12-06,6200,12.789999961853027,12.800000190734863,12.800000190734863,12.640000343322754,12.800000190734863
2012-12-05,24600,12.5,12.829999923706055,12.829999923706055,12.5,12.829999923706055
2012-12-04,23400,12.680000305175781,12.550000190734863,12.710000038146973,12.479999542236328,12.550000190734863
2012-12-03,29300,12.760000228881836,12.65999984741211,12.829999923706055,12.630000114440918,12.65999984741211
2012-11-30,17200,12.569999694824219,12.479999542236328,12.59000015258789,12.4399995803833,12.479999542236328
2012-11-29,25700,12.569999694824219,12.640000343322754,12.699999809265137,12.569999694824219,12.640000343322754
2012-11-28,106800,12.510000228881836,12.619999885559082,12.670000076293945,12.470000267028809,12.619999885559082
2012-11-27,28100,12.40999984741211,12.619999885559082,12.649999618530273,12.40999984741211,12.619999885559082
2012-11-26,5300,12.260000228881836,12.289999961853027,12.329999923706055,12.220000267028809,12.289999961853027
2012-11-23,6100,12.1899995803833,12.220000267028809,12.220000267028809,12.09000015258789,12.220000267028809
2012-11-21,57600,12.300000190734863,12.220000267028809,12.359999656677246,12.210000038146973,12.220000267028809
2012-11-20,8700,12.100000381469727,12.34000015258789,12.390000343322754,12.100000381469727,12.34000015258789
2012-11-19,19500,12.130000114440918,12.220000267028809,12.270000457763672,12.119999885559082,12.220000267028809
2012-11-16,17600,11.729999542236328,11.770000457763672,11.819999694824219,11.600000381469727,11.770000457763672
2012-11-15,232600,11.930000305175781,11.819999694824219,12.0,11.800000190734863,11.819999694824219
2012-11-14,27400,12.140000343322754,11.970000267028809,12.180000305175781,11.960000038146973,11.970000267028809
2012-11-13,43200,12.170000076293945,12.029999732971191,12.210000038146973,11.90999984741211,12.029999732971191
2012-11-12,52100,12.34000015258789,12.069999694824219,12.4399995803833,12.020000457763672,12.069999694824219
2012-11-09,81000,12.550000190734863,12.520000457763672,12.699999809265137,12.5,12.520000457763672
2012-11-08,11100,12.739999771118164,12.65999984741211,12.800000190734863,12.65999984741211,12.65999984741211
2012-11-07,27300,12.710000038146973,12.729999542236328,12.880000114440918,12.6899995803833,12.729999542236328
2012-11-06,5000,12.699999809265137,12.779999732971191,12.800000190734863,12.699999809265137,12.779999732971191
2012-11-05,18600,12.630000114440918,12.579999923706055,12.699999809265137,12.510000228881836,12.579999923706055
2012-11-02,9400,12.699999809265137,12.619999885559082,12.699999809265137,12.5600004196167,12.619999885559082
2012-11-01,21400,12.880000114440918,12.779999732971191,12.920000076293945,12.779999732971191,12.779999732971191
2012-10-31,49800,12.569999694824219,12.8100004196167,12.819999694824219,12.550000190734863,12.8100004196167
2012-10-26,23000,12.569999694824219,12.520000457763672,12.609999656677246,12.5,12.520000457763672
2012-10-25,7700,12.729999542236328,12.579999923706055,12.729999542236328,12.529999732971191,12.579999923706055
2012-10-24,11000,12.640000343322754,12.710000038146973,12.850000381469727,12.640000343322754,12.710000038146973
2012-10-23,50500,12.520000457763672,12.640000343322754,12.680000305175781,12.460000038146973,12.640000343322754
2012-10-22,11500,12.859999656677246,12.84000015258789,12.899999618530273,12.8100004196167,12.84000015258789
2012-10-19,38000,12.84000015258789,12.819999694824219,13.020000457763672,12.789999961853027,12.819999694824219
2012-10-18,78300,12.680000305175781,12.899999618530273,12.930000305175781,12.670000076293945,12.899999618530273
2012-10-17,12800,12.520000457763672,12.630000114440918,12.630000114440918,12.489999771118164,12.630000114440918
2012-10-16,32900,12.489999771118164,12.460000038146973,12.600000381469727,12.399999618530273,12.460000038146973
2012-10-15,86300,12.539999961853027,12.350000381469727,12.539999961853027,12.229999542236328,12.350000381469727
2012-10-12,40700,12.960000038146973,12.710000038146973,13.010000228881836,12.619999885559082,12.710000038146973
2012-10-11,54700,13.039999961853027,13.229999542236328,13.279999732971191,12.979999542236328,13.229999542236328
2012-10-10,38400,12.880000114440918,12.770000457763672,12.880000114440918,12.729999542236328,12.770000457763672
2012-10-09,22000,13.0,12.890000343322754,13.020000457763672,12.850000381469727,12.890000343322754
2012-10-08,34300,12.720000267028809,12.789999961853027,12.84000015258789,12.720000267028809,12.789999961853027
2012-10-05,17700,12.84000015258789,12.84000015258789,12.9399995803833,12.779999732971191,12.84000015258789
2012-10-04,34600,13.180000305175781,13.010000228881836,13.270000457763672,12.979999542236328,13.010000228881836
2012-10-03,44000,12.8100004196167,12.970000267028809,13.079999923706055,12.680000305175781,12.970000267028809
2012-10-02,27700,12.819999694824219,12.90999984741211,12.960000038146973,12.739999771118164,12.90999984741211
2012-10-01,60700,13.25,13.029999732971191,13.3100004196167,12.9399995803833,13.029999732971191
2012-09-28,86400,12.789999961853027,13.170000076293945,13.3100004196167,12.739999771118164,13.170000076293945
2012-09-27,85400,12.449999809265137,12.40999984741211,12.529999732971191,12.300000190734863,12.40999984741211
2012-09-26,75000,12.850000381469727,12.5600004196167,12.899999618530273,12.479999542236328,12.5600004196167
2012-09-25,51100,13.270000457763672,13.140000343322754,13.329999923706055,13.029999732971191,13.140000343322754
2012-09-24,57100,13.100000381469727,13.050000190734863,13.130000114440918,12.899999618530273,13.050000190734863
2012-09-21,64000,13.25,13.260000228881836,13.350000381469727,13.140000343322754,13.260000228881836
2012-09-20,75900,13.319999694824219,13.109999656677246,13.399999618530273,12.949999809265137,13.109999656677246
2012-09-19,44700,13.359999656677246,13.470000267028809,13.489999771118164,13.180000305175781,13.470000267028809
2012-09-18,141900,13.350000381469727,13.119999885559082,13.479999542236328,13.0600004196167,13.119999885559082
2012-09-17,215100,14.069999694824219,13.510000228881836,14.09000015258789,13.470000267028809,13.510000228881836
2012-09-14,301100,14.15999984741211,14.460000038146973,14.720000267028809,14.079999923706055,14.460000038146973
2012-09-13,60100,14.180000305175781,14.239999771118164,14.270000457763672,14.109999656677246,14.239999771118164
2012-09-12,69900,13.979999542236328,14.140000343322754,14.199999809265137,13.920000076293945,14.140000343322754
2012-09-11,224400,14.140000343322754,14.0,14.140000343322754,13.899999618530273,14.0
2012-09-10,39900,14.279999732971191,14.0600004196167,14.40999984741211,14.0,14.0600004196167
2012-09-07,31500,14.170000076293945,14.229999542236328,14.470000267028809,14.149999618530273,14.229999542236328
2012-09-06,89200,14.220000267028809,14.220000267028809,14.329999923706055,14.069999694824219,14.220000267028809
2012-09-05,46700,14.510000228881836,14.170000076293945,14.510000228881836,14.15999984741211,14.170000076293945
2012-09-04,70300,14.699999809265137,14.510000228881836,14.859999656677246,14.380000114440918,14.510000228881836
2012-08-31,40100,14.520000457763672,14.4399995803833,14.529999732971191,14.300000190734863,14.4399995803833
2012-08-30,62300,14.59000015258789,14.5600004196167,14.75,14.520000457763672,14.5600004196167
2012-08-29,41900,14.329999923706055,14.529999732971191,14.5600004196167,14.199999809265137,14.529999732971191
2012-08-28,37100,14.119999885559082,14.15999984741211,14.300000190734863,13.989999771118164,14.15999984741211
2012-08-27,69700,14.289999961853027,14.149999618530273,14.430000305175781,14.119999885559082,14.149999618530273
2012-08-24,34900,14.229999542236328,14.350000381469727,14.470000267028809,14.15999984741211,14.350000381469727
2012-08-23,105400,14.65999984741211,14.289999961853027,14.829999923706055,14.199999809265137,14.289999961853027
2012-08-22,45100,14.729999542236328,14.65999984741211,14.789999961853027,14.520000457763672,14.65999984741211
2012-08-21,131600,14.5,14.770000457763672,14.800000190734863,14.489999771118164,14.770000457763672
2012-08-20,93900,14.0,14.369999885559082,14.390000343322754,13.989999771118164,14.369999885559082
2012-08-17,26700,13.979999542236328,13.920000076293945,13.979999542236328,13.880000114440918,13.920000076293945
2012-08-16,83000,13.579999923706055,13.720000267028809,13.880000114440918,13.579999923706055,13.720000267028809
2012-08-15,155600,13.460000038146973,13.680000305175781,13.699999809265137,13.430000305175781,13.680000305175781
2012-08-14,82500,13.479999542236328,13.25,13.529999732971191,13.199999809265137,13.25
2012-08-13,159700,13.6899995803833,13.430000305175781,13.6899995803833,13.399999618530273,13.430000305175781
2012-08-10,143500,14.229999542236328,14.010000228881836,14.430000305175781,13.960000038146973,14.010000228881836
2012-08-09,71700,14.039999961853027,14.210000038146973,14.270000457763672,14.0,14.210000038146973
2012-08-08,106600,13.5600004196167,13.9399995803833,14.0,13.449999809265137,13.9399995803833
2012-08-07,121500,13.819999694824219,13.65999984741211,13.920000076293945,13.619999885559082,13.65999984741211
2012-08-06,104100,13.890000343322754,13.899999618530273,14.0,13.779999732971191,13.899999618530273
2012-08-03,131200,13.920000076293945,14.140000343322754,14.319999694824219,13.920000076293945,14.140000343322754
2012-08-02,108600,13.729999542236328,13.84000015258789,14.050000190734863,13.640000343322754,13.84000015258789
2012-08-01,128400,14.020000457763672,14.180000305175781,14.210000038146973,13.619999885559082,14.180000305175781
2012-07-31,76200,14.5,14.220000267028809,14.510000228881836,14.210000038146973,14.220000267028809
2012-07-30,270900,14.5600004196167,14.479999542236328,14.569999694824219,14.40999984741211,14.479999542236328
2012-07-27,118600,13.880000114440918,13.989999771118164,14.140000343322754,13.859999656677246,13.989999771118164
2012-07-26,173800,14.050000190734863,13.579999923706055,14.050000190734863,13.5,13.579999923706055
2012-07-25,130600,14.15999984741211,14.050000190734863,14.25,14.039999961853027,14.050000190734863
2012-07-24,672200,13.770000457763672,13.65999984741211,13.84000015258789,13.0,13.65999984741211
2012-07-23,271600,14.300000190734863,14.170000076293945,14.430000305175781,13.989999771118164,14.170000076293945
2012-07-20,222000,14.550000190734863,14.729999542236328,14.75,14.430000305175781,14.729999542236328
2012-07-19,274500,14.520000457763672,14.300000190734863,14.720000267028809,14.140000343322754,14.300000190734863
2012-07-18,104800,13.8100004196167,14.220000267028809,14.229999542236328,13.8100004196167,14.220000267028809
2012-07-17,197300,13.970000267028809,13.989999771118164,14.119999885559082,13.8100004196167,13.989999771118164
2012-07-16,225000,13.789999961853027,13.949999809265137,13.989999771118164,13.779999732971191,13.949999809265137
2012-07-13,73500,13.420000076293945,13.3100004196167,13.479999542236328,13.170000076293945,13.3100004196167
2012-07-12,76100,13.010000228881836,13.069999694824219,13.210000038146973,12.960000038146973,13.069999694824219
2012-07-11,244600,13.329999923706055,12.859999656677246,13.470000267028809,12.489999771118164,12.859999656677246
2012-07-10,188100,13.0,12.930000305175781,13.140000343322754,12.890000343322754,12.930000305175781
2012-07-09,405300,13.119999885559082,13.239999771118164,13.350000381469727,12.960000038146973,13.239999771118164
2012-07-06,286400,12.520000457763672,12.350000381469727,12.579999923706055,12.199999809265137,12.350000381469727
2012-07-05,218800,12.380000114440918,12.829999923706055,12.859999656677246,12.25,12.829999923706055
2012-07-03,168000,11.680000305175781,12.079999923706055,12.079999923706055,11.680000305175781,12.079999923706055
2012-07-02,110000,11.4399995803833,11.539999961853027,11.539999961853027,11.319999694824219,11.539999961853027
2012-06-29,130300,11.15999984741211,11.1899995803833,11.210000038146973,11.0,11.1899995803833
2012-06-28,56200,10.9399995803833,10.869999885559082,11.079999923706055,10.779999732971191,10.869999885559082
2012-06-27,92800,11.0600004196167,10.979999542236328,11.25,10.920000076293945,10.979999542236328
2012-06-26,135500,10.670000076293945,10.739999771118164,10.899999618530273,10.520000457763672,10.739999771118164
2012-06-25,105800,10.170000076293945,10.510000228881836,10.579999923706055,10.15999984741211,10.510000228881836
2012-06-22,84500,9.859999656677246,9.729999542236328,10.050000190734863,9.6899995803833,9.729999542236328
2012-06-21,124500,9.960000038146973,9.640000343322754,10.079999923706055,9.619999885559082,9.640000343322754
2012-06-20,28300,9.800000190734863,9.989999771118164,10.020000457763672,9.720000267028809,9.989999771118164
2012-06-19,89200,9.649999618530273,9.829999923706055,9.850000381469727,9.619999885559082,9.829999923706055
2012-06-18,21400,9.0,9.220000267028809,9.260000228881836,9.0,9.220000267028809
2012-06-15,26400,8.979999542236328,8.880000114440918,9.039999961853027,8.859999656677246,8.880000114440918
2012-06-14,14500,9.149999618530273,9.039999961853027,9.149999618530273,8.949999809265137,9.039999961853027
2012-06-13,95700,8.90999984741211,9.069999694824219,9.079999923706055,8.90999984741211,9.069999694824219
2012-06-12,30700,9.1899995803833,9.0600004196167,9.220000267028809,8.989999771118164,9.0600004196167
2012-06-11,82800,9.520000457763672,9.180000305175781,9.520000457763672,9.180000305175781,9.180000305175781
2012-06-08,69200,9.319999694824219,9.369999885559082,9.449999809265137,9.239999771118164,9.369999885559082
2012-06-07,140600,9.020000457763672,9.319999694824219,9.399999618530273,9.020000457763672,9.319999694824219
2012-06-06,51900,8.789999961853027,9.010000228881836,9.020000457763672,8.789999961853027,9.010000228881836
2012-06-05,88300,8.90999984741211,8.699999809265137,8.90999984741211,8.680000305175781,8.699999809265137
2012-06-04,37700,8.789999961853027,8.770000457763672,8.859999656677246,8.649999618530273,8.770000457763672
2012-06-01,44000,8.880000114440918,8.649999618530273,8.949999809265137,8.640000343322754,8.649999618530273
2012-05-31,39700,9.050000190734863,8.899999618530273,9.130000114440918,8.899999618530273,8.899999618530273
2012-05-30,15100,9.109999656677246,9.100000381469727,9.140000343322754,9.010000228881836,9.100000381469727
2012-05-29,36000,9.289999961853027,9.09000015258789,9.3100004196167,9.0,9.09000015258789
2012-05-25,168400,9.300000190734863,9.220000267028809,9.329999923706055,9.180000305175781,9.220000267028809
2012-05-24,14500,9.300000190734863,9.170000076293945,9.420000076293945,9.0600004196167,9.170000076293945
2012-05-23,45000,9.09000015258789,9.1899995803833,9.210000038146973,9.0,9.1899995803833
2012-05-22,20800,9.699999809265137,9.399999618530273,9.699999809265137,9.369999885559082,9.399999618530273
2012-05-21,107100,9.84000015258789,9.850000381469727,10.100000381469727,9.789999961853027,9.850000381469727
2012-05-18,33000,9.65999984741211,9.75,9.9399995803833,9.609999656677246,9.75
2012-05-17,35500,9.5600004196167,9.670000076293945,9.680000305175781,9.460000038146973,9.670000076293945
2012-05-16,64700,8.970000267028809,9.449999809265137,9.489999771118164,8.970000267028809,9.449999809265137
2012-05-15,42000,9.140000343322754,9.109999656677246,9.229999542236328,9.09000015258789,9.109999656677246
2012-05-14,63900,9.0,8.920000076293945,9.0600004196167,8.899999618530273,8.920000076293945
2012-05-11,78000,9.140000343322754,9.050000190734863,9.329999923706055,9.0,9.050000190734863
2012-05-10,155700,9.329999923706055,9.25,9.529999732971191,9.220000267028809,9.25
2012-05-09,148800,9.520000457763672,9.3100004196167,9.520000457763672,9.300000190734863,9.3100004196167
2012-05-08,48400,9.680000305175781,9.529999732971191,9.699999809265137,9.5,9.529999732971191
2012-05-07,79000,9.75,9.640000343322754,9.75,9.5,9.640000343322754
2012-05-04,23500,9.789999961853027,9.84000015258789,9.970000267028809,9.699999809265137,9.84000015258789
2012-05-03,53000,9.850000381469727,9.949999809265137,9.970000267028809,9.779999732971191,9.949999809265137
2012-05-02,46000,10.100000381469727,9.850000381469727,10.140000343322754,9.819999694824219,9.850000381469727
2012-05-01,21000,10.220000267028809,10.1899995803833,10.25,10.180000305175781,10.1899995803833
2012-04-30,49000,10.210000038146973,10.300000190734863,10.329999923706055,10.109999656677246,10.300000190734863
2012-04-27,34900,10.0,10.1899995803833,10.3100004196167,10.0,10.1899995803833
2012-04-26,40300,10.229999542236328,10.130000114440918,10.289999961853027,10.039999961853027,10.130000114440918
2012-04-25,18700,10.399999618530273,10.289999961853027,10.5,10.260000228881836,10.289999961853027
2012-04-24,19000,10.270000457763672,10.229999542236328,10.380000114440918,10.199999809265137,10.229999542236328
2012-04-23,53000,10.079999923706055,10.1899995803833,10.380000114440918,10.079999923706055,10.1899995803833
2012-04-20,15600,10.329999923706055,10.180000305175781,10.329999923706055,10.100000381469727,10.180000305175781
2012-04-19,23800,10.399999618530273,10.270000457763672,10.399999618530273,10.229999542236328,10.270000457763672
2012-04-18,27700,10.25,10.109999656677246,10.3100004196167,10.109999656677246,10.109999656677246
2012-04-17,54000,10.319999694824219,10.34000015258789,10.40999984741211,10.25,10.34000015258789
2012-04-16,43600,10.550000190734863,10.270000457763672,10.670000076293945,10.260000228881836,10.270000457763672
2012-04-13,15900,10.890000343322754,10.600000381469727,10.899999618530273,10.550000190734863,10.600000381469727
2012-04-12,17000,10.930000305175781,10.9399995803833,10.970000267028809,10.90999984741211,10.9399995803833
2012-04-11,29700,10.649999618530273,10.699999809265137,10.890000343322754,10.649999618530273,10.699999809265137
2012-04-10,45500,11.029999732971191,10.789999961853027,11.109999656677246,10.779999732971191,10.789999961853027
2012-04-09,11500,11.170000076293945,11.109999656677246,11.199999809265137,11.050000190734863,11.109999656677246
2012-04-05,6200,11.1899995803833,11.220000267028809,11.220000267028809,11.079999923706055,11.220000267028809
2012-04-04,45600,11.039999961853027,11.069999694824219,11.140000343322754,10.979999542236328,11.069999694824219
2012-04-03,34400,11.289999961853027,11.210000038146973,11.3100004196167,11.09000015258789,11.210000038146973
2012-04-02,56400,11.1899995803833,11.380000114440918,11.380000114440918,11.140000343322754,11.380000114440918
2012-03-30,164100,10.65999984741211,11.109999656677246,11.119999885559082,10.609999656677246,11.109999656677246
2012-03-29,126500,10.739999771118164,10.40999984741211,10.75,10.40999984741211,10.40999984741211
2012-03-28,167000,11.0,10.8100004196167,11.1899995803833,10.739999771118164,10.8100004196167
2012-03-27,348700,11.119999885559082,11.0600004196167,11.279999732971191,10.979999542236328,11.0600004196167
2012-03-26,115700,11.050000190734863,11.079999923706055,11.15999984741211,11.039999961853027,11.079999923706055
2012-03-23,44000,11.029999732971191,10.970000267028809,11.09000015258789,10.9399995803833,10.970000267028809
2012-03-22,84600,10.899999618530273,10.979999542236328,11.0,10.800000190734863,10.979999542236328
2012-03-21,27500,11.079999923706055,10.899999618530273,11.109999656677246,10.899999618530273,10.899999618530273
2012-03-20,201100,11.220000267028809,10.949999809265137,11.229999542236328,10.920000076293945,10.949999809265137
2012-03-19,114500,11.479999542236328,11.260000228881836,11.479999542236328,11.25,11.260000228881836
2012-03-16,81400,11.5600004196167,11.489999771118164,11.680000305175781,11.399999618530273,11.489999771118164
2012-03-15,151600,11.140000343322754,11.380000114440918,11.399999618530273,11.09000015258789,11.380000114440918
2012-03-14,193400,10.970000267028809,10.989999771118164,11.020000457763672,10.829999923706055,10.989999771118164
2012-03-13,47200,10.930000305175781,10.920000076293945,10.970000267028809,10.779999732971191,10.920000076293945
2012-03-12,70400,10.600000381469727,10.859999656677246,10.859999656677246,10.5,10.859999656677246
2012-03-09,17600,10.699999809265137,10.670000076293945,10.859999656677246,10.649999618530273,10.670000076293945
2012-03-08,25300,10.8100004196167,10.699999809265137,10.890000343322754,10.680000305175781,10.699999809265137
2012-03-07,35100,10.829999923706055,10.65999984741211,10.84000015258789,10.649999618530273,10.65999984741211
2012-03-06,107300,11.069999694824219,10.819999694824219,11.09000015258789,10.800000190734863,10.819999694824219
2012-03-05,146000,11.359999656677246,11.199999809265137,11.5,11.149999618530273,11.199999809265137
2012-03-02,30100,11.279999732971191,11.40999984741211,11.489999771118164,11.279999732971191,11.40999984741211
2012-03-01,50000,11.270000457763672,11.489999771118164,11.510000228881836,11.260000228881836,11.489999771118164
2012-02-29,193900,11.229999542236328,11.399999618530273,11.399999618530273,11.180000305175781,11.399999618530273
2012-02-28,70200,11.020000457763672,11.180000305175781,11.199999809265137,11.020000457763672,11.180000305175781
2012-02-27,57500,10.729999542236328,10.949999809265137,10.960000038146973,10.729999542236328,10.949999809265137
2012-02-24,31700,10.779999732971191,10.789999961853027,10.800000190734863,10.699999809265137,10.789999961853027
2012-02-23,42400,10.789999961853027,10.770000457763672,10.869999885559082,10.680000305175781,10.770000457763672
2012-02-22,27300,10.59000015258789,10.8100004196167,10.829999923706055,10.59000015258789,10.8100004196167
2012-02-21,27700,10.649999618530273,10.630000114440918,10.680000305175781,10.510000228881836,10.630000114440918
2012-02-17,12000,10.619999885559082,10.640000343322754,10.680000305175781,10.539999961853027,10.640000343322754
2012-02-16,8800,10.399999618530273,10.5,10.5600004196167,10.399999618530273,10.5
2012-02-15,45000,10.520000457763672,10.430000305175781,10.579999923706055,10.399999618530273,10.430000305175781
2012-02-14,18800,10.710000038146973,10.550000190734863,10.710000038146973,10.539999961853027,10.550000190734863
2012-02-13,23400,10.600000381469727,10.710000038146973,10.739999771118164,10.59000015258789,10.710000038146973
2012-02-10,63300,10.720000267028809,10.430000305175781,10.720000267028809,10.420000076293945,10.430000305175781
2012-02-09,85700,10.899999618530273,10.75,11.0,10.710000038146973,10.75
2012-02-08,41800,10.960000038146973,10.90999984741211,11.050000190734863,10.819999694824219,10.90999984741211
2012-02-07,41300,10.8100004196167,10.930000305175781,11.039999961853027,10.800000190734863,10.930000305175781
2012-02-06,44000,10.850000381469727,10.989999771118164,10.989999771118164,10.850000381469727,10.989999771118164
2012-02-03,49200,10.829999923706055,10.890000343322754,10.960000038146973,10.770000457763672,10.890000343322754
2012-02-02,93600,10.649999618530273,10.770000457763672,10.850000381469727,10.649999618530273,10.770000457763672
2012-02-01,22400,10.869999885559082,10.789999961853027,10.869999885559082,10.760000228881836,10.789999961853027
2012-01-31,27500,10.710000038146973,10.699999809265137,10.75,10.619999885559082,10.699999809265137
2012-01-30,144900,10.710000038146973,10.5,10.760000228881836,10.460000038146973,10.5
2012-01-27,110200,10.979999542236328,10.789999961853027,10.979999542236328,10.729999542236328,10.789999961853027
2012-01-26,54300,10.949999809265137,11.020000457763672,11.079999923706055,10.920000076293945,11.020000457763672
2012-01-25,60400,10.75,10.829999923706055,10.890000343322754,10.699999809265137,10.829999923706055
2012-01-24,38900,10.579999923706055,10.8100004196167,10.869999885559082,10.579999923706055,10.8100004196167
2012-01-23,55700,10.430000305175781,10.630000114440918,10.630000114440918,10.430000305175781,10.630000114440918
2012-01-20,31800,10.359999656677246,10.430000305175781,10.430000305175781,10.239999771118164,10.430000305175781
2012-01-19,36100,10.329999923706055,10.350000381469727,10.380000114440918,10.210000038146973,10.350000381469727
2012-01-18,30600,10.25,10.15999984741211,10.380000114440918,10.109999656677246,10.15999984741211
2012-01-17,22000,10.300000190734863,10.289999961853027,10.399999618530273,10.289999961853027,10.289999961853027
2012-01-13,44100,10.279999732971191,10.260000228881836,10.380000114440918,10.25,10.260000228881836
2012-01-12,138000,10.619999885559082,10.289999961853027,10.619999885559082,10.140000343322754,10.289999961853027
2012-01-11,29500,10.819999694824219,10.90999984741211,10.979999542236328,10.680000305175781,10.90999984741211
2012-01-10,143700,10.949999809265137,10.979999542236328,11.010000228881836,10.779999732971191,10.979999542236328
2012-01-09,36000,10.640000343322754,10.880000114440918,10.880000114440918,10.640000343322754,10.880000114440918
2012-01-06,52900,10.770000457763672,10.520000457763672,10.800000190734863,10.5,10.520000457763672
2012-01-05,66200,11.100000381469727,10.699999809265137,11.100000381469727,10.640000343322754,10.699999809265137
2012-01-04,29600,11.229999542236328,11.199999809265137,11.239999771118164,11.010000228881836,11.199999809265137
2012-01-03,146600,10.880000114440918,11.270000457763672,11.430000305175781,10.880000114440918,11.270000457763672
2011-12-30,52600,10.8100004196167,10.789999961853027,10.84000015258789,10.760000228881836,10.789999961853027
2011-12-29,43700,10.609999656677246,10.800000190734863,10.800000190734863,10.609999656677246,10.800000190734863
2011-12-28,53200,10.829999923706055,10.699999809265137,10.859999656677246,10.600000381469727,10.699999809265137
2011-12-27,85500,10.449999809265137,10.720000267028809,10.75,10.40999984741211,10.720000267028809
2011-12-23,26300,10.600000381469727,10.520000457763672,10.600000381469727,10.470000267028809,10.520000457763672
2011-12-22,32400,10.59000015258789,10.550000190734863,10.640000343322754,10.5,10.550000190734863
2011-12-21,47400,10.390000343322754,10.649999618530273,10.649999618530273,10.329999923706055,10.649999618530273
2011-12-20,75100,10.170000076293945,10.420000076293945,10.449999809265137,10.170000076293945,10.420000076293945
2011-12-19,116400,10.119999885559082,10.09000015258789,10.25,10.09000015258789,10.09000015258789
2011-12-16,28700,9.899999618530273,9.920000076293945,9.960000038146973,9.850000381469727,9.920000076293945
2011-12-15,65000,9.890000343322754,9.829999923706055,9.970000267028809,9.25,9.829999923706055
2011-12-14,72200,10.0,9.869999885559082,10.109999656677246,9.800000190734863,9.869999885559082
2011-12-13,17400,10.260000228881836,10.15999984741211,10.3100004196167,10.109999656677246,10.15999984741211
2011-12-12,41200,10.210000038146973,10.109999656677246,10.300000190734863,10.0,10.109999656677246
2011-12-09,92000,10.529999732971191,10.390000343322754,10.800000190734863,10.359999656677246,10.390000343322754
2011-12-08,49400,10.5,10.619999885559082,10.75,10.319999694824219,10.619999885559082
2011-12-07,62100,10.510000228881836,10.520000457763672,10.609999656677246,10.300000190734863,10.520000457763672
2011-12-06,52700,10.529999732971191,10.710000038146973,10.75,10.319999694824219,10.710000038146973
2011-12-05,63200,10.5,10.520000457763672,10.59000015258789,10.479999542236328,10.520000457763672
2011-12-02,48200,10.34000015258789,10.40999984741211,10.65999984741211,10.300000190734863,10.40999984741211
2011-12-01,38000,10.420000076293945,10.390000343322754,10.4399995803833,10.329999923706055,10.390000343322754
2011-11-30,65700,10.369999885559082,10.329999923706055,10.539999961853027,10.25,10.329999923706055
2011-11-29,35300,10.0,10.25,10.319999694824219,9.899999618530273,10.25
2011-11-28,58500,9.9399995803833,10.0,10.029999732971191,9.850000381469727,10.0
2011-11-25,17000,9.729999542236328,9.6899995803833,9.84000015258789,9.600000381469727,9.6899995803833
2011-11-23,62400,9.850000381469727,9.680000305175781,9.890000343322754,9.649999618530273,9.680000305175781
2011-11-22,19300,10.050000190734863,9.949999809265137,10.210000038146973,9.9399995803833,9.949999809265137
2011-11-21,151800,10.270000457763672,10.100000381469727,10.350000381469727,9.880000114440918,10.100000381469727
2011-11-18,53900,10.5,10.460000038146973,10.59000015258789,10.350000381469727,10.460000038146973
2011-11-17,152600,10.930000305175781,10.510000228881836,10.930000305175781,10.399999618530273,10.510000228881836
2011-11-16,35300,10.989999771118164,10.829999923706055,11.09000015258789,10.8100004196167,10.829999923706055
2011-11-15,39900,10.859999656677246,11.069999694824219,11.229999542236328,10.859999656677246,11.069999694824219
2011-11-14,24400,11.100000381469727,10.899999618530273,11.199999809265137,10.859999656677246,10.899999618530273
2011-11-11,74200,11.300000190734863,10.989999771118164,11.319999694824219,10.899999618530273,10.989999771118164
2011-11-10,126000,11.630000114440918,11.079999923706055,11.65999984741211,11.079999923706055,11.079999923706055
2011-11-09,113200,11.710000038146973,11.350000381469727,11.710000038146973,11.300000190734863,11.350000381469727
2011-11-08,47000,11.779999732971191,11.949999809265137,12.020000457763672,11.680000305175781,11.949999809265137
2011-11-07,64200,11.600000381469727,11.619999885559082,11.800000190734863,11.5,11.619999885559082
2011-11-04,35100,11.890000343322754,11.649999618530273,11.890000343322754,11.569999694824219,11.649999618530273
2011-11-03,37700,11.65999984741211,11.760000228881836,11.880000114440918,11.630000114440918,11.760000228881836
2011-11-02,108100,12.039999961853027,11.5600004196167,12.039999961853027,11.430000305175781,11.5600004196167
2011-11-01,154300,11.5,11.630000114440918,11.649999618530273,11.140000343322754,11.630000114440918
2011-10-31,48600,11.880000114440918,11.800000190734863,11.970000267028809,11.800000190734863,11.800000190734863
2011-10-28,169800,12.199999809265137,12.199999809265137,12.380000114440918,12.0,12.199999809265137
2011-10-27,240700,12.1899995803833,12.300000190734863,12.420000076293945,12.130000114440918,12.300000190734863
2011-10-26,49400,12.239999771118164,11.84000015258789,12.239999771118164,11.739999771118164,11.84000015258789
2011-10-25,105600,12.229999542236328,12.119999885559082,12.25,12.0,12.119999885559082
2011-10-24,88300,12.130000114440918,12.079999923706055,12.140000343322754,11.859999656677246,12.079999923706055
2011-10-21,49000,11.960000038146973,11.869999885559082,12.140000343322754,11.720000267028809,11.869999885559082
2011-10-20,52900,11.800000190734863,11.779999732971191,11.880000114440918,11.5,11.779999732971191
2011-10-19,44300,12.170000076293945,11.8100004196167,12.170000076293945,11.800000190734863,11.8100004196167
2011-10-18,28700,11.699999809265137,12.100000381469727,12.170000076293945,11.619999885559082,12.100000381469727
2011-10-17,53200,12.09000015258789,11.9399995803833,12.09000015258789,11.819999694824219,11.9399995803833
2011-10-14,48400,12.210000038146973,12.130000114440918,12.25,12.020000457763672,12.130000114440918
2011-10-13,71500,12.010000228881836,11.75,12.050000190734863,11.670000076293945,11.75
2011-10-12,162500,11.989999771118164,12.010000228881836,12.170000076293945,11.84000015258789,12.010000228881836
2011-10-11,212000,11.3100004196167,12.170000076293945,12.289999961853027,11.220000267028809,12.170000076293945
2011-10-10,381400,11.100000381469727,11.25,11.859999656677246,10.90999984741211,11.25
2011-10-07,351700,10.850000381469727,10.75,10.850000381469727,10.4399995803833,10.75
2011-10-06,69000,10.960000038146973,10.850000381469727,11.020000457763672,10.850000381469727,10.850000381469727
2011-10-05,90500,10.699999809265137,10.850000381469727,10.90999984741211,10.640000343322754,10.850000381469727
2011-10-04,145100,10.319999694824219,10.449999809265137,10.680000305175781,10.279999732971191,10.449999809265137
2011-10-03,465300,11.229999542236328,10.550000190734863,11.5,10.5,10.550000190734863
2011-09-30,121900,12.020000457763672,11.569999694824219,12.449999809265137,11.5,11.569999694824219
2011-09-29,125300,12.039999961853027,12.3100004196167,12.420000076293945,12.020000457763672,12.3100004196167
2011-09-28,125900,12.680000305175781,12.09000015258789,12.989999771118164,12.050000190734863,12.09000015258789
2011-09-27,175900,12.770000457763672,12.449999809265137,13.210000038146973,12.449999809265137,12.449999809265137
2011-09-26,225000,12.949999809265137,12.270000457763672,13.5,12.270000457763672,12.270000457763672
2011-09-23,194200,13.180000305175781,12.949999809265137,13.779999732971191,12.859999656677246,12.949999809265137
2011-09-22,400600,13.0,12.949999809265137,13.5,12.550000190734863,12.949999809265137
2011-09-21,63800,13.869999885559082,13.34000015258789,14.029999732971191,13.34000015258789,13.34000015258789
2011-09-20,98800,13.880000114440918,13.890000343322754,14.119999885559082,13.850000381469727,13.890000343322754
2011-09-19,138700,13.670000076293945,13.770000457763672,13.84000015258789,13.319999694824219,13.770000457763672
2011-09-16,142400,14.09000015258789,13.779999732971191,14.180000305175781,13.75,13.779999732971191
2011-09-15,106700,14.5,14.079999923706055,14.550000190734863,14.079999923706055,14.079999923706055
2011-09-14,95000,14.59000015258789,14.59000015258789,14.670000076293945,14.420000076293945,14.59000015258789
2011-09-13,104700,14.960000038146973,14.6899995803833,15.050000190734863,14.5,14.6899995803833
2011-09-12,143000,14.930000305175781,15.149999618530273,15.319999694824219,14.770000457763672,15.149999618530273
2011-09-09,163200,15.100000381469727,15.09000015258789,15.149999618530273,14.880000114440918,15.09000015258789
2011-09-08,227800,15.199999809265137,15.130000114440918,15.399999618530273,15.0,15.130000114440918
2011-09-07,106500,15.699999809265137,15.350000381469727,15.770000457763672,15.25,15.350000381469727
2011-09-06,120800,15.40999984741211,15.369999885559082,15.510000228881836,15.0600004196167,15.369999885559082
2011-09-02,255400,15.479999542236328,15.960000038146973,15.979999542236328,15.350000381469727,15.960000038146973
2011-09-01,241000,16.040000915527344,15.520000457763672,16.229999542236328,15.520000457763672,15.520000457763672
2011-08-31,129500,16.350000381469727,16.360000610351562,16.489999771118164,16.209999084472656,16.360000610351562
2011-08-30,250700,16.200000762939453,16.309999465942383,16.399999618530273,16.030000686645508,16.309999465942383
2011-08-29,265400,16.309999465942383,16.40999984741211,16.440000534057617,16.110000610351562,16.40999984741211
2011-08-26,285300,15.5,16.1200008392334,16.190000534057617,15.300000190734863,16.1200008392334
2011-08-25,126200,15.300000190734863,15.479999542236328,15.569999694824219,15.100000381469727,15.479999542236328
2011-08-24,210000,15.59000015258789,15.390000343322754,15.829999923706055,15.289999961853027,15.390000343322754
2011-08-23,310100,15.460000038146973,15.890000343322754,15.920000076293945,15.369999885559082,15.890000343322754
2011-08-22,147800,15.359999656677246,15.289999961853027,15.449999809265137,15.1899995803833,15.289999961853027
2011-08-19,98800,14.649999618530273,15.09000015258789,15.180000305175781,14.609999656677246,15.09000015258789
2011-08-18,181500,14.529999732971191,14.59000015258789,14.75,14.34000015258789,14.59000015258789
2011-08-17,256100,14.869999885559082,15.039999961853027,15.149999618530273,14.800000190734863,15.039999961853027
2011-08-16,183600,14.180000305175781,14.619999885559082,14.699999809265137,14.180000305175781,14.619999885559082
2011-08-15,68700,14.430000305175781,14.359999656677246,14.479999542236328,14.239999771118164,14.359999656677246
2011-08-12,167200,14.170000076293945,14.130000114440918,14.390000343322754,14.09000015258789,14.130000114440918
2011-08-11,341700,13.9399995803833,14.239999771118164,14.380000114440918,13.819999694824219,14.239999771118164
2011-08-10,176300,13.5,13.300000190734863,13.5,13.25,13.300000190734863
2011-08-09,295600,13.399999618530273,13.430000305175781,13.779999732971191,12.890000343322754,13.430000305175781
2011-08-08,303100,13.399999618530273,13.050000190734863,13.460000038146973,12.9399995803833,13.050000190734863
2011-08-05,288600,13.920000076293945,13.989999771118164,14.010000228881836,13.640000343322754,13.989999771118164
2011-08-04,389800,14.270000457763672,13.899999618530273,14.270000457763672,13.739999771118164,13.899999618530273
2011-08-03,137600,14.600000381469727,14.5600004196167,14.65999984741211,14.329999923706055,14.5600004196167
2011-08-02,477800,14.220000267028809,14.850000381469727,14.979999542236328,14.079999923706055,14.850000381469727
2011-08-01,241100,14.34000015258789,14.300000190734863,14.34000015258789,13.989999771118164,14.300000190734863
2011-07-29,162500,14.199999809265137,13.880000114440918,14.220000267028809,13.859999656677246,13.880000114440918
2011-07-28,146000,14.789999961853027,14.40999984741211,14.819999694824219,14.399999618530273,14.40999984741211
2011-07-27,308100,14.699999809265137,14.760000228881836,14.869999885559082,14.539999961853027,14.760000228881836
2011-07-26,330300,14.569999694824219,14.6899995803833,14.789999961853027,14.460000038146973,14.6899995803833
2011-07-25,301100,14.449999809265137,14.390000343322754,14.479999542236328,14.109999656677246,14.390000343322754
2011-07-22,166000,14.390000343322754,14.699999809265137,14.75,14.350000381469727,14.699999809265137
2011-07-21,147600,14.479999542236328,14.34000015258789,14.539999961853027,14.109999656677246,14.34000015258789
2011-07-20,287200,14.59000015258789,14.40999984741211,14.59000015258789,14.279999732971191,14.40999984741211
2011-07-19,230600,14.65999984741211,14.420000076293945,14.770000457763672,14.300000190734863,14.420000076293945
2011-07-18,117000,13.979999542236328,14.239999771118164,14.25,13.899999618530273,14.239999771118164
2011-07-15,159900,14.5,14.3100004196167,14.720000267028809,14.149999618530273,14.3100004196167
2011-07-14,285100,14.460000038146973,14.289999961853027,14.460000038146973,14.0600004196167,14.289999961853027
2011-07-13,677400,13.920000076293945,14.369999885559082,14.510000228881836,13.880000114440918,14.369999885559082
2011-07-12,530200,13.359999656677246,13.789999961853027,13.899999618530273,13.15999984741211,13.789999961853027
2011-07-11,413000,13.210000038146973,13.25,13.329999923706055,13.100000381469727,13.25
2011-07-08,239700,13.050000190734863,13.329999923706055,13.470000267028809,12.899999618530273,13.329999923706055
2011-07-07,216400,12.949999809265137,13.119999885559082,13.180000305175781,12.899999618530273,13.119999885559082
2011-07-06,107600,12.84000015258789,12.760000228881836,12.90999984741211,12.550000190734863,12.760000228881836
2011-07-05,264600,12.859999656677246,12.930000305175781,12.949999809265137,12.579999923706055,12.930000305175781
2011-07-01,240400,12.170000076293945,12.489999771118164,12.600000381469727,12.149999618530273,12.489999771118164
2011-06-30,1117200,12.75,12.119999885559082,12.789999961853027,12.050000190734863,12.119999885559082
2011-06-29,406900,13.710000038146973,13.449999809265137,13.800000190734863,13.350000381469727,13.449999809265137
2011-06-28,260300,13.170000076293945,13.449999809265137,13.479999542236328,13.100000381469727,13.449999809265137
2011-06-27,278400,12.65999984741211,12.8100004196167,12.869999885559082,12.5,12.8100004196167
2011-06-24,232500,13.369999885559082,12.880000114440918,13.369999885559082,12.829999923706055,12.880000114440918
2011-06-23,606000,12.920000076293945,13.289999961853027,13.359999656677246,12.510000228881836,13.289999961853027
2011-06-22,419400,13.899999618530273,13.380000114440918,13.9399995803833,13.199999809265137,13.380000114440918
2011-06-21,225100,13.970000267028809,14.15999984741211,14.180000305175781,13.930000305175781,14.15999984741211
2011-06-20,295800,13.5600004196167,13.800000190734863,13.899999618530273,13.5600004196167,13.800000190734863
2011-06-17,239900,13.8100004196167,13.6899995803833,13.859999656677246,13.5,13.6899995803833
2011-06-16,403400,13.680000305175781,13.5600004196167,14.0600004196167,13.479999542236328,13.5600004196167
2011-06-15,274400,14.270000457763672,13.880000114440918,14.420000076293945,13.729999542236328,13.880000114440918
2011-06-14,321700,14.569999694824219,14.359999656677246,14.579999923706055,13.890000343322754,14.359999656677246
2011-06-13,137300,14.930000305175781,14.739999771118164,14.989999771118164,14.470000267028809,14.739999771118164
2011-06-10,482800,14.899999618530273,14.949999809265137,15.050000190734863,14.609999656677246,14.949999809265137
2011-06-09,432800,15.119999885559082,15.09000015258789,15.460000038146973,14.979999542236328,15.09000015258789
2011-06-08,282600,14.3100004196167,14.880000114440918,15.020000457763672,14.3100004196167,14.880000114440918
2011-06-07,100300,14.4399995803833,14.449999809265137,14.539999961853027,14.319999694824219,14.449999809265137
2011-06-06,208900,14.739999771118164,14.25,14.789999961853027,14.1899995803833,14.25
2011-06-03,307500,15.010000228881836,14.960000038146973,15.100000381469727,14.789999961853027,14.960000038146973
2011-06-02,305300,14.319999694824219,14.930000305175781,14.949999809265137,14.319999694824219,14.930000305175781
2011-06-01,226600,14.390000343322754,14.210000038146973,14.5,14.100000381469727,14.210000038146973
2011-05-31,228900,14.84000015258789,14.5600004196167,14.869999885559082,14.25,14.5600004196167
2011-05-27,299300,14.779999732971191,14.930000305175781,15.0,14.640000343322754,14.930000305175781
2011-05-26,255700,14.630000114440918,14.84000015258789,14.979999542236328,14.600000381469727,14.84000015258789
2011-05-25,242000,14.119999885559082,14.4399995803833,14.479999542236328,13.960000038146973,14.4399995803833
2011-05-24,160800,14.34000015258789,14.0,14.430000305175781,13.859999656677246,14.0
2011-05-23,94100,13.90999984741211,14.149999618530273,14.34000015258789,13.850000381469727,14.149999618530273
2011-05-20,249800,14.170000076293945,14.229999542236328,14.479999542236328,13.850000381469727,14.229999542236328
2011-05-19,290500,14.729999542236328,14.220000267028809,14.800000190734863,14.09000015258789,14.220000267028809
2011-05-18,1012600,13.800000190734863,14.65999984741211,14.739999771118164,13.800000190734863,14.65999984741211
2011-05-17,626600,12.9399995803833,13.579999923706055,13.59000015258789,12.8100004196167,13.579999923706055
2011-05-16,254200,12.869999885559082,12.880000114440918,13.239999771118164,12.8100004196167,12.880000114440918
2011-05-13,201500,13.170000076293945,12.8100004196167,13.3100004196167,12.699999809265137,12.8100004196167
2011-05-12,370000,12.710000038146973,12.949999809265137,13.15999984741211,12.479999542236328,12.949999809265137
2011-05-11,410400,13.739999771118164,12.970000267028809,13.739999771118164,12.880000114440918,12.970000267028809
2011-05-10,281400,14.079999923706055,13.880000114440918,14.239999771118164,13.729999542236328,13.880000114440918
2011-05-09,318600,13.3100004196167,13.680000305175781,13.699999809265137,13.149999618530273,13.680000305175781
2011-05-06,341500,13.109999656677246,12.930000305175781,13.619999885559082,12.75,12.930000305175781
2011-05-05,624400,13.470000267028809,13.010000228881836,13.470000267028809,12.8100004196167,13.010000228881836
2011-05-04,511000,13.920000076293945,13.6899995803833,13.979999542236328,13.529999732971191,13.6899995803833
2011-05-03,508400,14.149999618530273,14.069999694824219,14.399999618530273,13.90999984741211,14.069999694824219
2011-05-02,438100,14.300000190734863,14.109999656677246,14.630000114440918,14.09000015258789,14.109999656677246
2011-04-29,477000,13.779999732971191,14.359999656677246,14.539999961853027,13.75,14.359999656677246
2011-04-28,777700,14.510000228881836,13.800000190734863,14.600000381469727,13.720000267028809,13.800000190734863
2011-04-27,564200,15.0,14.75,15.010000228881836,14.40999984741211,14.75
2011-04-26,179800,15.279999732971191,15.180000305175781,15.420000076293945,15.0600004196167,15.180000305175781
2011-04-25,534500,15.5,15.420000076293945,15.539999961853027,15.229999542236328,15.420000076293945
2011-04-21,318500,14.869999885559082,15.119999885559082,15.1899995803833,14.619999885559082,15.119999885559082
2011-04-20,367600,15.199999809265137,14.779999732971191,15.350000381469727,14.609999656677246,14.779999732971191
2011-04-19,232600,14.84000015258789,14.779999732971191,14.949999809265137,14.699999809265137,14.779999732971191
2011-04-18,386000,14.229999542236328,14.600000381469727,14.649999618530273,14.010000228881836,14.600000381469727
2011-04-15,200200,14.109999656677246,14.09000015258789,14.300000190734863,14.050000190734863,14.09000015258789
2011-04-14,312200,14.0,14.199999809265137,14.300000190734863,13.949999809265137,14.199999809265137
2011-04-13,187900,14.579999923706055,14.390000343322754,14.800000190734863,14.079999923706055,14.390000343322754
2011-04-12,655900,15.09000015258789,14.329999923706055,15.1899995803833,14.039999961853027,14.329999923706055
2011-04-11,260100,15.390000343322754,15.220000267028809,15.460000038146973,15.180000305175781,15.220000267028809
2011-04-08,411700,15.079999923706055,15.4399995803833,15.479999542236328,14.829999923706055,15.4399995803833
2011-04-07,485300,15.260000228881836,15.020000457763672,15.369999885559082,14.800000190734863,15.020000457763672
2011-04-06,287500,15.470000267028809,15.199999809265137,15.470000267028809,15.119999885559082,15.199999809265137
2011-04-05,548200,15.510000228881836,15.420000076293945,15.609999656677246,15.300000190734863,15.420000076293945
2011-04-04,537800,15.460000038146973,15.65999984741211,15.729999542236328,15.279999732971191,15.65999984741211
2011-04-01,320500,15.0,15.020000457763672,15.199999809265137,14.75,15.020000457763672
2011-03-31,978300,14.710000038146973,14.970000267028809,14.979999542236328,14.489999771118164,14.970000267028809
2011-03-30,262000,14.069999694824219,13.989999771118164,14.149999618530273,13.770000457763672,13.989999771118164
2011-03-29,292400,13.979999542236328,14.09000015258789,14.300000190734863,13.880000114440918,14.09000015258789
2011-03-28,275300,14.319999694824219,13.90999984741211,14.359999656677246,13.8100004196167,13.90999984741211
2011-03-25,438600,14.510000228881836,14.399999618530273,14.850000381469727,14.180000305175781,14.399999618530273
2011-03-24,269400,13.930000305175781,14.390000343322754,14.399999618530273,13.930000305175781,14.390000343322754
2011-03-23,237100,14.039999961853027,13.84000015258789,14.140000343322754,13.789999961853027,13.84000015258789
2011-03-22,282500,13.800000190734863,14.15999984741211,14.15999984741211,13.579999923706055,14.15999984741211
2011-03-21,467500,14.390000343322754,14.119999885559082,14.390000343322754,13.829999923706055,14.119999885559082
2011-03-18,913900,13.90999984741211,13.979999542236328,14.449999809265137,13.829999923706055,13.979999542236328
2011-03-17,806500,12.699999809265137,13.399999618530273,13.529999732971191,12.699999809265137,13.399999618530273
2011-03-16,698600,12.520000457763672,12.4399995803833,12.989999771118164,12.0,12.4399995803833
2011-03-15,1294700,12.680000305175781,12.109999656677246,12.75,11.920000076293945,12.109999656677246
2011-03-14,349400,13.239999771118164,13.520000457763672,13.649999618530273,13.119999885559082,13.520000457763672
2011-03-11,509400,13.390000343322754,13.649999618530273,13.850000381469727,13.25,13.649999618530273
2011-03-10,867600,14.34000015258789,13.949999809265137,14.380000114440918,13.829999923706055,13.949999809265137
2011-03-09,683200,15.279999732971191,14.789999961853027,15.300000190734863,14.529999732971191,14.789999961853027
2011-03-08,468700,15.260000228881836,15.369999885559082,15.449999809265137,15.119999885559082,15.369999885559082
2011-03-07,616300,15.829999923706055,15.380000114440918,15.829999923706055,15.09000015258789,15.380000114440918
2011-03-04,323200,15.899999618530273,15.6899995803833,15.949999809265137,15.229999542236328,15.6899995803833
2011-03-03,331800,15.640000343322754,15.880000114440918,15.880000114440918,15.449999809265137,15.880000114440918
2011-03-02,455700,15.449999809265137,15.5,15.739999771118164,15.180000305175781,15.5
2011-03-01,474200,15.350000381469727,15.300000190734863,15.579999923706055,15.210000038146973,15.300000190734863
2011-02-28,375800,15.15999984741211,15.539999961853027,15.569999694824219,15.149999618530273,15.539999961853027
2011-02-25,577200,14.649999618530273,15.15999984741211,15.5,14.600000381469727,15.15999984741211
2011-02-24,363700,14.649999618530273,14.5600004196167,14.699999809265137,14.300000190734863,14.5600004196167
2011-02-23,1059600,13.880000114440918,14.670000076293945,14.6899995803833,13.800000190734863,14.670000076293945
2011-02-22,1538300,15.390000343322754,14.119999885559082,15.470000267028809,14.109999656677246,14.119999885559082
2011-02-18,496700,16.06999969482422,15.739999771118164,16.18000030517578,15.4399995803833,15.739999771118164
2011-02-17,740400,15.880000114440918,16.190000534057617,16.219999313354492,15.880000114440918,16.190000534057617
2011-02-16,400500,15.5600004196167,15.699999809265137,15.880000114440918,15.5600004196167,15.699999809265137
2011-02-15,1411600,16.06999969482422,15.380000114440918,16.219999313354492,15.069999694824219,15.380000114440918
2011-02-14,847300,16.25,15.960000038146973,16.31999969482422,15.819999694824219,15.960000038146973
2011-02-11,1098000,16.399999618530273,16.25,16.420000076293945,16.0,16.25
2011-02-10,807800,16.8700008392334,16.43000030517578,16.93000030517578,16.350000381469727,16.43000030517578
2011-02-09,847100,16.600000381469727,16.59000015258789,16.899999618530273,16.299999237060547,16.59000015258789
2011-02-08,677900,16.0,16.200000762939453,16.229999542236328,15.710000038146973,16.200000762939453
2011-02-07,516900,16.389999389648438,16.18000030517578,16.389999389648438,16.049999237060547,16.18000030517578
2011-02-04,704000,15.789999961853027,16.110000610351562,16.110000610351562,15.550000190734863,16.110000610351562
2011-02-03,1531500,16.399999618530273,15.779999732971191,16.43000030517578,15.470000267028809,15.779999732971191
2011-02-02,1097800,16.290000915527344,16.649999618530273,16.850000381469727,16.209999084472656,16.649999618530273
2011-02-01,697900,15.8100004196167,15.989999771118164,16.0,15.649999618530273,15.989999771118164
2011-01-31,393400,15.350000381469727,15.630000114440918,15.699999809265137,15.210000038146973,15.630000114440918
2011-01-28,303600,15.569999694824219,15.3100004196167,15.579999923706055,15.220000267028809,15.3100004196167
2011-01-27,409600,15.640000343322754,15.569999694824219,15.699999809265137,15.399999618530273,15.569999694824219
2011-01-26,450200,15.210000038146973,15.609999656677246,15.649999618530273,15.039999961853027,15.609999656677246
2011-01-25,350200,14.920000076293945,14.989999771118164,15.050000190734863,14.75,14.989999771118164
2011-01-24,482800,15.319999694824219,15.270000457763672,15.510000228881836,15.119999885559082,15.270000457763672
2011-01-21,670400,14.899999618530273,15.239999771118164,15.369999885559082,14.800000190734863,15.239999771118164
2011-01-20,683500,14.479999542236328,14.869999885559082,14.920000076293945,14.149999618530273,14.869999885559082
2011-01-19,877200,15.130000114440918,14.729999542236328,15.25,14.550000190734863,14.729999542236328
2011-01-18,575100,14.670000076293945,14.850000381469727,14.970000267028809,14.600000381469727,14.850000381469727
2011-01-14,781800,14.319999694824219,14.510000228881836,14.510000228881836,14.100000381469727,14.510000228881836
2011-01-13,631600,14.600000381469727,14.699999809265137,14.739999771118164,14.390000343322754,14.699999809265137
2011-01-12,982400,14.609999656677246,14.350000381469727,14.739999771118164,14.010000228881836,14.350000381469727
2011-01-11,207900,14.140000343322754,13.930000305175781,14.149999618530273,13.859999656677246,13.930000305175781
2011-01-10,421600,13.880000114440918,13.970000267028809,14.0600004196167,13.65999984741211,13.970000267028809
2011-01-07,339000,13.4399995803833,13.739999771118164,13.960000038146973,13.4399995803833,13.739999771118164
2011-01-06,676800,14.010000228881836,13.539999961853027,14.010000228881836,13.5,13.539999961853027
2011-01-05,753500,13.369999885559082,14.149999618530273,14.180000305175781,13.3100004196167,14.149999618530273
2011-01-04,632900,14.010000228881836,13.579999923706055,14.079999923706055,13.1899995803833,13.579999923706055
2011-01-03,346300,14.350000381469727,14.130000114440918,14.529999732971191,14.079999923706055,14.130000114440918
2010-12-31,271800,13.760000228881836,14.069999694824219,14.100000381469727,13.65999984741211,14.069999694824219
2010-12-30,616300,13.90999984741211,13.5,14.020000457763672,13.119999885559082,13.5
2010-12-29,217600,14.119999885559082,14.039999961853027,14.170000076293945,13.949999809265137,14.039999961853027
2010-12-28,293900,14.050000190734863,14.09000015258789,14.199999809265137,14.020000457763672,14.09000015258789
2010-12-27,150100,13.710000038146973,13.84000015258789,13.880000114440918,13.670000076293945,13.84000015258789
2010-12-23,129700,13.619999885559082,13.770000457763672,13.800000190734863,13.579999923706055,13.770000457763672
2010-12-22,218700,13.270000457763672,13.609999656677246,13.640000343322754,13.199999809265137,13.609999656677246
2010-12-21,286800,13.430000305175781,13.270000457763672,13.520000457763672,13.239999771118164,13.270000457763672
2010-12-20,346800,13.260000228881836,13.270000457763672,13.40999984741211,13.199999809265137,13.270000457763672
2010-12-17,221200,12.680000305175781,13.140000343322754,13.170000076293945,12.680000305175781,13.140000343322754
2010-12-16,236300,12.5600004196167,12.680000305175781,12.739999771118164,12.539999961853027,12.680000305175781
2010-12-15,200100,12.680000305175781,12.609999656677246,12.949999809265137,12.569999694824219,12.609999656677246
2010-12-14,377300,12.869999885559082,12.5600004196167,12.970000267028809,12.550000190734863,12.5600004196167
2010-12-13,721300,12.5600004196167,12.880000114440918,12.9399995803833,12.5600004196167,12.880000114440918
2010-12-10,202000,12.300000190734863,12.350000381469727,12.420000076293945,12.039999961853027,12.350000381469727
2010-12-09,220200,12.460000038146973,12.420000076293945,12.470000267028809,12.300000190734863,12.420000076293945
2010-12-08,288500,12.010000228881836,12.539999961853027,12.539999961853027,12.010000228881836,12.539999961853027
2010-12-07,832600,12.699999809265137,12.119999885559082,12.760000228881836,12.09000015258789,12.119999885559082
2010-12-06,234500,12.430000305175781,12.449999809265137,12.510000228881836,12.25,12.449999809265137
2010-12-03,453700,12.25,12.550000190734863,12.569999694824219,12.239999771118164,12.550000190734863
2010-12-02,331000,12.020000457763672,11.960000038146973,12.260000228881836,11.949999809265137,11.960000038146973
2010-12-01,419400,11.600000381469727,12.069999694824219,12.09000015258789,11.5600004196167,12.069999694824219
2010-11-30,167600,11.289999961853027,11.069999694824219,11.289999961853027,11.029999732971191,11.069999694824219
2010-11-29,164000,11.3100004196167,11.359999656677246,11.399999618530273,11.180000305175781,11.359999656677246
2010-11-26,286600,11.149999618530273,11.239999771118164,11.300000190734863,11.0600004196167,11.239999771118164
2010-11-24,294800,11.119999885559082,11.239999771118164,12.359999656677246,11.050000190734863,11.239999771118164
2010-11-23,410000,10.329999923706055,10.829999923706055,10.899999618530273,10.039999961853027,10.829999923706055
2010-11-22,328900,10.65999984741211,10.619999885559082,10.65999984741211,10.25,10.619999885559082
2010-11-19,677000,10.930000305175781,10.489999771118164,11.079999923706055,10.390000343322754,10.489999771118164
2010-11-18,437300,11.270000457763672,11.260000228881836,11.369999885559082,11.09000015258789,11.260000228881836
2010-11-17,435900,10.430000305175781,10.350000381469727,10.6899995803833,10.319999694824219,10.350000381469727
2010-11-16,1268500,11.329999923706055,10.1899995803833,11.329999923706055,10.119999885559082,10.1899995803833
2010-11-15,1109800,11.760000228881836,11.270000457763672,11.760000228881836,11.210000038146973,11.270000457763672
2010-11-12,4039300,12.149999618530273,10.970000267028809,12.220000267028809,10.890000343322754,10.970000267028809
2010-11-11,595700,13.569999694824219,12.729999542236328,13.710000038146973,12.680000305175781,12.729999542236328
2010-11-10,298800,13.670000076293945,13.739999771118164,13.739999771118164,13.479999542236328,13.739999771118164
2010-11-09,705500,14.25,13.640000343322754,14.829999923706055,13.609999656677246,13.640000343322754
2010-11-08,292800,13.550000190734863,13.680000305175781,13.720000267028809,13.460000038146973,13.680000305175781
2010-11-05,436400,13.479999542236328,13.59000015258789,13.59000015258789,13.199999809265137,13.59000015258789
2010-11-04,382100,13.260000228881836,13.5600004196167,13.609999656677246,13.25,13.5600004196167
2010-11-03,309600,12.720000267028809,12.859999656677246,13.0,12.5,12.859999656677246
2010-11-02,359400,12.930000305175781,12.720000267028809,12.960000038146973,12.649999618530273,12.720000267028809
2010-11-01,341300,12.930000305175781,12.630000114440918,12.930000305175781,12.5,12.630000114440918
2010-10-29,159700,12.670000076293945,12.739999771118164,12.779999732971191,12.600000381469727,12.739999771118164
2010-10-28,227900,12.640000343322754,12.65999984741211,12.789999961853027,12.579999923706055,12.65999984741211
2010-10-27,334800,12.109999656677246,12.449999809265137,12.5,11.989999771118164,12.449999809265137
2010-10-26,233700,11.920000076293945,12.229999542236328,12.319999694824219,11.920000076293945,12.229999542236328
2010-10-25,253300,12.130000114440918,12.039999961853027,12.239999771118164,11.930000305175781,12.039999961853027
2010-10-22,146400,11.869999885559082,11.710000038146973,11.899999618530273,11.680000305175781,11.710000038146973
2010-10-21,280200,12.180000305175781,11.819999694824219,12.180000305175781,11.779999732971191,11.819999694824219
2010-10-20,213300,11.699999809265137,12.039999961853027,12.100000381469727,11.699999809265137,12.039999961853027
2010-10-19,315800,11.489999771118164,11.460000038146973,11.699999809265137,11.319999694824219,11.460000038146973
2010-10-18,462400,11.649999618530273,11.75,11.75,11.510000228881836,11.75
2010-10-15,221000,11.899999618530273,11.640000343322754,11.90999984741211,11.609999656677246,11.640000343322754
2010-10-14,207300,11.760000228881836,11.84000015258789,12.039999961853027,11.75,11.84000015258789
2010-10-13,391700,12.0,11.729999542236328,12.0,11.640000343322754,11.729999542236328
2010-10-12,452100,11.449999809265137,11.90999984741211,12.029999732971191,11.329999923706055,11.90999984741211
2010-10-11,841700,12.050000190734863,11.5,12.199999809265137,11.4399995803833,11.5
2010-10-08,1015900,10.539999961853027,11.720000267028809,11.760000228881836,10.5,11.720000267028809
2010-10-07,350800,9.949999809265137,9.930000305175781,10.069999694824219,9.84000015258789,9.930000305175781
2010-10-06,154900,9.789999961853027,9.59000015258789,9.819999694824219,9.5600004196167,9.59000015258789
2010-10-05,222500,9.270000457763672,9.720000267028809,9.779999732971191,9.270000457763672,9.720000267028809
2010-10-04,241900,8.989999771118164,9.229999542236328,9.25,8.899999618530273,9.229999542236328
2010-10-01,397700,10.199999809265137,9.220000267028809,10.199999809265137,9.15999984741211,9.220000267028809
2010-09-30,591000,10.079999923706055,9.970000267028809,10.170000076293945,9.59000015258789,9.970000267028809
2010-09-29,567000,9.869999885559082,10.220000267028809,10.229999542236328,9.779999732971191,10.220000267028809
2010-09-28,236200,10.470000267028809,10.260000228881836,10.470000267028809,10.210000038146973,10.260000228881836
2010-09-27,193400,10.800000190734863,10.550000190734863,10.800000190734863,10.5,10.550000190734863
2010-09-24,421500,10.170000076293945,10.609999656677246,10.680000305175781,10.170000076293945,10.609999656677246
2010-09-23,113500,10.180000305175781,9.949999809265137,10.180000305175781,9.920000076293945,9.949999809265137
2010-09-22,97700,10.1899995803833,10.130000114440918,10.1899995803833,10.010000228881836,10.130000114440918
2010-09-21,302100,10.069999694824219,10.010000228881836,10.210000038146973,9.979999542236328,10.010000228881836
2010-09-20,452400,10.329999923706055,10.149999618530273,10.369999885559082,10.09000015258789,10.149999618530273
2010-09-17,423800,9.949999809265137,10.119999885559082,10.180000305175781,9.850000381469727,10.119999885559082
2010-09-16,81900,9.75,9.720000267028809,9.789999961853027,9.59000015258789,9.720000267028809
2010-09-15,199700,9.829999923706055,9.6899995803833,9.829999923706055,9.65999984741211,9.6899995803833
2010-09-14,211300,9.670000076293945,9.779999732971191,9.829999923706055,9.5,9.779999732971191
2010-09-13,276700,9.609999656677246,9.6899995803833,9.699999809265137,9.489999771118164,9.6899995803833
2010-09-10,212300,9.40999984741211,9.449999809265137,9.520000457763672,9.210000038146973,9.449999809265137
2010-09-09,187900,9.170000076293945,9.40999984741211,9.449999809265137,9.109999656677246,9.40999984741211
2010-09-08,216200,9.270000457763672,9.170000076293945,9.270000457763672,9.100000381469727,9.170000076293945
2010-09-07,159500,9.100000381469727,9.279999732971191,9.289999961853027,9.010000228881836,9.279999732971191
2010-09-03,446200,8.710000038146973,9.149999618530273,9.149999618530273,8.699999809265137,9.149999618530273
2010-09-02,81300,8.6899995803833,8.699999809265137,8.699999809265137,8.59000015258789,8.699999809265137
2010-09-01,130100,8.479999542236328,8.619999885559082,8.619999885559082,8.479999542236328,8.619999885559082
2010-08-31,144600,8.550000190734863,8.329999923706055,8.59000015258789,8.270000457763672,8.329999923706055
2010-08-30,313700,8.59000015258789,8.449999809265137,8.649999618530273,8.449999809265137,8.449999809265137
2010-08-27,188900,8.210000038146973,8.40999984741211,8.489999771118164,8.210000038146973,8.40999984741211
2010-08-26,278500,8.020000457763672,8.149999618530273,8.229999542236328,8.020000457763672,8.149999618530273
2010-08-25,202900,8.130000114440918,7.940000057220459,8.180000305175781,7.940000057220459,7.940000057220459
2010-08-24,234600,8.270000457763672,8.130000114440918,8.270000457763672,8.0,8.130000114440918
2010-08-23,214000,8.350000381469727,8.34000015258789,8.359999656677246,8.199999809265137,8.34000015258789
2010-08-20,255100,8.100000381469727,8.229999542236328,8.25,8.09000015258789,8.229999542236328
2010-08-19,96100,8.359999656677246,8.170000076293945,8.470000267028809,8.100000381469727,8.170000076293945
2010-08-18,72600,8.25,8.210000038146973,8.390000343322754,8.100000381469727,8.210000038146973
2010-08-17,192900,8.180000305175781,8.359999656677246,8.359999656677246,8.130000114440918,8.359999656677246
2010-08-16,256500,8.399999618530273,8.119999885559082,8.479999542236328,8.039999961853027,8.119999885559082
2010-08-13,214700,8.300000190734863,8.319999694824219,8.420000076293945,8.300000190734863,8.319999694824219
2010-08-12,312400,7.900000095367432,8.25,8.4399995803833,7.900000095367432,8.25
2010-08-11,380100,8.0600004196167,7.840000152587891,8.100000381469727,7.820000171661377,7.840000152587891
2010-08-10,110700,8.100000381469727,8.130000114440918,8.289999961853027,8.050000190734863,8.130000114440918
2010-08-09,179300,8.199999809265137,8.180000305175781,8.369999885559082,8.130000114440918,8.180000305175781
2010-08-06,301900,8.399999618530273,8.039999961853027,8.630000114440918,7.960000038146973,8.039999961853027
2010-08-05,579600,8.649999618530273,8.390000343322754,8.949999809265137,8.329999923706055,8.390000343322754
2010-08-04,363000,8.15999984741211,8.460000038146973,8.479999542236328,8.079999923706055,8.460000038146973
2010-08-03,149500,8.0600004196167,8.039999961853027,8.079999923706055,7.929999828338623,8.039999961853027
2010-08-02,308700,8.279999732971191,8.149999618530273,8.399999618530273,8.109999656677246,8.149999618530273
2010-07-30,162300,7.800000190734863,7.989999771118164,7.989999771118164,7.300000190734863,7.989999771118164
2010-07-29,128300,7.690000057220459,7.710000038146973,7.75,7.630000114440918,7.710000038146973
2010-07-28,111600,7.21999979019165,7.539999961853027,7.650000095367432,7.21999979019165,7.539999961853027
2010-07-27,66100,7.46999979019165,7.25,7.46999979019165,7.25,7.25
2010-07-26,188700,7.440000057220459,7.300000190734863,7.440000057220459,7.25,7.300000190734863
2010-07-23,55900,7.389999866485596,7.440000057220459,7.579999923706055,7.380000114440918,7.440000057220459
2010-07-22,422300,7.590000152587891,7.510000228881836,7.699999809265137,7.429999828338623,7.510000228881836
2010-07-21,39300,7.53000020980835,7.400000095367432,7.53000020980835,7.380000114440918,7.400000095367432
2010-07-20,51200,7.400000095367432,7.269999980926514,7.400000095367432,7.25,7.269999980926514
2010-07-19,87300,7.550000190734863,7.349999904632568,7.619999885559082,7.300000190734863,7.349999904632568
2010-07-16,114800,7.550000190734863,7.46999979019165,7.590000152587891,7.409999847412109,7.46999979019165
2010-07-15,208100,7.380000114440918,7.619999885559082,7.630000114440918,7.340000152587891,7.619999885559082
2010-07-14,70900,7.159999847412109,7.25,7.340000152587891,7.139999866485596,7.25
2010-07-13,102900,7.059999942779541,7.150000095367432,7.199999809265137,7.03000020980835,7.150000095367432
2010-07-12,223500,6.96999979019165,7.010000228881836,7.119999885559082,6.929999828338623,7.010000228881836
2010-07-09,47900,7.03000020980835,7.03000020980835,7.099999904632568,6.949999809265137,7.03000020980835
2010-07-08,122500,6.989999771118164,7.150000095367432,7.150000095367432,6.889999866485596,7.150000095367432
2010-07-07,488100,6.590000152587891,6.940000057220459,6.940000057220459,6.5,6.940000057220459
2010-07-06,163900,6.619999885559082,6.46999979019165,6.71999979019165,6.429999828338623,6.46999979019165
2010-07-02,78900,6.579999923706055,6.610000133514404,6.610000133514404,6.5,6.610000133514404
2010-07-01,238800,6.340000152587891,6.46999979019165,6.519999980926514,6.210000038146973,6.46999979019165
2010-06-30,170200,5.900000095367432,6.300000190734863,6.449999809265137,5.900000095367432,6.300000190734863
2010-06-29,153400,6.050000190734863,5.949999809265137,6.079999923706055,5.900000095367432,5.949999809265137
2010-06-28,405600,6.260000228881836,6.170000076293945,6.269999980926514,6.050000190734863,6.170000076293945
2010-06-25,34600,6.400000095367432,6.329999923706055,6.400000095367432,6.289999961853027,6.329999923706055
2010-06-24,249100,6.420000076293945,6.369999885559082,6.449999809265137,6.329999923706055,6.369999885559082
2010-06-23,496300,6.429999828338623,6.380000114440918,6.5,6.329999923706055,6.380000114440918
2010-06-22,62000,6.599999904632568,6.460000038146973,6.599999904632568,6.460000038146973,6.460000038146973
2010-06-21,93300,6.78000020980835,6.550000190734863,6.789999961853027,6.519999980926514,6.550000190734863
2010-06-18,51100,6.550000190734863,6.550000190734863,6.610000133514404,6.46999979019165,6.550000190734863
2010-06-17,50000,6.570000171661377,6.539999961853027,6.619999885559082,6.489999771118164,6.539999961853027
2010-06-16,64300,6.5,6.550000190734863,6.670000076293945,6.489999771118164,6.550000190734863
2010-06-15,70100,6.429999828338623,6.480000019073486,6.550000190734863,6.400000095367432,6.480000019073486
2010-06-14,46200,6.539999961853027,6.489999771118164,6.539999961853027,6.449999809265137,6.489999771118164
2010-06-11,158400,6.199999809265137,6.409999847412109,6.449999809265137,6.199999809265137,6.409999847412109
2010-06-10,59400,6.260000228881836,6.269999980926514,6.320000171661377,6.199999809265137,6.269999980926514
2010-06-09,90900,6.25,6.159999847412109,6.269999980926514,6.150000095367432,6.159999847412109
2010-06-08,190000,6.170000076293945,6.170000076293945,6.190000057220459,5.829999923706055,6.170000076293945
2010-06-07,90600,6.079999923706055,6.090000152587891,6.130000114440918,6.059999942779541,6.090000152587891
2010-06-04,89100,6.309999942779541,6.130000114440918,6.340000152587891,6.130000114440918,6.130000114440918
2010-06-03,101100,6.329999923706055,6.360000133514404,6.369999885559082,6.210000038146973,6.360000133514404
2010-06-02,90700,6.429999828338623,6.300000190734863,6.429999828338623,6.25,6.300000190734863
2010-06-01,395000,6.5,6.409999847412109,6.590000152587891,6.400000095367432,6.409999847412109
2010-05-28,189300,6.789999961853027,6.599999904632568,6.840000152587891,6.519999980926514,6.599999904632568
2010-05-27,196000,6.940000057220459,6.920000076293945,6.960000038146973,6.869999885559082,6.920000076293945
2010-05-26,165900,6.949999809265137,6.849999904632568,6.989999771118164,6.820000171661377,6.849999904632568
2010-05-25,704800,6.71999979019165,6.900000095367432,6.900000095367432,6.610000133514404,6.900000095367432
2010-05-24,73700,7.050000190734863,6.900000095367432,7.050000190734863,6.900000095367432,6.900000095367432
2010-05-21,160500,6.699999809265137,6.96999979019165,7.03000020980835,6.699999809265137,6.96999979019165
2010-05-20,326000,6.679999828338623,6.71999979019165,6.829999923706055,6.510000228881836,6.71999979019165
2010-05-19,103500,6.800000190734863,6.769999980926514,6.800000190734863,6.510000228881836,6.769999980926514
2010-05-18,695900,6.670000076293945,6.659999847412109,6.769999980926514,6.619999885559082,6.659999847412109
2010-05-17,282100,6.670000076293945,6.510000228881836,6.699999809265137,6.489999771118164,6.510000228881836
2010-05-14,362000,6.860000133514404,6.679999828338623,6.860000133514404,6.619999885559082,6.679999828338623
2010-05-13,68800,7.119999885559082,6.929999828338623,7.119999885559082,6.900000095367432,6.929999828338623
2010-05-12,381100,7.139999866485596,7.070000171661377,7.260000228881836,6.929999828338623,7.070000171661377
2010-05-11,401500,6.769999980926514,6.960000038146973,7.010000228881836,6.769999980926514,6.960000038146973
2010-05-10,267100,7.289999961853027,6.949999809265137,7.289999961853027,6.909999847412109,6.949999809265137
2010-05-07,195300,6.929999828338623,6.929999828338623,7.070000171661377,6.75,6.929999828338623
2010-05-06,227000,7.130000114440918,6.840000152587891,7.25,6.800000190734863,6.840000152587891
2010-05-05,161500,7.130000114440918,7.230000019073486,7.25,7.0,7.230000019073486
2010-05-04,266900,7.21999979019165,7.269999980926514,7.300000190734863,7.059999942779541,7.269999980926514
2010-05-03,207100,7.460000038146973,7.300000190734863,7.53000020980835,7.260000228881836,7.300000190734863
2010-04-30,322800,7.409999847412109,7.449999809265137,7.489999771118164,7.300000190734863,7.449999809265137
2010-04-29,193000,7.21999979019165,7.349999904632568,7.46999979019165,7.210000038146973,7.349999904632568
2010-04-28,62600,7.170000076293945,7.159999847412109,7.25,7.010000228881836,7.159999847412109
2010-04-27,292900,7.210000038146973,7.099999904632568,7.429999828338623,7.03000020980835,7.099999904632568
2010-04-26,242900,7.630000114440918,7.349999904632568,7.670000076293945,7.21999979019165,7.349999904632568
2010-04-23,423700,7.769999980926514,7.5,7.769999980926514,7.440000057220459,7.5
2010-04-22,182000,7.670000076293945,7.75,7.789999961853027,7.570000171661377,7.75
2010-04-21,159800,7.659999847412109,7.71999979019165,7.840000152587891,7.510000228881836,7.71999979019165
2010-04-20,72100,7.510000228881836,7.630000114440918,7.659999847412109,7.510000228881836,7.630000114440918
2010-04-19,92200,7.429999828338623,7.460000038146973,7.650000095367432,7.429999828338623,7.460000038146973
2010-04-16,471900,7.75,7.659999847412109,7.820000171661377,7.550000190734863,7.659999847412109
2010-04-15,472100,7.650000095367432,7.78000020980835,7.78000020980835,7.590000152587891,7.78000020980835
2010-04-14,2171000,7.71999979019165,7.710000038146973,7.800000190734863,7.659999847412109,7.710000038146973
2010-04-13,270100,7.420000076293945,7.550000190734863,7.610000133514404,7.320000171661377,7.550000190734863
2010-04-12,158200,7.570000171661377,7.420000076293945,7.630000114440918,7.380000114440918,7.420000076293945
2010-04-09,105100,7.28000020980835,7.349999904632568,7.429999828338623,7.28000020980835,7.349999904632568
2010-04-08,57200,7.46999979019165,7.269999980926514,7.46999979019165,7.25,7.269999980926514
2010-04-07,109000,7.190000057220459,7.46999979019165,7.5,7.159999847412109,7.46999979019165
2010-04-06,86000,7.199999809265137,7.239999771118164,7.389999866485596,7.170000076293945,7.239999771118164
2010-04-05,136900,7.25,7.21999979019165,7.340000152587891,7.150000095367432,7.21999979019165
2010-04-01,233500,7.199999809265137,7.21999979019165,7.269999980926514,6.940000057220459,7.21999979019165
2010-03-31,287400,7.679999828338623,7.119999885559082,7.699999809265137,7.059999942779541,7.119999885559082
2010-03-30,71500,7.610000133514404,7.690000057220459,7.71999979019165,7.519999980926514,7.690000057220459
2010-03-29,368400,7.400000095367432,7.610000133514404,7.650000095367432,7.400000095367432,7.610000133514404
2010-03-26,107200,7.449999809265137,7.400000095367432,7.449999809265137,7.25,7.400000095367432
2010-03-25,162600,7.789999961853027,7.360000133514404,7.789999961853027,7.340000152587891,7.360000133514404
2010-03-24,127400,7.550000190734863,7.78000020980835,7.849999904632568,7.510000228881836,7.78000020980835
2010-03-23,305600,8.0600004196167,7.590000152587891,8.0600004196167,7.550000190734863,7.590000152587891
2010-03-22,153500,8.029999732971191,8.0,8.210000038146973,7.96999979019165,8.0
2010-03-19,39800,8.199999809265137,8.199999809265137,8.329999923706055,8.09000015258789,8.199999809265137
2010-03-18,91200,8.199999809265137,8.34000015258789,8.350000381469727,8.069999694824219,8.34000015258789
2010-03-17,299800,7.960000038146973,8.210000038146973,8.279999732971191,7.909999847412109,8.210000038146973
2010-03-16,165200,8.039999961853027,8.0,8.119999885559082,7.920000076293945,8.0
2010-03-15,80900,8.079999923706055,7.980000019073486,8.09000015258789,7.96999979019165,7.980000019073486
2010-03-12,101700,8.109999656677246,8.170000076293945,8.229999542236328,7.980000019073486,8.170000076293945
2010-03-11,183900,8.020000457763672,8.020000457763672,8.4399995803833,7.900000095367432,8.020000457763672
2010-03-10,379100,8.260000228881836,8.229999542236328,8.40999984741211,7.960000038146973,8.229999542236328
2010-03-09,228400,8.470000267028809,8.319999694824219,8.520000457763672,8.319999694824219,8.319999694824219
2010-03-08,426000,8.84000015258789,8.75,8.850000381469727,8.609999656677246,8.75
2010-03-05,100000,8.880000114440918,9.300000190734863,9.300000190734863,8.760000228881836,9.300000190734863
2010-03-04,119900,9.010000228881836,8.869999885559082,9.010000228881836,8.75,8.869999885559082
2010-03-03,138200,9.0,9.149999618530273,9.279999732971191,9.0,9.149999618530273
2010-03-02,378600,9.079999923706055,9.069999694824219,9.140000343322754,8.729999542236328,9.069999694824219
2010-03-01,168500,9.539999961853027,9.119999885559082,9.539999961853027,9.0,9.119999885559082
2010-02-26,231700,9.350000381469727,9.5600004196167,9.609999656677246,9.279999732971191,9.5600004196167
2010-02-25,135200,9.300000190734863,9.210000038146973,9.300000190734863,9.100000381469727,9.210000038146973
2010-02-24,39300,9.289999961853027,9.510000228881836,9.520000457763672,9.279999732971191,9.510000228881836
2010-02-23,86900,9.449999809265137,9.220000267028809,9.479999542236328,9.210000038146973,9.220000267028809
2010-02-22,66100,9.710000038146973,9.510000228881836,9.710000038146973,9.359999656677246,9.510000228881836
2010-02-19,174400,9.40999984741211,9.600000381469727,9.649999618530273,9.34000015258789,9.600000381469727
2010-02-18,79000,9.65999984741211,9.539999961853027,9.6899995803833,9.430000305175781,9.539999961853027
2010-02-17,95500,9.989999771118164,9.640000343322754,9.989999771118164,9.630000114440918,9.640000343322754
2010-02-16,657100,9.890000343322754,10.09000015258789,10.09000015258789,9.829999923706055,10.09000015258789
2010-02-12,171400,9.880000114440918,9.649999618530273,9.880000114440918,9.5,9.649999618530273
2010-02-11,191300,9.739999771118164,9.829999923706055,9.890000343322754,9.539999961853027,9.829999923706055
2010-02-10,135700,9.399999618530273,9.640000343322754,9.6899995803833,9.270000457763672,9.640000343322754
2010-02-09,42400,9.5,9.449999809265137,9.579999923706055,9.300000190734863,9.449999809265137
2010-02-08,34600,9.239999771118164,9.399999618530273,9.520000457763672,9.239999771118164,9.399999618530273
2010-02-05,164700,9.350000381469727,9.300000190734863,9.420000076293945,8.90999984741211,9.300000190734863
2010-02-04,397600,9.430000305175781,9.479999542236328,9.479999542236328,9.260000228881836,9.479999542236328
2010-02-03,30500,9.920000076293945,9.5,9.920000076293945,9.470000267028809,9.5
2010-02-02,108700,9.75,9.890000343322754,9.930000305175781,9.649999618530273,9.890000343322754
2010-02-01,333500,9.380000114440918,9.510000228881836,9.630000114440918,9.380000114440918,9.510000228881836
2010-01-29,111400,9.75,9.369999885559082,9.75,9.319999694824219,9.369999885559082
2010-01-28,163800,9.4399995803833,9.579999923706055,9.630000114440918,9.350000381469727,9.579999923706055
2010-01-27,69600,9.579999923706055,9.329999923706055,9.579999923706055,9.289999961853027,9.329999923706055
2010-01-26,158800,9.6899995803833,9.600000381469727,9.859999656677246,9.579999923706055,9.600000381469727
2010-01-25,158400,9.850000381469727,9.819999694824219,9.899999618530273,9.739999771118164,9.819999694824219
2010-01-22,148300,9.890000343322754,9.720000267028809,9.890000343322754,9.65999984741211,9.720000267028809
2010-01-21,322300,9.920000076293945,9.920000076293945,10.0,9.710000038146973,9.920000076293945
2010-01-20,296300,9.800000190734863,9.789999961853027,9.970000267028809,9.550000190734863,9.789999961853027
2010-01-19,218500,9.930000305175781,9.960000038146973,10.0,9.710000038146973,9.960000038146973
2010-01-15,238400,10.09000015258789,9.920000076293945,10.130000114440918,9.850000381469727,9.920000076293945
2010-01-14,179100,10.449999809265137,10.229999542236328,10.470000267028809,10.180000305175781,10.229999542236328
2010-01-13,243000,10.239999771118164,10.5,10.520000457763672,10.079999923706055,10.5
2010-01-12,336700,10.800000190734863,10.300000190734863,10.899999618530273,10.020000457763672,10.300000190734863
2010-01-11,186200,11.15999984741211,10.930000305175781,11.170000076293945,10.899999618530273,10.930000305175781
2010-01-08,54200,11.050000190734863,11.119999885559082,11.149999618530273,10.960000038146973,11.119999885559082
2010-01-07,112900,11.369999885559082,11.119999885559082,11.4399995803833,11.109999656677246,11.119999885559082
2010-01-06,203600,11.239999771118164,11.550000190734863,11.550000190734863,11.1899995803833,11.550000190734863
2010-01-05,355500,11.210000038146973,11.170000076293945,11.319999694824219,11.050000190734863,11.170000076293945
2010-01-04,183700,11.239999771118164,11.079999923706055,11.300000190734863,11.0,11.079999923706055
2009-12-31,48200,10.850000381469727,10.75,10.9399995803833,10.75,10.75
2009-12-30,64900,10.789999961853027,10.789999961853027,10.859999656677246,10.630000114440918,10.789999961853027
2009-12-29,236400,10.84000015258789,10.779999732971191,10.920000076293945,10.65999984741211,10.779999732971191
2009-12-28,101700,10.760000228881836,10.800000190734863,10.850000381469727,10.65999984741211,10.800000190734863
2009-12-24,6800,10.489999771118164,10.4399995803833,10.489999771118164,10.380000114440918,10.4399995803833
2009-12-23,40600,10.300000190734863,10.40999984741211,10.460000038146973,10.289999961853027,10.40999984741211
2009-12-22,44700,10.229999542236328,10.199999809265137,10.260000228881836,10.079999923706055,10.199999809265137
2009-12-21,54200,10.34000015258789,10.140000343322754,10.449999809265137,10.100000381469727,10.140000343322754
2009-12-18,43800,10.369999885559082,10.289999961853027,10.420000076293945,10.130000114440918,10.289999961853027
2009-12-17,153700,10.550000190734863,10.369999885559082,10.550000190734863,10.1899995803833,10.369999885559082
2009-12-16,53800,10.609999656677246,10.670000076293945,10.819999694824219,10.520000457763672,10.670000076293945
2009-12-15,63600,10.649999618530273,10.4399995803833,10.65999984741211,10.40999984741211,10.4399995803833
2009-12-14,134000,10.520000457763672,10.75,10.829999923706055,10.460000038146973,10.75
2009-12-11,62300,10.3100004196167,10.470000267028809,10.470000267028809,10.0600004196167,10.470000267028809
2009-12-10,37300,10.0,10.199999809265137,10.279999732971191,9.989999771118164,10.199999809265137
2009-12-09,82000,10.079999923706055,9.920000076293945,10.180000305175781,9.779999732971191,9.920000076293945
2009-12-08,51700,10.170000076293945,10.050000190734863,10.229999542236328,10.010000228881836,10.050000190734863
2009-12-07,79700,10.199999809265137,10.180000305175781,10.420000076293945,10.149999618530273,10.180000305175781
2009-12-04,121900,10.630000114440918,10.289999961853027,10.779999732971191,10.229999542236328,10.289999961853027
2009-12-03,186400,10.869999885559082,10.65999984741211,10.869999885559082,10.520000457763672,10.65999984741211
2009-12-02,87700,10.800000190734863,10.680000305175781,10.890000343322754,10.579999923706055,10.680000305175781
2009-12-01,208700,10.920000076293945,10.789999961853027,11.25,10.779999732971191,10.789999961853027
2009-11-30,173400,10.65999984741211,10.850000381469727,10.949999809265137,10.5600004196167,10.850000381469727
2009-11-27,44900,10.15999984741211,10.670000076293945,10.699999809265137,10.140000343322754,10.670000076293945
2009-11-25,148800,10.270000457763672,10.5,10.579999923706055,10.25,10.5
2009-11-24,98300,10.34000015258789,10.079999923706055,10.430000305175781,10.050000190734863,10.079999923706055
2009-11-23,446300,10.630000114440918,10.380000114440918,10.789999961853027,10.319999694824219,10.380000114440918
2009-11-20,20900,10.40999984741211,10.390000343322754,10.460000038146973,10.300000190734863,10.390000343322754
2009-11-19,144900,10.350000381469727,10.600000381469727,10.670000076293945,10.270000457763672,10.600000381469727
2009-11-18,270400,10.899999618530273,10.680000305175781,11.09000015258789,10.619999885559082,10.680000305175781
2009-11-17,236600,10.59000015258789,10.84000015258789,10.850000381469727,10.420000076293945,10.84000015258789
2009-11-16,220700,10.319999694824219,10.600000381469727,10.6899995803833,10.319999694824219,10.600000381469727
2009-11-13,46400,10.029999732971191,10.130000114440918,10.25,10.029999732971191,10.130000114440918
2009-11-12,164900,10.010000228881836,10.100000381469727,10.260000228881836,9.869999885559082,10.100000381469727
2009-11-11,104000,9.949999809265137,10.039999961853027,10.25,9.949999809265137,10.039999961853027
2009-11-10,106900,9.8100004196167,9.8100004196167,10.300000190734863,9.5,9.8100004196167
2009-11-09,251700,9.670000076293945,9.739999771118164,9.84000015258789,9.5,9.739999771118164
2009-11-06,116400,9.850000381469727,9.430000305175781,9.850000381469727,9.40999984741211,9.430000305175781
2009-11-05,123700,10.180000305175781,9.859999656677246,10.270000457763672,9.729999542236328,9.859999656677246
2009-11-04,133300,10.399999618530273,10.170000076293945,10.539999961853027,10.140000343322754,10.170000076293945
2009-11-03,207000,10.010000228881836,10.3100004196167,10.430000305175781,9.899999618530273,10.3100004196167
2009-11-02,238900,9.59000015258789,10.010000228881836,10.050000190734863,9.59000015258789,10.010000228881836
2009-10-30,183000,9.699999809265137,9.539999961853027,9.699999809265137,9.40999984741211,9.539999961853027
2009-10-29,151600,9.510000228881836,9.869999885559082,9.899999618530273,9.510000228881836,9.869999885559082
2009-10-28,334300,9.430000305175781,9.350000381469727,9.600000381469727,9.270000457763672,9.350000381469727
2009-10-27,301000,9.9399995803833,9.670000076293945,10.039999961853027,9.600000381469727,9.670000076293945
2009-10-26,251400,10.520000457763672,10.0,10.8100004196167,9.979999542236328,10.0
2009-10-23,342900,10.630000114440918,10.460000038146973,10.859999656677246,10.369999885559082,10.460000038146973
2009-10-22,238300,10.539999961853027,10.529999732971191,10.550000190734863,10.350000381469727,10.529999732971191
2009-10-21,587500,10.260000228881836,10.579999923706055,10.770000457763672,10.149999618530273,10.579999923706055
2009-10-20,200100,10.220000267028809,10.180000305175781,10.229999542236328,9.949999809265137,10.180000305175781
2009-10-19,159500,10.149999618530273,10.329999923706055,10.350000381469727,10.109999656677246,10.329999923706055
2009-10-16,114500,10.069999694824219,9.90999984741211,10.170000076293945,9.90999984741211,9.90999984741211
2009-10-15,222100,9.949999809265137,10.210000038146973,10.210000038146973,9.920000076293945,10.210000038146973
2009-10-14,418700,10.100000381469727,9.949999809265137,10.239999771118164,9.829999923706055,9.949999809265137
2009-10-13,368800,9.729999542236328,10.0,10.079999923706055,9.680000305175781,10.0
2009-10-12,357300,9.289999961853027,9.609999656677246,9.699999809265137,9.210000038146973,9.609999656677246
2009-10-09,186200,9.25,9.020000457763672,9.399999618530273,8.90999984741211,9.020000457763672
2009-10-08,137400,9.050000190734863,9.210000038146973,9.399999618530273,8.979999542236328,9.210000038146973
2009-10-07,136000,9.239999771118164,9.270000457763672,9.270000457763672,9.0,9.270000457763672
2009-10-06,212100,9.119999885559082,9.220000267028809,9.5600004196167,9.100000381469727,9.220000267028809
2009-10-05,240000,8.710000038146973,8.979999542236328,9.09000015258789,8.630000114440918,8.979999542236328
2009-10-02,236700,8.899999618530273,8.710000038146973,9.020000457763672,8.670000076293945,8.710000038146973
2009-10-01,89700,9.479999542236328,9.15999984741211,9.59000015258789,9.130000114440918,9.15999984741211
2009-09-30,103300,9.210000038146973,9.520000457763672,9.539999961853027,9.100000381469727,9.520000457763672
2009-09-29,84900,9.529999732971191,9.279999732971191,9.529999732971191,9.210000038146973,9.279999732971191
2009-09-28,128400,8.970000267028809,9.229999542236328,9.25,8.970000267028809,9.229999542236328
2009-09-25,253800,8.920000076293945,9.029999732971191,9.130000114440918,8.829999923706055,9.029999732971191
2009-09-24,201400,8.789999961853027,8.84000015258789,9.0,8.539999961853027,8.84000015258789
2009-09-23,145100,8.609999656677246,8.75,9.039999961853027,8.579999923706055,8.75
2009-09-22,213800,8.890000343322754,8.880000114440918,8.9399995803833,8.699999809265137,8.880000114440918
2009-09-21,83300,8.600000381469727,8.670000076293945,8.770000457763672,8.600000381469727,8.670000076293945
2009-09-18,96600,9.069999694824219,8.84000015258789,9.149999618530273,8.779999732971191,8.84000015258789
2009-09-17,195600,9.180000305175781,9.130000114440918,9.239999771118164,9.010000228881836,9.130000114440918
2009-09-16,371000,9.430000305175781,9.420000076293945,9.449999809265137,9.0600004196167,9.420000076293945
2009-09-15,467600,8.75,9.399999618530273,9.479999542236328,8.75,9.399999618530273
2009-09-14,90000,8.649999618530273,8.800000190734863,8.84000015258789,8.609999656677246,8.800000190734863
2009-09-11,215400,8.989999771118164,8.729999542236328,9.109999656677246,8.4399995803833,8.729999542236328
2009-09-10,317900,8.470000267028809,8.880000114440918,8.930000305175781,8.470000267028809,8.880000114440918
2009-09-09,335500,8.4399995803833,8.460000038146973,8.649999618530273,8.329999923706055,8.460000038146973
2009-09-08,292200,8.579999923706055,8.380000114440918,8.649999618530273,8.369999885559082,8.380000114440918
2009-09-04,313700,8.720000267028809,8.460000038146973,8.760000228881836,8.420000076293945,8.460000038146973
2009-09-03,373900,9.359999656677246,9.020000457763672,9.4399995803833,9.0,9.020000457763672
2009-09-02,250900,9.270000457763672,9.350000381469727,9.449999809265137,9.239999771118164,9.350000381469727
2009-09-01,149600,9.75,9.550000190734863,9.869999885559082,9.40999984741211,9.550000190734863
2009-08-31,48500,9.649999618530273,9.899999618530273,9.949999809265137,9.539999961853027,9.899999618530273
2009-08-28,265300,9.850000381469727,9.789999961853027,9.9399995803833,9.680000305175781,9.789999961853027
2009-08-27,99200,9.609999656677246,9.600000381469727,9.680000305175781,9.470000267028809,9.600000381469727
2009-08-26,41100,9.369999885559082,9.539999961853027,9.569999694824219,9.350000381469727,9.539999961853027
2009-08-25,230600,9.529999732971191,9.479999542236328,9.800000190734863,9.369999885559082,9.479999542236328
2009-08-24,118100,9.319999694824219,9.399999618530273,9.5,9.300000190734863,9.399999618530273
2009-08-21,242400,9.380000114440918,9.210000038146973,9.520000457763672,9.100000381469727,9.210000038146973
2009-08-20,125300,9.319999694824219,9.149999618530273,9.359999656677246,9.130000114440918,9.149999618530273
2009-08-19,228200,9.15999984741211,9.430000305175781,9.510000228881836,9.149999618530273,9.430000305175781
2009-08-18,257200,9.0600004196167,9.239999771118164,9.300000190734863,9.029999732971191,9.239999771118164
2009-08-17,372200,9.199999809265137,9.069999694824219,9.260000228881836,8.970000267028809,9.069999694824219
2009-08-14,242200,9.760000228881836,9.479999542236328,9.760000228881836,9.449999809265137,9.479999542236328
2009-08-13,852200,10.180000305175781,9.920000076293945,10.289999961853027,9.779999732971191,9.920000076293945
2009-08-12,502500,9.670000076293945,10.079999923706055,10.079999923706055,9.539999961853027,10.079999923706055
2009-08-11,335300,9.6899995803833,9.760000228881836,9.890000343322754,9.649999618530273,9.760000228881836
2009-08-10,497200,9.680000305175781,9.760000228881836,9.899999618530273,9.579999923706055,9.760000228881836
2009-08-07,851900,9.680000305175781,9.430000305175781,9.779999732971191,9.380000114440918,9.430000305175781
2009-08-06,2847200,9.859999656677246,9.489999771118164,9.880000114440918,9.460000038146973,9.489999771118164
2009-08-05,613000,10.140000343322754,9.890000343322754,10.15999984741211,9.6899995803833,9.890000343322754
2009-08-04,348900,9.989999771118164,10.029999732971191,10.130000114440918,9.869999885559082,10.029999732971191
2009-08-03,575000,9.729999542236328,10.039999961853027,10.119999885559082,9.729999542236328,10.039999961853027
2009-07-31,450100,9.039999961853027,9.390000343322754,9.390000343322754,8.989999771118164,9.390000343322754
2009-07-30,538300,8.789999961853027,9.0600004196167,9.15999984741211,8.670000076293945,9.0600004196167
2009-07-29,327400,8.609999656677246,8.649999618530273,8.65999984741211,8.420000076293945,8.649999618530273
2009-07-28,424800,8.720000267028809,8.8100004196167,8.859999656677246,8.569999694824219,8.8100004196167
2009-07-27,311000,8.539999961853027,8.720000267028809,8.720000267028809,8.470000267028809,8.720000267028809
2009-07-24,369200,8.859999656677246,8.609999656677246,8.880000114440918,8.600000381469727,8.609999656677246
2009-07-23,664000,8.59000015258789,8.869999885559082,8.869999885559082,8.5600004196167,8.869999885559082
2009-07-22,248700,8.449999809265137,8.380000114440918,8.470000267028809,8.300000190734863,8.380000114440918
2009-07-21,287100,8.819999694824219,8.529999732971191,8.819999694824219,8.390000343322754,8.529999732971191
2009-07-20,400400,8.770000457763672,8.779999732971191,8.859999656677246,8.59000015258789,8.779999732971191
2009-07-17,274500,8.4399995803833,8.5,8.579999923706055,8.3100004196167,8.5
2009-07-16,287700,8.380000114440918,8.40999984741211,8.520000457763672,8.300000190734863,8.40999984741211
2009-07-15,753300,8.859999656677246,8.710000038146973,8.960000038146973,8.569999694824219,8.710000038146973
2009-07-14,371700,8.819999694824219,8.65999984741211,8.869999885559082,8.630000114440918,8.65999984741211
2009-07-13,229700,8.279999732971191,8.789999961853027,8.789999961853027,8.220000267028809,8.789999961853027
2009-07-10,265200,8.279999732971191,8.319999694824219,8.460000038146973,8.15999984741211,8.319999694824219
2009-07-09,273800,8.369999885559082,8.460000038146973,8.470000267028809,8.25,8.460000038146973
2009-07-08,700000,8.140000343322754,8.380000114440918,8.460000038146973,8.0600004196167,8.380000114440918
2009-07-07,1349400,8.6899995803833,8.050000190734863,8.949999809265137,8.010000228881836,8.050000190734863
2009-07-06,244900,8.880000114440918,8.619999885559082,8.880000114440918,8.619999885559082,8.619999885559082
2009-07-02,236400,9.15999984741211,9.079999923706055,9.5600004196167,9.0600004196167,9.079999923706055
2009-07-01,333000,9.329999923706055,9.5600004196167,9.569999694824219,9.329999923706055,9.5600004196167
2009-06-30,1192500,9.720000267028809,9.289999961853027,9.75,8.770000457763672,9.289999961853027
2009-06-29,125600,9.979999542236328,9.789999961853027,9.979999542236328,9.710000038146973,9.789999961853027
2009-06-26,113000,9.869999885559082,9.789999961853027,9.90999984741211,9.75,9.789999961853027
2009-06-25,91300,9.75,9.930000305175781,10.029999732971191,9.75,9.930000305175781
2009-06-24,209700,10.0,9.789999961853027,10.0600004196167,9.789999961853027,9.789999961853027
2009-06-23,270100,9.699999809265137,9.899999618530273,9.949999809265137,9.670000076293945,9.899999618530273
2009-06-22,612700,9.739999771118164,9.579999923706055,9.739999771118164,9.34000015258789,9.579999923706055
2009-06-19,168300,10.1899995803833,9.8100004196167,10.1899995803833,9.8100004196167,9.8100004196167
2009-06-18,378700,10.1899995803833,10.25,10.3100004196167,10.0,10.25
2009-06-17,308800,9.819999694824219,10.270000457763672,10.350000381469727,9.819999694824219,10.270000457763672
2009-06-16,269700,10.289999961853027,10.140000343322754,10.479999542236328,9.979999542236328,10.140000343322754
2009-06-15,624600,10.720000267028809,10.199999809265137,10.720000267028809,10.180000305175781,10.199999809265137
2009-06-12,399000,11.119999885559082,11.0,11.350000381469727,10.859999656677246,11.0
2009-06-11,320400,11.170000076293945,11.319999694824219,11.520000457763672,11.170000076293945,11.319999694824219
2009-06-10,266800,11.59000015258789,11.199999809265137,11.59000015258789,11.119999885559082,11.199999809265137
2009-06-09,269000,11.260000228881836,11.510000228881836,11.529999732971191,11.239999771118164,11.510000228881836
2009-06-08,316600,11.220000267028809,11.15999984741211,11.300000190734863,11.010000228881836,11.15999984741211
2009-06-05,214000,11.710000038146973,11.420000076293945,11.710000038146973,11.40999984741211,11.420000076293945
2009-06-04,417700,11.59000015258789,11.720000267028809,11.739999771118164,11.210000038146973,11.720000267028809
2009-06-03,544000,11.970000267028809,11.1899995803833,12.5,11.010000228881836,11.1899995803833
2009-06-02,427400,12.039999961853027,12.050000190734863,12.199999809265137,11.90999984741211,12.050000190734863
2009-06-01,961200,12.0,12.369999885559082,12.369999885559082,11.800000190734863,12.369999885559082
2009-05-29,183300,11.739999771118164,11.600000381469727,11.739999771118164,11.399999618530273,11.600000381469727
2009-05-28,359800,11.880000114440918,11.449999809265137,11.880000114440918,11.260000228881836,11.449999809265137
2009-05-27,450400,11.489999771118164,11.430000305175781,11.539999961853027,11.229999542236328,11.430000305175781
2009-05-26,297100,11.279999732971191,11.369999885559082,11.449999809265137,11.029999732971191,11.369999885559082
2009-05-22,497400,11.180000305175781,11.3100004196167,11.350000381469727,11.020000457763672,11.3100004196167
2009-05-21,525500,10.880000114440918,10.979999542236328,11.010000228881836,10.510000228881836,10.979999542236328
2009-05-20,368300,10.890000343322754,10.899999618530273,11.15999984741211,10.699999809265137,10.899999618530273
2009-05-19,202300,10.729999542236328,10.739999771118164,10.8100004196167,10.609999656677246,10.739999771118164
2009-05-18,397400,10.380000114440918,10.680000305175781,10.75,10.130000114440918,10.680000305175781
2009-05-15,100400,10.65999984741211,10.100000381469727,10.739999771118164,10.100000381469727,10.100000381469727
2009-05-14,225200,10.5,10.739999771118164,10.800000190734863,10.420000076293945,10.739999771118164
2009-05-13,174000,10.6899995803833,10.550000190734863,10.84000015258789,10.479999542236328,10.550000190734863
2009-05-12,266100,10.899999618530273,10.770000457763672,10.970000267028809,10.520000457763672,10.770000457763672
2009-05-11,65100,10.40999984741211,10.699999809265137,10.710000038146973,10.34000015258789,10.699999809265137
2009-05-08,243800,10.300000190734863,10.579999923706055,10.59000015258789,10.270000457763672,10.579999923706055
2009-05-07,241400,10.470000267028809,10.220000267028809,10.5,10.029999732971191,10.220000267028809
2009-05-06,119400,9.859999656677246,10.0600004196167,10.119999885559082,9.859999656677246,10.0600004196167
2009-05-05,103000,10.069999694824219,9.760000228881836,10.069999694824219,9.670000076293945,9.760000228881836
2009-05-04,297500,10.979999542236328,10.010000228881836,10.979999542236328,9.770000457763672,10.010000228881836
2009-05-01,336000,9.680000305175781,10.199999809265137,10.229999542236328,9.5,10.199999809265137
2009-04-30,196000,9.369999885559082,9.420000076293945,9.420000076293945,9.149999618530273,9.420000076293945
2009-04-29,117000,8.699999809265137,9.119999885559082,9.149999618530273,8.699999809265137,9.119999885559082
2009-04-28,33100,9.279999732971191,8.699999809265137,9.279999732971191,8.649999618530273,8.699999809265137
2009-04-27,135600,8.949999809265137,8.649999618530273,9.020000457763672,8.5,8.649999618530273
2009-04-24,122400,9.029999732971191,9.119999885559082,9.180000305175781,9.0,9.119999885559082
2009-04-23,86300,8.84000015258789,8.899999618530273,9.0,8.670000076293945,8.899999618530273
2009-04-22,47500,8.600000381469727,8.760000228881836,8.829999923706055,8.600000381469727,8.760000228881836
2009-04-21,223900,8.399999618530273,8.65999984741211,8.720000267028809,8.300000190734863,8.65999984741211
2009-04-20,197400,8.6899995803833,8.300000190734863,8.84000015258789,8.260000228881836,8.300000190734863
2009-04-17,222100,9.0,8.9399995803833,9.170000076293945,8.75,8.9399995803833
2009-04-16,677000,8.989999771118164,8.949999809265137,9.0,8.770000457763672,8.949999809265137
2009-04-15,313900,9.0,8.9399995803833,9.130000114440918,8.859999656677246,8.9399995803833
2009-04-14,56800,8.880000114440918,9.09000015258789,9.25,8.880000114440918,9.09000015258789
2009-04-13,132100,8.850000381469727,8.960000038146973,9.0600004196167,8.699999809265137,8.960000038146973
2009-04-09,101300,9.130000114440918,8.890000343322754,9.140000343322754,8.829999923706055,8.890000343322754
2009-04-08,111500,8.739999771118164,8.84000015258789,8.930000305175781,8.710000038146973,8.84000015258789
2009-04-07,79700,9.069999694824219,8.84000015258789,9.130000114440918,8.75,8.84000015258789
2009-04-06,111500,9.220000267028809,9.069999694824219,9.25,8.960000038146973,9.069999694824219
2009-04-03,116600,9.069999694824219,9.329999923706055,9.359999656677246,9.0600004196167,9.329999923706055
2009-04-02,198900,9.220000267028809,9.1899995803833,9.369999885559082,9.149999618530273,9.1899995803833
2009-04-01,87300,9.0600004196167,8.829999923706055,9.0600004196167,8.649999618530273,8.829999923706055
2009-03-31,147900,8.359999656677246,8.949999809265137,9.020000457763672,8.359999656677246,8.949999809265137
2009-03-30,183400,8.289999961853027,8.25,8.359999656677246,8.100000381469727,8.25
2009-03-27,116400,8.720000267028809,8.489999771118164,8.720000267028809,8.399999618530273,8.489999771118164
2009-03-26,102600,8.8100004196167,8.729999542236328,8.869999885559082,8.630000114440918,8.729999542236328
2009-03-25,183600,8.920000076293945,8.640000343322754,8.989999771118164,8.550000190734863,8.640000343322754
2009-03-24,211700,9.3100004196167,9.029999732971191,9.3100004196167,8.930000305175781,9.029999732971191
2009-03-23,557600,9.270000457763672,9.319999694824219,9.569999694824219,9.100000381469727,9.319999694824219
2009-03-20,282800,9.3100004196167,9.25,9.359999656677246,9.119999885559082,9.25
2009-03-19,343000,9.359999656677246,9.359999656677246,9.65999984741211,9.149999618530273,9.359999656677246
2009-03-18,104600,9.050000190734863,8.920000076293945,9.050000190734863,8.680000305175781,8.920000076293945
2009-03-17,179900,8.829999923706055,8.890000343322754,8.920000076293945,8.65999984741211,8.890000343322754
2009-03-16,123500,8.270000457763672,8.699999809265137,8.819999694824219,8.270000457763672,8.699999809265137
2009-03-13,167600,8.630000114440918,8.369999885559082,8.640000343322754,8.25,8.369999885559082
2009-03-12,663300,8.09000015258789,8.399999618530273,8.489999771118164,8.050000190734863,8.399999618530273
2009-03-11,101900,8.550000190734863,7.980000019073486,8.550000190734863,7.880000114440918,7.980000019073486
2009-03-10,97600,8.15999984741211,8.300000190734863,8.4399995803833,8.079999923706055,8.300000190734863
2009-03-09,93300,8.220000267028809,7.960000038146973,8.25,7.900000095367432,7.960000038146973
2009-03-06,46900,7.949999809265137,8.039999961853027,8.15999984741211,7.889999866485596,8.039999961853027
2009-03-05,72900,8.0,7.920000076293945,8.079999923706055,7.809999942779541,7.920000076293945
2009-03-04,101000,8.350000381469727,8.220000267028809,8.350000381469727,7.900000095367432,8.220000267028809
2009-03-03,50200,7.610000133514404,7.639999866485596,7.71999979019165,7.510000228881836,7.639999866485596
2009-03-02,95000,8.1899995803833,7.659999847412109,8.1899995803833,7.539999961853027,7.659999847412109
2009-02-27,27300,8.460000038146973,8.289999961853027,8.460000038146973,8.180000305175781,8.289999961853027
2009-02-26,38900,8.6899995803833,8.550000190734863,8.880000114440918,8.449999809265137,8.550000190734863
2009-02-25,56800,8.350000381469727,8.550000190734863,8.609999656677246,8.079999923706055,8.550000190734863
2009-02-24,37200,8.100000381469727,8.239999771118164,8.289999961853027,8.0,8.239999771118164
2009-02-23,94700,8.489999771118164,8.100000381469727,8.489999771118164,8.0600004196167,8.100000381469727
2009-02-20,136800,8.079999923706055,8.170000076293945,8.229999542236328,7.900000095367432,8.170000076293945
2009-02-19,136700,8.25,8.289999961853027,8.460000038146973,8.210000038146973,8.289999961853027
2009-02-18,143700,8.279999732971191,8.079999923706055,8.279999732971191,8.029999732971191,8.079999923706055
2009-02-17,98500,8.680000305175781,8.34000015258789,8.680000305175781,8.279999732971191,8.34000015258789
2009-02-13,75800,9.0,8.949999809265137,9.210000038146973,8.90999984741211,8.949999809265137
2009-02-12,140400,9.029999732971191,9.039999961853027,9.229999542236328,9.0,9.039999961853027
2009-02-11,96600,9.399999618530273,9.170000076293945,9.399999618530273,9.149999618530273,9.170000076293945
2009-02-10,145600,9.779999732971191,9.420000076293945,9.789999961853027,9.289999961853027,9.420000076293945
2009-02-09,127400,9.670000076293945,9.600000381469727,9.800000190734863,9.550000190734863,9.600000381469727
2009-02-06,109800,9.630000114440918,9.510000228881836,9.630000114440918,9.350000381469727,9.510000228881836
2009-02-05,132500,8.800000190734863,9.300000190734863,9.319999694824219,8.6899995803833,9.300000190734863
2009-02-04,194100,8.819999694824219,8.720000267028809,9.0,8.640000343322754,8.720000267028809
2009-02-03,36700,9.119999885559082,8.880000114440918,9.119999885559082,8.760000228881836,8.880000114440918
2009-02-02,49700,9.229999542236328,9.199999809265137,9.289999961853027,9.020000457763672,9.199999809265137
2009-01-30,39500,9.520000457763672,9.470000267028809,9.699999809265137,9.390000343322754,9.470000267028809
2009-01-29,61500,9.640000343322754,9.579999923706055,9.640000343322754,9.40999984741211,9.579999923706055
2009-01-28,60100,9.720000267028809,9.75,9.899999618530273,9.5,9.75
2009-01-27,233900,9.789999961853027,9.609999656677246,9.789999961853027,9.5,9.609999656677246
2009-01-26,104000,9.869999885559082,9.899999618530273,10.220000267028809,9.800000190734863,9.899999618530273
2009-01-23,58700,9.510000228881836,9.680000305175781,9.899999618530273,9.130000114440918,9.680000305175781
2009-01-22,27700,9.9399995803833,9.510000228881836,9.9399995803833,9.170000076293945,9.510000228881836
2009-01-21,44500,9.229999542236328,9.960000038146973,10.25,9.210000038146973,9.960000038146973
2009-01-20,57800,9.600000381469727,9.34000015258789,9.899999618530273,9.270000457763672,9.34000015258789
2009-01-16,65600,9.779999732971191,9.710000038146973,9.779999732971191,9.449999809265137,9.710000038146973
2009-01-15,34700,9.0,9.180000305175781,9.329999923706055,8.949999809265137,9.180000305175781
2009-01-14,86800,9.399999618530273,9.039999961853027,9.399999618530273,8.850000381469727,9.039999961853027
2009-01-13,86600,9.050000190734863,9.079999923706055,9.539999961853027,9.050000190734863,9.079999923706055
2009-01-12,148600,10.59000015258789,9.109999656677246,10.600000381469727,9.069999694824219,9.109999656677246
2009-01-09,80600,10.6899995803833,10.600000381469727,10.899999618530273,10.399999618530273,10.600000381469727
2009-01-08,104500,10.300000190734863,10.460000038146973,10.520000457763672,9.630000114440918,10.460000038146973
2009-01-07,95700,11.1899995803833,10.399999618530273,11.1899995803833,10.3100004196167,10.399999618530273
2009-01-06,207300,10.449999809265137,11.119999885559082,11.149999618530273,10.449999809265137,11.119999885559082
2009-01-05,107900,10.3100004196167,10.539999961853027,10.550000190734863,10.079999923706055,10.539999961853027
2009-01-02,245800,10.770000457763672,10.210000038146973,10.770000457763672,10.020000457763672,10.210000038146973
2008-12-31,171200,9.949999809265137,10.170000076293945,10.520000457763672,9.640000343322754,10.170000076293945
2008-12-30,201200,9.850000381469727,9.84000015258789,9.930000305175781,9.520000457763672,9.84000015258789
2008-12-29,169100,10.5,9.869999885559082,10.5,9.550000190734863,9.869999885559082
2008-12-26,65900,9.460000038146973,9.989999771118164,10.069999694824219,9.40999984741211,9.989999771118164
2008-12-24,13500,9.25,9.449999809265137,9.449999809265137,9.25,9.449999809265137
2008-12-23,9000,8.930000305175781,9.199999809265137,9.199999809265137,8.829999923706055,9.199999809265137
2008-12-22,27900,9.0,8.9399995803833,9.100000381469727,8.850000381469727,8.9399995803833
2008-12-19,100600,9.0,8.84000015258789,9.390000343322754,8.680000305175781,8.84000015258789
2008-12-18,64600,9.380000114440918,9.210000038146973,9.380000114440918,8.84000015258789,9.210000038146973
2008-12-17,96000,9.270000457763672,9.170000076293945,9.619999885559082,8.789999961853027,9.170000076293945
2008-12-16,137200,8.65999984741211,9.329999923706055,9.329999923706055,8.579999923706055,9.329999923706055
2008-12-15,325300,8.920000076293945,8.579999923706055,9.25,8.399999618530273,8.579999923706055
2008-12-12,53400,7.659999847412109,8.460000038146973,8.729999542236328,7.659999847412109,8.460000038146973
2008-12-11,235800,8.050000190734863,8.020000457763672,8.529999732971191,7.599999904632568,8.020000457763672
2008-12-10,86200,7.78000020980835,7.889999866485596,8.09000015258789,7.53000020980835,7.889999866485596
2008-12-09,50100,7.559999942779541,7.440000057220459,7.71999979019165,7.400000095367432,7.440000057220459
2008-12-08,57800,7.300000190734863,7.550000190734863,7.670000076293945,7.300000190734863,7.550000190734863
2008-12-05,50700,7.230000019073486,6.840000152587891,7.230000019073486,6.630000114440918,6.840000152587891
2008-12-04,139100,7.820000171661377,7.269999980926514,7.940000057220459,7.25,7.269999980926514
2008-12-03,144800,8.100000381469727,8.029999732971191,8.34000015258789,7.900000095367432,8.029999732971191
2008-12-02,27500,8.25,8.170000076293945,8.489999771118164,8.149999618530273,8.170000076293945
2008-12-01,76500,8.789999961853027,8.199999809265137,8.789999961853027,8.010000228881836,8.199999809265137
2008-11-28,24500,9.300000190734863,8.989999771118164,9.350000381469727,8.770000457763672,8.989999771118164
2008-11-26,90500,9.069999694824219,9.050000190734863,9.40999984741211,8.699999809265137,9.050000190734863
2008-11-25,26600,8.90999984741211,8.800000190734863,8.930000305175781,8.3100004196167,8.800000190734863
2008-11-24,94500,8.039999961853027,8.960000038146973,9.079999923706055,8.039999961853027,8.960000038146973
2008-11-21,21100,8.270000457763672,7.929999828338623,8.4399995803833,7.679999828338623,7.929999828338623
2008-11-20,55100,8.300000190734863,8.270000457763672,8.829999923706055,7.929999828338623,8.270000457763672
2008-11-19,11200,9.119999885559082,9.109999656677246,9.520000457763672,8.979999542236328,9.109999656677246
2008-11-18,24700,9.15999984741211,9.069999694824219,9.430000305175781,8.949999809265137,9.069999694824219
2008-11-17,66300,9.510000228881836,9.25,9.510000228881836,9.149999618530273,9.25
2008-11-14,60500,9.010000228881836,9.449999809265137,9.470000267028809,8.920000076293945,9.449999809265137
2008-11-13,24300,9.0,9.140000343322754,9.25,8.670000076293945,9.140000343322754
2008-11-12,61200,8.9399995803833,8.989999771118164,9.399999618530273,8.59000015258789,8.989999771118164
2008-11-11,19700,9.149999618530273,9.039999961853027,10.399999618530273,8.859999656677246,9.039999961853027
2008-11-10,41800,9.899999618530273,9.449999809265137,9.899999618530273,9.140000343322754,9.449999809265137
2008-11-07,17300,9.329999923706055,9.3100004196167,9.510000228881836,9.220000267028809,9.3100004196167
2008-11-06,188200,9.890000343322754,9.1899995803833,9.890000343322754,9.0,9.1899995803833
2008-11-05,98600,10.949999809265137,9.890000343322754,10.949999809265137,9.510000228881836,9.890000343322754
2008-11-04,75300,10.149999618530273,10.670000076293945,10.970000267028809,10.149999618530273,10.670000076293945
2008-11-03,54700,10.220000267028809,10.199999809265137,10.350000381469727,9.880000114440918,10.199999809265137
2008-10-31,58200,9.510000228881836,9.75,9.899999618530273,9.510000228881836,9.75
2008-10-30,190200,10.550000190734863,10.0600004196167,10.920000076293945,9.789999961853027,10.0600004196167
2008-10-29,271800,9.539999961853027,10.300000190734863,10.9399995803833,9.220000267028809,10.300000190734863
2008-10-28,75000,9.970000267028809,8.670000076293945,10.0600004196167,8.609999656677246,8.670000076293945
2008-10-27,36000,8.0,8.5600004196167,9.15999984741211,7.539999961853027,8.5600004196167
2008-10-24,30200,8.0,8.260000228881836,8.579999923706055,7.409999847412109,8.260000228881836
2008-10-23,28200,8.270000457763672,8.609999656677246,9.100000381469727,8.270000457763672,8.609999656677246
2008-10-22,50600,9.140000343322754,8.399999618530273,9.140000343322754,8.329999923706055,8.399999618530273
2008-10-21,31900,9.930000305175781,9.680000305175781,9.930000305175781,9.470000267028809,9.680000305175781
2008-10-20,87900,10.350000381469727,10.210000038146973,10.850000381469727,9.84000015258789,10.210000038146973
2008-10-17,70500,8.989999771118164,9.829999923706055,10.9399995803833,8.989999771118164,9.829999923706055
2008-10-16,89300,8.869999885559082,9.100000381469727,9.239999771118164,8.279999732971191,9.100000381469727
2008-10-15,38500,9.449999809265137,9.039999961853027,9.710000038146973,8.949999809265137,9.039999961853027
2008-10-14,51000,10.930000305175781,9.84000015258789,11.170000076293945,9.84000015258789,9.84000015258789
2008-10-13,33700,10.220000267028809,10.180000305175781,10.5,10.039999961853027,10.180000305175781
2008-10-10,46100,10.0,9.050000190734863,10.640000343322754,8.880000114440918,9.050000190734863
2008-10-09,25200,11.850000381469727,10.819999694824219,11.850000381469727,10.779999732971191,10.819999694824219
2008-10-08,33400,10.489999771118164,10.949999809265137,11.109999656677246,10.0,10.949999809265137
2008-10-07,30900,10.84000015258789,10.640000343322754,11.050000190734863,10.359999656677246,10.640000343322754
2008-10-06,77900,10.90999984741211,10.140000343322754,11.149999618530273,9.380000114440918,10.140000343322754
2008-10-03,36400,12.550000190734863,12.0,15.0,12.0,12.0
2008-10-02,20700,13.720000267028809,12.420000076293945,13.720000267028809,12.25,12.420000076293945
2008-10-01,27000,14.40999984741211,13.920000076293945,14.40999984741211,13.510000228881836,13.920000076293945
2008-09-30,23900,14.84000015258789,13.770000457763672,14.899999618530273,13.760000228881836,13.770000457763672
2008-09-29,41700,15.720000267028809,14.710000038146973,15.789999961853027,14.229999542236328,14.710000038146973
2008-09-26,33500,17.100000381469727,16.75,17.18000030517578,16.579999923706055,16.75
2008-09-25,84800,17.360000610351562,17.34000015258789,17.959999084472656,17.209999084472656,17.34000015258789
2008-09-24,48200,17.770000457763672,17.520000457763672,18.040000915527344,17.239999771118164,17.520000457763672
2008-09-23,39700,17.540000915527344,17.440000534057617,17.540000915527344,16.889999389648438,17.440000534057617
2008-09-22,31700,15.800000190734863,17.25,17.989999771118164,15.800000190734863,17.25
2008-09-19,17100,15.260000228881836,15.75,17.75,15.260000228881836,15.75
2008-09-18,20500,16.950000762939453,15.15999984741211,17.0,15.0,15.15999984741211
2008-09-17,23300,15.8100004196167,16.489999771118164,16.739999771118164,15.0,16.489999771118164
2008-09-16,16000,16.1200008392334,15.520000457763672,16.399999618530273,15.25,15.520000457763672
2008-09-15,31000,16.81999969482422,17.020000457763672,17.5,16.06999969482422,17.020000457763672
2008-09-12,64500,17.020000457763672,17.309999465942383,17.690000534057617,16.889999389648438,17.309999465942383
2008-09-11,76100,16.170000076293945,16.309999465942383,16.59000015258789,16.170000076293945,16.309999465942383
2008-09-10,45400,16.780000686645508,16.469999313354492,16.90999984741211,16.43000030517578,16.469999313354492
2008-09-09,67000,16.420000076293945,16.93000030517578,17.170000076293945,16.299999237060547,16.93000030517578
2008-09-08,67900,17.6200008392334,17.209999084472656,17.670000076293945,17.06999969482422,17.209999084472656
2008-09-05,43700,17.729999542236328,17.299999237060547,17.729999542236328,17.09000015258789,17.299999237060547
2008-09-04,36000,18.520000457763672,18.43000030517578,18.68000030517578,18.239999771118164,18.43000030517578
2008-09-03,50300,18.540000915527344,18.389999389648438,18.68000030517578,18.059999465942383,18.389999389648438
2008-09-02,75800,18.65999984741211,18.940000534057617,19.06999969482422,18.18000030517578,18.940000534057617
2008-08-29,24700,20.219999313354492,19.8799991607666,20.559999465942383,19.770000457763672,19.8799991607666
2008-08-28,11500,20.600000381469727,20.229999542236328,20.600000381469727,19.829999923706055,20.229999542236328
2008-08-27,52800,21.950000762939453,20.790000915527344,21.950000762939453,20.520000457763672,20.790000915527344
2008-08-26,33000,21.079999923706055,21.450000762939453,21.479999542236328,20.510000228881836,21.450000762939453
2008-08-25,15200,22.739999771118164,21.549999237060547,22.770000457763672,21.40999984741211,21.549999237060547
2008-08-22,40900,21.850000381469727,21.610000610351562,22.540000915527344,21.600000381469727,21.610000610351562
2008-08-21,74000,21.700000762939453,22.530000686645508,23.100000381469727,21.6200008392334,22.530000686645508
2008-08-20,34900,20.559999465942383,21.200000762939453,21.280000686645508,20.559999465942383,21.200000762939453
2008-08-19,30500,19.670000076293945,20.510000228881836,21.56999969482422,19.670000076293945,20.510000228881836
2008-08-18,60000,19.229999542236328,20.40999984741211,20.799999237060547,19.229999542236328,20.40999984741211
2008-08-15,53400,19.18000030517578,18.809999465942383,19.459999084472656,18.479999542236328,18.809999465942383
2008-08-14,53000,20.700000762939453,20.399999618530273,20.700000762939453,19.239999771118164,20.399999618530273
2008-08-13,47000,18.350000381469727,20.670000076293945,20.729999542236328,18.149999618530273,20.670000076293945
2008-08-12,28700,17.920000076293945,18.229999542236328,18.290000915527344,17.209999084472656,18.229999542236328
2008-08-11,36000,17.450000762939453,17.530000686645508,17.920000076293945,17.18000030517578,17.530000686645508
2008-08-08,42900,18.459999084472656,17.25,18.469999313354492,17.079999923706055,17.25
2008-08-07,34400,18.530000686645508,18.959999084472656,19.15999984741211,18.34000015258789,18.959999084472656
2008-08-06,27100,19.200000762939453,17.989999771118164,19.200000762939453,17.510000228881836,17.989999771118164
2008-08-05,63700,18.43000030517578,18.8700008392334,19.829999923706055,17.989999771118164,18.8700008392334
2008-08-04,59200,20.31999969482422,18.5,20.360000610351562,18.450000762939453,18.5
2008-08-01,8900,21.170000076293945,20.850000381469727,21.780000686645508,20.530000686645508,20.850000381469727
2008-07-31,11600,21.610000610351562,21.40999984741211,21.75,21.15999984741211,21.40999984741211
2008-07-30,11200,20.850000381469727,21.40999984741211,21.440000534057617,20.709999084472656,21.40999984741211
2008-07-29,33600,19.84000015258789,20.729999542236328,20.8700008392334,19.6299991607666,20.729999542236328
2008-07-28,81700,21.719999313354492,20.5,21.780000686645508,20.239999771118164,20.5
2008-07-25,14000,19.719999313354492,20.709999084472656,20.709999084472656,19.719999313354492,20.709999084472656
2008-07-24,21100,20.489999771118164,20.040000915527344,20.489999771118164,19.40999984741211,20.040000915527344
2008-07-23,45800,19.459999084472656,19.84000015258789,20.5,18.8799991607666,19.84000015258789
2008-07-22,41500,20.799999237060547,20.1299991607666,21.110000610351562,20.110000610351562,20.1299991607666
2008-07-21,26500,21.5,20.969999313354492,21.75,20.799999237060547,20.969999313354492
2008-07-18,27100,22.770000457763672,21.899999618530273,23.40999984741211,21.889999389648438,21.899999618530273
2008-07-17,26300,24.780000686645508,23.15999984741211,24.989999771118164,23.079999923706055,23.15999984741211
2008-07-16,29000,24.329999923706055,25.239999771118164,25.239999771118164,23.350000381469727,25.239999771118164
2008-07-15,23400,25.389999389648438,24.40999984741211,25.729999542236328,24.020000457763672,24.40999984741211
2008-07-14,22700,25.399999618530273,25.0,25.65999984741211,24.8700008392334,25.0
2008-07-11,81200,26.079999923706055,26.479999542236328,27.100000381469727,25.399999618530273,26.479999542236328
2008-07-10,20500,26.100000381469727,26.09000015258789,26.100000381469727,25.700000762939453,26.09000015258789
2008-07-09,9300,26.270000457763672,25.950000762939453,26.270000457763672,25.34000015258789,25.950000762939453
2008-07-08,61000,25.889999389648438,25.75,26.100000381469727,24.360000610351562,25.75
2008-07-07,141200,27.450000762939453,26.489999771118164,27.450000762939453,25.610000610351562,26.489999771118164
2008-07-03,70300,28.719999313354492,28.479999542236328,28.920000076293945,28.010000228881836,28.479999542236328
2008-07-02,37000,27.709999084472656,28.940000534057617,29.0,27.639999389648438,28.940000534057617
2008-07-01,50500,26.59000015258789,27.739999771118164,27.809999465942383,26.59000015258789,27.739999771118164
2008-06-30,93800,28.3799991607666,26.989999771118164,29.0,26.670000076293945,26.989999771118164
2008-06-27,57400,29.149999618530273,28.0,29.149999618530273,27.8700008392334,28.0
2008-06-26,51400,27.940000534057617,28.780000686645508,29.15999984741211,27.56999969482422,28.780000686645508
2008-06-25,34100,26.520000457763672,27.6200008392334,27.6200008392334,26.100000381469727,27.6200008392334
2008-06-24,27700,26.709999084472656,26.110000610351562,26.93000030517578,25.90999984741211,26.110000610351562
2008-06-23,59900,26.34000015258789,26.530000686645508,26.600000381469727,25.729999542236328,26.530000686645508
2008-06-20,53600,27.09000015258789,26.389999389648438,27.440000534057617,26.34000015258789,26.389999389648438
2008-06-19,72400,27.709999084472656,26.899999618530273,27.709999084472656,26.25,26.899999618530273
2008-06-18,86000,27.81999969482422,27.739999771118164,28.09000015258789,27.049999237060547,27.739999771118164
2008-06-17,67000,26.889999389648438,27.670000076293945,27.979999542236328,26.40999984741211,27.670000076293945
2008-06-16,78200,27.790000915527344,26.75,28.020000457763672,26.610000610351562,26.75
2008-06-13,29900,25.860000610351562,26.770000457763672,26.90999984741211,25.440000534057617,26.770000457763672
2008-06-12,35300,25.100000381469727,25.8700008392334,26.15999984741211,25.100000381469727,25.8700008392334
2008-06-11,67100,24.469999313354492,26.06999969482422,26.190000534057617,24.469999313354492,26.06999969482422
2008-06-10,22900,23.489999771118164,23.8700008392334,23.8799991607666,23.200000762939453,23.8700008392334
2008-06-09,24400,23.90999984741211,23.489999771118164,24.229999542236328,23.489999771118164,23.489999771118164
2008-06-06,15000,23.1299991607666,23.479999542236328,23.940000534057617,23.020000457763672,23.479999542236328
2008-06-05,13700,21.649999618530273,22.760000228881836,22.760000228881836,21.59000015258789,22.760000228881836
2008-06-04,7700,21.34000015258789,21.459999084472656,21.459999084472656,20.719999313354492,21.459999084472656
2008-06-03,19100,21.850000381469727,21.15999984741211,21.850000381469727,20.920000076293945,21.15999984741211
2008-06-02,14000,21.290000915527344,22.280000686645508,22.579999923706055,21.200000762939453,22.280000686645508
2008-05-30,2600,20.15999984741211,21.1200008392334,21.1200008392334,20.15999984741211,21.1200008392334
2008-05-29,39600,20.790000915527344,20.34000015258789,21.079999923706055,19.950000762939453,20.34000015258789
2008-05-28,15800,20.799999237060547,21.25,21.309999465942383,20.639999389648438,21.25
2008-05-27,20600,21.350000381469727,21.059999465942383,21.59000015258789,20.989999771118164,21.059999465942383
2008-05-23,17700,21.040000915527344,21.049999237060547,21.389999389648438,20.790000915527344,21.049999237060547
2008-05-22,46200,22.270000457763672,21.049999237060547,22.270000457763672,20.889999389648438,21.049999237060547
2008-05-21,7900,21.90999984741211,22.09000015258789,22.299999237060547,21.829999923706055,22.09000015258789
2008-05-20,13600,21.850000381469727,21.760000228881836,22.329999923706055,21.600000381469727,21.760000228881836
2008-05-19,15300,22.010000228881836,21.600000381469727,22.020000457763672,21.579999923706055,21.600000381469727
2008-05-16,6800,22.09000015258789,22.100000381469727,22.56999969482422,21.989999771118164,22.100000381469727
2008-05-15,8100,21.729999542236328,21.889999389648438,21.93000030517578,21.110000610351562,21.889999389648438
2008-05-14,28800,22.1200008392334,21.790000915527344,22.25,21.75,21.790000915527344
2008-05-13,7300,22.520000457763672,22.329999923706055,22.520000457763672,22.0,22.329999923706055
2008-05-12,27300,23.299999237060547,22.729999542236328,23.3799991607666,22.729999542236328,22.729999542236328
2008-05-09,15900,23.5,23.290000915527344,23.5,22.700000762939453,23.290000915527344
2008-05-08,16600,22.600000381469727,22.479999542236328,22.93000030517578,22.479999542236328,22.479999542236328
2008-05-07,7700,22.25,22.399999618530273,22.399999618530273,22.110000610351562,22.399999618530273
2008-05-06,46800,21.579999923706055,22.309999465942383,23.049999237060547,21.579999923706055,22.309999465942383
2008-05-05,30300,21.979999542236328,21.530000686645508,22.31999969482422,21.450000762939453,21.530000686645508
2008-05-02,44400,21.1299991607666,21.969999313354492,22.100000381469727,20.90999984741211,21.969999313354492
2008-05-01,46600,22.0,20.950000762939453,22.0,20.770000457763672,20.950000762939453
2008-04-30,2100,22.010000228881836,22.139999389648438,22.399999618530273,21.8799991607666,22.139999389648438
2008-04-29,21700,22.860000610351562,21.940000534057617,22.860000610351562,21.649999618530273,21.940000534057617
2008-04-28,20600,22.93000030517578,22.670000076293945,22.93000030517578,22.0,22.670000076293945
2008-04-25,28500,22.1200008392334,22.239999771118164,22.809999465942383,22.020000457763672,22.239999771118164
2008-04-24,71200,23.010000228881836,22.3799991607666,23.030000686645508,22.200000762939453,22.3799991607666
2008-04-23,66600,24.010000228881836,23.34000015258789,24.15999984741211,23.329999923706055,23.34000015258789
2008-04-22,12700,23.520000457763672,24.329999923706055,24.40999984741211,23.520000457763672,24.329999923706055
2008-04-21,20000,24.079999923706055,23.280000686645508,24.079999923706055,22.799999237060547,23.280000686645508
2008-04-18,16000,25.25,25.1299991607666,25.25,24.520000457763672,25.1299991607666
2008-04-17,10400,26.299999237060547,25.739999771118164,26.329999923706055,25.450000762939453,25.739999771118164
2008-04-16,30200,26.010000228881836,25.850000381469727,26.030000686645508,25.600000381469727,25.850000381469727
2008-04-15,20000,25.739999771118164,25.6299991607666,25.799999237060547,25.6299991607666,25.6299991607666
