date,volume,open,close,high,low,adjclose
2019-04-18,197200,57.52000045776367,57.59000015258789,57.939998626708984,57.119998931884766,57.59000015258789
2019-04-17,215900,57.880001068115234,57.59000015258789,58.209999084472656,57.040000915527344,57.59000015258789
2019-04-16,278400,57.279998779296875,57.75,58.20000076293945,57.0,57.75
2019-04-15,598200,55.290000915527344,57.130001068115234,57.4900016784668,55.0099983215332,57.130001068115234
2019-04-12,253000,55.099998474121094,55.16999816894531,55.33000183105469,54.72999954223633,55.16999816894531
2019-04-11,339400,54.27000045776367,54.630001068115234,54.79999923706055,54.06999969482422,54.630001068115234
2019-04-10,457200,54.0,54.040000915527344,54.25,53.689998626708984,54.040000915527344
2019-04-09,147700,54.20000076293945,53.900001525878906,54.25,53.68000030517578,53.900001525878906
2019-04-08,138900,54.41999816894531,54.36000061035156,54.650001525878906,54.029998779296875,54.36000061035156
2019-04-05,355800,53.7400016784668,54.40999984741211,54.41999816894531,53.29999923706055,54.40999984741211
2019-04-04,219700,53.47999954223633,53.630001068115234,53.849998474121094,53.189998626708984,53.630001068115234
2019-04-03,184800,53.0,53.40999984741211,53.619998931884766,52.900001525878906,53.40999984741211
2019-04-02,205300,52.900001525878906,52.77000045776367,52.900001525878906,51.939998626708984,52.77000045776367
2019-04-01,232800,52.81999969482422,53.0099983215332,53.11000061035156,52.47999954223633,53.0099983215332
2019-03-29,325700,52.72999954223633,52.38999938964844,53.09000015258789,52.13999938964844,52.38999938964844
2019-03-28,115200,51.959999084472656,52.470001220703125,52.5,51.68000030517578,52.470001220703125
2019-03-27,210800,51.459999084472656,51.810001373291016,51.939998626708984,51.099998474121094,51.810001373291016
2019-03-26,183200,51.56999969482422,51.459999084472656,51.939998626708984,51.13999938964844,51.459999084472656
2019-03-25,165600,50.619998931884766,51.279998779296875,51.369998931884766,50.29999923706055,51.279998779296875
2019-03-22,186700,51.97999954223633,50.599998474121094,52.06999969482422,50.47999954223633,50.599998474121094
2019-03-21,184500,51.79999923706055,52.369998931884766,52.97999954223633,51.79999923706055,52.369998931884766
2019-03-20,315600,52.290000915527344,52.04999923706055,53.0099983215332,51.7599983215332,52.04999923706055
2019-03-19,231200,53.25,52.27000045776367,53.619998931884766,52.060001373291016,52.27000045776367
2019-03-18,250900,52.470001220703125,52.77000045776367,52.790000915527344,52.189998626708984,52.77000045776367
2019-03-15,333100,52.4900016784668,52.459999084472656,52.869998931884766,52.189998626708984,52.459999084472656
2019-03-14,137900,52.81999969482422,52.439998626708984,52.81999969482422,52.369998931884766,52.439998626708984
2019-03-13,182900,52.650001525878906,52.79999923706055,53.119998931884766,52.599998474121094,52.79999923706055
2019-03-12,193300,51.84000015258789,52.58000183105469,52.849998474121094,50.68000030517578,52.58000183105469
2019-03-11,206000,52.060001373291016,53.16999816894531,53.2400016784668,51.86000061035156,53.16999816894531
2019-03-08,184900,51.79999923706055,52.04999923706055,52.45000076293945,51.599998474121094,52.04999923706055
2019-03-07,221900,52.060001373291016,52.02000045776367,52.18000030517578,51.61000061035156,51.92499923706055
2019-03-06,137300,52.95000076293945,52.040000915527344,53.2400016784668,52.02000045776367,51.94496536254883
2019-03-05,190400,53.209999084472656,52.900001525878906,53.58000183105469,52.779998779296875,52.80339431762695
2019-03-04,314700,53.779998779296875,53.02000045776367,54.04999923706055,52.79999923706055,52.92317581176758
2019-03-01,188000,54.13999938964844,53.630001068115234,54.31999969482422,53.2400016784668,53.53205871582031
2019-02-28,195800,53.650001525878906,53.619998931884766,53.97999954223633,53.279998779296875,53.52207565307617
2019-02-27,244100,53.970001220703125,53.59000015258789,54.439998626708984,52.66999816894531,53.49213409423828
2019-02-26,246200,54.54999923706055,54.09000015258789,54.77000045776367,53.790000915527344,53.99121856689453
2019-02-25,470400,54.880001068115234,54.349998474121094,55.40999984741211,54.15999984741211,54.2507438659668
2019-02-22,600100,51.75,54.439998626708984,55.0,50.5,54.340579986572266
2019-02-21,229200,51.66999816894531,51.95000076293945,52.13999938964844,51.220001220703125,51.85512924194336
2019-02-20,203400,51.11000061035156,51.63999938964844,51.689998626708984,50.810001373291016,51.545692443847656
2019-02-19,150600,50.290000915527344,51.02000045776367,51.09000015258789,50.2400016784668,50.92682647705078
2019-02-15,200700,50.349998474121094,50.65999984741211,50.68000030517578,50.029998779296875,50.567481994628906
2019-02-14,194200,49.54999923706055,50.0,50.68000030517578,49.54999923706055,49.908687591552734
2019-02-13,132600,49.58000183105469,49.779998779296875,50.02000045776367,49.18000030517578,49.689090728759766
2019-02-12,107300,49.040000915527344,49.43000030517578,49.54999923706055,49.040000915527344,49.33972930908203
2019-02-11,157200,48.189998626708984,48.709999084472656,48.72999954223633,47.810001373291016,48.62104415893555
2019-02-08,94800,47.56999969482422,48.09000015258789,48.099998474121094,47.04999923706055,48.00217819213867
2019-02-07,129200,48.25,47.86000061035156,48.25,47.33000183105469,47.77259826660156
2019-02-06,102500,48.56999969482422,48.59000015258789,48.77000045776367,48.290000915527344,48.50126266479492
2019-02-05,136300,48.119998931884766,48.59000015258789,48.61000061035156,47.91999816894531,48.50126266479492
2019-02-04,195000,47.119998931884766,47.849998474121094,48.04999923706055,46.70000076293945,47.76261520385742
2019-02-01,202500,48.150001525878906,47.279998779296875,48.27000045776367,47.060001373291016,47.19365310668945
2019-01-31,281900,47.959999084472656,47.970001220703125,48.150001525878906,47.400001525878906,47.88239669799805
2019-01-30,158300,47.75,47.91999816894531,48.04999923706055,46.709999084472656,47.83248519897461
2019-01-29,206700,47.099998474121094,47.41999816894531,47.72999954223633,46.599998474121094,47.333396911621094
2019-01-28,120000,47.16999816894531,46.93000030517578,47.439998626708984,46.41999816894531,46.844295501708984
2019-01-25,176200,48.08000183105469,47.619998931884766,48.279998779296875,47.58000183105469,47.53303527832031
2019-01-24,86600,47.52000045776367,47.83000183105469,47.93000030517578,47.52000045776367,47.742652893066406
2019-01-23,182600,48.2599983215332,47.5,48.56999969482422,47.20000076293945,47.41325378417969
2019-01-22,216700,47.83000183105469,48.04999923706055,48.130001068115234,47.40999984741211,47.962249755859375
2019-01-18,174500,48.45000076293945,48.15999984741211,48.70000076293945,48.0099983215332,48.07204818725586
2019-01-17,202700,47.439998626708984,48.09000015258789,48.11000061035156,47.439998626708984,48.00217819213867
2019-01-16,209900,47.900001525878906,47.93000030517578,48.02000045776367,47.41999816894531,47.84246826171875
2019-01-15,325800,48.04999923706055,47.900001525878906,48.04999923706055,47.130001068115234,47.81252670288086
2019-01-14,600800,46.849998474121094,47.959999084472656,48.290000915527344,46.540000915527344,47.872413635253906
2019-01-11,195300,46.27000045776367,47.04999923706055,47.08000183105469,46.040000915527344,46.96407699584961
2019-01-10,150600,45.65999984741211,46.459999084472656,46.470001220703125,45.31999969482422,46.375152587890625
2019-01-09,125400,46.209999084472656,45.95000076293945,46.290000915527344,45.7400016784668,45.866085052490234
2019-01-08,211200,45.54999923706055,46.060001373291016,46.060001373291016,45.04999923706055,45.97588348388672
2019-01-07,222400,44.560001373291016,45.34000015258789,45.75,44.279998779296875,45.257198333740234
2019-01-04,175900,43.65999984741211,44.689998626708984,44.79999923706055,43.65999984741211,44.60838317871094
2019-01-03,196600,43.38999938964844,43.04999923706055,43.7599983215332,42.81999969482422,42.971378326416016
2019-01-02,222600,43.9900016784668,43.459999084472656,43.9900016784668,43.130001068115234,43.38063049316406
2018-12-31,170800,43.08000183105469,43.68000030517578,43.709999084472656,42.900001525878906,43.6002311706543
2018-12-28,177400,42.790000915527344,42.959999084472656,43.63999938964844,42.529998779296875,42.88154602050781
2018-12-27,257400,42.58000183105469,42.720001220703125,43.04999923706055,41.5,42.64198303222656
2018-12-26,148500,41.310001373291016,43.279998779296875,43.310001373291016,41.310001373291016,43.200958251953125
2018-12-24,123500,41.40999984741211,41.29999923706055,42.4900016784668,41.13999938964844,41.22457504272461
2018-12-21,937400,43.02000045776367,41.470001220703125,43.630001068115234,41.40999984741211,41.39426803588867
2018-12-20,222600,43.06999969482422,42.95000076293945,43.630001068115234,42.650001525878906,42.87156295776367
2018-12-19,188300,44.18000030517578,43.20000076293945,44.959999084472656,42.75,43.12110900878906
2018-12-18,248300,44.72999954223633,44.18000030517578,45.2599983215332,44.150001525878906,44.09931945800781
2018-12-17,382300,44.810001373291016,44.279998779296875,45.380001068115234,44.09000015258789,44.199134826660156
2018-12-14,210600,45.70000076293945,45.08000183105469,46.41999816894531,44.88999938964844,44.997676849365234
2018-12-13,202600,46.9900016784668,46.27000045776367,47.29999923706055,46.20000076293945,46.18550109863281
2018-12-12,289800,47.34000015258789,46.86000061035156,47.599998474121094,46.70000076293945,46.7744255065918
2018-12-11,243100,47.40999984741211,46.79999923706055,47.970001220703125,46.439998626708984,46.71453094482422
2018-12-10,324800,46.2599983215332,46.22999954223633,46.650001525878906,45.7599983215332,46.145572662353516
2018-12-07,257100,48.06999969482422,46.52000045776367,48.619998931884766,46.310001373291016,46.43504333496094
2018-12-06,249300,47.619998931884766,48.0099983215332,48.33000183105469,47.13999938964844,47.92232131958008
2018-12-04,218100,51.52000045776367,48.29999923706055,51.560001373291016,48.209999084472656,48.2117919921875
2018-12-03,266400,53.38999938964844,51.58000183105469,53.4900016784668,51.0099983215332,51.48580551147461
2018-11-30,315700,51.9900016784668,52.65999984741211,52.880001068115234,51.9900016784668,52.5638313293457
2018-11-29,524300,52.09000015258789,52.04999923706055,52.599998474121094,51.63999938964844,51.9549446105957
2018-11-28,318900,51.61000061035156,52.119998931884766,52.43000030517578,50.91999816894531,52.02481460571289
2018-11-27,270400,52.04999923706055,51.41999816894531,52.130001068115234,50.75,51.32609176635742
2018-11-26,210800,52.0099983215332,52.27000045776367,53.099998474121094,52.0099983215332,52.17454528808594
2018-11-23,117300,51.66999816894531,51.650001525878906,53.09000015258789,51.54999923706055,51.5556755065918
2018-11-21,195100,52.75,52.11000061035156,53.189998626708984,51.97999954223633,52.014835357666016
2018-11-20,195500,53.41999816894531,52.560001373291016,53.54999923706055,52.130001068115234,52.46401596069336
2018-11-19,268300,54.939998626708984,53.689998626708984,55.08000183105469,53.349998474121094,53.591949462890625
2018-11-16,372100,55.439998626708984,55.130001068115234,56.5099983215332,54.79999923706055,55.029319763183594
2018-11-15,271600,55.290000915527344,56.11000061035156,56.220001220703125,55.13999938964844,56.007530212402344
2018-11-14,370200,56.959999084472656,55.599998474121094,57.369998931884766,55.560001373291016,55.49845886230469
2018-11-13,256300,56.970001220703125,56.439998626708984,57.43000030517578,56.04999923706055,56.3369255065918
2018-11-12,134000,57.72999954223633,56.95000076293945,57.779998779296875,56.540000915527344,56.84599685668945
2018-11-09,348300,58.790000915527344,57.81999969482422,59.060001373291016,57.290000915527344,57.71440887451172
2018-11-08,211100,58.43000030517578,59.20000076293945,59.83000183105469,58.20000076293945,59.091888427734375
2018-11-07,221900,58.33000183105469,58.70000076293945,58.880001068115234,57.150001525878906,58.50296401977539
2018-11-06,594800,56.59000015258789,58.130001068115234,58.959999084472656,56.43000030517578,57.934879302978516
2018-11-05,534600,54.400001525878906,56.59000015258789,56.75,54.20000076293945,56.400047302246094
2018-11-02,399900,53.88999938964844,54.29999923706055,54.5099983215332,53.34000015258789,54.117733001708984
2018-11-01,366700,53.790000915527344,53.810001373291016,53.959999084472656,52.849998474121094,53.62937927246094
2018-10-31,362900,54.959999084472656,53.47999954223633,55.29999923706055,53.41999816894531,53.30048370361328
2018-10-30,396900,51.95000076293945,54.40999984741211,54.529998779296875,51.95000076293945,54.22736358642578
2018-10-29,503700,54.150001525878906,51.93000030517578,54.20000076293945,51.25,51.75568771362305
2018-10-26,999400,52.29999923706055,53.470001220703125,55.40999984741211,51.18000030517578,53.29051971435547
2018-10-25,362400,48.880001068115234,50.29999923706055,50.810001373291016,48.81999969482422,50.131160736083984
2018-10-24,406400,50.97999954223633,48.900001525878906,51.290000915527344,48.77000045776367,48.735862731933594
2018-10-23,215400,51.209999084472656,51.040000915527344,51.68000030517578,50.779998779296875,50.868675231933594
2018-10-22,281100,52.36000061035156,51.91999816894531,52.9900016784668,51.849998474121094,51.74571990966797
2018-10-19,188600,51.900001525878906,52.0,52.61000061035156,51.79999923706055,51.82545471191406
2018-10-18,255700,52.56999969482422,51.93000030517578,53.060001373291016,51.86000061035156,51.75568771362305
2018-10-17,402600,53.45000076293945,52.619998931884766,53.59000015258789,52.349998474121094,52.4433708190918
2018-10-16,221800,52.29999923706055,53.65999984741211,53.77000045776367,51.77000045776367,53.479881286621094
2018-10-15,547500,51.720001220703125,51.93000030517578,52.310001373291016,51.619998931884766,51.75568771362305
2018-10-12,440500,53.130001068115234,51.7400016784668,53.20000076293945,51.27000045776367,51.56632995605469
2018-10-11,506600,52.61000061035156,52.650001525878906,53.79999923706055,52.0099983215332,52.47327423095703
2018-10-10,324800,54.2599983215332,53.16999816894531,54.619998931884766,53.02000045776367,52.99152755737305
2018-10-09,427700,53.83000183105469,54.2400016784668,54.560001373291016,53.79999923706055,54.05793762207031
2018-10-08,324500,54.45000076293945,53.9900016784668,54.65999984741211,53.61000061035156,53.80877685546875
2018-10-05,298900,54.970001220703125,54.54999923706055,55.400001525878906,54.189998626708984,54.36689376831055
2018-10-04,154100,55.52000045776367,54.91999816894531,55.63999938964844,54.369998931884766,54.735652923583984
2018-10-03,214500,55.400001525878906,55.779998779296875,55.84000015258789,55.04999923706055,55.59276580810547
2018-10-02,262200,55.5,55.29999923706055,56.060001373291016,55.04999923706055,55.114376068115234
2018-10-01,326300,56.650001525878906,55.34000015258789,56.650001525878906,54.869998931884766,55.15424346923828
2018-09-28,276500,55.25,56.400001525878906,56.5,55.25,56.21068572998047
2018-09-27,239600,54.849998474121094,55.29999923706055,55.97999954223633,54.849998474121094,55.114376068115234
2018-09-26,288900,55.5,54.75,55.75,54.75,54.56622314453125
2018-09-25,448900,54.79999923706055,55.5,55.849998474121094,54.75,55.31370544433594
2018-09-24,403800,54.400001525878906,54.650001525878906,54.900001525878906,54.25,54.46656036376953
2018-09-21,509700,54.650001525878906,54.45000076293945,55.25,54.29999923706055,54.26723098754883
2018-09-20,242300,54.25,54.599998474121094,55.0,54.099998474121094,54.416725158691406
2018-09-19,290600,54.900001525878906,54.29999923706055,55.599998474121094,54.04999923706055,54.117733001708984
2018-09-18,242400,55.650001525878906,55.0,55.849998474121094,54.95000076293945,54.81538772583008
2018-09-17,246000,56.45000076293945,55.54999923706055,56.599998474121094,55.29999923706055,55.3635368347168
2018-09-14,264100,56.599998474121094,56.5,56.900001525878906,55.900001525878906,56.31035232543945
2018-09-13,210100,58.54999923706055,56.70000076293945,58.54999923706055,56.099998474121094,56.509681701660156
2018-09-12,223700,57.25,58.349998474121094,58.45000076293945,57.0,58.15414047241211
2018-09-11,207400,57.400001525878906,57.20000076293945,57.70000076293945,57.099998474121094,57.007999420166016
2018-09-10,127300,57.25,57.29999923706055,57.95000076293945,56.849998474121094,57.107666015625
2018-09-07,159000,56.70000076293945,56.900001525878906,57.22999954223633,56.5,56.709007263183594
2018-09-06,211300,56.599998474121094,56.79999923706055,57.5,56.599998474121094,56.609344482421875
2018-09-05,223300,56.29999923706055,56.599998474121094,56.599998474121094,56.0,56.41001510620117
2018-09-04,406800,57.20000076293945,56.20000076293945,57.20000076293945,55.90999984741211,56.011356353759766
2018-08-31,517200,56.599998474121094,57.400001525878906,57.400001525878906,56.29999923706055,57.207332611083984
2018-08-30,292000,56.45000076293945,56.75,56.900001525878906,56.349998474121094,56.559513092041016
2018-08-29,278700,56.45000076293945,56.5,56.650001525878906,56.11000061035156,56.31035232543945
2018-08-28,271300,56.79999923706055,56.25,56.79999923706055,56.04999923706055,56.061187744140625
2018-08-27,153300,57.099998474121094,56.599998474121094,57.45000076293945,56.349998474121094,56.41001510620117
2018-08-24,524700,57.20000076293945,56.79999923706055,57.5,56.400001525878906,56.609344482421875
2018-08-23,212500,56.849998474121094,56.95000076293945,57.150001525878906,56.54999923706055,56.75883865356445
2018-08-22,565900,57.150001525878906,56.95000076293945,57.349998474121094,56.5,56.75883865356445
2018-08-21,501700,56.70000076293945,57.25,57.599998474121094,56.70000076293945,57.057830810546875
2018-08-20,270500,56.0,56.45000076293945,56.54999923706055,55.75,56.26051712036133
2018-08-17,672700,55.29999923706055,55.849998474121094,56.5,55.20000076293945,55.662532806396484
2018-08-16,180400,55.599998474121094,55.54999923706055,55.900001525878906,55.349998474121094,55.3635368347168
2018-08-15,575300,55.599998474121094,55.400001525878906,56.150001525878906,55.22999954223633,55.21404266357422
2018-08-14,591600,55.04999923706055,55.79999923706055,56.04999923706055,54.95000076293945,55.612701416015625
2018-08-13,351500,55.400001525878906,54.849998474121094,55.400001525878906,54.29999923706055,54.66588592529297
2018-08-10,171500,55.400001525878906,55.29999923706055,55.900001525878906,55.099998474121094,55.114376068115234
2018-08-09,173800,55.900001525878906,55.79999923706055,56.04999923706055,55.650001525878906,55.527984619140625
2018-08-08,278100,55.54999923706055,55.75,56.20000076293945,55.04999923706055,55.47822952270508
2018-08-07,238600,55.95000076293945,55.650001525878906,56.0,55.54999923706055,55.37871551513672
2018-08-06,311300,55.849998474121094,55.70000076293945,56.20000076293945,55.599998474121094,55.428470611572266
2018-08-03,266400,55.150001525878906,55.25,55.29999923706055,54.95000076293945,54.98066329956055
2018-08-02,639200,55.0,54.95000076293945,55.45000076293945,54.79999923706055,54.68212890625
2018-08-01,277400,56.099998474121094,55.29999923706055,56.79999923706055,55.04999923706055,55.030418395996094
2018-07-31,835400,54.95000076293945,55.54999923706055,55.70000076293945,53.849998474121094,55.27920150756836
2018-07-30,530500,54.650001525878906,54.75,54.95000076293945,54.0,54.48310089111328
2018-07-27,852500,51.54999923706055,54.349998474121094,59.04999923706055,51.54999923706055,54.085052490234375
2018-07-26,215900,48.349998474121094,49.099998474121094,49.93000030517578,48.349998474121094,48.86064529418945
2018-07-25,190400,47.95000076293945,48.20000076293945,48.29999923706055,47.20000076293945,47.96503448486328
2018-07-24,263700,48.20000076293945,47.95000076293945,48.54999923706055,47.599998474121094,47.716251373291016
2018-07-23,99300,48.25,48.20000076293945,48.599998474121094,48.08000183105469,47.96503448486328
2018-07-20,120100,48.5,48.54999923706055,48.79999923706055,48.150001525878906,48.313323974609375
2018-07-19,132500,47.75,48.599998474121094,48.849998474121094,47.400001525878906,48.36308288574219
2018-07-18,186300,47.650001525878906,47.79999923706055,47.79999923706055,47.0,47.566978454589844
2018-07-17,68200,47.25,47.54999923706055,48.0,47.25,47.31820297241211
2018-07-16,85200,48.25,47.45000076293945,48.25,47.04999923706055,47.21868896484375
2018-07-13,129100,47.5,48.29999923706055,48.599998474121094,47.5,48.064544677734375
2018-07-12,118500,47.849998474121094,47.599998474121094,47.849998474121094,46.900001525878906,47.367958068847656
2018-07-11,103500,47.54999923706055,47.54999923706055,48.04999923706055,47.5,47.31820297241211
2018-07-10,137800,47.79999923706055,47.79999923706055,48.150001525878906,47.349998474121094,47.566978454589844
2018-07-09,108000,47.849998474121094,47.75,47.900001525878906,47.29999923706055,47.5172233581543
2018-07-06,88700,47.20000076293945,47.599998474121094,47.75,47.150001525878906,47.367958068847656
2018-07-05,87500,46.849998474121094,47.150001525878906,47.20000076293945,46.20000076293945,46.9201545715332
2018-07-03,58400,46.45000076293945,46.650001525878906,46.79999923706055,46.349998474121094,46.42258834838867
2018-07-02,186100,45.29999923706055,46.25,46.279998779296875,45.04999923706055,46.024539947509766
2018-06-29,266600,45.849998474121094,45.79999923706055,46.400001525878906,45.75,45.57673263549805
2018-06-28,197300,45.79999923706055,45.75,46.25,45.599998474121094,45.5269775390625
2018-06-27,209100,46.599998474121094,45.95000076293945,46.79999923706055,45.849998474121094,45.72599792480469
2018-06-26,618600,46.0,46.599998474121094,46.75,45.849998474121094,46.37282943725586
2018-06-25,486600,46.150001525878906,45.95000076293945,46.349998474121094,45.349998474121094,45.72599792480469
2018-06-22,406900,46.75,46.349998474121094,46.95000076293945,46.0,46.12405014038086
2018-06-21,350800,47.70000076293945,46.45000076293945,47.70000076293945,46.349998474121094,46.22356414794922
2018-06-20,353700,48.0,47.54999923706055,48.150001525878906,47.400001525878906,47.31820297241211
2018-06-19,179600,48.25,48.04999923706055,48.540000915527344,47.45000076293945,47.81576156616211
2018-06-18,107400,47.75,48.599998474121094,48.95000076293945,47.70000076293945,48.36308288574219
2018-06-15,241300,47.349998474121094,47.900001525878906,48.099998474121094,47.099998474121094,47.66649627685547
2018-06-14,95400,47.599998474121094,47.54999923706055,47.599998474121094,47.02000045776367,47.31820297241211
2018-06-13,165100,47.849998474121094,47.45000076293945,47.849998474121094,47.25,47.21868896484375
2018-06-12,94800,47.349998474121094,47.900001525878906,47.900001525878906,47.04999923706055,47.66649627685547
2018-06-11,97200,47.29999923706055,47.349998474121094,47.54999923706055,47.04999923706055,47.11917495727539
2018-06-08,139300,47.150001525878906,47.45000076293945,47.849998474121094,47.150001525878906,47.21868896484375
2018-06-07,352600,48.25,47.45000076293945,48.25,46.54999923706055,47.21868896484375
2018-06-06,117500,48.400001525878906,48.150001525878906,48.849998474121094,47.900001525878906,47.91527557373047
2018-06-05,125900,47.599998474121094,48.5,48.79999923706055,47.599998474121094,48.26356887817383
2018-06-04,122400,47.400001525878906,47.70000076293945,47.83000183105469,47.20000076293945,47.46746826171875
2018-06-01,110800,47.20000076293945,47.099998474121094,47.650001525878906,46.95000076293945,46.87039566040039
2018-05-31,130900,47.54999923706055,46.849998474121094,47.70000076293945,46.79999923706055,46.621612548828125
2018-05-30,162600,46.900001525878906,47.54999923706055,47.650001525878906,46.900001525878906,47.31820297241211
2018-05-29,234400,46.20000076293945,46.400001525878906,46.79999923706055,45.93000030517578,46.17380905151367
2018-05-25,167600,46.099998474121094,46.45000076293945,46.5,45.54999923706055,46.22356414794922
2018-05-24,170000,45.650001525878906,46.25,46.400001525878906,45.29999923706055,46.024539947509766
2018-05-23,208600,45.849998474121094,45.75,46.25,45.5,45.5269775390625
2018-05-22,95700,46.75,46.0,46.75,45.900001525878906,45.775753021240234
2018-05-21,136400,46.20000076293945,46.599998474121094,46.650001525878906,45.95000076293945,46.37282943725586
2018-05-18,137200,46.29999923706055,46.04999923706055,46.349998474121094,45.95000076293945,45.82551193237305
2018-05-17,117800,45.75,46.099998474121094,46.349998474121094,45.75,45.875267028808594
2018-05-16,229600,44.900001525878906,45.70000076293945,46.099998474121094,44.779998779296875,45.47722244262695
2018-05-15,83800,44.54999923706055,44.75,44.849998474121094,44.400001525878906,44.53185272216797
2018-05-14,94900,45.20000076293945,44.75,45.25,44.70000076293945,44.53185272216797
2018-05-11,117700,45.349998474121094,45.150001525878906,45.650001525878906,44.75,44.929901123046875
2018-05-10,141600,45.0,45.5,45.54999923706055,44.70000076293945,45.19858932495117
2018-05-09,195600,44.650001525878906,44.900001525878906,45.150001525878906,44.25,44.60256576538086
2018-05-08,130100,43.099998474121094,44.400001525878906,44.45000076293945,42.95000076293945,44.105873107910156
2018-05-07,188400,43.0,42.95000076293945,43.20000076293945,42.45000076293945,42.66547393798828
2018-05-04,114800,42.25,42.75,42.93000030517578,41.70000076293945,42.466800689697266
2018-05-03,131600,41.95000076293945,42.45000076293945,42.599998474121094,41.400001525878906,42.16878890991211
2018-05-02,123700,42.0,42.0,42.25,41.45000076293945,41.721771240234375
2018-05-01,152600,42.0,42.0,42.0,41.29999923706055,41.721771240234375
2018-04-30,254000,43.45000076293945,42.20000076293945,43.599998474121094,41.95000076293945,41.92044448852539
2018-04-27,238800,48.70000076293945,43.75,48.95000076293945,43.349998474121094,43.46017837524414
2018-04-26,106100,41.95000076293945,41.54999923706055,41.95000076293945,41.22999954223633,41.274749755859375
2018-04-25,105000,41.70000076293945,41.650001525878906,41.880001068115234,41.20000076293945,41.37409210205078
2018-04-24,98700,42.04999923706055,41.70000076293945,42.150001525878906,41.349998474121094,41.42375946044922
2018-04-23,83100,41.75,41.849998474121094,42.099998474121094,41.54999923706055,41.5727653503418
2018-04-20,69400,42.099998474121094,41.75,42.29999923706055,41.5,41.473426818847656
2018-04-19,160500,42.599998474121094,42.150001525878906,42.79999923706055,42.0,41.87077713012695
2018-04-18,154900,41.900001525878906,42.849998474121094,42.95000076293945,41.83000183105469,42.56613540649414
2018-04-17,189600,41.75,41.650001525878906,42.400001525878906,41.5,41.37409210205078
2018-04-16,261400,40.849998474121094,41.650001525878906,41.900001525878906,40.849998474121094,41.37409210205078
2018-04-13,71000,41.150001525878906,40.650001525878906,41.150001525878906,40.599998474121094,40.380714416503906
2018-04-12,56100,41.150001525878906,41.04999923706055,41.45000076293945,40.95000076293945,40.7780647277832
2018-04-11,77500,40.900001525878906,40.95000076293945,41.0,40.54999923706055,40.67872619628906
2018-04-10,82000,40.650001525878906,40.95000076293945,41.099998474121094,40.5,40.67872619628906
2018-04-09,125300,40.650001525878906,40.150001525878906,40.75,40.04999923706055,39.884029388427734
2018-04-06,173300,41.20000076293945,40.5,41.54999923706055,40.380001068115234,40.23170852661133
2018-04-05,105400,41.20000076293945,41.5,41.54999923706055,41.0,41.22508239746094
2018-04-04,179000,40.650001525878906,41.04999923706055,41.08000183105469,40.150001525878906,40.7780647277832
2018-04-03,200100,40.54999923706055,41.29999923706055,41.349998474121094,40.45000076293945,41.026405334472656
2018-04-02,293900,41.150001525878906,40.400001525878906,41.400001525878906,39.95000076293945,40.13237380981445
2018-03-29,158400,40.70000076293945,41.25,41.54999923706055,40.54999923706055,40.97673797607422
2018-03-28,146800,40.099998474121094,40.54999923706055,40.599998474121094,39.900001525878906,40.281375885009766
2018-03-27,149400,40.599998474121094,40.04999923706055,40.650001525878906,39.900001525878906,39.78468704223633
2018-03-26,155900,40.54999923706055,40.54999923706055,41.0,39.95000076293945,40.281375885009766
2018-03-23,158800,40.900001525878906,39.849998474121094,40.900001525878906,39.849998474121094,39.58600997924805
2018-03-22,156500,41.79999923706055,40.79999923706055,41.95000076293945,40.75,40.529720306396484
2018-03-21,70600,42.0,42.04999923706055,42.5,41.95000076293945,41.77143859863281
2018-03-20,150600,42.20000076293945,42.099998474121094,42.45000076293945,41.95000076293945,41.82110595703125
2018-03-19,250500,42.70000076293945,42.150001525878906,42.70000076293945,41.5,41.87077713012695
2018-03-16,379200,42.29999923706055,42.849998474121094,42.900001525878906,42.29999923706055,42.56613540649414
2018-03-15,271600,42.5,42.349998474121094,42.650001525878906,42.150001525878906,42.06945037841797
2018-03-14,143700,42.54999923706055,42.349998474121094,42.599998474121094,42.150001525878906,42.06945037841797
2018-03-13,119300,42.79999923706055,42.45000076293945,43.400001525878906,42.29999923706055,42.16878890991211
2018-03-12,128600,42.75,42.599998474121094,43.099998474121094,42.400001525878906,42.31779479980469
2018-03-09,76000,41.79999923706055,42.599998474121094,42.650001525878906,41.75,42.31779479980469
2018-03-08,154800,42.650001525878906,41.70000076293945,42.650001525878906,41.29999923706055,41.3492546081543
2018-03-07,340800,41.20000076293945,42.5,42.70000076293945,41.20000076293945,42.14252853393555
2018-03-06,167400,40.900001525878906,41.45000076293945,41.599998474121094,40.529998779296875,41.10136032104492
2018-03-05,137100,40.75,40.650001525878906,40.95000076293945,40.400001525878906,40.308082580566406
2018-03-02,172200,40.099998474121094,40.900001525878906,41.0,39.849998474121094,40.555992126464844
2018-03-01,151900,41.0,40.45000076293945,41.400001525878906,40.45000076293945,40.10976791381836
2018-02-28,323600,41.5,41.04999923706055,42.20000076293945,40.95000076293945,40.7047233581543
2018-02-27,230400,42.400001525878906,41.349998474121094,43.25,41.25,41.002197265625
2018-02-26,124600,41.45000076293945,42.45000076293945,42.5,41.099998474121094,42.09294891357422
2018-02-23,236500,40.400001525878906,41.0,42.0,39.400001525878906,40.65514373779297
2018-02-22,189700,40.95000076293945,42.0,42.04999923706055,40.599998474121094,41.646732330322266
2018-02-21,149000,40.650001525878906,40.79999923706055,41.45000076293945,40.599998474121094,40.45682907104492
2018-02-20,185600,41.25,40.599998474121094,41.5,40.54999923706055,40.25850296020508
2018-02-16,119200,41.25,41.400001525878906,41.900001525878906,41.25,41.051780700683594
2018-02-15,62500,41.25,41.45000076293945,41.5,40.650001525878906,41.10136032104492
2018-02-14,139000,40.349998474121094,41.099998474121094,41.20000076293945,40.25,40.75429916381836
2018-02-13,63300,40.29999923706055,40.849998474121094,41.0,40.29999923706055,40.50640869140625
2018-02-12,141800,40.650001525878906,40.5,41.0,39.900001525878906,40.15934753417969
2018-02-09,162500,40.349998474121094,40.599998474121094,41.0,39.650001525878906,40.25850296020508
2018-02-08,170500,40.849998474121094,39.900001525878906,40.95000076293945,39.900001525878906,39.564395904541016
2018-02-07,159900,40.95000076293945,40.70000076293945,41.25,40.54999923706055,40.357669830322266
2018-02-06,188200,40.04999923706055,40.95000076293945,41.45000076293945,40.04999923706055,40.605567932128906
2018-02-05,221600,42.150001525878906,40.900001525878906,42.5,40.849998474121094,40.555992126464844
2018-02-02,120400,42.79999923706055,42.599998474121094,42.95000076293945,42.400001525878906,42.24168014526367
2018-02-01,217300,42.45000076293945,43.0,43.04999923706055,42.150001525878906,42.6383171081543
2018-01-31,137600,43.849998474121094,42.599998474121094,44.099998474121094,42.54999923706055,42.24168014526367
2018-01-30,218900,43.54999923706055,43.599998474121094,44.099998474121094,43.25,43.233272552490234
2018-01-29,81100,43.79999923706055,43.900001525878906,44.20000076293945,43.70000076293945,43.53075408935547
2018-01-26,146200,44.599998474121094,43.79999923706055,44.650001525878906,43.20000076293945,43.43159103393555
2018-01-25,172100,43.54999923706055,44.45000076293945,44.45000076293945,42.95000076293945,44.07612609863281
2018-01-24,82800,43.849998474121094,43.29999923706055,43.880001068115234,43.279998779296875,42.93579864501953
2018-01-23,51900,43.5,43.54999923706055,43.54999923706055,42.95000076293945,43.183692932128906
2018-01-22,55800,43.900001525878906,43.5,43.900001525878906,43.25,43.134117126464844
2018-01-19,136600,42.95000076293945,43.95000076293945,43.95000076293945,42.95000076293945,43.58032989501953
2018-01-18,62200,43.5,43.04999923706055,43.599998474121094,42.970001220703125,42.687896728515625
2018-01-17,86900,43.400001525878906,43.54999923706055,43.599998474121094,43.0,43.183692932128906
2018-01-16,135200,44.45000076293945,43.099998474121094,44.70000076293945,43.0,42.73747634887695
2018-01-12,103300,43.75,44.099998474121094,44.650001525878906,43.45000076293945,43.72906494140625
2018-01-11,230200,42.400001525878906,43.70000076293945,43.75,42.099998474121094,43.332435607910156
2018-01-10,92700,42.099998474121094,42.349998474121094,42.45000076293945,41.599998474121094,41.99378967285156
2018-01-09,194600,42.349998474121094,42.0,42.79999923706055,41.95000076293945,41.646732330322266
2018-01-08,276600,42.099998474121094,42.25,42.45000076293945,41.70000076293945,41.89462661743164
2018-01-05,195200,43.0,42.25,43.0,41.880001068115234,41.89462661743164
2018-01-04,140500,43.150001525878906,42.95000076293945,43.349998474121094,42.75,42.588741302490234
2018-01-03,111700,43.45000076293945,43.0,43.45000076293945,42.95000076293945,42.6383171081543
2018-01-02,113900,43.849998474121094,43.5,44.29999923706055,43.04999923706055,43.134117126464844
2017-12-29,135700,44.0,43.650001525878906,44.25,43.54999923706055,43.28285217285156
2017-12-28,60800,43.900001525878906,43.849998474121094,44.150001525878906,43.70000076293945,43.48116683959961
2017-12-27,69500,43.900001525878906,43.79999923706055,44.0,43.599998474121094,43.43159103393555
2017-12-26,69300,44.400001525878906,43.900001525878906,44.599998474121094,43.79999923706055,43.53075408935547
2017-12-22,96400,44.70000076293945,44.29999923706055,44.70000076293945,44.099998474121094,43.92738723754883
2017-12-21,116700,44.349998474121094,44.650001525878906,44.79999923706055,43.849998474121094,44.27444839477539
2017-12-20,112700,44.04999923706055,44.150001525878906,44.5,43.849998474121094,43.77865219116211
2017-12-19,133000,44.0,43.75,44.20000076293945,43.54999923706055,43.38201141357422
2017-12-18,111600,44.0,44.0,44.25,43.54999923706055,43.62990951538086
2017-12-15,826900,42.75,43.54999923706055,43.95000076293945,42.75,43.183692932128906
2017-12-14,186400,43.150001525878906,42.54999923706055,43.150001525878906,42.45000076293945,42.19210433959961
2017-12-13,138200,42.900001525878906,43.20000076293945,43.5,42.900001525878906,42.836639404296875
2017-12-12,121400,43.25,42.900001525878906,43.79999923706055,42.900001525878906,42.539161682128906
2017-12-11,266800,43.45000076293945,43.04999923706055,43.45000076293945,42.70000076293945,42.687896728515625
2017-12-08,95200,43.20000076293945,43.29999923706055,43.5,42.650001525878906,42.93579864501953
2017-12-07,300900,42.95000076293945,42.849998474121094,43.400001525878906,42.599998474121094,42.48958206176758
2017-12-06,108500,43.0,43.04999923706055,43.599998474121094,42.79999923706055,42.687896728515625
2017-12-05,101100,43.25,43.04999923706055,43.5,42.79999923706055,42.687896728515625
2017-12-04,108400,43.20000076293945,43.25,43.79999923706055,42.650001525878906,42.88622283935547
2017-12-01,103200,43.099998474121094,42.54999923706055,43.099998474121094,41.099998474121094,42.19210433959961
2017-11-30,147500,43.400001525878906,42.95000076293945,43.650001525878906,42.650001525878906,42.588741302490234
2017-11-29,94500,42.70000076293945,43.150001525878906,43.20000076293945,42.68000030517578,42.78706359863281
2017-11-28,132000,41.900001525878906,42.75,42.79999923706055,41.650001525878906,42.39042663574219
2017-11-27,131800,42.150001525878906,41.849998474121094,42.349998474121094,41.70000076293945,41.497989654541016
2017-11-24,58400,42.04999923706055,42.150001525878906,42.45000076293945,41.70000076293945,41.79547119140625
2017-11-22,96600,42.849998474121094,42.0,43.08000183105469,41.95000076293945,41.646732330322266
2017-11-21,157100,42.0,42.849998474121094,43.099998474121094,42.0,42.48958206176758
2017-11-20,214500,41.400001525878906,41.79999923706055,41.900001525878906,41.400001525878906,41.44841384887695
2017-11-17,97600,41.04999923706055,41.400001525878906,41.5,40.95000076293945,41.051780700683594
2017-11-16,107500,41.04999923706055,41.349998474121094,41.400001525878906,41.0,41.002197265625
2017-11-15,407600,40.150001525878906,40.70000076293945,40.849998474121094,39.81999969482422,40.357669830322266
2017-11-14,187900,40.099998474121094,40.25,40.45000076293945,39.650001525878906,39.91144943237305
2017-11-13,294100,40.849998474121094,40.45000076293945,41.0,40.25,40.10976791381836
2017-11-10,437900,40.400001525878906,41.150001525878906,41.5,40.25,40.80388259887695
2017-11-09,132300,42.54999923706055,41.95000076293945,42.599998474121094,41.54999923706055,41.59715270996094
2017-11-08,161700,42.29999923706055,42.95000076293945,43.0,41.900001525878906,42.51436996459961
2017-11-07,179400,42.650001525878906,42.54999923706055,42.900001525878906,42.25,42.11842727661133
2017-11-06,192300,42.349998474121094,42.5,42.75,42.0099983215332,42.06893539428711
2017-11-03,156800,41.95000076293945,42.25,42.45000076293945,41.849998474121094,41.82147216796875
2017-11-02,263500,42.5,41.95000076293945,42.70000076293945,41.68000030517578,41.52451705932617
2017-11-01,286900,44.400001525878906,42.45000076293945,44.5,42.099998474121094,42.01944351196289
2017-10-31,370900,42.900001525878906,44.29999923706055,44.68000030517578,42.599998474121094,43.850677490234375
2017-10-30,344800,42.5,42.650001525878906,44.04999923706055,42.29999923706055,42.2174186706543
2017-10-27,361000,38.400001525878906,42.45000076293945,42.58000183105469,37.900001525878906,42.01944351196289
2017-10-26,147500,36.75,37.5,37.650001525878906,36.75,37.11964797973633
2017-10-25,135000,36.29999923706055,36.70000076293945,36.72999954223633,35.849998474121094,36.327762603759766
2017-10-24,78100,36.29999923706055,36.45000076293945,36.599998474121094,35.95000076293945,36.080299377441406
2017-10-23,119200,36.349998474121094,36.25,36.77000045776367,36.150001525878906,35.882328033447266
2017-10-20,185500,36.04999923706055,36.349998474121094,36.650001525878906,35.70000076293945,35.98130798339844
2017-10-19,161000,36.20000076293945,35.70000076293945,36.20000076293945,35.5,35.33790588378906
2017-10-18,137800,36.29999923706055,36.29999923706055,36.5,36.060001373291016,35.93181610107422
2017-10-17,134200,36.849998474121094,36.29999923706055,36.95000076293945,36.099998474121094,35.93181610107422
2017-10-16,146900,37.650001525878906,36.79999923706055,37.79999923706055,36.650001525878906,36.4267463684082
2017-10-13,128600,37.70000076293945,37.54999923706055,37.75,37.45000076293945,37.16914367675781
2017-10-12,112900,37.400001525878906,37.400001525878906,37.75,37.29999923706055,37.020668029785156
2017-10-11,120700,37.29999923706055,37.400001525878906,37.70000076293945,37.29999923706055,37.020668029785156
2017-10-10,145300,37.5,37.29999923706055,37.5,37.20000076293945,36.92167282104492
2017-10-09,162300,37.0,37.25,37.349998474121094,36.95000076293945,36.87218475341797
2017-10-06,89700,36.70000076293945,37.0,37.099998474121094,36.70000076293945,36.62472152709961
2017-10-05,136400,36.849998474121094,36.79999923706055,37.099998474121094,36.650001525878906,36.4267463684082
2017-10-04,121300,36.900001525878906,36.75,37.0,36.529998779296875,36.377254486083984
2017-10-03,123500,36.79999923706055,36.849998474121094,36.849998474121094,36.5,36.47623825073242
2017-10-02,132200,35.849998474121094,36.79999923706055,36.79999923706055,35.849998474121094,36.4267463684082
2017-09-29,202700,35.650001525878906,35.70000076293945,35.900001525878906,35.5,35.33790588378906
2017-09-28,202700,36.45000076293945,35.75,36.5,35.650001525878906,35.38740158081055
2017-09-27,209400,35.95000076293945,36.54999923706055,36.70000076293945,35.75,36.17928695678711
2017-09-26,148400,34.95000076293945,35.79999923706055,36.099998474121094,34.849998474121094,35.4368896484375
2017-09-25,150600,34.75,34.849998474121094,34.97999954223633,34.650001525878906,34.496524810791016
2017-09-22,151700,34.29999923706055,34.75,34.91999816894531,34.279998779296875,34.397544860839844
2017-09-21,207700,34.29999923706055,34.400001525878906,34.599998474121094,34.150001525878906,34.05109405517578
2017-09-20,135500,34.20000076293945,34.349998474121094,34.599998474121094,34.150001525878906,34.0015983581543
2017-09-19,135200,34.650001525878906,34.29999923706055,34.75,34.25,33.95210647583008
2017-09-18,245600,34.650001525878906,34.650001525878906,35.0,34.45000076293945,34.29854965209961
2017-09-15,291300,34.04999923706055,34.599998474121094,34.650001525878906,33.849998474121094,34.24905776977539
2017-09-14,123900,34.20000076293945,34.0,34.29999923706055,33.849998474121094,33.655147552490234
2017-09-13,182600,34.04999923706055,34.25,34.380001068115234,34.04999923706055,33.90261459350586
2017-09-12,126700,34.150001525878906,34.04999923706055,34.5,34.04999923706055,33.70464324951172
2017-09-11,101000,34.25,34.04999923706055,34.29999923706055,34.0,33.70464324951172
2017-09-08,167800,33.45000076293945,34.0,34.150001525878906,33.349998474121094,33.655147552490234
2017-09-07,225200,34.150001525878906,33.400001525878906,34.150001525878906,33.29999923706055,33.061241149902344
2017-09-06,151900,34.099998474121094,34.099998474121094,34.45000076293945,33.849998474121094,33.75413513183594
2017-09-05,167800,34.20000076293945,34.0,34.400001525878906,33.70000076293945,33.655147552490234
2017-09-01,90000,34.20000076293945,34.349998474121094,34.349998474121094,34.0,34.0015983581543
2017-08-31,99900,33.849998474121094,34.04999923706055,34.29999923706055,33.79999923706055,33.70464324951172
2017-08-30,110800,33.400001525878906,33.70000076293945,33.72999954223633,33.20000076293945,33.358192443847656
2017-08-29,116600,33.099998474121094,33.349998474121094,33.45000076293945,33.099998474121094,33.01173782348633
2017-08-28,127200,33.04999923706055,33.25,33.54999923706055,33.04999923706055,32.91275405883789
2017-08-25,135900,33.099998474121094,33.0,33.400001525878906,32.95000076293945,32.6652946472168
2017-08-24,93900,33.0,32.95000076293945,33.20000076293945,32.900001525878906,32.61580276489258
2017-08-23,123300,32.900001525878906,32.95000076293945,33.029998779296875,32.79999923706055,32.61580276489258
2017-08-22,168700,32.79999923706055,33.150001525878906,33.22999954223633,32.79999923706055,32.81377029418945
2017-08-21,236300,32.95000076293945,32.79999923706055,32.95000076293945,32.650001525878906,32.46731948852539
2017-08-18,301100,32.599998474121094,32.900001525878906,32.97999954223633,32.5,32.56631088256836
2017-08-17,186700,32.54999923706055,32.79999923706055,33.150001525878906,32.45000076293945,32.46731948852539
2017-08-16,112500,32.70000076293945,32.79999923706055,32.900001525878906,32.599998474121094,32.46731948852539
2017-08-15,135000,33.099998474121094,32.599998474121094,33.2400016784668,32.599998474121094,32.26934814453125
2017-08-14,139500,32.95000076293945,33.04999923706055,33.400001525878906,32.95000076293945,32.71478271484375
2017-08-11,154100,32.29999923706055,32.54999923706055,32.79999923706055,31.899999618530273,32.21985626220703
2017-08-10,133200,33.29999923706055,32.54999923706055,33.349998474121094,32.54999923706055,32.21985626220703
2017-08-09,157900,33.70000076293945,33.599998474121094,33.95000076293945,33.400001525878906,33.18497085571289
2017-08-08,259500,33.349998474121094,33.95000076293945,34.29999923706055,33.349998474121094,33.5306396484375
2017-08-07,174500,33.150001525878906,33.349998474121094,33.5,33.0,32.93804931640625
2017-08-04,185500,32.900001525878906,33.20000076293945,33.45000076293945,32.900001525878906,32.7899055480957
2017-08-03,178600,33.04999923706055,32.900001525878906,33.349998474121094,32.70000076293945,32.49361801147461
2017-08-02,189100,33.5,33.04999923706055,33.54999923706055,32.75,32.64175796508789
2017-08-01,215100,33.70000076293945,33.5,34.20000076293945,33.5,33.086204528808594
2017-07-31,492500,33.650001525878906,33.29999923706055,33.79999923706055,32.61000061035156,32.888668060302734
2017-07-28,476300,35.849998474121094,33.75,35.849998474121094,33.70000076293945,33.33311080932617
2017-07-27,199600,36.54999923706055,36.70000076293945,37.349998474121094,36.400001525878906,36.246673583984375
2017-07-26,122700,36.45000076293945,36.400001525878906,36.45000076293945,35.900001525878906,35.950374603271484
2017-07-25,182900,36.349998474121094,36.45000076293945,36.849998474121094,36.29999923706055,35.99976348876953
2017-07-24,159200,36.45000076293945,36.150001525878906,36.5,35.900001525878906,35.70347595214844
2017-07-21,403400,37.099998474121094,36.54999923706055,37.099998474121094,36.099998474121094,36.09852981567383
2017-07-20,130900,36.5,36.75,36.849998474121094,36.29999923706055,36.29605484008789
2017-07-19,211500,36.150001525878906,36.54999923706055,36.70000076293945,36.04999923706055,36.09852981567383
2017-07-18,154400,36.400001525878906,36.150001525878906,36.599998474121094,36.099998474121094,35.70347595214844
2017-07-17,137600,36.70000076293945,36.599998474121094,36.75,36.25,36.147911071777344
2017-07-14,168700,36.45000076293945,36.70000076293945,36.900001525878906,36.45000076293945,36.246673583984375
2017-07-13,212400,36.099998474121094,36.599998474121094,36.650001525878906,36.04999923706055,36.147911071777344
2017-07-12,137000,36.0,36.150001525878906,36.45000076293945,35.75,35.70347595214844
2017-07-11,401000,35.54999923706055,35.650001525878906,36.349998474121094,35.5,35.20964813232422
2017-07-10,250700,36.0,35.599998474121094,36.20000076293945,35.5,35.16026306152344
2017-07-07,251900,36.20000076293945,36.29999923706055,36.349998474121094,35.5,35.85161209106445
2017-07-06,229800,36.45000076293945,36.0,36.54999923706055,35.91999816894531,35.555320739746094
2017-07-05,243800,37.099998474121094,36.70000076293945,37.25,36.25,36.246673583984375
2017-07-03,110900,37.04999923706055,37.150001525878906,37.25,36.900001525878906,36.69111633300781
2017-06-30,147900,36.95000076293945,37.099998474121094,37.279998779296875,36.650001525878906,36.641727447509766
2017-06-29,176500,36.900001525878906,36.849998474121094,36.900001525878906,36.5,36.39481735229492
2017-06-28,181500,36.349998474121094,36.75,36.849998474121094,36.150001525878906,36.29605484008789
2017-06-27,343300,36.150001525878906,36.04999923706055,36.5,35.5,35.60470962524414
2017-06-26,362400,35.400001525878906,36.20000076293945,36.33000183105469,35.349998474121094,35.75285339355469
2017-06-23,252200,35.099998474121094,35.400001525878906,35.5,34.95000076293945,34.96273422241211
2017-06-22,122500,34.95000076293945,35.099998474121094,35.279998779296875,34.900001525878906,34.66643524169922
2017-06-21,278100,35.099998474121094,34.95000076293945,35.25,34.79999923706055,34.518287658691406
2017-06-20,162300,35.5,35.099998474121094,35.650001525878906,35.0,34.66643524169922
2017-06-19,168100,35.599998474121094,35.70000076293945,35.900001525878906,35.54999923706055,35.25902557373047
2017-06-16,320500,35.5,35.650001525878906,35.900001525878906,35.349998474121094,35.20964813232422
2017-06-15,106400,35.75,35.70000076293945,36.0,35.45000076293945,35.25902557373047
2017-06-14,127100,36.150001525878906,35.849998474121094,36.20000076293945,35.79999923706055,35.407169342041016
2017-06-13,171900,36.0,36.099998474121094,36.41999816894531,35.79999923706055,35.654090881347656
2017-06-12,286400,36.400001525878906,35.95000076293945,36.70000076293945,35.83000183105469,35.50593948364258
2017-06-09,188200,35.0,36.29999923706055,36.29999923706055,34.95000076293945,35.85161209106445
2017-06-08,191400,34.349998474121094,35.0,35.279998779296875,34.189998626708984,34.56767272949219
2017-06-07,187900,34.400001525878906,34.29999923706055,34.400001525878906,34.0,33.876319885253906
2017-06-06,257000,34.0,34.400001525878906,34.599998474121094,33.900001525878906,33.9750862121582
2017-06-05,211600,34.849998474121094,34.29999923706055,34.849998474121094,34.04999923706055,33.876319885253906
2017-06-02,248200,34.45000076293945,34.900001525878906,35.45000076293945,34.400001525878906,34.468910217285156
2017-06-01,304600,34.54999923706055,34.54999923706055,34.54999923706055,33.95000076293945,34.123226165771484
2017-05-31,304800,34.45000076293945,34.45000076293945,34.70000076293945,33.95000076293945,34.02446365356445
2017-05-30,174300,34.75,34.45000076293945,34.95000076293945,34.349998474121094,34.02446365356445
2017-05-26,128300,34.849998474121094,34.900001525878906,34.95000076293945,34.70000076293945,34.468910217285156
2017-05-25,148500,35.0,34.900001525878906,35.349998474121094,34.650001525878906,34.468910217285156
2017-05-24,155600,34.900001525878906,34.79999923706055,35.099998474121094,34.599998474121094,34.370147705078125
2017-05-23,188900,34.849998474121094,34.900001525878906,35.08000183105469,34.599998474121094,34.468910217285156
2017-05-22,122500,34.79999923706055,34.79999923706055,35.0,34.599998474121094,34.370147705078125
2017-05-19,316400,35.0,34.79999923706055,35.400001525878906,34.75,34.370147705078125
2017-05-18,345900,35.25,35.0,35.650001525878906,34.83000183105469,34.56767272949219
2017-05-17,433700,35.099998474121094,35.349998474121094,35.400001525878906,34.599998474121094,34.91334915161133
2017-05-16,383200,35.099998474121094,35.099998474121094,35.349998474121094,34.599998474121094,34.66643524169922
2017-05-15,172600,34.75,35.099998474121094,35.20000076293945,34.70000076293945,34.66643524169922
2017-05-12,196200,35.150001525878906,34.650001525878906,35.150001525878906,34.5,34.22199249267578
2017-05-11,181200,35.29999923706055,35.20000076293945,35.58000183105469,34.79999923706055,34.76520538330078
2017-05-10,231700,35.45000076293945,35.349998474121094,35.54999923706055,35.04999923706055,34.91334915161133
2017-05-09,179000,35.25,35.5,36.0,35.20000076293945,34.9874267578125
2017-05-08,100100,35.45000076293945,35.29999923706055,35.79999923706055,35.16999816894531,34.790306091308594
2017-05-05,173600,36.150001525878906,35.599998474121094,36.150001525878906,35.20000076293945,35.08598327636719
2017-05-04,137800,35.95000076293945,36.04999923706055,36.25,35.54999923706055,35.52948760986328
2017-05-03,199500,35.900001525878906,35.650001525878906,35.95000076293945,35.20000076293945,35.13526153564453
2017-05-02,251300,37.0,36.20000076293945,37.29999923706055,36.0,35.67731857299805
2017-05-01,418700,36.79999923706055,37.04999923706055,37.849998474121094,35.900001525878906,36.515045166015625
2017-04-28,263000,36.54999923706055,36.70000076293945,37.150001525878906,36.220001220703125,36.17009735107422
2017-04-27,469600,36.95000076293945,36.650001525878906,37.099998474121094,35.349998474121094,36.12082290649414
2017-04-26,254700,36.349998474121094,37.04999923706055,37.150001525878906,36.04999923706055,36.515045166015625
2017-04-25,196200,36.29999923706055,36.45000076293945,36.79999923706055,36.150001525878906,35.923709869384766
2017-04-24,355800,35.75,35.900001525878906,36.29999923706055,35.349998474121094,35.38164138793945
2017-04-21,280000,35.54999923706055,35.150001525878906,35.650001525878906,35.099998474121094,34.642478942871094
2017-04-20,172700,35.599998474121094,35.75,35.900001525878906,35.29999923706055,35.23381423950195
2017-04-19,170700,35.599998474121094,35.45000076293945,36.029998779296875,35.29999923706055,34.93815231323242
2017-04-18,182700,35.400001525878906,35.45000076293945,35.650001525878906,35.0,34.93815231323242
2017-04-17,102900,34.95000076293945,35.54999923706055,35.70000076293945,34.95000076293945,35.03670120239258
2017-04-13,106800,35.70000076293945,34.95000076293945,35.79999923706055,34.900001525878906,34.44536209106445
2017-04-12,127200,36.400001525878906,35.650001525878906,36.400001525878906,35.58000183105469,35.13526153564453
2017-04-11,249000,35.150001525878906,36.400001525878906,36.650001525878906,35.099998474121094,35.874420166015625
2017-04-10,140600,35.04999923706055,34.95000076293945,35.400001525878906,34.66999816894531,34.44536209106445
2017-04-07,225700,35.0,35.150001525878906,35.349998474121094,34.900001525878906,34.642478942871094
2017-04-06,179800,35.349998474121094,35.25,35.45000076293945,34.849998474121094,34.741031646728516
2017-04-05,171200,35.650001525878906,35.349998474121094,36.20000076293945,35.04999923706055,34.8395881652832
2017-04-04,203900,35.5,35.400001525878906,35.75,35.150001525878906,34.88886642456055
2017-04-03,290800,36.75,35.5,36.79999923706055,35.13999938964844,34.9874267578125
2017-03-31,401800,35.599998474121094,36.650001525878906,36.95000076293945,35.599998474121094,36.12082290649414
2017-03-30,141600,35.45000076293945,35.900001525878906,35.95000076293945,35.45000076293945,35.38164138793945
2017-03-29,92700,35.099998474121094,35.45000076293945,35.70000076293945,34.95000076293945,34.93815231323242
2017-03-28,82100,34.95000076293945,35.25,35.349998474121094,34.650001525878906,34.741031646728516
2017-03-27,125500,34.5,35.0,35.20000076293945,33.95000076293945,34.49464416503906
2017-03-24,109200,35.099998474121094,34.95000076293945,35.400001525878906,34.70000076293945,34.44536209106445
2017-03-23,79300,35.04999923706055,35.0,35.54999923706055,34.849998474121094,34.49464416503906
2017-03-22,105000,34.95000076293945,35.099998474121094,35.5,34.599998474121094,34.593196868896484
2017-03-21,145900,36.20000076293945,35.099998474121094,36.25,35.0,34.593196868896484
2017-03-20,114300,36.400001525878906,36.099998474121094,36.400001525878906,35.79999923706055,35.578765869140625
2017-03-17,367500,36.20000076293945,36.400001525878906,36.54999923706055,35.599998474121094,35.874420166015625
2017-03-16,99100,36.54999923706055,36.150001525878906,36.650001525878906,35.79999923706055,35.62804412841797
2017-03-15,131000,36.0,36.20000076293945,36.45000076293945,35.79999923706055,35.67731857299805
2017-03-14,93100,36.0,35.79999923706055,36.0,35.400001525878906,35.28308868408203
2017-03-13,138700,36.0,36.099998474121094,36.400001525878906,35.900001525878906,35.578765869140625
2017-03-10,114300,35.79999923706055,36.150001525878906,36.380001068115234,35.79999923706055,35.62804412841797
2017-03-09,177300,36.150001525878906,35.650001525878906,36.349998474121094,35.349998474121094,35.13526153564453
2017-03-08,127700,36.849998474121094,36.25,37.150001525878906,36.25,35.726593017578125
2017-03-07,163300,37.0,36.70000076293945,37.400001525878906,36.599998474121094,36.10110855102539
2017-03-06,336200,37.599998474121094,36.95000076293945,37.599998474121094,36.70000076293945,36.34703063964844
2017-03-03,273400,38.400001525878906,37.599998474121094,38.54999923706055,37.29999923706055,36.986419677734375
2017-03-02,173200,38.349998474121094,38.400001525878906,38.599998474121094,38.04999923706055,37.773372650146484
2017-03-01,308900,39.0,38.45000076293945,39.29999923706055,38.25,37.82255172729492
2017-02-28,261500,38.54999923706055,38.150001525878906,38.650001525878906,37.70000076293945,37.527442932128906
2017-02-27,333500,38.75,38.650001525878906,39.66999816894531,38.529998779296875,38.019287109375
2017-02-24,686800,34.400001525878906,38.650001525878906,38.849998474121094,34.400001525878906,38.019287109375
2017-02-23,189400,33.900001525878906,32.849998474121094,33.900001525878906,32.650001525878906,32.313934326171875
2017-02-22,82600,34.25,33.70000076293945,34.2599983215332,33.630001068115234,33.15006637573242
2017-02-21,84600,33.79999923706055,34.349998474121094,34.45000076293945,33.75,33.78945541381836
2017-02-17,132900,34.099998474121094,33.650001525878906,34.099998474121094,33.400001525878906,33.10088348388672
2017-02-16,116800,34.0,34.04999923706055,34.099998474121094,33.599998474121094,33.49435043334961
2017-02-15,115200,34.04999923706055,34.0,34.45000076293945,33.70000076293945,33.445167541503906
2017-02-14,135200,33.900001525878906,34.25,34.25,33.29999923706055,33.69109344482422
2017-02-13,85400,34.400001525878906,34.099998474121094,34.5,33.79999923706055,33.54353713989258
2017-02-10,142200,33.650001525878906,34.04999923706055,34.150001525878906,33.20000076293945,33.49435043334961
2017-02-09,122500,32.95000076293945,33.5,33.70000076293945,32.5,32.95332717895508
2017-02-08,115500,33.45000076293945,32.900001525878906,33.45000076293945,32.66999816894531,32.36312484741211
2017-02-07,114000,33.70000076293945,33.650001525878906,33.79999923706055,33.29999923706055,33.10088348388672
2017-02-06,85200,34.25,33.54999923706055,34.400001525878906,33.45000076293945,33.00251388549805
2017-02-03,148300,34.04999923706055,34.400001525878906,34.45000076293945,33.849998474121094,33.83864212036133
2017-02-02,257200,33.70000076293945,33.70000076293945,33.849998474121094,33.150001525878906,33.15006637573242
2017-02-01,153300,34.099998474121094,33.75,34.20000076293945,33.599998474121094,33.19924545288086
2017-01-31,175700,33.45000076293945,33.849998474121094,33.849998474121094,33.099998474121094,33.29761505126953
2017-01-30,122300,33.70000076293945,33.650001525878906,33.849998474121094,33.209999084472656,33.10088348388672
2017-01-27,151900,34.20000076293945,33.95000076293945,34.20000076293945,33.75,33.39598083496094
2017-01-26,181800,33.900001525878906,34.04999923706055,34.349998474121094,33.900001525878906,33.49435043334961
2017-01-25,173200,33.900001525878906,34.04999923706055,34.25,33.79999923706055,33.49435043334961
2017-01-24,169100,32.900001525878906,33.70000076293945,33.900001525878906,32.900001525878906,33.15006637573242
2017-01-23,160200,33.20000076293945,32.849998474121094,33.400001525878906,32.599998474121094,32.313934326171875
2017-01-20,182000,33.04999923706055,33.25,33.29999923706055,32.79999923706055,32.7074089050293
2017-01-19,237600,33.0,33.0,33.099998474121094,32.72999954223633,32.461490631103516
2017-01-18,207100,33.04999923706055,33.04999923706055,33.099998474121094,32.599998474121094,32.51066589355469
2017-01-17,155300,33.75,32.900001525878906,33.75,32.79999923706055,32.36312484741211
2017-01-13,175900,33.0,33.79999923706055,34.0,33.0,33.24843215942383
2017-01-12,133000,33.0,32.650001525878906,33.0,32.25,32.11720275878906
2017-01-11,287600,32.45000076293945,32.95000076293945,32.95000076293945,32.349998474121094,32.41230773925781
2017-01-10,285100,32.25,32.5,32.79999923706055,32.25,31.96964454650879
2017-01-09,240600,32.70000076293945,32.29999923706055,32.849998474121094,32.150001525878906,31.77290916442871
2017-01-06,207900,33.599998474121094,32.79999923706055,33.630001068115234,32.79999923706055,32.264747619628906
2017-01-05,112800,34.0,33.45000076293945,34.099998474121094,33.349998474121094,32.90414047241211
2017-01-04,281600,33.04999923706055,34.0,34.04999923706055,33.04999923706055,33.445167541503906
2017-01-03,266300,33.45000076293945,33.20000076293945,33.650001525878906,32.75,32.65822219848633
2016-12-30,132200,33.75,33.29999923706055,33.959999084472656,33.150001525878906,32.756591796875
2016-12-29,144200,33.70000076293945,33.650001525878906,34.0,33.349998474121094,33.10088348388672
2016-12-28,125400,34.599998474121094,33.599998474121094,34.650001525878906,33.5,33.05169677734375
2016-12-27,200100,33.95000076293945,34.599998474121094,35.25,33.900001525878906,34.03537368774414
2016-12-23,155700,33.849998474121094,33.70000076293945,34.0,33.529998779296875,33.15006637573242
2016-12-22,162900,34.400001525878906,33.79999923706055,34.599998474121094,33.75,33.24843215942383
2016-12-21,150100,34.400001525878906,34.349998474121094,34.75,34.29999923706055,33.78945541381836
2016-12-20,259800,34.54999923706055,34.349998474121094,34.95000076293945,34.20000076293945,33.78945541381836
2016-12-19,230600,34.5,34.25,34.650001525878906,33.79999923706055,33.69109344482422
2016-12-16,847000,34.400001525878906,34.29999923706055,34.900001525878906,33.900001525878906,33.740272521972656
2016-12-15,216900,34.29999923706055,34.20000076293945,34.66999816894531,33.75,33.641902923583984
2016-12-14,221600,34.5,34.150001525878906,34.75,34.099998474121094,33.59272003173828
2016-12-13,270100,34.849998474121094,34.70000076293945,34.95000076293945,34.150001525878906,34.133750915527344
2016-12-12,378200,34.25,34.599998474121094,34.900001525878906,34.20000076293945,34.03537368774414
2016-12-09,214900,34.849998474121094,34.349998474121094,34.849998474121094,34.20000076293945,33.78945541381836
2016-12-08,187900,34.0,34.70000076293945,34.79999923706055,33.849998474121094,34.133750915527344
2016-12-07,170900,33.599998474121094,33.95000076293945,34.0,33.150001525878906,33.39598083496094
2016-12-06,182600,33.099998474121094,33.54999923706055,33.54999923706055,32.650001525878906,33.00251388549805
2016-12-05,212400,32.25,33.099998474121094,33.25,32.20000076293945,32.55985641479492
2016-12-02,146300,32.25,32.04999923706055,32.400001525878906,31.799999237060547,31.526988983154297
2016-12-01,215400,32.349998474121094,32.20000076293945,32.5,32.0,31.674543380737305
2016-11-30,225000,33.45000076293945,32.20000076293945,33.45000076293945,32.150001525878906,31.674543380737305
2016-11-29,175300,33.150001525878906,33.20000076293945,33.79999923706055,33.099998474121094,32.65822219848633
2016-11-28,182300,34.099998474121094,33.0,34.099998474121094,32.95000076293945,32.461490631103516
2016-11-25,100600,33.900001525878906,34.099998474121094,34.20000076293945,33.599998474121094,33.54353713989258
2016-11-23,145000,33.25,33.650001525878906,33.79999923706055,33.099998474121094,33.10088348388672
2016-11-22,241800,33.29999923706055,33.20000076293945,33.349998474121094,32.5,32.65822219848633
2016-11-21,285000,32.20000076293945,33.25,33.45000076293945,32.20000076293945,32.7074089050293
2016-11-18,155100,32.29999923706055,32.349998474121094,32.45000076293945,32.150001525878906,31.82208824157715
2016-11-17,194500,32.349998474121094,32.29999923706055,32.75,32.08000183105469,31.77290916442871
2016-11-16,194200,32.04999923706055,32.349998474121094,32.650001525878906,31.950000762939453,31.82208824157715
2016-11-15,217400,32.45000076293945,32.0,32.599998474121094,31.75,31.477806091308594
2016-11-14,312400,32.20000076293945,32.29999923706055,32.5,31.799999237060547,31.77290916442871
2016-11-11,537400,31.450000762939453,31.899999618530273,32.45000076293945,31.329999923706055,31.379436492919922
2016-11-10,359300,30.649999618530273,31.299999237060547,31.649999618530273,30.5,30.789226531982422
2016-11-09,294300,28.549999237060547,30.25,30.450000762939453,28.549999237060547,29.756362915039062
2016-11-08,182900,28.549999237060547,28.700000762939453,28.979999542236328,28.399999618530273,28.23165512084961
2016-11-07,238000,29.149999618530273,28.799999237060547,29.350000381469727,28.700000762939453,28.261165618896484
2016-11-04,361700,28.450000762939453,28.75,28.899999618530273,28.100000381469727,28.212099075317383
2016-11-03,244100,28.450000762939453,28.549999237060547,28.899999618530273,28.200000762939453,28.015846252441406
2016-11-02,339500,28.049999237060547,28.350000381469727,28.450000762939453,28.0,27.819583892822266
2016-11-01,384200,28.799999237060547,28.0,28.799999237060547,27.600000381469727,27.47613525390625
2016-10-31,276400,29.049999237060547,28.850000381469727,29.049999237060547,28.450000762939453,28.310230255126953
2016-10-28,407100,28.25,28.75,29.25,27.149999618530273,28.212099075317383
2016-10-27,397100,27.25,27.299999237060547,28.0,27.149999618530273,26.789228439331055
2016-10-26,223700,27.0,27.25,27.649999618530273,26.950000762939453,26.74016761779785
2016-10-25,232500,27.350000381469727,27.25,27.399999618530273,26.899999618530273,26.74016761779785
2016-10-24,321600,27.5,27.25,27.700000762939453,27.149999618530273,26.74016761779785
2016-10-21,399800,27.110000610351562,27.209999084472656,27.40999984741211,27.040000915527344,26.700918197631836
2016-10-20,294000,27.84000015258789,27.459999084472656,27.84000015258789,27.43000030517578,26.946239471435547
2016-10-19,192800,28.15999984741211,27.850000381469727,28.15999984741211,27.6299991607666,27.32893943786621
2016-10-18,173100,28.139999389648438,28.030000686645508,28.280000686645508,27.969999313354492,27.50557518005371
2016-10-17,289000,27.719999313354492,27.899999618530273,28.219999313354492,27.649999618530273,27.37800407409668
2016-10-14,256700,27.729999542236328,27.700000762939453,27.959999084472656,27.600000381469727,27.18174934387207
2016-10-13,393400,28.030000686645508,27.600000381469727,28.059999465942383,27.549999237060547,27.083620071411133
2016-10-12,154700,28.06999969482422,28.200000762939453,28.350000381469727,27.899999618530273,27.672393798828125
2016-10-11,361000,29.1200008392334,28.09000015258789,29.309999465942383,27.959999084472656,27.564453125
2016-10-10,280000,28.610000610351562,29.100000381469727,29.389999389648438,28.610000610351562,28.555551528930664
2016-10-07,1092900,29.829999923706055,28.530000686645508,29.940000534057617,28.049999237060547,27.9962215423584
2016-10-06,208800,29.75,29.889999389648438,30.0,29.530000686645508,29.33077621459961
2016-10-05,255300,29.309999465942383,29.84000015258789,30.049999237060547,29.229999542236328,29.281709671020508
2016-10-04,324600,28.950000762939453,29.229999542236328,29.290000915527344,28.899999618530273,28.683120727539062
2016-10-03,510800,29.059999465942383,29.010000228881836,29.270000457763672,28.81999969482422,28.46723747253418
2016-09-30,466400,29.309999465942383,29.309999465942383,29.690000534057617,29.010000228881836,28.761625289916992
2016-09-29,390500,29.219999313354492,28.959999084472656,29.219999313354492,28.81999969482422,28.418169021606445
2016-09-28,275400,29.190000534057617,29.149999618530273,29.190000534057617,28.860000610351562,28.6046199798584
2016-09-27,392600,29.1299991607666,29.09000015258789,29.190000534057617,28.780000686645508,28.54574203491211
2016-09-26,242000,29.15999984741211,29.260000228881836,29.510000228881836,29.040000915527344,28.712560653686523
2016-09-23,396900,29.860000610351562,29.299999237060547,29.899999618530273,28.90999984741211,28.751811981201172
2016-09-22,540700,29.940000534057617,29.860000610351562,30.219999313354492,29.649999618530273,29.301334381103516
2016-09-21,436900,30.479999542236328,29.940000534057617,30.479999542236328,29.729999542236328,29.37983512878418
2016-09-20,473600,30.469999313354492,30.260000228881836,30.469999313354492,29.84000015258789,29.6938533782959
2016-09-19,786000,30.43000030517578,30.389999389648438,30.559999465942383,29.799999237060547,29.8214168548584
2016-09-16,1605500,26.649999618530273,30.1299991607666,30.139999389648438,26.649999618530273,29.5662841796875
2016-09-15,494200,26.049999237060547,26.6200008392334,26.649999618530273,26.049999237060547,26.121957778930664
2016-09-14,379400,26.280000686645508,26.260000228881836,26.520000457763672,26.149999618530273,25.76869010925293
2016-09-13,293300,26.739999771118164,26.290000915527344,26.739999771118164,26.200000762939453,25.79813003540039
2016-09-12,479100,27.8700008392334,26.899999618530273,27.90999984741211,26.81999969482422,26.396713256835938
2016-09-09,434600,28.459999084472656,27.969999313354492,28.670000076293945,27.780000686645508,27.44669532775879
2016-09-08,208200,28.81999969482422,28.739999771118164,28.959999084472656,28.6200008392334,28.202287673950195
2016-09-07,170700,28.579999923706055,28.84000015258789,28.850000381469727,28.579999923706055,28.300418853759766
2016-09-06,226100,28.93000030517578,28.549999237060547,28.979999542236328,28.440000534057617,28.015846252441406
2016-09-02,108300,28.639999389648438,28.889999389648438,28.899999618530273,28.610000610351562,28.349483489990234
2016-09-01,152300,28.3700008392334,28.530000686645508,28.559999465942383,27.920000076293945,27.9962215423584
2016-08-31,214600,28.6299991607666,28.389999389648438,28.639999389648438,28.1200008392334,27.858837127685547
2016-08-30,221500,28.690000534057617,28.739999771118164,28.860000610351562,28.540000915527344,28.202287673950195
2016-08-29,148200,28.81999969482422,28.549999237060547,28.81999969482422,28.459999084472656,28.015846252441406
2016-08-26,231500,29.040000915527344,28.700000762939453,29.270000457763672,28.6299991607666,28.163042068481445
2016-08-25,141900,28.969999313354492,29.1200008392334,29.229999542236328,28.969999313354492,28.575178146362305
2016-08-24,211000,28.90999984741211,29.020000457763672,29.059999465942383,28.700000762939453,28.47705078125
2016-08-23,211300,29.040000915527344,29.0,29.149999618530273,28.93000030517578,28.457427978515625
2016-08-22,236900,28.579999923706055,29.030000686645508,29.030000686645508,28.3799991607666,28.48686408996582
2016-08-19,174400,28.6200008392334,28.639999389648438,28.709999084472656,28.420000076293945,28.10416030883789
2016-08-18,126400,28.719999313354492,28.639999389648438,28.780000686645508,28.40999984741211,28.10416030883789
2016-08-17,319900,28.43000030517578,28.65999984741211,28.790000915527344,28.170000076293945,28.12378692626953
2016-08-16,286700,29.079999923706055,28.15999984741211,29.100000381469727,28.15999984741211,27.633142471313477
2016-08-15,315500,29.270000457763672,29.209999084472656,29.600000381469727,29.200000762939453,28.663494110107422
2016-08-12,396000,28.989999771118164,29.200000762939453,29.90999984741211,28.5,28.653682708740234
2016-08-11,307500,28.190000534057617,27.8700008392334,28.479999542236328,27.850000381469727,27.348567962646484
2016-08-10,341400,28.420000076293945,28.149999618530273,28.639999389648438,27.979999542236328,27.623327255249023
2016-08-09,293600,28.40999984741211,28.81999969482422,28.90999984741211,28.3700008392334,28.212099075317383
2016-08-08,250700,28.950000762939453,28.40999984741211,29.110000610351562,28.40999984741211,27.810752868652344
2016-08-05,312400,29.049999237060547,28.959999084472656,29.309999465942383,28.93000030517578,28.349145889282227
2016-08-04,301700,28.719999313354492,29.020000457763672,29.31999969482422,28.719999313354492,28.407882690429688
2016-08-03,480200,29.149999618530273,28.549999237060547,29.34000015258789,28.40999984741211,27.947799682617188
2016-08-02,343900,30.15999984741211,29.139999389648438,30.170000076293945,29.1299991607666,28.52535057067871
2016-08-01,311700,30.309999465942383,30.290000915527344,30.489999771118164,29.969999313354492,29.651098251342773
2016-07-29,1010700,31.760000228881836,30.3799991607666,31.969999313354492,29.610000610351562,29.739198684692383
2016-07-28,169400,31.700000762939453,31.920000076293945,32.16999816894531,31.700000762939453,31.246713638305664
2016-07-27,169300,31.56999969482422,31.889999389648438,32.04999923706055,31.540000915527344,31.217348098754883
2016-07-26,207100,31.389999389648438,31.549999237060547,31.56999969482422,31.209999084472656,30.884517669677734
2016-07-25,306000,31.209999084472656,31.389999389648438,31.579999923706055,31.09000015258789,30.72789192199707
2016-07-22,268300,31.1299991607666,31.170000076293945,31.290000915527344,30.790000915527344,30.512535095214844
2016-07-21,144800,31.510000228881836,31.260000228881836,31.639999389648438,31.049999237060547,30.600635528564453
2016-07-20,163000,31.309999465942383,31.489999771118164,31.790000915527344,30.989999771118164,30.825782775878906
2016-07-19,222000,31.75,31.079999923706055,31.850000381469727,31.06999969482422,30.42443084716797
2016-07-18,243700,31.8700008392334,31.770000457763672,32.11000061035156,31.59000015258789,31.099878311157227
2016-07-15,266000,32.349998474121094,31.93000030517578,32.349998474121094,31.739999771118164,31.256498336791992
2016-07-14,491000,31.530000686645508,32.099998474121094,32.25,31.219999313354492,31.42291831970215
2016-07-13,339000,31.329999923706055,31.530000686645508,31.65999984741211,31.059999465942383,30.864938735961914
2016-07-12,642800,32.56999969482422,31.40999984741211,32.77000045776367,31.25,30.74747085571289
2016-07-11,199400,33.58000183105469,33.47999954223633,33.849998474121094,33.400001525878906,32.773807525634766
2016-07-08,174400,33.0,33.43000030517578,33.599998474121094,32.869998931884766,32.7248649597168
2016-07-07,160400,32.439998626708984,32.68000030517578,32.709999084472656,32.290000915527344,31.990676879882812
2016-07-06,138400,32.029998779296875,32.279998779296875,32.34000015258789,31.8799991607666,31.59911346435547
2016-07-05,161700,32.04999923706055,32.150001525878906,32.25,31.739999771118164,31.471866607666016
2016-07-01,113700,32.5099983215332,32.470001220703125,32.869998931884766,32.33000183105469,31.785114288330078
2016-06-30,182400,31.530000686645508,32.56999969482422,32.59000015258789,31.510000228881836,31.88300895690918
2016-06-29,282500,31.260000228881836,31.530000686645508,31.56999969482422,31.15999984741211,30.864938735961914
2016-06-28,289600,31.06999969482422,30.920000076293945,31.239999771118164,30.56999969482422,30.26780891418457
2016-06-27,270800,30.770000457763672,31.0,31.149999618530273,30.540000915527344,30.34611701965332
2016-06-24,603900,30.729999542236328,31.239999771118164,31.540000915527344,30.5,30.581058502197266
2016-06-23,118200,32.150001525878906,32.18000030517578,32.369998931884766,32.04999923706055,31.50122833251953
2016-06-22,151000,31.940000534057617,31.81999969482422,31.940000534057617,31.559999465942383,31.148820877075195
2016-06-21,162600,32.18000030517578,31.790000915527344,32.18000030517578,31.520000457763672,31.119455337524414
2016-06-20,228600,32.2599983215332,32.18000030517578,32.31999969482422,32.029998779296875,31.50122833251953
2016-06-17,412400,32.15999984741211,31.899999618530273,32.15999984741211,31.6200008392334,31.227136611938477
2016-06-16,303200,31.709999084472656,32.2400016784668,32.25,31.600000381469727,31.559968948364258
2016-06-15,185100,31.90999984741211,32.0,32.099998474121094,31.56999969482422,31.325027465820312
2016-06-14,125400,31.649999618530273,31.860000610351562,31.93000030517578,31.43000030517578,31.187978744506836
2016-06-13,151300,32.5099983215332,31.829999923706055,32.54999923706055,31.719999313354492,31.158613204956055
2016-06-10,165700,32.58000183105469,32.56999969482422,32.88999938964844,32.34000015258789,31.88300895690918
2016-06-09,142600,32.650001525878906,32.84000015258789,32.97999954223633,32.4900016784668,32.147300720214844
2016-06-08,170600,31.760000228881836,32.79999923706055,32.93000030517578,31.760000228881836,32.108150482177734
2016-06-07,695600,32.04999923706055,31.760000228881836,32.220001220703125,31.40999984741211,31.090087890625
2016-06-06,124800,32.25,32.220001220703125,32.439998626708984,32.040000915527344,31.540386199951172
2016-06-03,119700,32.099998474121094,32.20000076293945,32.349998474121094,31.950000762939453,31.520809173583984
2016-06-02,156800,32.02000045776367,32.13999938964844,32.33000183105469,31.899999618530273,31.46207046508789
2016-06-01,234400,31.65999984741211,32.040000915527344,32.290000915527344,31.6200008392334,31.364181518554688
2016-05-31,222400,31.600000381469727,32.0,32.04999923706055,31.489999771118164,31.325027465820312
2016-05-27,170100,31.530000686645508,31.540000915527344,31.690000534057617,31.1299991607666,30.87472915649414
2016-05-26,270300,31.780000686645508,31.350000381469727,31.889999389648438,30.850000381469727,30.688735961914062
2016-05-25,238900,32.0,31.799999237060547,32.2400016784668,31.3799991607666,31.12924575805664
2016-05-24,134600,31.100000381469727,31.829999923706055,32.0,31.100000381469727,31.158613204956055
2016-05-23,254700,31.469999313354492,31.0,31.850000381469727,30.59000015258789,30.34611701965332
2016-05-20,228900,30.15999984741211,31.09000015258789,31.100000381469727,30.059999465942383,30.434219360351562
2016-05-19,148800,30.280000686645508,30.010000228881836,30.479999542236328,29.649999618530273,29.377002716064453
2016-05-18,189400,30.399999618530273,30.479999542236328,30.790000915527344,30.1200008392334,29.837087631225586
2016-05-17,250700,30.979999542236328,30.520000457763672,30.979999542236328,30.31999969482422,29.876245498657227
2016-05-16,156100,31.040000915527344,31.010000228881836,31.280000686645508,30.790000915527344,30.355911254882812
2016-05-13,141000,31.18000030517578,30.899999618530273,31.280000686645508,30.700000762939453,30.248228073120117
2016-05-12,141900,31.110000610351562,31.239999771118164,31.6299991607666,31.100000381469727,30.581058502197266
2016-05-11,84100,31.299999237060547,31.079999923706055,31.540000915527344,31.030000686645508,30.42443084716797
2016-05-10,148900,31.43000030517578,31.440000534057617,31.81999969482422,31.34000015258789,30.708316802978516
2016-05-09,223400,31.110000610351562,31.1200008392334,31.34000015258789,30.739999771118164,30.39576530456543
2016-05-06,179900,30.510000228881836,31.15999984741211,31.18000030517578,30.420000076293945,30.434829711914062
2016-05-05,179100,30.75,30.600000381469727,31.15999984741211,30.399999618530273,29.88786506652832
2016-05-04,158200,30.65999984741211,30.68000030517578,30.850000381469727,30.25,29.966005325317383
2016-05-03,233900,30.93000030517578,30.719999313354492,31.190000534057617,30.6200008392334,30.005069732666016
2016-05-02,350500,29.68000030517578,31.190000534057617,31.190000534057617,29.579999923706055,30.464136123657227
2016-04-29,407400,30.649999618530273,29.489999771118164,30.649999618530273,29.139999389648438,28.803695678710938
2016-04-28,695900,32.38999938964844,30.649999618530273,32.400001525878906,30.469999313354492,29.93670082092285
2016-04-27,194300,33.16999816894531,32.84000015258789,33.45000076293945,32.61000061035156,32.07572937011719
2016-04-26,270100,32.54999923706055,33.16999816894531,33.34000015258789,32.40999984741211,32.398048400878906
2016-04-25,253800,33.119998931884766,32.41999816894531,33.119998931884766,32.189998626708984,31.66550636291504
2016-04-22,224000,33.119998931884766,33.2599983215332,33.470001220703125,32.970001220703125,32.485958099365234
2016-04-21,156300,33.08000183105469,33.18000030517578,33.7599983215332,33.0,32.40781784057617
2016-04-20,217400,33.47999954223633,33.16999816894531,33.47999954223633,33.0,32.398048400878906
2016-04-19,208200,33.4900016784668,33.59000015258789,33.709999084472656,33.29999923706055,32.80828094482422
2016-04-18,199200,32.77000045776367,33.29999923706055,33.619998931884766,32.59000015258789,32.5250244140625
2016-04-15,225800,32.88999938964844,32.810001373291016,33.130001068115234,32.52000045776367,32.04643249511719
2016-04-14,133700,32.95000076293945,33.04999923706055,33.220001220703125,32.65999984741211,32.280845642089844
2016-04-13,200400,33.18000030517578,33.18000030517578,33.2400016784668,32.63999938964844,32.40781784057617
2016-04-12,145700,32.7400016784668,32.880001068115234,33.18000030517578,32.560001373291016,32.114803314208984
2016-04-11,268400,32.810001373291016,32.75,33.33000183105469,32.61000061035156,31.98783302307129
2016-04-08,220300,32.15999984741211,32.58000183105469,32.81999969482422,32.099998474121094,31.82178497314453
2016-04-07,261100,32.08000183105469,31.959999084472656,32.290000915527344,31.579999923706055,31.21621322631836
2016-04-06,206800,32.650001525878906,32.33000183105469,32.86000061035156,31.93000030517578,31.577600479125977
2016-04-05,496800,31.1200008392334,32.61000061035156,32.63999938964844,31.0,31.851085662841797
2016-04-04,259300,32.369998931884766,31.329999923706055,32.369998931884766,30.979999542236328,30.600875854492188
2016-04-01,186600,31.56999969482422,32.369998931884766,32.380001068115234,31.3799991607666,31.61666488647461
2016-03-31,344500,32.209999084472656,31.770000457763672,32.43000030517578,31.600000381469727,31.0306339263916
2016-03-30,284200,32.0,32.27000045776367,32.400001525878906,31.93000030517578,31.51899528503418
2016-03-29,360900,30.479999542236328,31.899999618530273,32.08000183105469,30.329999923706055,31.157609939575195
2016-03-28,153400,30.459999084472656,30.549999237060547,30.729999542236328,30.34000015258789,29.83902931213379
2016-03-24,147500,30.219999313354492,30.31999969482422,30.420000076293945,30.0,29.614376068115234
2016-03-23,194400,30.239999771118164,30.360000610351562,30.6200008392334,30.09000015258789,29.65345001220703
2016-03-22,118200,30.059999465942383,30.40999984741211,30.549999237060547,30.040000915527344,29.70228385925293
2016-03-21,161400,30.170000076293945,30.25,30.399999618530273,29.8700008392334,29.546010971069336
2016-03-18,289000,30.200000762939453,30.280000686645508,30.420000076293945,29.940000534057617,29.5753116607666
2016-03-17,346800,28.899999618530273,30.059999465942383,30.170000076293945,28.81999969482422,29.360431671142578
2016-03-16,240700,28.790000915527344,28.889999389648438,29.329999923706055,28.420000076293945,28.217660903930664
2016-03-15,187600,29.15999984741211,28.829999923706055,29.229999542236328,28.649999618530273,28.159055709838867
2016-03-14,131800,29.540000915527344,29.43000030517578,29.6200008392334,29.219999313354492,28.745092391967773
2016-03-11,159500,29.579999923706055,29.670000076293945,29.729999542236328,29.350000381469727,28.979509353637695
2016-03-10,178900,30.3799991607666,29.399999618530273,30.389999389648438,29.239999771118164,28.715789794921875
2016-03-09,268100,30.31999969482422,30.270000457763672,30.670000076293945,30.040000915527344,29.565547943115234
2016-03-08,237400,30.299999237060547,30.34000015258789,30.729999542236328,30.1200008392334,29.5704288482666
2016-03-07,196200,30.459999084472656,30.40999984741211,30.6200008392334,30.100000381469727,29.638648986816406
2016-03-04,391900,30.0,30.530000686645508,30.56999969482422,29.889999389648438,29.755611419677734
2016-03-03,219400,29.489999771118164,29.959999084472656,29.969999313354492,29.3700008392334,29.200063705444336
2016-03-02,215900,28.93000030517578,29.360000610351562,29.3700008392334,28.6299991607666,28.615285873413086
2016-03-01,220400,28.389999389648438,29.049999237060547,29.059999465942383,28.049999237060547,28.313148498535156
2016-02-29,276700,28.729999542236328,28.049999237060547,28.93000030517578,28.010000228881836,27.338510513305664
2016-02-26,269100,28.690000534057617,28.65999984741211,29.290000915527344,28.5,27.933042526245117
2016-02-25,302200,28.450000762939453,28.469999313354492,28.649999618530273,28.040000915527344,27.747859954833984
2016-02-24,595100,27.729999542236328,28.440000534057617,29.049999237060547,26.510000228881836,27.71862030029297
2016-02-23,427000,27.0,27.049999237060547,27.809999465942383,26.889999389648438,26.363882064819336
2016-02-22,289000,27.020000457763672,27.1299991607666,27.260000228881836,26.8799991607666,26.441850662231445
2016-02-19,301000,25.610000610351562,26.770000457763672,26.770000457763672,25.450000762939453,26.09097671508789
2016-02-18,166000,26.229999542236328,25.639999389648438,26.3799991607666,25.399999618530273,24.989639282226562
2016-02-17,300400,25.670000076293945,26.200000762939453,26.299999237060547,25.59000015258789,25.535438537597656
2016-02-16,204200,25.780000686645508,25.56999969482422,26.049999237060547,25.25,24.921415328979492
2016-02-12,310400,25.600000381469727,25.549999237060547,25.639999389648438,25.260000228881836,24.90192222595215
2016-02-11,344300,24.959999084472656,25.280000686645508,25.420000076293945,24.84000015258789,24.63877296447754
2016-02-10,204800,24.90999984741211,25.270000457763672,25.489999771118164,24.780000686645508,24.629032135009766
2016-02-09,192000,24.329999923706055,24.700000762939453,25.0,24.239999771118164,24.073488235473633
2016-02-08,285300,24.899999618530273,24.670000076293945,24.899999618530273,24.219999313354492,24.04424285888672
2016-02-05,390500,25.829999923706055,25.25,25.959999084472656,24.940000534057617,24.609533309936523
2016-02-04,346600,26.290000915527344,25.809999465942383,26.40999984741211,25.559999465942383,25.155330657958984
2016-02-03,355200,27.959999084472656,26.290000915527344,27.959999084472656,26.18000030517578,25.623157501220703
2016-02-02,234300,28.239999771118164,27.799999237060547,28.6299991607666,27.399999618530273,27.094852447509766
2016-02-01,387000,28.280000686645508,28.389999389648438,28.489999771118164,28.030000686645508,27.669891357421875
2016-01-29,380300,28.09000015258789,28.34000015258789,28.420000076293945,27.799999237060547,27.621156692504883
2016-01-28,174900,28.010000228881836,27.959999084472656,28.18000030517578,27.700000762939453,27.250795364379883
2016-01-27,189800,28.229999542236328,27.700000762939453,28.309999465942383,27.6200008392334,26.997390747070312
2016-01-26,192300,27.649999618530273,28.270000457763672,28.270000457763672,27.389999389648438,27.552934646606445
2016-01-25,183100,27.600000381469727,27.479999542236328,27.809999465942383,27.43000030517578,26.782970428466797
2016-01-22,328200,27.520000457763672,27.760000228881836,27.799999237060547,27.190000534057617,27.05586814880371
2016-01-21,519600,27.639999389648438,27.040000915527344,27.850000381469727,26.950000762939453,26.35413360595703
2016-01-20,349500,27.020000457763672,27.639999389648438,27.969999313354492,26.510000228881836,26.938913345336914
2016-01-19,352800,28.34000015258789,27.440000534057617,28.399999618530273,27.06999969482422,26.743988037109375
2016-01-15,635700,27.829999923706055,28.09000015258789,28.40999984741211,27.739999771118164,27.377500534057617
2016-01-14,280700,28.450000762939453,28.5,28.950000762939453,28.049999237060547,27.777097702026367
2016-01-13,360700,29.280000686645508,28.31999969482422,29.40999984741211,28.190000534057617,27.60166358947754
2016-01-12,436800,29.040000915527344,29.280000686645508,29.3799991607666,28.790000915527344,28.537315368652344
2016-01-11,568700,28.510000228881836,28.6200008392334,29.5,28.309999465942383,27.894054412841797
2016-01-08,923600,27.8700008392334,28.219999313354492,29.309999465942383,27.8700008392334,27.50419807434082
2016-01-07,488400,27.030000686645508,26.950000762939453,27.489999771118164,26.6200008392334,26.266416549682617
2016-01-06,643400,27.3799991607666,27.610000610351562,28.190000534057617,27.3799991607666,26.9096736907959
2016-01-05,308700,27.3799991607666,27.84000015258789,27.950000762939453,27.18000030517578,27.133840560913086
2016-01-04,389200,27.979999542236328,27.170000076293945,28.1299991607666,27.020000457763672,26.4808349609375
2015-12-31,240600,28.829999923706055,28.420000076293945,28.940000534057617,28.40999984741211,27.699127197265625
2015-12-30,165000,29.350000381469727,28.799999237060547,29.579999923706055,28.790000915527344,28.069488525390625
2015-12-29,250900,28.90999984741211,29.440000534057617,29.510000228881836,28.770000457763672,28.693256378173828
2015-12-28,204500,28.479999542236328,28.610000610351562,28.780000686645508,28.350000381469727,27.88431167602539
2015-12-24,140500,28.329999923706055,28.739999771118164,29.020000457763672,28.329999923706055,28.011011123657227
2015-12-23,253800,28.65999984741211,28.40999984741211,28.690000534057617,28.229999542236328,27.68938446044922
2015-12-22,497700,28.350000381469727,28.3799991607666,28.540000915527344,28.170000076293945,27.660139083862305
2015-12-21,594400,29.030000686645508,28.219999313354492,29.040000915527344,27.889999389648438,27.50419807434082
2015-12-18,1407100,29.329999923706055,29.030000686645508,29.65999984741211,28.729999542236328,28.293655395507812
2015-12-17,483300,31.229999542236328,29.530000686645508,31.239999771118164,29.420000076293945,28.780975341796875
2015-12-16,267900,31.049999237060547,31.100000381469727,31.350000381469727,30.65999984741211,30.31114959716797
2015-12-15,334100,30.950000762939453,30.93000030517578,31.09000015258789,30.309999465942383,30.14546012878418
2015-12-14,443800,31.260000228881836,30.729999542236328,31.489999771118164,30.290000915527344,29.950532913208008
2015-12-11,265600,31.920000076293945,31.329999923706055,32.189998626708984,31.170000076293945,30.53531837463379
2015-12-10,224900,32.619998931884766,32.36000061035156,32.77000045776367,32.130001068115234,31.539188385009766
2015-12-09,453200,33.68000030517578,32.61000061035156,33.93000030517578,32.5,31.782848358154297
2015-12-08,584000,33.22999954223633,33.709999084472656,33.97999954223633,32.400001525878906,32.854942321777344
2015-12-07,646900,33.04999923706055,33.61000061035156,34.0,32.369998931884766,32.75748062133789
2015-12-04,298500,32.209999084472656,33.130001068115234,33.16999816894531,32.11000061035156,32.28965377807617
2015-12-03,398100,32.54999923706055,32.189998626708984,33.16999816894531,32.040000915527344,31.373498916625977
2015-12-02,343500,31.940000534057617,32.34000015258789,33.150001525878906,31.940000534057617,31.519702911376953
2015-12-01,364900,31.790000915527344,32.060001373291016,32.09000015258789,31.559999465942383,31.24679946899414
2015-11-30,275100,32.47999954223633,31.739999771118164,32.47999954223633,31.719999313354492,30.93491554260254
2015-11-27,94300,32.040000915527344,32.41999816894531,32.560001373291016,31.950000762939453,31.597665786743164
2015-11-25,164900,32.459999084472656,32.06999969482422,32.70000076293945,32.0099983215332,31.256542205810547
2015-11-24,360200,31.459999084472656,32.459999084472656,32.529998779296875,31.209999084472656,31.636655807495117
2015-11-23,301800,31.09000015258789,31.56999969482422,31.59000015258789,31.040000915527344,30.769229888916016
2015-11-20,413800,30.969999313354492,31.18000030517578,31.399999618530273,30.850000381469727,30.389122009277344
2015-11-19,289900,30.5,30.649999618530273,30.690000534057617,29.959999084472656,29.8725643157959
2015-11-18,302400,29.950000762939453,30.5,30.68000030517578,29.719999313354492,29.726367950439453
2015-11-17,211300,31.049999237060547,29.920000076293945,31.049999237060547,29.889999389648438,29.16107940673828
2015-11-16,439500,29.899999618530273,30.760000228881836,30.889999389648438,29.790000915527344,29.979774475097656
2015-11-13,214000,29.81999969482422,29.899999618530273,30.469999313354492,29.459999084472656,29.141590118408203
2015-11-12,235200,30.809999465942383,29.850000381469727,30.940000534057617,29.649999618530273,29.092853546142578
2015-11-11,262000,31.420000076293945,30.950000762939453,31.489999771118164,30.709999084472656,30.16495704650879
2015-11-10,420900,30.700000762939453,31.399999618530273,31.739999771118164,30.700000762939453,30.603540420532227
2015-11-09,328200,31.309999465942383,30.520000457763672,31.3700008392334,30.34000015258789,29.74586296081543
2015-11-06,398800,31.639999389648438,31.309999465942383,31.899999618530273,31.100000381469727,30.515825271606445
2015-11-05,337000,31.920000076293945,31.8799991607666,32.060001373291016,31.68000030517578,31.008012771606445
2015-11-04,434300,31.649999618530273,31.979999542236328,32.45000076293945,31.489999771118164,31.105276107788086
2015-11-03,398100,31.309999465942383,31.489999771118164,31.989999771118164,31.010000228881836,30.628681182861328
2015-11-02,662100,32.189998626708984,31.280000686645508,32.29999923706055,30.34000015258789,30.424427032470703
2015-10-30,1512800,31.190000534057617,31.93000030517578,35.0,31.190000534057617,31.0566463470459
2015-10-29,248700,30.280000686645508,29.799999237060547,30.280000686645508,29.459999084472656,28.984905242919922
2015-10-28,418300,30.059999465942383,30.440000534057617,30.540000915527344,29.860000610351562,29.607402801513672
2015-10-27,332600,30.399999618530273,29.889999389648438,30.530000686645508,29.700000762939453,29.072444915771484
2015-10-26,382700,30.059999465942383,30.56999969482422,30.6299991607666,29.889999389648438,29.733844757080078
2015-10-23,378500,30.6299991607666,30.100000381469727,30.799999237060547,29.860000610351562,29.276700973510742
2015-10-22,271700,29.739999771118164,30.489999771118164,30.610000610351562,29.489999771118164,29.65603256225586
2015-10-21,189600,30.170000076293945,29.649999618530273,30.459999084472656,29.40999984741211,28.839006423950195
2015-10-20,211100,29.84000015258789,30.100000381469727,30.219999313354492,29.799999237060547,29.276700973510742
2015-10-19,409700,29.25,29.770000457763672,29.799999237060547,28.899999618530273,28.95572853088379
2015-10-16,231800,29.600000381469727,29.329999923706055,29.6299991607666,28.989999771118164,28.52775764465332
2015-10-15,390600,29.5,29.5,29.729999542236328,29.209999084472656,28.6931095123291
2015-10-14,321900,30.1200008392334,29.520000457763672,30.31999969482422,29.459999084472656,28.71256446838379
2015-10-13,507700,29.860000610351562,30.239999771118164,30.889999389648438,29.700000762939453,29.41286849975586
2015-10-12,321200,29.459999084472656,30.030000686645508,30.209999084472656,29.34000015258789,29.2086124420166
2015-10-09,439700,29.149999618530273,29.489999771118164,29.850000381469727,29.0,28.683387756347656
2015-10-08,473400,28.56999969482422,29.079999923706055,29.280000686645508,28.260000228881836,28.28459930419922
2015-10-07,378300,27.780000686645508,28.600000381469727,28.760000228881836,27.719999313354492,27.817729949951172
2015-10-06,181700,28.299999237060547,27.700000762939453,28.440000534057617,27.6200008392334,26.942346572875977
2015-10-05,233300,27.860000610351562,28.229999542236328,28.469999313354492,27.68000030517578,27.457847595214844
2015-10-02,250900,27.1200008392334,27.649999618530273,27.649999618530273,26.709999084472656,26.89371681213379
2015-10-01,297300,27.31999969482422,27.469999313354492,27.549999237060547,26.950000762939453,26.718637466430664
2015-09-30,486000,26.420000076293945,27.260000228881836,27.31999969482422,26.420000076293945,26.51438331604004
2015-09-29,519200,25.65999984741211,26.18000030517578,26.280000686645508,25.450000762939453,25.463918685913086
2015-09-28,383600,26.6299991607666,25.700000762939453,26.90999984741211,25.559999465942383,24.99704933166504
2015-09-25,436000,27.34000015258789,26.799999237060547,27.389999389648438,26.600000381469727,26.066965103149414
2015-09-24,354900,27.670000076293945,27.209999084472656,27.739999771118164,26.969999313354492,26.465749740600586
2015-09-23,309200,28.059999465942383,27.829999923706055,28.299999237060547,27.600000381469727,27.068788528442383
2015-09-22,564500,28.440000534057617,28.0,28.489999771118164,27.520000457763672,27.23414421081543
2015-09-21,286400,28.68000030517578,28.700000762939453,29.059999465942383,28.559999465942383,27.91499900817871
2015-09-18,467800,28.5,28.440000534057617,28.989999771118164,28.299999237060547,27.662105560302734
2015-09-17,329600,28.899999618530273,28.899999618530273,29.299999237060547,28.84000015258789,28.109519958496094
2015-09-16,293500,29.0,28.940000534057617,29.209999084472656,28.719999313354492,28.14842987060547
2015-09-15,510300,28.899999618530273,28.950000762939453,29.190000534057617,28.84000015258789,28.158153533935547
2015-09-14,539800,28.420000076293945,28.739999771118164,28.860000610351562,28.3700008392334,27.953899383544922
2015-09-11,387900,28.299999237060547,28.40999984741211,28.520000457763672,28.270000457763672,27.6329288482666
2015-09-10,332600,28.459999084472656,28.440000534057617,28.790000915527344,28.309999465942383,27.662105560302734
2015-09-09,513800,28.649999618530273,28.489999771118164,28.850000381469727,28.420000076293945,27.710735321044922
2015-09-08,509400,28.489999771118164,28.489999771118164,28.639999389648438,28.3799991607666,27.710735321044922
2015-09-04,214900,27.639999389648438,28.020000457763672,28.149999618530273,27.639999389648438,27.253597259521484
2015-09-03,523500,28.139999389648438,28.059999465942383,28.700000762939453,27.729999542236328,27.292495727539062
2015-09-02,678500,27.860000610351562,28.059999465942383,28.149999618530273,27.649999618530273,27.292495727539062
2015-09-01,486400,27.200000762939453,27.5,28.0,27.200000762939453,26.747817993164062
2015-08-31,379100,27.450000762939453,27.719999313354492,27.959999084472656,27.299999237060547,26.9617977142334
2015-08-28,348900,27.700000762939453,27.65999984741211,28.059999465942383,27.469999313354492,26.903440475463867
2015-08-27,384400,27.739999771118164,27.760000228881836,27.93000030517578,27.1299991607666,27.000703811645508
2015-08-26,576900,27.700000762939453,27.3799991607666,27.75,26.829999923706055,26.6310977935791
2015-08-25,472500,28.280000686645508,27.010000228881836,28.3700008392334,26.989999771118164,26.271221160888672
2015-08-24,600400,27.25,27.600000381469727,28.719999313354492,26.149999618530273,26.84507942199707
2015-08-21,381000,28.739999771118164,28.75,29.440000534057617,28.18000030517578,27.963624954223633
2015-08-20,332100,29.260000228881836,29.260000228881836,29.579999923706055,29.0,28.459674835205078
2015-08-19,460900,29.06999969482422,29.450000762939453,29.790000915527344,29.0,28.644479751586914
2015-08-18,342900,29.3700008392334,29.18000030517578,29.700000762939453,29.049999237060547,28.381866455078125
2015-08-17,404300,29.299999237060547,29.290000915527344,29.3700008392334,28.8799991607666,28.488859176635742
2015-08-14,282600,29.3799991607666,29.329999923706055,29.469999313354492,29.079999923706055,28.52775764465332
2015-08-13,870400,28.579999923706055,29.350000381469727,29.649999618530273,28.459999084472656,28.547216415405273
2015-08-12,590800,27.75,28.43000030517578,28.459999084472656,27.469999313354492,27.65237808227539
2015-08-11,920800,29.170000076293945,27.93000030517578,29.559999465942383,27.350000381469727,27.10283660888672
2015-08-10,814900,28.700000762939453,30.1200008392334,30.31999969482422,28.5,29.22797203063965
2015-08-07,512700,29.079999923706055,28.450000762939453,29.579999923706055,27.979999542236328,27.60742950439453
2015-08-06,457000,29.510000228881836,29.229999542236328,30.010000228881836,28.40999984741211,28.36433219909668
2015-08-05,475000,28.959999084472656,29.450000762939453,29.459999084472656,28.780000686645508,28.577821731567383
2015-08-04,639400,27.850000381469727,28.790000915527344,28.799999237060547,27.799999237060547,27.93736457824707
2015-08-03,489200,27.899999618530273,27.6200008392334,27.950000762939453,27.3700008392334,26.802011489868164
2015-07-31,830500,26.0,27.639999389648438,28.139999389648438,25.790000915527344,26.821420669555664
2015-07-30,214000,24.309999465942383,24.479999542236328,24.739999771118164,24.25,23.7550048828125
2015-07-29,248700,24.25,24.389999389648438,24.450000762939453,24.049999237060547,23.667665481567383
2015-07-28,326300,24.600000381469727,24.200000762939453,24.600000381469727,24.100000381469727,23.483301162719727
2015-07-27,264700,24.81999969482422,24.540000915527344,24.81999969482422,23.979999542236328,23.813228607177734
2015-07-24,434900,25.389999389648438,24.8700008392334,25.6200008392334,24.68000030517578,24.133455276489258
2015-07-23,444600,25.549999237060547,25.5,25.559999465942383,24.93000030517578,24.744800567626953
2015-07-22,550300,24.219999313354492,25.450000762939453,25.510000228881836,24.149999618530273,24.696285247802734
2015-07-21,544100,23.709999084472656,24.219999313354492,24.459999084472656,23.709999084472656,23.502704620361328
2015-07-20,313500,23.43000030517578,23.6299991607666,23.639999389648438,23.110000610351562,22.9301815032959
2015-07-17,509000,23.06999969482422,23.360000610351562,23.75,22.959999084472656,22.668174743652344
2015-07-16,267200,23.18000030517578,23.110000610351562,23.3799991607666,22.989999771118164,22.42558479309082
2015-07-15,341400,23.68000030517578,22.979999542236328,23.780000686645508,22.90999984741211,22.29943084716797
2015-07-14,316100,23.420000076293945,23.739999771118164,23.8799991607666,23.18000030517578,23.036922454833984
2015-07-13,290800,23.59000015258789,23.450000762939453,23.649999618530273,23.34000015258789,22.755510330200195
2015-07-10,126100,23.40999984741211,23.469999313354492,23.729999542236328,23.31999969482422,22.774917602539062
2015-07-09,219300,23.329999923706055,23.15999984741211,23.5,23.100000381469727,22.47410011291504
2015-07-08,160600,22.90999984741211,23.09000015258789,23.25,22.770000457763672,22.406173706054688
2015-07-07,262400,23.139999389648438,23.110000610351562,23.190000534057617,22.639999389648438,22.42558479309082
2015-07-06,134000,22.809999465942383,23.18000030517578,23.239999771118164,22.809999465942383,22.493507385253906
2015-07-02,133900,23.280000686645508,23.079999923706055,23.3700008392334,22.639999389648438,22.396469116210938
2015-07-01,217000,23.139999389648438,23.270000457763672,23.450000762939453,23.0,22.58084487915039
2015-06-30,210000,23.09000015258789,22.950000762939453,23.190000534057617,22.81999969482422,22.270320892333984
2015-06-29,228400,23.1299991607666,22.889999389648438,23.549999237060547,22.850000381469727,22.212093353271484
2015-06-26,721200,23.010000228881836,23.260000228881836,23.31999969482422,23.010000228881836,22.57114028930664
2015-06-25,201600,23.18000030517578,22.979999542236328,23.18000030517578,22.8799991607666,22.29943084716797
2015-06-24,160300,23.3700008392334,23.040000915527344,23.3700008392334,22.8799991607666,22.357656478881836
2015-06-23,149100,23.40999984741211,23.43000030517578,23.65999984741211,23.309999465942383,22.736101150512695
2015-06-22,164300,23.290000915527344,23.399999618530273,23.489999771118164,23.219999313354492,22.706993103027344
2015-06-19,231300,23.5,23.200000762939453,23.5,23.170000076293945,22.512916564941406
2015-06-18,224600,22.959999084472656,23.399999618530273,23.420000076293945,22.799999237060547,22.706993103027344
2015-06-17,191400,22.739999771118164,22.799999237060547,22.979999542236328,22.59000015258789,22.1247615814209
2015-06-16,357100,23.059999465942383,22.68000030517578,23.25,22.6299991607666,22.008317947387695
2015-06-15,356200,23.920000076293945,23.049999237060547,23.920000076293945,22.93000030517578,22.367355346679688
2015-06-12,221800,23.59000015258789,23.899999618530273,23.959999084472656,23.360000610351562,23.192182540893555
2015-06-11,192600,23.690000534057617,23.65999984741211,23.950000762939453,23.520000457763672,22.95929527282715
2015-06-10,361100,23.200000762939453,23.649999618530273,23.770000457763672,23.170000076293945,22.949586868286133
2015-06-09,207600,22.84000015258789,22.940000534057617,23.0,22.739999771118164,22.260618209838867
2015-06-08,143300,23.170000076293945,22.799999237060547,23.190000534057617,22.790000915527344,22.1247615814209
2015-06-05,155200,23.020000457763672,23.15999984741211,23.270000457763672,22.770000457763672,22.47410011291504
2015-06-04,151100,23.459999084472656,23.06999969482422,23.479999542236328,23.030000686645508,22.386762619018555
2015-06-03,283300,22.989999771118164,23.489999771118164,23.559999465942383,22.809999465942383,22.794326782226562
2015-06-02,363500,22.719999313354492,22.850000381469727,23.030000686645508,22.610000610351562,22.173282623291016
2015-06-01,544000,22.610000610351562,22.860000610351562,23.1200008392334,22.389999389648438,22.182985305786133
2015-05-29,279700,22.3700008392334,22.450000762939453,22.56999969482422,22.15999984741211,21.785125732421875
2015-05-28,243200,22.170000076293945,22.399999618530273,22.510000228881836,22.1200008392334,21.736604690551758
2015-05-27,274900,22.200000762939453,22.209999084472656,22.329999923706055,21.899999618530273,21.552234649658203
2015-05-26,181800,22.600000381469727,22.200000762939453,22.600000381469727,22.1200008392334,21.542531967163086
2015-05-22,216900,22.780000686645508,22.6299991607666,23.1200008392334,22.549999237060547,21.959793090820312
2015-05-21,227500,22.799999237060547,22.790000915527344,23.010000228881836,22.700000762939453,22.115055084228516
2015-05-20,532900,22.600000381469727,22.790000915527344,22.959999084472656,22.25,22.115055084228516
2015-05-19,659100,22.219999313354492,22.450000762939453,22.639999389648438,22.1299991607666,21.785125732421875
2015-05-18,417900,22.399999618530273,22.229999542236328,22.450000762939453,22.15999984741211,21.57164192199707
2015-05-15,171100,22.549999237060547,22.399999618530273,22.81999969482422,22.329999923706055,21.736604690551758
2015-05-14,196700,22.34000015258789,22.5,22.770000457763672,22.309999465942383,21.833648681640625
2015-05-13,224600,22.110000610351562,22.260000228881836,22.450000762939453,21.969999313354492,21.600753784179688
2015-05-12,283100,21.860000610351562,22.0,22.139999389648438,21.459999084472656,21.348453521728516
2015-05-11,438300,21.899999618530273,21.950000762939453,22.200000762939453,21.8700008392334,21.24171257019043
2015-05-08,272400,21.8700008392334,21.81999969482422,22.0,21.610000610351562,21.115909576416016
2015-05-07,356000,21.43000030517578,21.690000534057617,21.799999237060547,21.18000030517578,20.990100860595703
2015-05-06,196900,21.5,21.34000015258789,21.56999969482422,21.260000228881836,20.651395797729492
2015-05-05,246700,21.3799991607666,21.399999618530273,21.690000534057617,21.31999969482422,20.709457397460938
2015-05-04,331400,21.25,21.31999969482422,21.479999542236328,21.149999618530273,20.63204002380371
2015-05-01,316800,20.84000015258789,21.1200008392334,21.239999771118164,20.799999237060547,20.438495635986328
2015-04-30,417700,21.0,20.690000534057617,21.68000030517578,20.40999984741211,20.02237319946289
2015-04-29,175000,20.59000015258789,20.600000381469727,20.809999465942383,20.440000534057617,19.935270309448242
2015-04-28,150400,20.739999771118164,20.649999618530273,20.8700008392334,20.559999465942383,19.983659744262695
2015-04-27,274700,20.59000015258789,20.700000762939453,21.170000076293945,20.59000015258789,20.032047271728516
2015-04-24,67200,20.579999923706055,20.440000534057617,20.579999923706055,20.350000381469727,19.780441284179688
2015-04-23,103700,20.399999618530273,20.540000915527344,20.719999313354492,20.3700008392334,19.877208709716797
2015-04-22,142400,20.290000915527344,20.40999984741211,20.40999984741211,19.969999313354492,19.751401901245117
2015-04-21,91300,20.18000030517578,20.34000015258789,20.450000762939453,19.979999542236328,19.683664321899414
2015-04-20,142600,20.219999313354492,20.149999618530273,20.31999969482422,19.979999542236328,19.499794006347656
2015-04-17,116600,20.600000381469727,20.110000610351562,20.600000381469727,20.100000381469727,19.461088180541992
2015-04-16,139100,21.030000686645508,20.770000457763672,21.049999237060547,20.690000534057617,20.099790573120117
2015-04-15,140400,21.399999618530273,21.170000076293945,21.399999618530273,21.0,20.486881256103516
2015-04-14,221400,20.959999084472656,21.209999084472656,21.25,20.8700008392334,20.525588989257812
2015-04-13,166700,20.719999313354492,20.969999313354492,21.020000457763672,20.549999237060547,20.293333053588867
2015-04-10,302600,20.399999618530273,20.760000228881836,20.780000686645508,20.260000228881836,20.090110778808594
2015-04-09,107000,20.360000610351562,20.350000381469727,20.489999771118164,20.100000381469727,19.693340301513672
2015-04-08,359200,20.1299991607666,20.299999237060547,20.40999984741211,20.040000915527344,19.64495277404785
2015-04-07,261000,20.209999084472656,20.139999389648438,20.440000534057617,20.079999923706055,19.4901123046875
2015-04-06,341300,20.969999313354492,20.299999237060547,21.100000381469727,19.959999084472656,19.64495277404785
2015-04-02,184900,21.020000457763672,21.1299991607666,21.3700008392334,20.940000534057617,20.448171615600586
2015-04-01,254100,20.989999771118164,21.040000915527344,21.18000030517578,20.889999389648438,20.361074447631836
2015-03-31,232000,21.030000686645508,21.040000915527344,21.100000381469727,20.829999923706055,20.361074447631836
2015-03-30,447200,20.510000228881836,21.18000030517578,21.440000534057617,20.420000076293945,20.496557235717773
2015-03-27,300400,20.329999923706055,20.309999465942383,20.540000915527344,20.049999237060547,19.654632568359375
2015-03-26,252600,19.670000076293945,20.290000915527344,20.34000015258789,19.530000686645508,19.635276794433594
2015-03-25,176500,20.149999618530273,19.670000076293945,20.18000030517578,19.639999389648438,19.035282135009766
2015-03-24,174500,19.860000610351562,20.010000228881836,20.170000076293945,19.709999084472656,19.36431121826172
2015-03-23,144200,19.700000762939453,19.829999923706055,19.979999542236328,19.649999618530273,19.190122604370117
2015-03-20,227400,19.84000015258789,19.739999771118164,20.0,19.68000030517578,19.103025436401367
2015-03-19,74800,19.700000762939453,19.709999084472656,19.770000457763672,19.600000381469727,19.073989868164062
2015-03-18,112200,19.520000457763672,19.860000610351562,19.940000534057617,19.280000686645508,19.219152450561523
2015-03-17,208600,19.139999389648438,19.559999465942383,19.700000762939453,19.100000381469727,18.928831100463867
2015-03-16,177500,19.420000076293945,19.34000015258789,19.510000228881836,19.290000915527344,18.715930938720703
2015-03-13,236300,19.729999542236328,19.420000076293945,19.760000228881836,19.260000228881836,18.793346405029297
2015-03-12,368400,19.079999923706055,19.65999984741211,19.75,18.979999542236328,19.025604248046875
2015-03-11,254600,18.90999984741211,18.969999313354492,19.030000686645508,18.709999084472656,18.357868194580078
2015-03-10,245800,18.719999313354492,18.84000015258789,19.06999969482422,18.700000762939453,18.23206901550293
2015-03-09,508300,18.84000015258789,18.940000534057617,19.18000030517578,18.799999237060547,18.270774841308594
2015-03-06,148100,18.760000228881836,18.850000381469727,19.139999389648438,18.690000534057617,18.183956146240234
2015-03-05,330500,18.700000762939453,18.989999771118164,19.290000915527344,18.600000381469727,18.319007873535156
2015-03-04,174700,18.739999771118164,18.649999618530273,18.739999771118164,18.399999618530273,17.991018295288086
2015-03-03,134200,18.65999984741211,18.75,18.979999542236328,18.559999465942383,18.08749008178711
2015-03-02,342200,18.6299991607666,18.739999771118164,19.389999389648438,18.459999084472656,18.077844619750977
2015-02-27,478900,18.5,18.700000762939453,19.239999771118164,18.030000686645508,18.039257049560547
2015-02-26,69100,16.709999084472656,16.8799991607666,16.950000762939453,16.649999618530273,16.28356170654297
2015-02-25,98000,16.850000381469727,16.770000457763672,16.959999084472656,16.68000030517578,16.177448272705078
2015-02-24,66100,16.75,16.850000381469727,17.059999465942383,16.75,16.254621505737305
2015-02-23,84400,16.56999969482422,16.760000228881836,16.780000686645508,16.399999618530273,16.16780662536621
2015-02-20,148300,16.860000610351562,16.65999984741211,16.979999542236328,16.610000610351562,16.071332931518555
2015-02-19,60900,17.110000610351562,16.940000534057617,17.260000228881836,16.93000030517578,16.341445922851562
2015-02-18,111100,16.90999984741211,17.229999542236328,17.299999237060547,16.68000030517578,16.62119483947754
2015-02-17,57100,16.899999618530273,16.989999771118164,17.100000381469727,16.719999313354492,16.389677047729492
2015-02-13,99400,16.93000030517578,16.959999084472656,17.110000610351562,16.700000762939453,16.360734939575195
2015-02-12,96600,16.899999618530273,16.920000076293945,16.989999771118164,16.649999618530273,16.322153091430664
2015-02-11,85700,16.790000915527344,16.68000030517578,16.860000610351562,16.3799991607666,16.090627670288086
2015-02-10,90200,17.110000610351562,16.809999465942383,17.110000610351562,16.559999465942383,16.216035842895508
2015-02-09,98100,17.239999771118164,17.059999465942383,17.450000762939453,16.969999313354492,16.45720100402832
2015-02-06,181100,17.399999618530273,17.25,17.68000030517578,17.059999465942383,16.640487670898438
2015-02-05,113200,17.719999313354492,17.81999969482422,17.899999618530273,17.719999313354492,17.19034767150879
2015-02-04,90300,17.969999313354492,17.709999084472656,18.1200008392334,17.600000381469727,17.084232330322266
2015-02-03,211900,17.329999923706055,18.110000610351562,18.170000076293945,17.329999923706055,17.47010612487793
2015-02-02,133300,16.729999542236328,17.260000228881836,17.299999237060547,16.59000015258789,16.650135040283203
2015-01-30,172600,16.809999465942383,16.649999618530273,16.950000762939453,16.6299991607666,16.061689376831055
2015-01-29,96700,16.479999542236328,16.979999542236328,16.989999771118164,16.420000076293945,16.38002586364746
2015-01-28,154300,16.700000762939453,16.450000762939453,16.790000915527344,16.219999313354492,15.868754386901855
2015-01-27,57600,16.350000381469727,16.540000915527344,16.600000381469727,16.260000228881836,15.95557689666748
2015-01-26,68500,16.31999969482422,16.610000610351562,16.729999542236328,16.25,16.023101806640625
2015-01-23,83800,16.309999465942383,16.3799991607666,16.450000762939453,16.100000381469727,15.801229476928711
2015-01-22,100800,15.970000267028809,16.309999465942383,16.43000030517578,15.670000076293945,15.733705520629883
2015-01-21,147000,15.800000190734863,15.869999885559082,15.899999618530273,15.640000343322754,15.309249877929688
2015-01-20,153300,16.170000076293945,15.869999885559082,16.209999084472656,15.579999923706055,15.309249877929688
2015-01-16,161000,16.06999969482422,16.209999084472656,16.290000915527344,15.880000114440918,15.637234687805176
2015-01-15,127100,16.8700008392334,16.15999984741211,16.8799991607666,16.149999618530273,15.589004516601562
2015-01-14,85000,16.600000381469727,16.780000686645508,16.850000381469727,16.510000228881836,16.187095642089844
2015-01-13,202600,16.969999313354492,16.84000015258789,17.049999237060547,16.440000534057617,16.244976043701172
2015-01-12,168000,16.6200008392334,16.790000915527344,16.84000015258789,16.43000030517578,16.19674301147461
2015-01-09,133900,16.739999771118164,16.6200008392334,16.8700008392334,16.440000534057617,16.03275489807129
2015-01-08,269100,16.610000610351562,16.790000915527344,16.93000030517578,16.489999771118164,16.19674301147461
2015-01-07,118300,16.360000610351562,16.440000534057617,16.450000762939453,16.239999771118164,15.859114646911621
2015-01-06,208000,16.600000381469727,16.299999237060547,16.709999084472656,16.209999084472656,15.724059104919434
2015-01-05,132400,16.75,16.600000381469727,16.81999969482422,16.450000762939453,16.013452529907227
2015-01-02,119300,17.15999984741211,16.8799991607666,17.18000030517578,16.600000381469727,16.28356170654297
2014-12-31,113600,17.389999389648438,17.1200008392334,17.5,17.110000610351562,16.51508331298828
2014-12-30,67700,17.399999618530273,17.299999237060547,17.579999923706055,17.18000030517578,16.688722610473633
2014-12-29,106200,17.25,17.399999618530273,17.600000381469727,17.110000610351562,16.785188674926758
2014-12-26,45300,17.280000686645508,17.420000076293945,17.5,17.149999618530273,16.80448341369629
2014-12-24,73600,17.06999969482422,17.18000030517578,17.260000228881836,16.889999389648438,16.572959899902344
2014-12-23,133100,17.170000076293945,17.1200008392334,17.420000076293945,17.06999969482422,16.51508331298828
2014-12-22,125000,17.170000076293945,17.040000915527344,17.239999771118164,16.799999237060547,16.437904357910156
2014-12-19,647800,16.75,17.1299991607666,17.190000534057617,16.690000534057617,16.524730682373047
2014-12-18,115100,16.639999389648438,16.75,16.81999969482422,16.43000030517578,16.15815544128418
2014-12-17,209300,15.789999961853027,16.399999618530273,16.5,15.640000343322754,15.820524215698242
2014-12-16,166800,15.5600004196167,15.760000228881836,15.989999771118164,15.5600004196167,15.20313549041748
2014-12-15,114700,15.579999923706055,15.5600004196167,15.850000381469727,15.5,15.010205268859863
2014-12-12,153100,15.569999694824219,15.529999732971191,15.770000457763672,15.470000267028809,14.981263160705566
2014-12-11,127900,15.819999694824219,15.84000015258789,16.299999237060547,15.819999694824219,15.28031063079834
2014-12-10,217500,16.229999542236328,15.800000190734863,16.25,15.779999732971191,15.24172306060791
2014-12-09,214000,15.760000228881836,16.34000015258789,16.3700008392334,15.680000305175781,15.762642860412598
2014-12-08,259600,16.25,15.960000038146973,16.34000015258789,15.949999809265137,15.39607048034668
2014-12-05,168100,15.84000015258789,16.299999237060547,16.34000015258789,15.84000015258789,15.724059104919434
2014-12-04,146500,15.619999885559082,15.850000381469727,15.920000076293945,15.529999732971191,15.289955139160156
2014-12-03,231200,15.0600004196167,15.670000076293945,15.720000267028809,15.0600004196167,15.116316795349121
2014-12-02,204300,14.819999694824219,15.119999885559082,15.270000457763672,14.819999694824219,14.585750579833984
2014-12-01,146200,14.420000076293945,14.710000038146973,14.859999656677246,14.350000381469727,14.190237045288086
2014-11-28,96800,14.960000038146973,14.369999885559082,14.960000038146973,14.300000190734863,13.862250328063965
2014-11-26,81700,15.069999694824219,15.029999732971191,15.09000015258789,14.899999618530273,14.498930931091309
2014-11-25,76500,15.020000457763672,15.0600004196167,15.09000015258789,14.890000343322754,14.527870178222656
2014-11-24,178400,14.789999961853027,15.010000228881836,15.039999961853027,14.619999885559082,14.47963809967041
2014-11-21,104800,14.6899995803833,14.720000267028809,14.890000343322754,14.619999885559082,14.199885368347168
2014-11-20,95100,14.130000114440918,14.479999542236328,14.569999694824219,14.130000114440918,13.968362808227539
2014-11-19,68400,14.380000114440918,14.170000076293945,14.380000114440918,13.989999771118164,13.669317245483398
2014-11-18,92000,14.25,14.350000381469727,14.529999732971191,14.220000267028809,13.842957496643066
2014-11-17,97000,14.8100004196167,14.279999732971191,14.90999984741211,14.239999771118164,13.775430679321289
2014-11-14,57600,14.949999809265137,14.899999618530273,15.0,14.850000381469727,14.373523712158203
2014-11-13,50100,15.130000114440918,14.899999618530273,15.329999923706055,14.880000114440918,14.373523712158203
2014-11-12,73000,14.899999618530273,15.170000076293945,15.25,14.8100004196167,14.63398551940918
2014-11-11,108500,15.050000190734863,15.020000457763672,15.109999656677246,14.84000015258789,14.48928451538086
2014-11-10,76700,14.970000267028809,15.109999656677246,15.210000038146973,14.949999809265137,14.576104164123535
2014-11-07,113900,14.829999923706055,14.960000038146973,14.979999542236328,14.829999923706055,14.431405067443848
2014-11-06,179600,14.960000038146973,14.899999618530273,15.050000190734863,14.779999732971191,14.373523712158203
2014-11-05,160200,15.359999656677246,14.979999542236328,15.40999984741211,14.920000076293945,14.392816543579102
2014-11-04,173900,15.130000114440918,15.300000190734863,15.539999961853027,15.130000114440918,14.700275421142578
2014-11-03,196300,15.430000305175781,15.140000343322754,15.550000190734863,15.020000457763672,14.546546936035156
2014-10-31,211400,15.4399995803833,15.359999656677246,15.449999809265137,15.220000267028809,14.757923126220703
2014-10-30,204400,13.84000015258789,15.1899995803833,15.260000228881836,13.84000015258789,14.594587326049805
2014-10-29,109600,15.699999809265137,15.600000381469727,15.75,15.329999923706055,14.98851490020752
2014-10-28,195200,14.850000381469727,15.640000343322754,15.640000343322754,14.760000228881836,15.026947975158691
2014-10-27,118500,14.6899995803833,14.829999923706055,14.850000381469727,14.510000228881836,14.248695373535156
2014-10-24,81900,14.640000343322754,14.720000267028809,14.739999771118164,14.430000305175781,14.1430082321167
2014-10-23,105800,14.489999771118164,14.59000015258789,14.789999961853027,14.390000343322754,14.018105506896973
2014-10-22,140500,14.529999732971191,14.369999885559082,14.579999923706055,14.319999694824219,13.806727409362793
2014-10-21,126700,14.180000305175781,14.449999809265137,14.449999809265137,14.130000114440918,13.883590698242188
2014-10-20,135500,13.850000381469727,14.140000343322754,14.15999984741211,13.850000381469727,13.58574390411377
2014-10-17,295400,14.0,13.930000305175781,14.149999618530273,13.84000015258789,13.3839750289917
2014-10-16,284200,13.470000267028809,13.850000381469727,14.100000381469727,13.420000076293945,13.307109832763672
2014-10-15,235400,13.050000190734863,13.739999771118164,13.829999923706055,12.989999771118164,13.201423645019531
2014-10-14,166900,13.25,13.25,13.670000076293945,13.15999984741211,12.730630874633789
2014-10-13,156700,13.0,13.149999618530273,13.260000228881836,12.979999542236328,12.634552001953125
2014-10-10,159300,12.699999809265137,12.989999771118164,13.09000015258789,12.630000114440918,12.480817794799805
2014-10-09,113000,13.029999732971191,12.8100004196167,13.029999732971191,12.760000228881836,12.307878494262695
2014-10-08,140100,12.90999984741211,13.069999694824219,13.239999771118164,12.819999694824219,12.557683944702148
2014-10-07,102400,13.09000015258789,12.979999542236328,13.1899995803833,12.9399995803833,12.471213340759277
2014-10-06,120100,13.5,13.229999542236328,13.619999885559082,13.1899995803833,12.711413383483887
2014-10-03,125800,13.65999984741211,13.489999771118164,13.819999694824219,13.479999542236328,12.961223602294922
2014-10-02,147500,13.399999618530273,13.550000190734863,13.640000343322754,13.350000381469727,13.018871307373047
2014-10-01,147400,13.489999771118164,13.399999618530273,13.59000015258789,13.199999809265137,12.874750137329102
2014-09-30,146200,13.850000381469727,13.550000190734863,13.949999809265137,13.550000190734863,13.018871307373047
2014-09-29,91800,13.779999732971191,13.869999885559082,13.989999771118164,13.779999732971191,13.326327323913574
2014-09-26,97400,13.800000190734863,13.9399995803833,13.989999771118164,13.800000190734863,13.393582344055176
2014-09-25,110300,13.90999984741211,13.779999732971191,14.010000228881836,13.710000038146973,13.23985481262207
2014-09-24,155900,14.130000114440918,13.970000267028809,14.220000267028809,13.859999656677246,13.422406196594238
2014-09-23,111100,14.300000190734863,14.140000343322754,14.40999984741211,14.0600004196167,13.58574390411377
2014-09-22,110700,14.5600004196167,14.380000114440918,14.5600004196167,14.34000015258789,13.816338539123535
2014-09-19,251400,14.729999542236328,14.609999656677246,14.880000114440918,14.539999961853027,14.037320137023926
2014-09-18,121700,14.579999923706055,14.670000076293945,14.779999732971191,14.579999923706055,14.094968795776367
2014-09-17,187500,14.569999694824219,14.550000190734863,14.779999732971191,14.380000114440918,13.979671478271484
2014-09-16,117600,14.6899995803833,14.600000381469727,14.789999961853027,14.5600004196167,14.02771282196045
2014-09-15,83900,14.930000305175781,14.760000228881836,14.930000305175781,14.600000381469727,14.181442260742188
2014-09-12,98900,15.020000457763672,14.989999771118164,15.079999923706055,14.890000343322754,14.402425765991211
2014-09-11,86600,14.819999694824219,15.0,15.09000015258789,14.819999694824219,14.412034034729004
2014-09-10,154000,14.699999809265137,14.90999984741211,14.960000038146973,14.609999656677246,14.325559616088867
2014-09-09,109700,14.829999923706055,14.739999771118164,14.949999809265137,14.710000038146973,14.162225723266602
2014-09-08,118500,14.819999694824219,14.920000076293945,15.109999656677246,14.770000457763672,14.335169792175293
2014-09-05,152700,14.869999885559082,14.859999656677246,15.039999961853027,14.670000076293945,14.277522087097168
2014-09-04,161100,15.09000015258789,14.899999618530273,15.300000190734863,14.829999923706055,14.31595230102539
2014-09-03,115000,15.4399995803833,15.100000381469727,15.529999732971191,15.0,14.508113861083984
2014-09-02,86800,15.289999961853027,15.319999694824219,15.390000343322754,15.09000015258789,14.719488143920898
2014-08-29,55200,15.069999694824219,15.199999809265137,15.229999542236328,14.949999809265137,14.604192733764648
2014-08-28,50000,15.149999618530273,15.069999694824219,15.170000076293945,14.850000381469727,14.479289054870605
2014-08-27,63400,15.229999542236328,15.1899995803833,15.300000190734863,15.100000381469727,14.594587326049805
2014-08-26,133700,15.119999885559082,15.239999771118164,15.380000114440918,15.050000190734863,14.642627716064453
2014-08-25,50200,15.239999771118164,15.119999885559082,15.329999923706055,15.029999732971191,14.52733039855957
2014-08-22,76100,15.09000015258789,15.15999984741211,15.239999771118164,14.90999984741211,14.565762519836426
2014-08-21,111700,14.869999885559082,15.149999618530273,15.220000267028809,14.75,14.556153297424316
2014-08-20,108000,14.960000038146973,14.890000343322754,15.130000114440918,14.8100004196167,14.306344985961914
2014-08-19,83800,15.180000305175781,14.960000038146973,15.220000267028809,14.930000305175781,14.373601913452148
2014-08-18,123100,14.84000015258789,15.100000381469727,15.100000381469727,14.75,14.508113861083984
2014-08-15,151800,14.930000305175781,14.649999618530273,15.0,14.449999809265137,14.075753211975098
2014-08-14,72000,14.680000305175781,14.75,14.859999656677246,14.640000343322754,14.171833992004395
2014-08-13,68300,14.75,14.699999809265137,14.960000038146973,14.6899995803833,14.123794555664062
2014-08-12,178500,14.729999542236328,14.710000038146973,14.9399995803833,14.579999923706055,14.133401870727539
2014-08-11,89600,14.859999656677246,14.84000015258789,15.050000190734863,14.75,14.258305549621582
2014-08-08,258100,14.510000228881836,14.789999961853027,14.970000267028809,14.510000228881836,14.210265159606934
2014-08-07,289900,14.619999885559082,14.59000015258789,14.760000228881836,14.5,13.965261459350586
2014-08-06,219300,14.600000381469727,14.649999618530273,14.760000228881836,14.59000015258789,14.022690773010254
2014-08-05,190000,14.3100004196167,14.630000114440918,14.739999771118164,14.3100004196167,14.003549575805664
2014-08-04,200100,14.329999923706055,14.4399995803833,14.489999771118164,14.220000267028809,13.821682929992676
2014-08-01,241300,14.819999694824219,14.3100004196167,14.829999923706055,14.25,13.697250366210938
2014-07-31,652700,14.630000114440918,14.899999618530273,15.079999923706055,13.279999732971191,14.26198673248291
2014-07-30,144900,15.6899995803833,15.65999984741211,15.770000457763672,15.520000457763672,14.989444732666016
2014-07-29,122600,15.510000228881836,15.609999656677246,15.739999771118164,15.510000228881836,14.941583633422852
2014-07-28,121400,15.510000228881836,15.5,15.529999732971191,15.279999732971191,14.836295127868652
2014-07-25,128600,15.5600004196167,15.520000457763672,15.670000076293945,15.479999542236328,14.855439186096191
2014-07-24,116600,15.9399995803833,15.729999542236328,15.960000038146973,15.680000305175781,15.05644416809082
2014-07-23,105800,15.880000114440918,15.979999542236328,16.110000610351562,15.800000190734863,15.295741081237793
2014-07-22,73100,15.819999694824219,15.850000381469727,16.06999969482422,15.819999694824219,15.171308517456055
2014-07-21,125800,15.739999771118164,15.75,15.859999656677246,15.609999656677246,15.075589179992676
2014-07-18,140900,15.5,15.880000114440918,15.90999984741211,15.5,15.200023651123047
2014-07-17,128600,15.449999809265137,15.489999771118164,15.619999885559082,15.449999809265137,14.8267240524292
2014-07-16,129600,15.579999923706055,15.630000114440918,15.710000038146973,15.329999923706055,14.960728645324707
2014-07-15,108500,15.720000267028809,15.550000190734863,15.90999984741211,15.420000076293945,14.884154319763184
2014-07-14,63300,15.779999732971191,15.770000457763672,15.90999984741211,15.729999542236328,15.094732284545898
2014-07-11,99600,15.510000228881836,15.550000190734863,15.649999618530273,15.369999885559082,14.884154319763184
2014-07-10,113500,15.619999885559082,15.550000190734863,15.739999771118164,15.460000038146973,14.884154319763184
2014-07-09,146700,15.970000267028809,15.960000038146973,16.270000457763672,15.930000305175781,15.276598930358887
2014-07-08,240100,15.880000114440918,15.899999618530273,15.960000038146973,15.6899995803833,15.219167709350586
2014-07-07,142300,16.299999237060547,15.970000267028809,16.299999237060547,15.880000114440918,15.286171913146973
2014-07-03,60200,16.209999084472656,16.329999923706055,16.459999084472656,16.190000534057617,15.630752563476562
2014-07-02,115700,16.329999923706055,16.18000030517578,16.479999542236328,16.15999984741211,15.487177848815918
2014-07-01,223500,15.90999984741211,16.3799991607666,16.600000381469727,15.899999618530273,15.678614616394043
2014-06-30,140900,15.850000381469727,15.800000190734863,15.920000076293945,15.649999618530273,15.123448371887207
2014-06-27,210600,15.520000457763672,15.90999984741211,16.0,15.479999542236328,15.228739738464355
2014-06-26,101900,15.600000381469727,15.609999656677246,15.670000076293945,15.279999732971191,14.941583633422852
2014-06-25,87200,15.420000076293945,15.539999961853027,15.569999694824219,15.1899995803833,14.874585151672363
2014-06-24,144000,15.6899995803833,15.470000267028809,15.880000114440918,15.430000305175781,14.807580947875977
2014-06-23,88600,15.979999542236328,15.739999771118164,15.979999542236328,15.569999694824219,15.066018104553223
2014-06-20,243300,15.9399995803833,15.970000267028809,16.079999923706055,15.890000343322754,15.286171913146973
2014-06-19,84100,15.989999771118164,15.960000038146973,16.110000610351562,15.720000267028809,15.276598930358887
2014-06-18,85400,15.930000305175781,16.0,16.010000228881836,15.739999771118164,15.314886093139648
2014-06-17,139700,15.800000190734863,15.930000305175781,16.15999984741211,15.760000228881836,15.247882843017578
2014-06-16,83600,15.979999542236328,15.880000114440918,15.989999771118164,15.579999923706055,15.200023651123047
2014-06-13,133000,16.229999542236328,15.9399995803833,16.229999542236328,15.930000305175781,15.257454872131348
2014-06-12,81100,16.579999923706055,16.229999542236328,16.579999923706055,16.149999618530273,15.535036087036133
2014-06-11,163800,17.020000457763672,16.610000610351562,17.040000915527344,16.469999313354492,15.89876651763916
2014-06-10,107300,17.010000228881836,17.139999389648438,17.229999542236328,16.950000762939453,16.40607452392578
2014-06-09,185800,16.579999923706055,17.139999389648438,17.190000534057617,16.559999465942383,16.40607452392578
2014-06-06,152700,16.43000030517578,16.6299991607666,16.719999313354492,16.260000228881836,15.917903900146484
2014-06-05,158600,15.710000038146973,16.280000686645508,16.290000915527344,15.640000343322754,15.582898139953613
2014-06-04,115600,15.770000457763672,15.710000038146973,15.930000305175781,15.600000381469727,15.037301063537598
2014-06-03,134100,15.989999771118164,15.770000457763672,16.15999984741211,15.649999618530273,15.094732284545898
2014-06-02,129700,16.43000030517578,16.010000228881836,16.479999542236328,15.920000076293945,15.324456214904785
2014-05-30,273400,16.09000015258789,16.5,16.530000686645508,16.079999923706055,15.793477058410645
2014-05-29,57600,15.890000343322754,15.869999885559082,15.890000343322754,15.680000305175781,15.190452575683594
2014-05-28,157800,16.18000030517578,15.779999732971191,16.260000228881836,15.75,15.104305267333984
2014-05-27,81700,15.979999542236328,16.260000228881836,16.3799991607666,15.899999618530273,15.563754081726074
2014-05-23,101100,15.479999542236328,15.899999618530273,15.90999984741211,15.470000267028809,15.219167709350586
2014-05-22,85300,15.539999961853027,15.520000457763672,15.649999618530273,15.449999809265137,14.855439186096191
2014-05-21,146100,15.640000343322754,15.539999961853027,15.760000228881836,15.449999809265137,14.874585151672363
2014-05-20,321500,15.630000114440918,15.609999656677246,15.770000457763672,15.420000076293945,14.941583633422852
2014-05-19,109800,15.609999656677246,15.710000038146973,16.010000228881836,15.520000457763672,15.037301063537598
2014-05-16,125500,15.289999961853027,15.579999923706055,15.600000381469727,15.210000038146973,14.912870407104492
2014-05-15,184300,15.449999809265137,15.329999923706055,15.449999809265137,15.010000228881836,14.673574447631836
2014-05-14,273800,15.880000114440918,15.569999694824219,15.880000114440918,15.5,14.903298377990723
2014-05-13,350400,16.209999084472656,15.960000038146973,16.270000457763672,15.829999923706055,15.276598930358887
2014-05-12,294500,15.380000114440918,16.260000228881836,16.260000228881836,15.279999732971191,15.563754081726074
2014-05-09,93400,14.890000343322754,15.220000267028809,15.229999542236328,14.859999656677246,14.568284034729004
2014-05-08,179800,15.300000190734863,15.010000228881836,15.539999961853027,14.979999542236328,14.367277145385742
2014-05-07,159900,15.270000457763672,15.390000343322754,15.399999618530273,15.100000381469727,14.678360939025879
2014-05-06,283800,15.300000190734863,15.300000190734863,15.529999732971191,15.109999656677246,14.592521667480469
2014-05-05,181700,15.609999656677246,15.279999732971191,15.710000038146973,14.979999542236328,14.573444366455078
2014-05-02,274300,14.960000038146973,15.789999961853027,16.049999237060547,14.920000076293945,15.059864044189453
2014-05-01,441100,14.239999771118164,14.90999984741211,15.1899995803833,14.039999961853027,14.220553398132324
2014-04-30,172800,14.989999771118164,15.0,15.079999923706055,14.609999656677246,14.306392669677734
2014-04-29,115600,15.15999984741211,14.979999542236328,15.239999771118164,14.890000343322754,14.28731632232666
2014-04-28,244200,15.479999542236328,15.119999885559082,15.600000381469727,14.9399995803833,14.420844078063965
2014-04-25,200800,15.640000343322754,15.479999542236328,15.640000343322754,15.420000076293945,14.764198303222656
2014-04-24,174700,15.869999885559082,15.649999618530273,15.869999885559082,15.539999961853027,14.926336288452148
2014-04-23,234100,15.770000457763672,15.720000267028809,15.989999771118164,15.6899995803833,14.993101119995117
2014-04-22,335800,15.529999732971191,15.84000015258789,15.890000343322754,15.369999885559082,15.107552528381348
2014-04-21,303100,15.569999694824219,15.4399995803833,15.930000305175781,15.210000038146973,14.72604751586914
2014-04-17,229800,14.640000343322754,14.890000343322754,14.960000038146973,14.569999694824219,14.2014799118042
2014-04-16,94100,14.739999771118164,14.65999984741211,14.84000015258789,14.619999885559082,13.982115745544434
2014-04-15,137400,14.75,14.609999656677246,14.779999732971191,14.380000114440918,13.93442440032959
2014-04-14,253800,14.90999984741211,14.729999542236328,15.0,14.65999984741211,14.048877716064453
2014-04-11,245800,14.859999656677246,14.789999961853027,15.050000190734863,14.680000305175781,14.106103897094727
2014-04-10,205400,15.4399995803833,15.029999732971191,15.579999923706055,14.9399995803833,14.335005760192871
2014-04-09,298800,15.270000457763672,15.399999618530273,15.5,15.170000076293945,14.687896728515625
2014-04-08,175700,15.0600004196167,15.140000343322754,15.220000267028809,15.039999961853027,14.439922332763672
2014-04-07,263900,15.270000457763672,15.100000381469727,15.34000015258789,14.789999961853027,14.401769638061523
2014-04-04,369700,15.699999809265137,15.25,15.979999542236328,15.239999771118164,14.544833183288574
2014-04-03,319000,15.369999885559082,15.600000381469727,15.729999542236328,15.300000190734863,14.878647804260254
2014-04-02,177700,15.350000381469727,15.319999694824219,15.460000038146973,15.229999542236328,14.611595153808594
2014-04-01,182100,15.270000457763672,15.359999656677246,15.390000343322754,15.260000228881836,14.649746894836426
2014-03-31,264100,15.380000114440918,15.239999771118164,15.470000267028809,15.229999542236328,14.535296440124512
2014-03-28,151600,15.470000267028809,15.329999923706055,15.5600004196167,15.210000038146973,14.621133804321289
2014-03-27,137200,15.670000076293945,15.390000343322754,15.789999961853027,15.380000114440918,14.678360939025879
2014-03-26,156600,16.190000534057617,15.680000305175781,16.200000762939453,15.680000305175781,14.954951286315918
2014-03-25,163100,16.110000610351562,16.030000686645508,16.209999084472656,15.949999809265137,15.288765907287598
2014-03-24,228300,16.350000381469727,15.949999809265137,16.459999084472656,15.819999694824219,15.212465286254883
2014-03-21,221500,16.25,16.299999237060547,16.540000915527344,16.219999313354492,15.546280860900879
2014-03-20,170900,16.190000534057617,16.219999313354492,16.299999237060547,16.079999923706055,15.469979286193848
2014-03-19,320200,16.139999389648438,16.149999618530273,16.200000762939453,16.010000228881836,15.403215408325195
2014-03-18,465800,16.100000381469727,16.139999389648438,16.200000762939453,16.020000457763672,15.393677711486816
2014-03-17,275100,16.65999984741211,16.059999465942383,16.65999984741211,16.010000228881836,15.317378044128418
2014-03-14,119900,16.40999984741211,16.540000915527344,16.639999389648438,16.309999465942383,15.775186538696289
2014-03-13,170700,16.639999389648438,16.450000762939453,16.639999389648438,16.3799991607666,15.689345359802246
2014-03-12,185800,16.399999618530273,16.530000686645508,16.549999237060547,16.079999923706055,15.765645980834961
2014-03-11,394100,16.860000610351562,16.459999084472656,16.860000610351562,16.229999542236328,15.698883056640625
2014-03-10,149000,17.049999237060547,16.860000610351562,17.239999771118164,16.81999969482422,16.08038330078125
2014-03-07,203600,16.969999313354492,17.030000686645508,17.09000015258789,16.770000457763672,16.24252700805664
2014-03-06,215200,16.649999618530273,16.81999969482422,16.940000534057617,16.610000610351562,16.042234420776367
2014-03-05,234200,16.6200008392334,16.610000610351562,16.719999313354492,16.5,15.789485931396484
2014-03-04,867500,16.25,16.610000610351562,16.68000030517578,16.209999084472656,15.789485931396484
2014-03-03,383900,16.190000534057617,16.010000228881836,16.200000762939453,15.850000381469727,15.219127655029297
2014-02-28,721300,16.899999618530273,16.43000030517578,17.0,16.030000686645508,15.61838436126709
2014-02-27,212500,16.540000915527344,16.93000030517578,16.950000762939453,16.399999618530273,16.09368133544922
2014-02-26,199600,16.540000915527344,16.56999969482422,16.8799991607666,16.420000076293945,15.751466751098633
2014-02-25,192900,16.739999771118164,16.5,16.739999771118164,16.440000534057617,15.684925079345703
2014-02-24,195100,16.510000228881836,16.700000762939453,16.799999237060547,16.43000030517578,15.875041961669922
2014-02-21,235700,16.450000762939453,16.540000915527344,16.559999465942383,16.309999465942383,15.722946166992188
2014-02-20,119800,16.139999389648438,16.3700008392334,16.5,16.06999969482422,15.561345100402832
2014-02-19,137600,16.18000030517578,16.079999923706055,16.440000534057617,16.010000228881836,15.285670280456543
2014-02-18,304100,15.859999656677246,16.200000762939453,16.290000915527344,15.760000228881836,15.399741172790527
2014-02-14,139000,15.880000114440918,15.859999656677246,15.949999809265137,15.4399995803833,15.076536178588867
2014-02-13,166700,15.390000343322754,15.890000343322754,15.90999984741211,15.390000343322754,15.105057716369629
2014-02-12,235100,15.630000114440918,15.579999923706055,15.65999984741211,15.5,14.810370445251465
2014-02-11,391400,16.190000534057617,15.5600004196167,16.190000534057617,15.449999809265137,14.79135799407959
2014-02-10,204500,16.600000381469727,16.209999084472656,16.600000381469727,16.149999618530273,15.409247398376465
2014-02-07,176800,16.5,16.600000381469727,16.649999618530273,16.280000686645508,15.779985427856445
2014-02-06,184700,16.280000686645508,16.440000534057617,16.68000030517578,16.280000686645508,15.627886772155762
2014-02-05,189600,16.239999771118164,16.25,16.3700008392334,15.920000076293945,15.447273254394531
2014-02-04,208700,16.450000762939453,16.290000915527344,16.600000381469727,16.09000015258789,15.485299110412598
2014-02-03,202900,17.030000686645508,16.40999984741211,17.030000686645508,16.079999923706055,15.599367141723633
2014-01-31,244000,17.079999923706055,17.040000915527344,17.260000228881836,16.979999542236328,16.198246002197266
2014-01-30,159600,17.5,17.469999313354492,17.670000076293945,17.139999389648438,16.607011795043945
2014-01-29,167000,17.700000762939453,17.399999618530273,17.799999237060547,17.299999237060547,16.540462493896484
2014-01-28,149500,18.139999389648438,17.959999084472656,18.3799991607666,17.860000610351562,17.072799682617188
2014-01-27,138100,18.520000457763672,18.139999389648438,18.540000915527344,17.809999465942383,17.24390983581543
2014-01-24,135600,19.15999984741211,18.530000686645508,19.229999542236328,18.360000610351562,17.614641189575195
2014-01-23,179300,19.559999465942383,19.329999923706055,19.6200008392334,19.219999313354492,18.3751277923584
2014-01-22,122400,19.389999389648438,19.6200008392334,19.690000534057617,19.290000915527344,18.650800704956055
2014-01-21,167500,19.299999237060547,19.420000076293945,19.469999313354492,19.030000686645508,18.46068000793457
2014-01-17,123300,19.139999389648438,19.1200008392334,19.3700008392334,18.989999771118164,18.17549705505371
2014-01-16,390000,18.780000686645508,19.139999389648438,19.15999984741211,18.719999313354492,18.19451332092285
2014-01-15,194800,18.739999771118164,18.760000228881836,19.0,18.6200008392334,17.833288192749023
2014-01-14,194900,18.440000534057617,18.670000076293945,18.790000915527344,18.399999618530273,17.74772834777832
2014-01-13,330100,18.809999465942383,18.270000457763672,18.81999969482422,17.969999313354492,17.367483139038086
2014-01-10,257900,18.950000762939453,18.950000762939453,19.100000381469727,18.780000686645508,18.013898849487305
2014-01-09,302400,18.899999618530273,18.959999084472656,19.200000762939453,18.739999771118164,18.023399353027344
2014-01-08,274400,18.8799991607666,18.780000686645508,19.0,18.709999084472656,17.852293014526367
2014-01-07,211500,18.760000228881836,18.850000381469727,19.06999969482422,18.6200008392334,17.918834686279297
2014-01-06,214500,19.030000686645508,18.649999618530273,19.030000686645508,18.639999389648438,17.728715896606445
2014-01-03,161400,19.1299991607666,18.93000030517578,19.1299991607666,18.799999237060547,17.994884490966797
2014-01-02,137200,19.40999984741211,19.100000381469727,19.469999313354492,18.989999771118164,18.156490325927734
2013-12-31,221200,19.440000534057617,19.389999389648438,19.520000457763672,19.34000015258789,18.432161331176758
2013-12-30,128500,19.239999771118164,19.34000015258789,19.520000457763672,19.229999542236328,18.384632110595703
2013-12-27,144400,19.690000534057617,19.309999465942383,19.690000534057617,19.190000534057617,18.356115341186523
2013-12-26,150200,19.43000030517578,19.600000381469727,19.75,19.350000381469727,18.631792068481445
2013-12-24,126400,19.450000762939453,19.329999923706055,19.510000228881836,19.299999237060547,18.3751277923584
2013-12-23,236100,18.700000762939453,19.459999084472656,19.59000015258789,18.649999618530273,18.49870491027832
2013-12-20,786200,18.670000076293945,18.59000015258789,18.799999237060547,18.5,17.67168426513672
2013-12-19,245900,18.889999389648438,18.65999984741211,18.969999313354492,18.540000915527344,17.738222122192383
2013-12-18,310200,18.940000534057617,18.8700008392334,18.950000762939453,18.520000457763672,17.937849044799805
2013-12-17,314700,19.110000610351562,18.860000610351562,19.149999618530273,18.84000015258789,17.928340911865234
2013-12-16,345600,18.93000030517578,19.059999465942383,19.139999389648438,18.920000076293945,18.11846160888672
2013-12-13,194300,19.100000381469727,18.8799991607666,19.200000762939453,18.81999969482422,17.94735336303711
2013-12-12,342500,19.239999771118164,18.979999542236328,19.260000228881836,18.84000015258789,18.042415618896484
2013-12-11,286300,19.989999771118164,19.260000228881836,20.010000228881836,19.020000457763672,18.308584213256836
2013-12-10,268800,20.139999389648438,20.0,20.450000762939453,19.989999771118164,19.01202392578125
2013-12-09,156300,20.149999618530273,20.110000610351562,20.190000534057617,19.899999618530273,19.116596221923828
2013-12-06,291000,20.360000610351562,20.06999969482422,20.360000610351562,20.040000915527344,19.078567504882812
2013-12-05,264000,20.010000228881836,20.149999618530273,20.299999237060547,19.940000534057617,19.15461540222168
2013-12-04,378200,20.290000915527344,19.940000534057617,20.389999389648438,19.850000381469727,18.95499038696289
2013-12-03,431900,20.229999542236328,20.309999465942383,20.559999465942383,20.059999465942383,19.306716918945312
2013-12-02,210400,20.40999984741211,20.219999313354492,20.530000686645508,19.940000534057617,19.221158981323242
2013-11-29,132500,20.5,20.5,20.719999313354492,20.450000762939453,19.487329483032227
2013-11-27,265600,20.229999542236328,20.43000030517578,20.809999465942383,20.229999542236328,19.420785903930664
2013-11-26,352600,19.760000228881836,20.139999389648438,20.25,19.600000381469727,19.14511489868164
2013-11-25,320400,20.209999084472656,19.770000457763672,20.350000381469727,19.56999969482422,18.79339599609375
2013-11-22,333700,20.709999084472656,20.5,20.920000076293945,20.479999542236328,19.487329483032227
2013-11-21,552100,19.559999465942383,20.579999923706055,20.950000762939453,19.530000686645508,19.563377380371094
2013-11-20,132800,19.700000762939453,19.40999984741211,19.75,19.309999465942383,18.451173782348633
2013-11-19,80400,19.760000228881836,19.6299991607666,20.0,19.540000915527344,18.66030502319336
2013-11-18,232700,19.8700008392334,19.790000915527344,20.18000030517578,19.600000381469727,18.812408447265625
2013-11-15,114600,19.8700008392334,19.729999542236328,19.940000534057617,19.649999618530273,18.755369186401367
2013-11-14,155300,19.969999313354492,19.90999984741211,20.1200008392334,19.719999313354492,18.926469802856445
2013-11-13,150400,20.059999465942383,19.93000030517578,20.059999465942383,19.729999542236328,18.945484161376953
2013-11-12,392800,19.639999389648438,20.239999771118164,20.34000015258789,19.59000015258789,19.240175247192383
2013-11-11,237000,19.850000381469727,19.649999618530273,19.950000762939453,19.6299991607666,18.679319381713867
2013-11-08,225000,19.610000610351562,19.850000381469727,20.030000686645508,19.5,18.86944007873535
2013-11-07,269300,20.139999389648438,19.6200008392334,20.299999237060547,19.600000381469727,18.650800704956055
2013-11-06,380700,20.0,19.950000762939453,20.149999618530273,19.639999389648438,18.96449851989746
2013-11-05,325200,19.700000762939453,19.969999313354492,20.0,19.389999389648438,18.93122673034668
2013-11-04,400400,19.110000610351562,19.75,19.8700008392334,19.110000610351562,18.722673416137695
2013-11-01,298200,18.5,18.90999984741211,19.09000015258789,18.260000228881836,17.92636489868164
2013-10-31,368800,19.440000534057617,18.6299991607666,19.799999237060547,18.6200008392334,17.660926818847656
2013-10-30,199400,18.600000381469727,18.34000015258789,18.610000610351562,18.190000534057617,17.386016845703125
2013-10-29,164600,18.540000915527344,18.530000686645508,18.649999618530273,18.360000610351562,17.56612777709961
2013-10-28,118600,18.450000762939453,18.469999313354492,18.469999313354492,18.309999465942383,17.509252548217773
2013-10-25,70100,18.600000381469727,18.469999313354492,18.649999618530273,18.34000015258789,17.509252548217773
2013-10-24,160500,18.56999969482422,18.530000686645508,18.610000610351562,18.290000915527344,17.56612777709961
2013-10-23,107800,18.25,18.469999313354492,18.729999542236328,18.25,17.509252548217773
2013-10-22,107500,18.049999237060547,18.350000381469727,18.43000030517578,18.049999237060547,17.395496368408203
2013-10-21,94600,17.950000762939453,18.040000915527344,18.049999237060547,17.809999465942383,17.101621627807617
2013-10-18,172300,17.690000534057617,17.84000015258789,17.850000381469727,17.440000534057617,16.912023544311523
2013-10-17,186000,17.100000381469727,17.479999542236328,17.479999542236328,17.100000381469727,16.570751190185547
2013-10-16,100900,17.200000762939453,17.15999984741211,17.209999084472656,17.0,16.267393112182617
2013-10-15,94200,17.399999618530273,17.09000015258789,17.399999618530273,17.020000457763672,16.201034545898438
2013-10-14,67100,17.290000915527344,17.520000457763672,17.59000015258789,17.290000915527344,16.608665466308594
2013-10-11,109100,16.6299991607666,17.3799991607666,17.459999084472656,16.610000610351562,16.475950241088867
2013-10-10,110700,16.59000015258789,16.760000228881836,16.799999237060547,16.59000015258789,15.888202667236328
2013-10-09,202800,16.25,16.290000915527344,16.610000610351562,16.040000915527344,15.442649841308594
2013-10-08,87400,16.440000534057617,16.15999984741211,16.530000686645508,16.059999465942383,15.31941032409668
2013-10-07,63900,16.6200008392334,16.399999618530273,16.65999984741211,16.350000381469727,15.546928405761719
2013-10-04,40000,16.600000381469727,16.81999969482422,16.989999771118164,16.530000686645508,15.945077896118164
2013-10-03,93200,16.81999969482422,16.639999389648438,16.81999969482422,16.309999465942383,15.774443626403809
2013-10-02,106000,17.18000030517578,16.81999969482422,17.350000381469727,16.719999313354492,15.945077896118164
2013-10-01,293900,16.790000915527344,17.34000015258789,17.360000610351562,16.760000228881836,16.438026428222656
2013-09-30,150800,16.59000015258789,16.809999465942383,16.90999984741211,16.489999771118164,15.935601234436035
2013-09-27,55200,16.809999465942383,16.81999969482422,16.969999313354492,16.799999237060547,15.945077896118164
2013-09-26,84000,17.049999237060547,16.979999542236328,17.100000381469727,16.709999084472656,16.09675407409668
2013-09-25,74900,16.809999465942383,16.969999313354492,17.100000381469727,16.610000610351562,16.0872745513916
2013-09-24,88900,16.739999771118164,16.729999542236328,16.959999084472656,16.469999313354492,15.859757423400879
2013-09-23,107200,16.700000762939453,16.709999084472656,16.770000457763672,16.450000762939453,15.840802192687988
2013-09-20,290600,16.56999969482422,16.700000762939453,16.739999771118164,16.440000534057617,15.831320762634277
2013-09-19,129500,16.549999237060547,16.6200008392334,16.690000534057617,16.450000762939453,15.755484580993652
2013-09-18,105700,16.15999984741211,16.469999313354492,16.770000457763672,16.079999923706055,15.613283157348633
2013-09-17,81100,16.079999923706055,16.170000076293945,16.239999771118164,16.079999923706055,15.328889846801758
2013-09-16,95200,16.219999313354492,16.079999923706055,16.299999237060547,15.949999809265137,15.243572235107422
2013-09-13,49800,15.880000114440918,16.040000915527344,16.1299991607666,15.770000457763672,15.205652236938477
2013-09-12,56900,15.9399995803833,15.779999732971191,16.1200008392334,15.75,14.959177017211914
2013-09-11,147700,15.890000343322754,15.989999771118164,16.139999389648438,15.859999656677246,15.15825080871582
2013-09-10,89700,16.1299991607666,15.970000267028809,16.15999984741211,15.850000381469727,15.13929557800293
2013-09-09,93500,15.75,15.949999809265137,16.040000915527344,15.729999542236328,15.120335578918457
2013-09-06,220200,15.4399995803833,15.6899995803833,15.729999542236328,15.220000267028809,14.873859405517578
2013-09-05,89000,15.210000038146973,15.279999732971191,15.449999809265137,15.210000038146973,14.485185623168945
2013-09-04,190600,15.430000305175781,15.199999809265137,15.539999961853027,15.149999618530273,14.409347534179688
2013-09-03,116900,15.399999618530273,15.420000076293945,15.649999618530273,15.229999542236328,14.617900848388672
2013-08-30,126400,15.529999732971191,15.100000381469727,15.609999656677246,15.010000228881836,14.314547538757324
2013-08-29,52700,15.449999809265137,15.59000015258789,15.779999732971191,15.40999984741211,14.779061317443848
2013-08-28,91600,15.649999618530273,15.4399995803833,15.680000305175781,15.4399995803833,14.636860847473145
2013-08-27,85600,15.899999618530273,15.619999885559082,16.030000686645508,15.59000015258789,14.807497024536133
2013-08-26,70800,16.510000228881836,16.190000534057617,16.510000228881836,16.059999465942383,15.347853660583496
2013-08-23,73800,16.510000228881836,16.459999084472656,16.56999969482422,16.290000915527344,15.603803634643555
2013-08-22,111200,16.239999771118164,16.479999542236328,16.540000915527344,16.239999771118164,15.622766494750977
2013-08-21,47500,16.139999389648438,16.200000762939453,16.350000381469727,16.030000686645508,15.357328414916992
2013-08-20,184700,15.710000038146973,16.25,16.309999465942383,15.710000038146973,15.404732704162598
2013-08-19,170300,15.850000381469727,15.729999542236328,16.25,15.670000076293945,14.911775588989258
2013-08-16,129300,15.75,15.829999923706055,16.1299991607666,15.6899995803833,15.006574630737305
2013-08-15,90700,15.880000114440918,15.899999618530273,16.219999313354492,15.779999732971191,15.072935104370117
2013-08-14,107200,16.43000030517578,16.270000457763672,16.459999084472656,16.229999542236328,15.423689842224121
2013-08-13,100800,16.190000534057617,16.360000610351562,16.420000076293945,15.930000305175781,15.509007453918457
2013-08-12,116500,16.010000228881836,16.1200008392334,16.260000228881836,15.960000038146973,15.281493186950684
2013-08-09,89300,15.970000267028809,16.09000015258789,16.110000610351562,15.649999618530273,15.253050804138184
2013-08-08,188000,16.309999465942383,16.0,16.309999465942383,15.890000343322754,15.167733192443848
2013-08-07,187600,16.09000015258789,16.139999389648438,16.229999542236328,15.760000228881836,15.248311996459961
2013-08-06,118100,16.260000228881836,16.1299991607666,16.260000228881836,15.989999771118164,15.238862991333008
2013-08-05,189200,16.31999969482422,16.389999389648438,16.399999618530273,16.079999923706055,15.484498023986816
2013-08-02,165300,16.15999984741211,16.309999465942383,16.389999389648438,16.049999237060547,15.408923149108887
2013-08-01,223400,15.829999923706055,16.209999084472656,17.219999313354492,15.829999923706055,15.314443588256836
2013-07-31,137700,15.550000190734863,15.449999809265137,15.619999885559082,15.260000228881836,14.596431732177734
2013-07-30,104500,15.539999961853027,15.470000267028809,15.539999961853027,15.199999809265137,14.615325927734375
2013-07-29,60900,15.970000267028809,15.380000114440918,16.049999237060547,15.350000381469727,14.530303001403809
2013-07-26,89000,15.899999618530273,15.979999542236328,16.1200008392334,15.84000015258789,15.097152709960938
2013-07-25,129900,15.75,16.110000610351562,16.1299991607666,15.75,15.219971656799316
2013-07-24,106600,16.18000030517578,15.800000190734863,16.299999237060547,15.789999961853027,14.927094459533691
2013-07-23,150700,16.5,16.09000015258789,16.579999923706055,16.049999237060547,15.201072692871094
2013-07-22,115200,16.260000228881836,16.360000610351562,16.440000534057617,16.15999984741211,15.456158638000488
2013-07-19,176700,16.1299991607666,16.190000534057617,16.229999542236328,15.989999771118164,15.295550346374512
2013-07-18,188700,15.970000267028809,16.1299991607666,16.34000015258789,15.899999618530273,15.238862991333008
2013-07-17,167700,16.0,15.890000343322754,16.0,15.8100004196167,15.012123107910156
2013-07-16,88600,15.979999542236328,15.890000343322754,16.030000686645508,15.859999656677246,15.012123107910156
2013-07-15,92700,15.869999885559082,15.90999984741211,16.040000915527344,15.8100004196167,15.031020164489746
2013-07-12,82200,15.979999542236328,15.949999809265137,16.049999237060547,15.859999656677246,15.068806648254395
2013-07-11,131200,16.25,16.010000228881836,16.260000228881836,15.949999809265137,15.125494956970215
2013-07-10,100800,15.979999542236328,15.960000038146973,16.079999923706055,15.75,15.078259468078613
2013-07-09,156400,15.789999961853027,15.949999809265137,15.970000267028809,15.65999984741211,15.068806648254395
2013-07-08,83100,15.6899995803833,15.609999656677246,15.729999542236328,15.470000267028809,14.747591018676758
2013-07-05,65300,15.5,15.5600004196167,15.5600004196167,15.260000228881836,14.70035457611084
2013-07-03,42500,15.15999984741211,15.390000343322754,15.399999618530273,15.149999618530273,14.53974723815918
2013-07-02,84500,15.359999656677246,15.170000076293945,15.460000038146973,14.920000076293945,14.331901550292969
2013-07-01,128700,15.149999618530273,15.329999923706055,15.430000305175781,15.100000381469727,14.483061790466309
2013-06-28,390000,15.319999694824219,14.920000076293945,15.420000076293945,14.920000076293945,14.095710754394531
2013-06-27,141600,14.819999694824219,15.329999923706055,15.350000381469727,14.710000038146973,14.483061790466309
2013-06-26,177800,14.630000114440918,14.640000343322754,14.90999984741211,14.449999809265137,13.831183433532715
2013-06-25,70800,14.180000305175781,14.130000114440918,14.239999771118164,14.050000190734863,13.349359512329102
2013-06-24,79600,14.109999656677246,13.960000038146973,14.199999809265137,13.899999618530273,13.188751220703125
2013-06-21,232800,14.149999618530273,14.3100004196167,14.40999984741211,13.9399995803833,13.519414901733398
2013-06-20,73100,14.300000190734863,14.170000076293945,14.380000114440918,14.069999694824219,13.387149810791016
2013-06-19,94200,14.899999618530273,14.670000076293945,15.029999732971191,14.59000015258789,13.859526634216309
2013-06-18,135500,14.569999694824219,14.949999809265137,14.960000038146973,14.489999771118164,14.12405776977539
2013-06-17,47400,14.520000457763672,14.479999542236328,14.550000190734863,14.34000015258789,13.680021286010742
2013-06-14,48600,14.869999885559082,14.369999885559082,14.869999885559082,14.329999923706055,13.576099395751953
2013-06-13,38200,14.420000076293945,14.869999885559082,14.949999809265137,14.369999885559082,14.048477172851562
2013-06-12,121800,14.880000114440918,14.380000114440918,14.880000114440918,14.25,13.585546493530273
2013-06-11,93300,14.59000015258789,14.6899995803833,14.8100004196167,14.489999771118164,13.87842082977295
2013-06-10,123900,14.880000114440918,14.869999885559082,14.960000038146973,14.680000305175781,14.048477172851562
2013-06-07,335100,14.880000114440918,14.75,14.979999542236328,14.600000381469727,13.935104370117188
2013-06-06,148700,14.5,14.869999885559082,14.899999618530273,14.390000343322754,14.048477172851562
2013-06-05,150200,14.609999656677246,14.529999732971191,14.65999984741211,14.329999923706055,13.727258682250977
2013-06-04,775600,14.649999618530273,14.600000381469727,14.869999885559082,14.510000228881836,13.793391227722168
2013-06-03,335500,14.130000114440918,14.59000015258789,14.630000114440918,13.979999542236328,13.783945083618164
2013-05-31,71100,13.75,13.819999694824219,14.079999923706055,13.75,13.056485176086426
2013-05-30,52200,13.850000381469727,13.899999618530273,13.9399995803833,13.630000114440918,13.132065773010254
2013-05-29,237600,13.899999618530273,13.760000228881836,13.970000267028809,13.59000015258789,12.999800682067871
2013-05-28,212300,13.850000381469727,14.0,14.300000190734863,13.850000381469727,13.226541519165039
2013-05-24,61400,13.520000457763672,13.579999923706055,13.649999618530273,13.430000305175781,12.829745292663574
2013-05-23,145700,13.289999961853027,13.59000015258789,13.720000267028809,13.289999961853027,12.839191436767578
2013-05-22,108700,13.5600004196167,13.479999542236328,13.880000114440918,13.369999885559082,12.73526668548584
2013-05-21,102900,13.520000457763672,13.569999694824219,13.75,13.40999984741211,12.820297241210938
2013-05-20,80100,13.479999542236328,13.5,13.539999961853027,13.369999885559082,12.75416374206543
2013-05-17,126000,13.449999809265137,13.510000228881836,13.550000190734863,13.3100004196167,12.763612747192383
2013-05-16,38800,13.369999885559082,13.319999694824219,13.520000457763672,13.270000457763672,12.584108352661133
2013-05-15,69800,13.40999984741211,13.449999809265137,13.489999771118164,13.279999732971191,12.706927299499512
2013-05-14,92200,13.3100004196167,13.5,13.550000190734863,13.1899995803833,12.75416374206543
2013-05-13,39500,13.359999656677246,13.319999694824219,13.479999542236328,13.210000038146973,12.584108352661133
2013-05-10,62000,13.15999984741211,13.350000381469727,13.390000343322754,13.09000015258789,12.612452507019043
2013-05-09,130600,13.460000038146973,13.09000015258789,13.510000228881836,13.079999923706055,12.366817474365234
2013-05-08,140400,13.479999542236328,13.5,13.5600004196167,13.3100004196167,12.706926345825195
2013-05-07,66800,13.550000190734863,13.489999771118164,13.789999961853027,13.4399995803833,12.697514533996582
2013-05-06,52900,13.449999809265137,13.479999542236328,13.539999961853027,13.3100004196167,12.688098907470703
2013-05-03,209900,13.140000343322754,13.40999984741211,13.699999809265137,12.8100004196167,12.622213363647461
2013-05-02,386100,12.300000190734863,12.869999885559082,13.25,12.300000190734863,12.113936424255371
2013-05-01,157000,12.720000267028809,11.699999809265137,12.739999771118164,11.65999984741211,11.01267147064209
2013-04-30,146100,12.670000076293945,12.829999923706055,12.899999618530273,12.460000038146973,12.076285362243652
2013-04-29,53600,12.720000267028809,12.640000343322754,12.779999732971191,12.569999694824219,11.89744758605957
2013-04-26,88100,12.710000038146973,12.600000381469727,12.710000038146973,12.479999542236328,11.859800338745117
2013-04-25,52000,12.6899995803833,12.729999542236328,13.069999694824219,12.6899995803833,11.982163429260254
2013-04-24,47000,12.789999961853027,12.670000076293945,12.90999984741211,12.609999656677246,11.925684928894043
2013-04-23,51800,12.640000343322754,12.760000228881836,12.800000190734863,12.460000038146973,12.010396957397461
2013-04-22,104800,12.3100004196167,12.489999771118164,12.630000114440918,11.869999885559082,11.756261825561523
2013-04-19,70500,12.069999694824219,12.229999542236328,12.260000228881836,11.930000305175781,11.5115327835083
2013-04-18,81300,12.260000228881836,12.050000190734863,12.329999923706055,11.979999542236328,11.342109680175781
2013-04-17,142100,12.4399995803833,12.199999809265137,12.550000190734863,11.949999809265137,11.483298301696777
2013-04-16,82400,12.579999923706055,12.550000190734863,12.670000076293945,12.399999618530273,11.812736511230469
2013-04-15,109300,13.3100004196167,12.399999618530273,13.369999885559082,12.279999732971191,11.671549797058105
2013-04-12,42100,13.420000076293945,13.479999542236328,13.529999732971191,13.3100004196167,12.688098907470703
2013-04-11,39500,13.479999542236328,13.520000457763672,13.699999809265137,13.40999984741211,12.725751876831055
2013-04-10,89600,13.069999694824219,13.520000457763672,13.670000076293945,13.069999694824219,12.725751876831055
2013-04-09,57600,13.3100004196167,13.069999694824219,13.380000114440918,13.050000190734863,12.302186965942383
2013-04-08,50400,13.149999618530273,13.289999961853027,13.329999923706055,13.069999694824219,12.50926399230957
2013-04-05,106900,13.119999885559082,13.069999694824219,13.279999732971191,12.899999618530273,12.302186965942383
2013-04-04,37300,13.260000228881836,13.380000114440918,13.420000076293945,13.260000228881836,12.593976020812988
2013-04-03,90800,13.329999923706055,13.239999771118164,13.460000038146973,13.109999656677246,12.462200164794922
2013-04-02,50900,13.819999694824219,13.319999694824219,13.869999885559082,13.260000228881836,12.537500381469727
2013-04-01,122600,14.069999694824219,13.649999618530273,14.15999984741211,13.520000457763672,12.848114013671875
2013-03-28,84600,14.1899995803833,14.09000015258789,14.199999809265137,14.020000457763672,13.26226806640625
2013-03-27,54700,14.09000015258789,14.109999656677246,14.180000305175781,14.020000457763672,13.281091690063477
2013-03-26,59700,14.239999771118164,14.1899995803833,14.270000457763672,13.970000267028809,13.356390953063965
2013-03-25,101500,14.0,14.100000381469727,14.180000305175781,13.829999923706055,13.271679878234863
2013-03-22,76600,13.899999618530273,13.970000267028809,14.0,13.800000190734863,13.149313926696777
2013-03-21,149300,13.850000381469727,13.779999732971191,13.850000381469727,13.449999809265137,12.970478057861328
2013-03-20,90900,13.890000343322754,13.859999656677246,13.960000038146973,13.680000305175781,13.045775413513184
2013-03-19,108400,13.670000076293945,13.65999984741211,13.739999771118164,13.449999809265137,12.857528686523438
2013-03-18,60300,13.399999618530273,13.609999656677246,13.6899995803833,13.399999618530273,12.810464859008789
2013-03-15,143800,13.239999771118164,13.609999656677246,13.65999984741211,13.229999542236328,12.810464859008789
2013-03-14,71000,12.930000305175781,13.300000190734863,13.390000343322754,12.859999656677246,12.518674850463867
2013-03-13,48600,12.789999961853027,12.869999885559082,12.989999771118164,12.680000305175781,12.113936424255371
2013-03-12,61900,12.760000228881836,12.789999961853027,12.829999923706055,12.5600004196167,12.038639068603516
2013-03-11,57800,12.8100004196167,12.729999542236328,12.949999809265137,12.65999984741211,11.982163429260254
2013-03-08,128600,12.619999885559082,12.880000114440918,12.90999984741211,12.4399995803833,12.123347282409668
2013-03-07,65400,12.739999771118164,12.449999809265137,12.75,12.430000305175781,11.718608856201172
2013-03-06,66700,12.289999961853027,12.819999694824219,12.829999923706055,12.289999961853027,12.019810676574707
2013-03-05,152500,12.289999961853027,12.239999771118164,12.380000114440918,12.15999984741211,11.476011276245117
2013-03-04,171200,12.6899995803833,12.149999618530273,12.729999542236328,12.020000457763672,11.391632080078125
2013-03-01,92800,12.279999732971191,12.779999732971191,12.850000381469727,12.079999923706055,11.982307434082031
2013-02-28,77600,12.630000114440918,12.479999542236328,12.75,12.4399995803833,11.701032638549805
2013-02-27,68400,12.449999809265137,12.619999885559082,12.829999923706055,12.449999809265137,11.832296371459961
2013-02-26,36900,12.350000381469727,12.430000305175781,12.65999984741211,12.1899995803833,11.654154777526855
2013-02-25,98600,12.850000381469727,12.260000228881836,12.850000381469727,12.229999542236328,11.494765281677246
2013-02-22,59900,12.680000305175781,12.770000457763672,12.789999961853027,12.489999771118164,11.97293472290039
2013-02-21,48400,12.390000343322754,12.550000190734863,12.619999885559082,12.359999656677246,11.7666654586792
2013-02-20,107000,12.880000114440918,12.399999618530273,12.920000076293945,12.399999618530273,11.62602710723877
2013-02-19,155700,12.5,12.829999923706055,12.84000015258789,12.5,12.02918529510498
2013-02-15,82800,12.25,12.449999809265137,12.649999618530273,12.1899995803833,11.672904014587402
2013-02-14,58800,12.119999885559082,12.199999809265137,12.279999732971191,12.100000381469727,11.438509941101074
2013-02-13,86700,12.199999809265137,12.170000076293945,12.319999694824219,12.039999961853027,11.410383224487305
2013-02-12,66900,12.039999961853027,12.140000343322754,12.25,12.029999732971191,11.38225269317627
2013-02-11,59300,12.0600004196167,11.989999771118164,12.069999694824219,11.890000343322754,11.241617202758789
2013-02-08,33400,12.010000228881836,12.029999732971191,12.100000381469727,11.930000305175781,11.279120445251465
2013-02-07,102800,11.920000076293945,11.949999809265137,12.050000190734863,11.739999771118164,11.204116821289062
2013-02-06,113000,12.149999618530273,11.899999618530273,12.15999984741211,11.829999923706055,11.157234191894531
2013-02-05,130100,12.149999618530273,12.25,12.300000190734863,12.100000381469727,11.485387802124023
2013-02-04,162500,12.430000305175781,12.09000015258789,12.430000305175781,11.899999618530273,11.335373878479004
2013-02-01,115700,13.010000228881836,13.010000228881836,13.050000190734863,12.949999809265137,12.197951316833496
2013-01-31,79900,12.640000343322754,12.90999984741211,12.930000305175781,12.619999885559082,12.104194641113281
2013-01-30,67300,13.0,12.640000343322754,13.0,12.569999694824219,11.85104751586914
2013-01-29,85900,12.920000076293945,12.979999542236328,13.140000343322754,12.850000381469727,12.16982650756836
2013-01-28,113200,12.829999923706055,12.930000305175781,13.020000457763672,12.670000076293945,12.122943878173828
2013-01-25,77300,12.829999923706055,12.8100004196167,12.829999923706055,12.630000114440918,12.01043701171875
2013-01-24,168100,12.899999618530273,12.720000267028809,12.970000267028809,12.6899995803833,11.926054000854492
2013-01-23,97000,12.859999656677246,12.859999656677246,12.869999885559082,12.729999542236328,12.057313919067383
2013-01-22,131200,12.5,12.829999923706055,12.859999656677246,12.449999809265137,12.02918529510498
2013-01-18,87900,12.510000228881836,12.529999732971191,12.59000015258789,12.479999542236328,11.747910499572754
2013-01-17,110400,12.550000190734863,12.489999771118164,12.619999885559082,12.430000305175781,11.710408210754395
2013-01-16,67200,12.59000015258789,12.430000305175781,12.59000015258789,12.369999885559082,11.654154777526855
2013-01-15,92000,12.520000457763672,12.630000114440918,12.720000267028809,12.479999542236328,11.841670036315918
2013-01-14,259800,12.539999961853027,12.649999618530273,12.84000015258789,12.529999732971191,11.860421180725098
2013-01-11,253800,12.680000305175781,12.59000015258789,12.680000305175781,12.399999618530273,11.804169654846191
2013-01-10,78900,12.699999809265137,12.680000305175781,12.75,12.579999923706055,11.888548851013184
2013-01-09,81600,12.619999885559082,12.600000381469727,12.680000305175781,12.529999732971191,11.813545227050781
2013-01-08,32500,12.640000343322754,12.539999961853027,12.770000457763672,12.460000038146973,11.757288932800293
2013-01-07,39600,12.6899995803833,12.65999984741211,12.699999809265137,12.59000015258789,11.86979866027832
2013-01-04,102600,12.65999984741211,12.779999732971191,12.960000038146973,12.59000015258789,11.982307434082031
2013-01-03,73500,12.5,12.550000190734863,12.619999885559082,12.420000076293945,11.7666654586792
2013-01-02,263100,12.510000228881836,12.449999809265137,12.680000305175781,12.239999771118164,11.672904014587402
2012-12-31,124200,11.770000457763672,12.15999984741211,12.210000038146973,11.630000114440918,11.401005744934082
2012-12-28,80000,11.729999542236328,11.720000267028809,11.970000267028809,11.680000305175781,10.988471031188965
2012-12-27,73600,11.960000038146973,11.8100004196167,11.970000267028809,11.579999923706055,11.07284927368164
2012-12-26,101800,11.859999656677246,11.920000076293945,12.039999961853027,11.710000038146973,11.17598819732666
2012-12-24,68600,11.739999771118164,11.8100004196167,11.850000381469727,11.460000038146973,11.07284927368164
2012-12-21,339200,11.579999923706055,11.75,11.8100004196167,11.510000228881836,11.016597747802734
2012-12-20,88400,11.770000457763672,11.739999771118164,11.800000190734863,11.65999984741211,11.007223129272461
2012-12-19,84900,11.859999656677246,11.770000457763672,11.890000343322754,11.6899995803833,11.03534984588623
2012-12-18,148300,11.829999923706055,11.859999656677246,11.869999885559082,11.710000038146973,11.119733810424805
2012-12-17,292500,11.40999984741211,11.819999694824219,11.84000015258789,11.319999694824219,11.08222770690918
2012-12-14,57200,11.329999923706055,11.350000381469727,11.479999542236328,11.199999809265137,10.641565322875977
2012-12-13,45500,11.470000267028809,11.399999618530273,11.5,11.279999732971191,10.688445091247559
2012-12-12,183800,11.449999809265137,11.4399995803833,11.710000038146973,11.329999923706055,10.725948333740234
2012-12-11,112300,11.069999694824219,11.4399995803833,11.470000267028809,11.020000457763672,10.725948333740234
2012-12-10,45800,10.8100004196167,10.9399995803833,10.979999542236328,10.739999771118164,10.257153511047363
2012-12-07,65400,11.069999694824219,10.739999771118164,11.069999694824219,10.680000305175781,10.0696382522583
2012-12-06,78800,11.149999618530273,11.15999984741211,11.1899995803833,10.960000038146973,10.463421821594238
2012-12-05,50400,11.1899995803833,11.140000343322754,11.220000267028809,11.050000190734863,10.444671630859375
2012-12-04,66000,11.0,11.15999984741211,11.180000305175781,10.880000114440918,10.463421821594238
2012-12-03,40500,10.90999984741211,10.979999542236328,11.0,10.800000190734863,10.294657707214355
2012-11-30,109100,10.949999809265137,10.8100004196167,10.949999809265137,10.649999618530273,10.135270118713379
2012-11-29,74500,10.649999618530273,10.890000343322754,10.930000305175781,10.449999809265137,10.210278511047363
2012-11-28,57100,10.670000076293945,10.6899995803833,10.75,10.5,10.022760391235352
2012-11-27,38700,10.6899995803833,10.770000457763672,10.850000381469727,10.670000076293945,10.09776496887207
2012-11-26,56400,10.460000038146973,10.6899995803833,10.699999809265137,10.449999809265137,10.022760391235352
2012-11-23,26500,10.390000343322754,10.510000228881836,10.520000457763672,10.380000114440918,9.853995323181152
2012-11-21,48300,10.210000038146973,10.369999885559082,10.420000076293945,9.979999542236328,9.722735404968262
2012-11-20,44400,10.319999694824219,10.199999809265137,10.420000076293945,10.170000076293945,9.56334400177002
2012-11-19,40100,10.1899995803833,10.380000114440918,10.390000343322754,10.079999923706055,9.732109069824219
2012-11-16,108800,9.630000114440918,10.020000457763672,10.109999656677246,9.5,9.394580841064453
2012-11-15,67800,9.630000114440918,9.6899995803833,9.819999694824219,9.520000457763672,9.085176467895508
2012-11-14,92300,10.069999694824219,9.609999656677246,10.069999694824219,9.569999694824219,9.010169982910156
2012-11-13,36900,10.15999984741211,10.010000228881836,10.329999923706055,9.989999771118164,9.385204315185547
2012-11-12,24300,10.300000190734863,10.210000038146973,10.369999885559082,10.130000114440918,9.57271957397461
2012-11-09,54200,9.850000381469727,10.220000267028809,10.449999809265137,9.850000381469727,9.582097053527832
2012-11-08,79600,10.210000038146973,9.899999618530273,10.210000038146973,9.899999618530273,9.282068252563477
2012-11-07,59600,10.670000076293945,10.270000457763672,10.770000457763672,10.270000457763672,9.628975868225098
2012-11-06,46300,10.800000190734863,10.920000076293945,10.930000305175781,10.65999984741211,10.191523551940918
2012-11-05,47200,10.619999885559082,10.720000267028809,11.010000228881836,10.619999885559082,10.004867553710938
2012-11-02,87200,10.84000015258789,10.640000343322754,10.970000267028809,10.5,9.93020248413086
2012-11-01,66700,10.960000038146973,10.800000190734863,10.970000267028809,10.770000457763672,10.079533576965332
2012-10-31,46100,10.770000457763672,10.899999618530273,10.930000305175781,10.720000267028809,10.172860145568848
2012-10-26,83300,10.829999923706055,10.729999542236328,10.979999542236328,10.65999984741211,10.014200210571289
2012-10-25,65300,10.680000305175781,10.8100004196167,10.819999694824219,10.529999732971191,10.088862419128418
2012-10-24,130300,10.34000015258789,10.550000190734863,10.5600004196167,10.229999542236328,9.846207618713379
2012-10-23,42500,10.140000343322754,10.260000228881836,10.3100004196167,10.100000381469727,9.57555103302002
2012-10-22,41600,10.229999542236328,10.220000267028809,10.300000190734863,10.119999885559082,9.538222312927246
2012-10-19,77000,10.75,10.25,10.75,10.140000343322754,9.566218376159668
2012-10-18,44000,10.850000381469727,10.880000114440918,11.029999732971191,10.84000015258789,10.154192924499512
2012-10-17,48400,10.75,10.829999923706055,10.829999923706055,10.569999694824219,10.107529640197754
2012-10-16,40700,10.59000015258789,10.699999809265137,10.829999923706055,10.59000015258789,9.986201286315918
2012-10-15,52300,10.359999656677246,10.539999961853027,10.5600004196167,10.1899995803833,9.836877822875977
2012-10-12,56000,10.359999656677246,10.319999694824219,10.5,10.220000267028809,9.631552696228027
2012-10-11,42100,10.470000267028809,10.329999923706055,10.569999694824219,10.319999694824219,9.640885353088379
2012-10-10,54400,10.270000457763672,10.329999923706055,10.369999885559082,10.100000381469727,9.640885353088379
2012-10-09,103100,10.760000228881836,10.25,10.760000228881836,10.1899995803833,9.566218376159668
2012-10-08,27200,10.989999771118164,10.779999732971191,11.0,10.770000457763672,10.06086254119873
2012-10-05,25600,10.920000076293945,11.09000015258789,11.199999809265137,10.920000076293945,10.350183486938477
2012-10-04,41300,10.850000381469727,10.890000343322754,10.890000343322754,10.539999961853027,10.163528442382812
2012-10-03,32200,10.960000038146973,10.789999961853027,10.960000038146973,10.779999732971191,10.070195198059082
2012-10-02,39800,11.0,10.949999809265137,11.0,10.859999656677246,10.219523429870605
2012-10-01,63900,11.020000457763672,10.920000076293945,11.140000343322754,10.84000015258789,10.191523551940918
2012-09-28,59000,11.170000076293945,10.930000305175781,11.199999809265137,10.90999984741211,10.20085620880127
2012-09-27,73200,11.229999542236328,11.25,11.289999961853027,11.039999961853027,10.499513626098633
2012-09-26,53800,11.40999984741211,11.170000076293945,11.5,11.09000015258789,10.424846649169922
2012-09-25,102800,11.789999961853027,11.329999923706055,11.880000114440918,11.3100004196167,10.574174880981445
2012-09-24,87400,11.729999542236328,11.670000076293945,11.869999885559082,11.569999694824219,10.891489028930664
2012-09-21,194000,11.649999618530273,11.819999694824219,11.829999923706055,11.630000114440918,11.031484603881836
2012-09-20,29300,11.359999656677246,11.460000038146973,11.510000228881836,11.25,10.695501327514648
2012-09-19,48500,11.520000457763672,11.420000076293945,11.520000457763672,11.300000190734863,10.658170700073242
2012-09-18,98700,11.649999618530273,11.489999771118164,11.649999618530273,11.430000305175781,10.72350025177002
2012-09-17,48500,11.5,11.670000076293945,11.6899995803833,11.170000076293945,10.891489028930664
2012-09-14,122900,11.609999656677246,11.539999961853027,11.729999542236328,11.40999984741211,10.77016544342041
2012-09-13,99700,11.279999732971191,11.520000457763672,11.630000114440918,11.050000190734863,10.751498222351074
2012-09-12,49500,11.380000114440918,11.229999542236328,11.380000114440918,11.050000190734863,10.480843544006348
2012-09-11,37700,11.25,11.300000190734863,11.420000076293945,11.130000114440918,10.546175003051758
2012-09-10,45700,11.050000190734863,11.210000038146973,11.380000114440918,11.050000190734863,10.462178230285645
2012-09-07,44200,11.119999885559082,11.029999732971191,11.149999618530273,10.9399995803833,10.29418659210205
2012-09-06,86100,10.300000190734863,11.020000457763672,11.09000015258789,10.300000190734863,10.2848539352417
2012-09-05,112700,10.359999656677246,10.180000305175781,10.390000343322754,10.140000343322754,9.500890731811523
2012-09-04,107000,10.300000190734863,10.329999923706055,10.380000114440918,10.170000076293945,9.640885353088379
2012-08-31,125700,10.829999923706055,10.319999694824219,10.829999923706055,10.260000228881836,9.631552696228027
2012-08-30,27900,10.850000381469727,10.680000305175781,10.850000381469727,10.649999618530273,9.967535972595215
2012-08-29,64600,11.050000190734863,10.9399995803833,11.0600004196167,10.920000076293945,10.210188865661621
2012-08-28,59000,10.880000114440918,11.0,11.100000381469727,10.84000015258789,10.266186714172363
2012-08-27,34100,10.869999885559082,10.90999984741211,10.920000076293945,10.619999885559082,10.182191848754883
2012-08-24,28700,10.619999885559082,10.829999923706055,10.829999923706055,10.600000381469727,10.107529640197754
2012-08-23,20900,10.770000457763672,10.680000305175781,10.770000457763672,10.630000114440918,9.967535972595215
2012-08-22,74800,11.039999961853027,10.75,11.039999961853027,10.670000076293945,10.032864570617676
2012-08-21,68300,11.100000381469727,11.039999961853027,11.460000038146973,10.979999542236328,10.303519248962402
2012-08-20,44200,10.90999984741211,11.020000457763672,11.020000457763672,10.779999732971191,10.2848539352417
2012-08-17,82900,10.789999961853027,10.970000267028809,11.050000190734863,10.729999542236328,10.238190650939941
2012-08-16,55100,10.640000343322754,10.930000305175781,10.960000038146973,10.5,10.20085620880127
2012-08-15,64600,10.420000076293945,10.670000076293945,10.720000267028809,10.420000076293945,9.958203315734863
2012-08-14,106200,10.930000305175781,10.430000305175781,10.930000305175781,10.359999656677246,9.734210014343262
2012-08-13,45900,10.630000114440918,10.8100004196167,10.8100004196167,10.600000381469727,10.088862419128418
2012-08-10,68300,10.6899995803833,10.619999885559082,10.710000038146973,10.489999771118164,9.911537170410156
2012-08-09,46100,10.6899995803833,10.710000038146973,10.819999694824219,10.670000076293945,9.99553394317627
2012-08-08,53000,10.670000076293945,10.739999771118164,10.789999961853027,10.619999885559082,9.976866722106934
2012-08-07,98000,10.800000190734863,10.729999542236328,10.869999885559082,10.680000305175781,9.96757984161377
2012-08-06,79200,10.789999961853027,10.670000076293945,10.800000190734863,10.479999542236328,9.911844253540039
2012-08-03,92300,10.260000228881836,10.75,10.75,10.229999542236328,9.98615550994873
2012-08-02,118800,9.550000190734863,10.029999732971191,10.350000381469727,9.550000190734863,9.317316055297852
2012-08-01,168300,9.880000114440918,9.100000381469727,10.100000381469727,8.979999542236328,8.453399658203125
2012-07-31,53000,9.90999984741211,9.789999961853027,10.15999984741211,9.779999732971191,9.094369888305664
2012-07-30,30700,10.220000267028809,9.979999542236328,10.279999732971191,9.960000038146973,9.27087116241455
2012-07-27,68500,9.550000190734863,10.180000305175781,10.25,9.289999961853027,9.456658363342285
2012-07-26,32600,9.649999618530273,9.5,9.720000267028809,9.430000305175781,8.82497501373291
2012-07-25,40700,9.760000228881836,9.4399995803833,9.829999923706055,9.430000305175781,8.769238471984863
2012-07-24,45300,10.119999885559082,9.670000076293945,10.180000305175781,9.630000114440918,8.98289680480957
2012-07-23,43900,9.899999618530273,10.069999694824219,10.1899995803833,9.859999656677246,9.354475021362305
2012-07-20,93700,10.319999694824219,10.119999885559082,10.350000381469727,10.100000381469727,9.400919914245605
2012-07-19,32100,10.520000457763672,10.460000038146973,10.5600004196167,10.390000343322754,9.716761589050293
2012-07-18,93900,10.449999809265137,10.460000038146973,10.65999984741211,10.369999885559082,9.716761589050293
2012-07-17,40400,10.600000381469727,10.4399995803833,10.600000381469727,10.229999542236328,9.6981840133667
2012-07-16,73700,10.539999961853027,10.479999542236328,10.699999809265137,10.4399995803833,9.73534107208252
2012-07-13,88800,10.40999984741211,10.59000015258789,10.699999809265137,10.40999984741211,9.837526321411133
2012-07-12,58900,9.920000076293945,10.390000343322754,10.460000038146973,9.859999656677246,9.651739120483398
2012-07-11,61000,10.0,9.989999771118164,10.050000190734863,9.869999885559082,9.280157089233398
2012-07-10,46300,10.260000228881836,9.949999809265137,10.260000228881836,9.880000114440918,9.243001937866211
2012-07-09,116400,10.149999618530273,10.149999618530273,10.279999732971191,10.0,9.428792953491211
2012-07-06,83500,10.609999656677246,10.170000076293945,10.699999809265137,10.119999885559082,9.447368621826172
2012-07-05,76200,10.680000305175781,10.770000457763672,10.899999618530273,10.59000015258789,10.004735946655273
2012-07-03,62300,10.4399995803833,10.729999542236328,10.75,10.390000343322754,9.96757984161377
2012-07-02,161700,10.0,10.399999618530273,10.430000305175781,9.960000038146973,9.661028861999512
2012-06-29,104400,9.84000015258789,10.020000457763672,10.079999923706055,9.789999961853027,9.308029174804688
2012-06-28,55700,9.270000457763672,9.569999694824219,9.569999694824219,9.220000267028809,8.890000343322754
2012-06-27,67300,9.300000190734863,9.380000114440918,9.40999984741211,9.279999732971191,8.71350383758545
2012-06-26,53500,9.1899995803833,9.279999732971191,9.369999885559082,9.100000381469727,8.62060832977295
2012-06-25,77800,9.149999618530273,9.199999809265137,9.329999923706055,9.140000343322754,8.546290397644043
2012-06-22,397300,9.390000343322754,9.300000190734863,9.449999809265137,9.180000305175781,8.639188766479492
2012-06-21,63900,9.8100004196167,9.300000190734863,9.9399995803833,9.279999732971191,8.639188766479492
2012-06-20,55200,10.0600004196167,9.850000381469727,10.09000015258789,9.8100004196167,9.150106430053711
2012-06-19,71100,9.720000267028809,10.039999961853027,10.09000015258789,9.710000038146973,9.326605796813965
2012-06-18,65100,9.729999542236328,9.699999809265137,9.880000114440918,9.670000076293945,9.010764122009277
2012-06-15,145300,9.4399995803833,9.850000381469727,9.899999618530273,9.369999885559082,9.150106430053711
2012-06-14,69600,9.350000381469727,9.449999809265137,9.539999961853027,9.350000381469727,8.778528213500977
2012-06-13,99200,9.350000381469727,9.3100004196167,9.5,9.25,8.648478507995605
2012-06-12,54800,9.25,9.359999656677246,9.369999885559082,9.069999694824219,8.694926261901855
2012-06-11,133300,9.720000267028809,9.15999984741211,9.720000267028809,9.130000114440918,8.509134292602539
2012-06-08,93600,9.260000228881836,9.5600004196167,9.600000381469727,9.15999984741211,8.880711555480957
2012-06-07,93400,9.460000038146973,9.3100004196167,9.539999961853027,9.270000457763672,8.648478507995605
2012-06-06,107200,9.130000114440918,9.289999961853027,9.289999961853027,9.100000381469727,8.62989616394043
2012-06-05,91600,9.010000228881836,9.020000457763672,9.260000228881836,8.979999542236328,8.379084587097168
2012-06-04,90700,9.050000190734863,9.039999961853027,9.180000305175781,8.989999771118164,8.397660255432129
2012-06-01,148000,8.8100004196167,9.0,9.180000305175781,8.8100004196167,8.360504150390625
2012-05-31,154000,8.979999542236328,9.079999923706055,9.140000343322754,8.819999694824219,8.434819221496582
2012-05-30,191800,9.079999923706055,8.9399995803833,9.079999923706055,8.90999984741211,8.304767608642578
2012-05-29,128600,9.210000038146973,9.210000038146973,9.420000076293945,8.970000267028809,8.555581092834473
2012-05-25,57200,9.3100004196167,9.300000190734863,9.350000381469727,9.15999984741211,8.639188766479492
2012-05-24,49400,9.3100004196167,9.289999961853027,9.460000038146973,8.989999771118164,8.62989616394043
2012-05-23,87000,9.069999694824219,9.319999694824219,9.359999656677246,8.979999542236328,8.657764434814453
2012-05-22,107000,9.510000228881836,9.180000305175781,9.649999618530273,9.130000114440918,8.527714729309082
2012-05-21,78700,9.40999984741211,9.529999732971191,9.59000015258789,9.15999984741211,8.852843284606934
2012-05-18,99500,9.3100004196167,9.350000381469727,9.5,9.260000228881836,8.685635566711426
2012-05-17,72200,9.630000114440918,9.34000015258789,9.640000343322754,9.329999923706055,8.676346778869629
2012-05-16,59600,9.630000114440918,9.619999885559082,9.789999961853027,9.600000381469727,8.936450958251953
2012-05-15,69000,9.579999923706055,9.600000381469727,9.880000114440918,9.5,8.917871475219727
2012-05-14,105300,9.550000190734863,9.59000015258789,9.680000305175781,9.489999771118164,8.90857982635498
2012-05-11,64000,9.680000305175781,9.699999809265137,9.829999923706055,9.609999656677246,9.010764122009277
2012-05-10,52500,9.800000190734863,9.770000457763672,9.850000381469727,9.6899995803833,9.07579231262207
2012-05-09,56000,9.779999732971191,9.75,9.949999809265137,9.75,9.010767936706543
2012-05-08,86200,9.75,9.949999809265137,10.010000228881836,9.600000381469727,9.195601463317871
2012-05-07,59000,9.760000228881836,9.819999694824219,9.9399995803833,9.760000228881836,9.075456619262695
2012-05-04,136600,10.100000381469727,9.800000190734863,10.100000381469727,9.800000190734863,9.056973457336426
2012-05-03,149900,10.5600004196167,10.180000305175781,10.600000381469727,10.100000381469727,9.408163070678711
2012-05-02,93000,10.25,10.630000114440918,10.65999984741211,10.09000015258789,9.82404613494873
2012-05-01,120300,10.59000015258789,10.359999656677246,10.899999618530273,10.329999923706055,9.574515342712402
2012-04-30,86000,10.770000457763672,10.579999923706055,10.770000457763672,10.5600004196167,9.777832984924316
2012-04-27,86000,10.520000457763672,10.819999694824219,10.859999656677246,10.420000076293945,9.999640464782715
2012-04-26,47300,10.489999771118164,10.489999771118164,10.550000190734863,10.430000305175781,9.694659233093262
2012-04-25,121900,10.460000038146973,10.529999732971191,10.65999984741211,10.359999656677246,9.731626510620117
2012-04-24,104100,10.010000228881836,10.279999732971191,10.279999732971191,9.9399995803833,9.500580787658691
2012-04-23,131400,9.869999885559082,9.979999542236328,10.020000457763672,9.760000228881836,9.22332763671875
2012-04-20,82200,9.9399995803833,10.109999656677246,10.260000228881836,9.899999618530273,9.343472480773926
2012-04-19,154100,9.829999923706055,9.800000190734863,9.880000114440918,9.59000015258789,9.056973457336426
2012-04-18,54700,9.9399995803833,9.819999694824219,9.989999771118164,9.6899995803833,9.075456619262695
2012-04-17,69300,9.979999542236328,10.050000190734863,10.170000076293945,9.979999542236328,9.2880220413208
2012-04-16,52100,9.9399995803833,9.859999656677246,10.020000457763672,9.739999771118164,9.112422943115234
2012-04-13,104500,10.039999961853027,9.859999656677246,10.039999961853027,9.8100004196167,9.112422943115234
2012-04-12,123700,9.770000457763672,10.09000015258789,10.180000305175781,9.739999771118164,9.324984550476074
2012-04-11,110100,9.399999618530273,9.789999961853027,9.869999885559082,9.399999618530273,9.047731399536133
2012-04-10,118300,9.960000038146973,9.729999542236328,10.020000457763672,9.609999656677246,8.992281913757324
2012-04-09,81800,10.140000343322754,10.0,10.170000076293945,9.960000038146973,9.24181079864502
2012-04-05,81600,10.369999885559082,10.40999984741211,10.489999771118164,10.319999694824219,9.6207275390625
2012-04-04,84600,10.739999771118164,10.449999809265137,10.779999732971191,10.390000343322754,9.657691955566406
2012-04-03,98100,11.210000038146973,10.9399995803833,11.329999923706055,10.8100004196167,10.110539436340332
2012-04-02,177900,10.84000015258789,11.25,11.25,10.789999961853027,10.397042274475098
2012-03-30,86300,11.329999923706055,10.90999984741211,11.350000381469727,10.899999618530273,10.082816123962402
2012-03-29,107100,11.050000190734863,11.199999809265137,11.279999732971191,10.989999771118164,10.350829124450684
2012-03-28,97700,11.069999694824219,11.180000305175781,11.1899995803833,10.850000381469727,10.332345962524414
2012-03-27,92800,11.1899995803833,11.0600004196167,11.369999885559082,11.0600004196167,10.221442222595215
2012-03-26,90000,10.949999809265137,11.210000038146973,11.229999542236328,10.899999618530273,10.36007022857666
2012-03-23,105400,10.4399995803833,10.779999732971191,10.829999923706055,10.350000381469727,9.962672233581543
2012-03-22,82700,10.520000457763672,10.460000038146973,10.520000457763672,10.329999923706055,9.6669340133667
2012-03-21,45500,10.779999732971191,10.6899995803833,10.869999885559082,10.680000305175781,9.879494667053223
2012-03-20,110300,10.890000343322754,10.710000038146973,10.890000343322754,10.670000076293945,9.897978782653809
2012-03-19,102800,10.8100004196167,11.029999732971191,11.210000038146973,10.770000457763672,10.193717956542969
2012-03-16,180800,10.890000343322754,10.869999885559082,10.949999809265137,10.819999694824219,10.045846939086914
2012-03-15,66600,10.710000038146973,10.84000015258789,10.859999656677246,10.59000015258789,10.0181245803833
2012-03-14,101100,10.729999542236328,10.699999809265137,10.789999961853027,10.680000305175781,9.888736724853516
2012-03-13,138700,10.569999694824219,10.739999771118164,10.75,10.470000267028809,9.925702095031738
2012-03-12,398000,10.329999923706055,10.449999809265137,10.479999542236328,10.3100004196167,9.657691955566406
2012-03-09,147700,10.149999618530273,10.34000015258789,10.529999732971191,10.149999618530273,9.556032180786133
2012-03-08,249800,10.15999984741211,10.170000076293945,10.210000038146973,9.970000267028809,9.398921012878418
2012-03-07,73100,9.989999771118164,10.100000381469727,10.130000114440918,9.989999771118164,9.2880220413208
2012-03-06,148300,10.100000381469727,9.970000267028809,10.149999618530273,9.970000267028809,9.168471336364746
2012-03-05,175300,10.170000076293945,10.270000457763672,10.390000343322754,10.170000076293945,9.444352149963379
2012-03-02,226500,10.949999809265137,10.180000305175781,10.960000038146973,10.09000015258789,9.361590385437012
2012-03-01,174000,11.550000190734863,10.930000305175781,11.550000190734863,10.930000305175781,10.051290512084961
2012-02-29,146400,11.859999656677246,11.4399995803833,11.880000114440918,11.359999656677246,10.520289421081543
2012-02-28,92700,11.9399995803833,11.770000457763672,11.9399995803833,11.65999984741211,10.823759078979492
2012-02-27,48200,11.930000305175781,11.960000038146973,12.119999885559082,11.640000343322754,10.998486518859863
2012-02-24,50100,12.279999732971191,12.079999923706055,12.300000190734863,12.020000457763672,11.108839988708496
2012-02-23,118900,11.9399995803833,12.319999694824219,12.359999656677246,11.930000305175781,11.329545021057129
2012-02-22,73400,12.010000228881836,11.880000114440918,12.079999923706055,11.619999885559082,10.924917221069336
2012-02-21,61100,12.140000343322754,12.079999923706055,12.289999961853027,12.010000228881836,11.108839988708496
2012-02-17,97300,12.100000381469727,12.100000381469727,12.180000305175781,11.84000015258789,11.127227783203125
2012-02-16,77500,11.920000076293945,12.15999984741211,12.180000305175781,11.920000076293945,11.18240737915039
2012-02-15,150200,12.229999542236328,11.90999984741211,12.229999542236328,11.84000015258789,10.952505111694336
2012-02-14,84900,12.300000190734863,12.130000114440918,12.350000381469727,12.029999732971191,11.15481948852539
2012-02-13,68500,12.4399995803833,12.350000381469727,12.479999542236328,12.270000457763672,11.357131958007812
2012-02-10,224200,12.470000267028809,12.220000267028809,12.640000343322754,12.199999809265137,11.23758316040039
2012-02-09,19100,12.819999694824219,12.670000076293945,12.819999694824219,12.649999618530273,11.65140151977539
2012-02-08,76500,12.75,12.75,12.789999961853027,12.609999656677246,11.724973678588867
2012-02-07,42300,12.90999984741211,12.680000305175781,12.90999984741211,12.539999961853027,11.660600662231445
2012-02-06,58100,12.880000114440918,12.920000076293945,12.949999809265137,12.609999656677246,11.881309509277344
2012-02-03,450800,12.9399995803833,12.9399995803833,13.050000190734863,12.869999885559082,11.899701118469238
2012-02-02,97300,12.579999923706055,12.75,12.880000114440918,12.489999771118164,11.724973678588867
2012-02-01,171200,12.079999923706055,12.569999694824219,12.649999618530273,11.949999809265137,11.559444427490234
2012-01-31,110200,12.420000076293945,11.960000038146973,12.420000076293945,11.899999618530273,10.998486518859863
2012-01-30,64300,12.130000114440918,12.329999923706055,12.420000076293945,12.010000228881836,11.33874225616455
2012-01-27,72400,12.010000228881836,12.25,12.3100004196167,12.010000228881836,11.26517391204834
2012-01-26,111300,12.0,12.069999694824219,12.1899995803833,11.779999732971191,11.099642753601074
2012-01-25,55100,11.65999984741211,11.979999542236328,11.989999771118164,11.529999732971191,11.01688003540039
2012-01-24,66700,11.420000076293945,11.720000267028809,11.770000457763672,11.420000076293945,10.77778434753418
2012-01-23,34800,11.609999656677246,11.5,11.8100004196167,11.430000305175781,10.575469017028809
2012-01-20,41700,11.539999961853027,11.65999984741211,11.770000457763672,11.510000228881836,10.72260570526123
2012-01-19,44900,11.359999656677246,11.550000190734863,11.569999694824219,11.329999923706055,10.62144660949707
2012-01-18,47500,10.979999542236328,11.359999656677246,11.369999885559082,10.949999809265137,10.446723937988281
2012-01-17,83400,11.15999984741211,10.989999771118164,11.170000076293945,10.869999885559082,10.106467247009277
2012-01-13,53900,11.239999771118164,11.069999694824219,11.300000190734863,11.029999732971191,10.180036544799805
2012-01-12,65800,11.140000343322754,11.399999618530273,11.4399995803833,11.0,10.483509063720703
2012-01-11,92900,10.90999984741211,11.069999694824219,11.210000038146973,10.90999984741211,10.180036544799805
2012-01-10,59400,10.890000343322754,11.0,11.029999732971191,10.859999656677246,10.115663528442383
2012-01-09,59200,10.970000267028809,10.680000305175781,10.970000267028809,10.65999984741211,9.821391105651855
2012-01-06,57800,11.029999732971191,10.869999885559082,11.029999732971191,10.75,9.996115684509277
2012-01-05,54600,10.8100004196167,11.020000457763672,11.0600004196167,10.600000381469727,10.134057998657227
2012-01-04,49200,10.90999984741211,10.930000305175781,11.020000457763672,10.800000190734863,10.051290512084961
2012-01-03,107400,11.079999923706055,11.020000457763672,11.15999984741211,10.920000076293945,10.134057998657227
2011-12-30,85700,10.699999809265137,10.720000267028809,10.84000015258789,10.699999809265137,9.858176231384277
2011-12-29,70400,10.59000015258789,10.760000228881836,10.949999809265137,10.59000015258789,9.89495849609375
2011-12-28,66400,11.010000228881836,10.539999961853027,11.029999732971191,10.460000038146973,9.692647933959961
2011-12-27,27700,10.869999885559082,11.039999961853027,11.119999885559082,10.869999885559082,10.152448654174805
2011-12-23,26500,11.079999923706055,10.960000038146973,11.119999885559082,10.819999694824219,10.078878402709961
2011-12-22,69900,11.09000015258789,11.010000228881836,11.300000190734863,10.970000267028809,10.124863624572754
2011-12-21,59200,10.670000076293945,11.029999732971191,11.050000190734863,10.479999542236328,10.143250465393066
2011-12-20,119200,10.40999984741211,10.729999542236328,10.760000228881836,10.369999885559082,9.86737060546875
2011-12-19,77800,10.479999542236328,10.119999885559082,10.680000305175781,10.09000015258789,9.306411743164062
2011-12-16,289200,10.40999984741211,10.359999656677246,10.819999694824219,10.260000228881836,9.527114868164062
2011-12-15,74300,10.319999694824219,10.289999961853027,10.350000381469727,10.140000343322754,9.462745666503906
2011-12-14,167800,10.5,10.119999885559082,10.5,10.079999923706055,9.306411743164062
2011-12-13,128700,11.140000343322754,10.6899995803833,11.329999923706055,10.579999923706055,9.830586433410645
2011-12-12,87000,10.9399995803833,10.979999542236328,11.020000457763672,10.760000228881836,10.097272872924805
2011-12-09,144000,10.699999809265137,11.119999885559082,11.3100004196167,10.630000114440918,10.226018905639648
2011-12-08,119900,10.970000267028809,10.640000343322754,10.970000267028809,10.600000381469727,9.78460693359375
2011-12-07,97800,10.859999656677246,11.109999656677246,11.149999618530273,10.699999809265137,10.216821670532227
2011-12-06,146400,10.84000015258789,10.949999809265137,11.010000228881836,10.770000457763672,10.069684028625488
2011-12-05,129400,10.710000038146973,10.859999656677246,11.0,10.609999656677246,9.986921310424805
2011-12-02,73100,10.59000015258789,10.510000228881836,10.8100004196167,10.4399995803833,9.665060997009277
2011-12-01,158400,10.369999885559082,10.399999618530273,10.600000381469727,10.270000457763672,9.5639009475708
2011-11-30,300800,10.050000190734863,10.430000305175781,10.5,10.039999961853027,9.591489791870117
2011-11-29,155700,9.479999542236328,9.539999961853027,9.640000343322754,9.399999618530273,8.773040771484375
2011-11-28,166800,8.90999984741211,9.489999771118164,9.520000457763672,8.90999984741211,8.727058410644531
2011-11-25,64400,8.930000305175781,8.600000381469727,9.130000114440918,8.600000381469727,7.908611297607422
2011-11-23,83800,9.449999809265137,9.0,9.449999809265137,8.970000267028809,8.276453018188477
2011-11-22,110900,9.5600004196167,9.600000381469727,9.850000381469727,9.430000305175781,8.782235145568848
2011-11-21,98500,9.619999885559082,9.529999732971191,9.6899995803833,9.489999771118164,8.718199729919434
2011-11-18,101000,9.649999618530273,9.850000381469727,9.890000343322754,9.649999618530273,9.010940551757812
2011-11-17,87400,9.710000038146973,9.649999618530273,9.8100004196167,9.5,8.827975273132324
2011-11-16,110600,9.600000381469727,9.729999542236328,9.979999542236328,9.600000381469727,8.901164054870605
2011-11-15,330000,9.3100004196167,9.680000305175781,9.739999771118164,8.960000038146973,8.855422973632812
2011-11-14,134200,9.5,9.369999885559082,9.65999984741211,9.220000267028809,8.57182788848877
2011-11-11,166300,9.550000190734863,9.579999923706055,9.680000305175781,9.420000076293945,8.76393985748291
2011-11-10,174100,9.640000343322754,9.399999618530273,9.699999809265137,9.329999923706055,8.599272727966309
2011-11-09,154400,9.779999732971191,9.420000076293945,9.970000267028809,9.380000114440918,8.617568969726562
2011-11-08,140800,10.279999732971191,10.109999656677246,10.329999923706055,9.800000190734863,9.248795509338379
2011-11-07,152600,10.640000343322754,10.15999984741211,10.8100004196167,10.069999694824219,9.294532775878906
2011-11-04,88300,12.0,10.670000076293945,12.0,10.5600004196167,9.761090278625488
2011-11-03,190500,11.300000190734863,11.75,11.829999923706055,11.0600004196167,10.749092102050781
2011-11-02,218800,10.760000228881836,11.119999885559082,11.149999618530273,10.680000305175781,10.172759056091309
2011-11-01,212300,10.510000228881836,10.550000190734863,10.859999656677246,10.3100004196167,9.651312828063965
2011-10-31,164800,11.020000457763672,11.0,11.15999984741211,10.819999694824219,10.06297779083252
2011-10-28,141700,11.25,11.220000267028809,11.59000015258789,11.210000038146973,10.264238357543945
2011-10-27,226700,10.539999961853027,11.270000457763672,11.319999694824219,10.420000076293945,10.309980392456055
2011-10-26,115200,10.239999771118164,10.130000114440918,10.25,9.850000381469727,9.26708984375
2011-10-25,109900,10.100000381469727,10.0,10.220000267028809,9.869999885559082,9.148160934448242
2011-10-24,101000,9.850000381469727,10.25,10.3100004196167,9.800000190734863,9.376866340637207
2011-10-21,104000,9.880000114440918,9.84000015258789,9.890000343322754,9.569999694824219,9.001792907714844
2011-10-20,58700,9.59000015258789,9.649999618530273,9.65999984741211,9.199999809265137,8.827975273132324
2011-10-19,70800,9.90999984741211,9.59000015258789,9.949999809265137,9.539999961853027,8.773088455200195
2011-10-18,146900,9.789999961853027,9.949999809265137,10.0,9.59000015258789,9.102421760559082
2011-10-17,74700,10.029999732971191,9.710000038146973,10.100000381469727,9.6899995803833,8.882865905761719
2011-10-14,72100,10.100000381469727,10.170000076293945,10.180000305175781,9.949999809265137,9.303681373596191
2011-10-13,59800,10.0,9.970000267028809,10.020000457763672,9.770000457763672,9.120718002319336
2011-10-12,102800,9.899999618530273,10.119999885559082,10.220000267028809,9.720000267028809,9.257940292358398
2011-10-11,100300,9.579999923706055,9.800000190734863,9.90999984741211,9.569999694824219,8.965198516845703
2011-10-10,143700,9.1899995803833,9.720000267028809,9.729999542236328,9.15999984741211,8.892012596130371
2011-10-07,82600,9.460000038146973,8.960000038146973,9.460000038146973,8.890000343322754,8.19675350189209
2011-10-06,132000,8.899999618530273,9.489999771118164,9.5,8.859999656677246,8.681610107421875
2011-10-05,129300,8.890000343322754,8.970000267028809,9.069999694824219,8.670000076293945,8.205904006958008
2011-10-04,297500,7.829999923706055,8.84000015258789,8.899999618530273,7.809999942779541,8.086976051330566
2011-10-03,226500,8.279999732971191,7.880000114440918,8.420000076293945,7.849999904632568,7.208751201629639
2011-09-30,152200,8.609999656677246,8.319999694824219,8.779999732971191,8.3100004196167,7.611270904541016
2011-09-29,81500,8.770000457763672,8.789999961853027,8.859999656677246,8.539999961853027,8.041234970092773
2011-09-28,117400,8.970000267028809,8.5600004196167,8.970000267028809,8.5600004196167,7.8308281898498535
2011-09-27,172900,9.0,8.979999542236328,9.260000228881836,8.880000114440918,8.215049743652344
2011-09-26,132900,8.770000457763672,8.770000457763672,8.850000381469727,8.529999732971191,8.022939682006836
2011-09-23,163100,8.539999961853027,8.670000076293945,8.829999923706055,8.539999961853027,7.931457042694092
2011-09-22,176400,8.399999618530273,8.510000228881836,8.6899995803833,8.350000381469727,7.785088539123535
2011-09-21,151800,9.229999542236328,8.640000343322754,9.319999694824219,8.619999885559082,7.904012203216553
2011-09-20,91300,9.569999694824219,9.210000038146973,9.729999542236328,9.210000038146973,8.425458908081055
2011-09-19,62900,9.6899995803833,9.600000381469727,9.789999961853027,9.470000267028809,8.782235145568848
2011-09-16,223900,10.050000190734863,9.869999885559082,10.149999618530273,9.869999885559082,9.029237747192383
2011-09-15,96000,9.859999656677246,9.970000267028809,10.039999961853027,9.710000038146973,9.120718002319336
2011-09-14,131600,9.630000114440918,9.789999961853027,9.90999984741211,9.359999656677246,8.956050872802734
2011-09-13,73400,9.329999923706055,9.550000190734863,9.640000343322754,9.25,8.736495018005371
2011-09-12,84800,9.149999618530273,9.279999732971191,9.470000267028809,9.109999656677246,8.489493370056152
2011-09-09,199600,9.359999656677246,9.329999923706055,9.600000381469727,9.229999542236328,8.535238265991211
2011-09-08,125800,9.529999732971191,9.489999771118164,9.699999809265137,9.399999618530273,8.681610107421875
2011-09-07,167500,9.289999961853027,9.609999656677246,9.720000267028809,9.279999732971191,8.791383743286133
2011-09-06,152100,8.739999771118164,9.130000114440918,9.149999618530273,8.739999771118164,8.35227108001709
2011-09-02,201700,9.180000305175781,9.0,9.300000190734863,8.989999771118164,8.233345985412598
2011-09-01,237400,9.579999923706055,9.40999984741211,9.739999771118164,9.279999732971191,8.60842227935791
2011-08-31,161500,9.829999923706055,9.5600004196167,9.930000305175781,9.489999771118164,8.745644569396973
2011-08-30,110900,9.609999656677246,9.770000457763672,9.869999885559082,9.4399995803833,8.93775463104248
2011-08-29,133400,9.510000228881836,9.6899995803833,9.699999809265137,9.380000114440918,8.864568710327148
2011-08-26,96800,8.920000076293945,9.369999885559082,9.380000114440918,8.850000381469727,8.57182788848877
2011-08-25,110100,9.369999885559082,8.989999771118164,9.4399995803833,8.979999542236328,8.224198341369629
2011-08-24,117400,9.069999694824219,9.300000190734863,9.329999923706055,9.0600004196167,8.507789611816406
2011-08-23,185600,8.949999809265137,9.170000076293945,9.170000076293945,8.880000114440918,8.343124389648438
2011-08-22,97100,9.239999771118164,8.960000038146973,9.239999771118164,8.90999984741211,8.152060508728027
2011-08-19,233200,8.779999732971191,8.970000267028809,9.109999656677246,8.779999732971191,8.161160469055176
2011-08-18,250500,9.319999694824219,8.949999809265137,9.430000305175781,8.880000114440918,8.142958641052246
2011-08-17,91500,9.90999984741211,9.670000076293945,10.020000457763672,9.640000343322754,8.798040390014648
2011-08-16,126700,9.850000381469727,9.829999923706055,9.960000038146973,9.729999542236328,8.943608283996582
2011-08-15,70600,9.850000381469727,9.979999542236328,10.0600004196167,9.739999771118164,9.080084800720215
2011-08-12,115500,9.8100004196167,9.760000228881836,9.899999618530273,9.470000267028809,8.879924774169922
2011-08-11,264300,9.279999732971191,9.75,9.920000076293945,9.25,8.870824813842773
2011-08-10,246800,9.680000305175781,9.199999809265137,9.819999694824219,9.130000114440918,8.370418548583984
2011-08-09,306100,9.880000114440918,10.0,10.100000381469727,9.149999618530273,9.098282814025879
2011-08-08,328800,10.329999923706055,9.600000381469727,10.579999923706055,9.600000381469727,8.734350204467773
2011-08-05,379400,11.319999694824219,10.609999656677246,11.359999656677246,10.550000190734863,9.653277397155762
2011-08-04,254000,11.699999809265137,11.210000038146973,11.9399995803833,11.199999809265137,10.199173927307129
2011-08-03,624700,11.350000381469727,11.880000114440918,12.529999732971191,11.180000305175781,10.808760643005371
2011-08-02,162900,10.300000190734863,9.970000267028809,10.479999542236328,9.960000038146973,9.0709867477417
2011-08-01,319000,10.539999961853027,10.359999656677246,10.699999809265137,10.09000015258789,9.425822257995605
2011-07-29,123400,10.079999923706055,10.4399995803833,10.470000267028809,10.079999923706055,9.498608589172363
2011-07-28,79200,10.220000267028809,10.239999771118164,10.420000076293945,10.100000381469727,9.316638946533203
2011-07-27,202400,10.460000038146973,10.25,10.510000228881836,10.239999771118164,9.325739860534668
2011-07-26,144600,10.529999732971191,10.479999542236328,10.720000267028809,10.399999618530273,9.534998893737793
2011-07-25,67200,10.529999732971191,10.5600004196167,10.729999542236328,10.489999771118164,9.60778522491455
2011-07-22,71100,10.960000038146973,10.6899995803833,10.960000038146973,10.640000343322754,9.726064682006836
2011-07-21,110100,10.8100004196167,10.970000267028809,11.010000228881836,10.75,9.980814933776855
2011-07-20,176800,10.84000015258789,10.729999542236328,10.84000015258789,10.550000190734863,9.76245403289795
2011-07-19,168500,10.619999885559082,10.850000381469727,10.869999885559082,10.470000267028809,9.871638298034668
2011-07-18,81100,10.640000343322754,10.529999732971191,10.670000076293945,10.5,9.580489158630371
2011-07-15,99500,10.739999771118164,10.699999809265137,10.770000457763672,10.630000114440918,9.735160827636719
2011-07-14,99400,10.8100004196167,10.720000267028809,10.8100004196167,10.680000305175781,9.753358840942383
2011-07-13,86100,10.779999732971191,10.760000228881836,10.949999809265137,10.699999809265137,9.789750099182129
2011-07-12,70100,10.770000457763672,10.729999542236328,10.869999885559082,10.6899995803833,9.76245403289795
2011-07-11,55700,10.890000343322754,10.800000190734863,10.90999984741211,10.710000038146973,9.82614517211914
2011-07-08,94300,11.069999694824219,11.0600004196167,11.119999885559082,10.970000267028809,10.062702178955078
2011-07-07,74600,11.0600004196167,11.25,11.300000190734863,11.010000228881836,10.23556900024414
2011-07-06,104800,10.880000114440918,10.920000076293945,11.010000228881836,10.859999656677246,9.935322761535645
2011-07-05,100800,10.850000381469727,10.9399995803833,10.970000267028809,10.75,9.953520774841309
2011-07-01,195800,10.640000343322754,10.869999885559082,10.90999984741211,10.630000114440918,9.889832496643066
2011-06-30,96000,10.449999809265137,10.609999656677246,10.680000305175781,10.40999984741211,9.653277397155762
2011-06-29,72800,10.5,10.449999809265137,10.5,10.350000381469727,9.50770378112793
2011-06-28,91000,10.460000038146973,10.460000038146973,10.489999771118164,10.390000343322754,9.516802787780762
2011-06-27,95300,10.40999984741211,10.430000305175781,10.520000457763672,10.329999923706055,9.489506721496582
2011-06-24,318000,10.5600004196167,10.399999618530273,10.59000015258789,10.350000381469727,9.462213516235352
2011-06-23,105000,10.220000267028809,10.539999961853027,10.5600004196167,10.199999809265137,9.589590072631836
2011-06-22,68100,10.319999694824219,10.369999885559082,10.430000305175781,10.3100004196167,9.434914588928223
2011-06-21,103200,10.25,10.399999618530273,10.420000076293945,10.199999809265137,9.462213516235352
2011-06-20,66000,10.039999961853027,10.149999618530273,10.25,9.979999542236328,9.234755516052246
2011-06-17,188500,10.149999618530273,10.050000190734863,10.300000190734863,10.010000228881836,9.14377498626709
2011-06-16,140200,10.229999542236328,10.100000381469727,10.260000228881836,10.020000457763672,9.189266204833984
2011-06-15,112600,10.149999618530273,10.239999771118164,10.279999732971191,10.0600004196167,9.316638946533203
2011-06-14,105200,10.199999809265137,10.289999961853027,10.34000015258789,10.199999809265137,9.362133026123047
2011-06-13,74300,10.09000015258789,10.069999694824219,10.180000305175781,10.010000228881836,9.161966323852539
2011-06-10,91100,10.229999542236328,10.0600004196167,10.270000457763672,10.029999732971191,9.152873039245605
2011-06-09,87100,10.380000114440918,10.329999923706055,10.390000343322754,10.300000190734863,9.398526191711426
2011-06-08,92600,10.319999694824219,10.350000381469727,10.420000076293945,10.300000190734863,9.41672420501709
2011-06-07,62200,10.539999961853027,10.390000343322754,10.579999923706055,10.380000114440918,9.453115463256836
2011-06-06,188500,10.369999885559082,10.430000305175781,10.579999923706055,10.260000228881836,9.489506721496582
2011-06-03,186600,10.149999618530273,10.390000343322754,10.420000076293945,10.119999885559082,9.453115463256836
2011-06-02,145000,10.279999732971191,10.359999656677246,10.430000305175781,10.260000228881836,9.425822257995605
2011-06-01,404600,10.329999923706055,10.289999961853027,10.40999984741211,10.09000015258789,9.362133026123047
2011-05-31,224200,10.430000305175781,10.369999885559082,10.520000457763672,10.260000228881836,9.434914588928223
2011-05-27,69500,10.5,10.329999923706055,10.569999694824219,10.319999694824219,9.398526191711426
2011-05-26,116600,10.220000267028809,10.470000267028809,10.539999961853027,10.149999618530273,9.525899887084961
2011-05-25,146700,10.0600004196167,10.270000457763672,10.369999885559082,10.0600004196167,9.343938827514648
2011-05-24,180200,10.710000038146973,10.140000343322754,10.710000038146973,10.130000114440918,9.180166244506836
2011-05-23,81400,10.600000381469727,10.649999618530273,10.829999923706055,10.529999732971191,9.641890525817871
2011-05-20,108000,10.829999923706055,10.850000381469727,10.979999542236328,10.760000228881836,9.822957992553711
2011-05-19,114500,10.989999771118164,10.899999618530273,11.079999923706055,10.75,9.868226051330566
2011-05-18,77200,10.819999694824219,10.899999618530273,10.949999809265137,10.779999732971191,9.868226051330566
2011-05-17,305800,11.0,10.760000228881836,11.100000381469727,10.729999542236328,9.74147891998291
2011-05-16,118500,11.0,10.949999809265137,11.130000114440918,10.920000076293945,9.913494110107422
2011-05-13,142000,11.1899995803833,11.039999961853027,11.229999542236328,11.010000228881836,9.994974136352539
2011-05-12,130000,10.949999809265137,11.199999809265137,11.329999923706055,10.949999809265137,10.139824867248535
2011-05-11,317700,11.15999984741211,11.029999732971191,11.15999984741211,10.880000114440918,9.985919952392578
2011-05-10,151800,10.680000305175781,11.229999542236328,11.289999961853027,10.670000076293945,10.166987419128418
2011-05-09,100000,10.8100004196167,10.65999984741211,10.829999923706055,10.5600004196167,9.650944709777832
2011-05-06,118700,11.270000457763672,10.789999961853027,11.300000190734863,10.770000457763672,9.768638610839844
2011-05-05,189900,11.199999809265137,11.100000381469727,11.390000343322754,10.850000381469727,10.049293518066406
2011-05-04,237000,11.619999885559082,11.34000015258789,11.649999618530273,11.199999809265137,10.266578674316406
2011-05-03,186000,11.819999694824219,11.75,11.979999542236328,11.699999809265137,10.637765884399414
2011-05-02,117000,12.210000038146973,11.899999618530273,12.220000267028809,11.729999542236328,10.773567199707031
2011-04-29,119000,12.020000457763672,12.210000038146973,12.329999923706055,12.020000457763672,11.05422306060791
2011-04-28,95200,11.899999618530273,11.970000267028809,12.020000457763672,11.850000381469727,10.836943626403809
2011-04-27,241800,12.1899995803833,11.930000305175781,12.1899995803833,11.84000015258789,10.800729751586914
2011-04-26,94900,12.029999732971191,12.199999809265137,12.390000343322754,12.029999732971191,11.045170783996582
2011-04-25,65500,12.010000228881836,12.0,12.130000114440918,11.979999542236328,10.864103317260742
2011-04-21,217400,12.5,11.979999542236328,12.5,11.90999984741211,10.845995903015137
2011-04-20,427600,11.3100004196167,12.420000076293945,12.420000076293945,11.3100004196167,11.24434757232666
2011-04-19,49800,12.569999694824219,12.510000228881836,12.65999984741211,12.399999618530273,11.325827598571777
2011-04-18,66600,12.5600004196167,12.489999771118164,12.640000343322754,12.380000114440918,11.307719230651855
2011-04-15,159200,12.770000457763672,12.789999961853027,12.84000015258789,12.600000381469727,11.579320907592773
2011-04-14,67700,12.460000038146973,12.800000190734863,12.90999984741211,12.430000305175781,11.588374137878418
2011-04-13,141300,12.789999961853027,12.569999694824219,12.789999961853027,12.350000381469727,11.380146026611328
2011-04-12,143500,13.0600004196167,12.739999771118164,13.100000381469727,12.729999542236328,11.5340576171875
2011-04-11,318100,13.760000228881836,13.1899995803833,13.770000457763672,13.140000343322754,11.941457748413086
2011-04-08,59400,14.270000457763672,13.84000015258789,14.270000457763672,13.819999694824219,12.52993106842041
2011-04-07,43900,14.270000457763672,14.140000343322754,14.40999984741211,14.140000343322754,12.801534652709961
2011-04-06,49000,14.260000228881836,14.300000190734863,14.359999656677246,14.119999885559082,12.946389198303223
2011-04-05,79500,14.119999885559082,14.15999984741211,14.399999618530273,14.050000190734863,12.819640159606934
2011-04-04,94200,14.029999732971191,14.1899995803833,14.210000038146973,13.920000076293945,12.846799850463867
2011-04-01,224800,14.09000015258789,13.989999771118164,14.229999542236328,13.949999809265137,12.665733337402344
2011-03-31,133100,13.930000305175781,14.069999694824219,14.069999694824219,13.899999618530273,12.738161087036133
2011-03-30,83400,13.699999809265137,14.0,14.09000015258789,13.619999885559082,12.674787521362305
2011-03-29,67000,13.510000228881836,13.59000015258789,13.619999885559082,13.09000015258789,12.303596496582031
2011-03-28,45800,13.770000457763672,13.489999771118164,13.800000190734863,13.489999771118164,12.21306037902832
2011-03-25,97900,13.9399995803833,13.739999771118164,14.0600004196167,13.720000267028809,12.439397811889648
2011-03-24,72200,14.119999885559082,13.869999885559082,14.130000114440918,13.800000190734863,12.55709171295166
2011-03-23,57300,14.010000228881836,14.069999694824219,14.100000381469727,13.789999961853027,12.738161087036133
2011-03-22,134600,13.789999961853027,14.050000190734863,14.069999694824219,13.720000267028809,12.720053672790527
2011-03-21,80900,13.40999984741211,13.789999961853027,13.800000190734863,13.40999984741211,12.484665870666504
2011-03-18,137800,13.050000190734863,13.210000038146973,13.220000267028809,12.9399995803833,11.959567070007324
2011-03-17,54200,13.130000114440918,12.930000305175781,13.140000343322754,12.90999984741211,11.706071853637695
2011-03-16,116700,13.149999618530273,12.850000381469727,13.199999809265137,12.829999923706055,11.633646011352539
2011-03-15,113800,13.09000015258789,13.180000305175781,13.260000228881836,13.039999961853027,11.932404518127441
2011-03-14,68200,13.210000038146973,13.449999809265137,13.529999732971191,12.949999809265137,12.176848411560059
2011-03-11,74100,13.329999923706055,13.4399995803833,13.550000190734863,13.210000038146973,12.167794227600098
2011-03-10,126300,13.779999732971191,13.430000305175781,13.789999961853027,13.34000015258789,12.158740997314453
2011-03-09,165700,13.710000038146973,14.010000228881836,14.050000190734863,13.680000305175781,12.683838844299316
2011-03-08,286200,13.4399995803833,13.770000457763672,13.880000114440918,13.369999885559082,12.42129135131836
2011-03-07,113400,13.829999923706055,13.460000038146973,13.880000114440918,13.350000381469727,12.141653060913086
2011-03-04,135900,13.979999542236328,13.90999984741211,14.119999885559082,13.779999732971191,12.547576904296875
2011-03-03,249800,13.930000305175781,13.9399995803833,14.039999961853027,13.84000015258789,12.574640274047852
2011-03-02,379700,13.369999885559082,13.75,14.25,13.369999885559082,12.40324878692627
2011-03-01,237800,13.3100004196167,12.989999771118164,13.449999809265137,12.859999656677246,11.71768569946289
2011-02-28,191300,12.930000305175781,13.270000457763672,13.5,12.930000305175781,11.97026252746582
2011-02-25,97600,12.5600004196167,12.800000190734863,12.819999694824219,12.470000267028809,11.546296119689941
2011-02-24,139400,12.4399995803833,12.5,12.609999656677246,12.34000015258789,11.275684356689453
2011-02-23,113000,12.770000457763672,12.399999618530273,12.770000457763672,12.319999694824219,11.18547248840332
2011-02-22,82100,12.829999923706055,12.800000190734863,12.920000076293945,12.75,11.546296119689941
2011-02-18,79800,12.970000267028809,12.989999771118164,12.989999771118164,12.84000015258789,11.71768569946289
2011-02-17,74400,12.930000305175781,12.899999618530273,12.970000267028809,12.680000305175781,11.636502265930176
2011-02-16,57200,12.789999961853027,12.949999809265137,13.010000228881836,12.789999961853027,11.681604385375977
2011-02-15,132000,12.859999656677246,12.720000267028809,13.0,12.720000267028809,11.474133491516113
2011-02-14,52200,12.779999732971191,12.890000343322754,12.920000076293945,12.779999732971191,11.627482414245605
2011-02-11,62500,12.729999542236328,12.819999694824219,12.819999694824219,12.59000015258789,11.564336776733398
2011-02-10,78200,12.829999923706055,12.770000457763672,12.960000038146973,12.720000267028809,11.519234657287598
2011-02-09,157500,12.930000305175781,12.949999809265137,13.079999923706055,12.84000015258789,11.681604385375977
2011-02-08,87700,13.050000190734863,13.020000457763672,13.109999656677246,12.949999809265137,11.744751930236816
2011-02-07,98900,12.880000114440918,13.100000381469727,13.180000305175781,12.880000114440918,11.816912651062012
2011-02-04,88800,12.90999984741211,12.90999984741211,13.0,12.779999732971191,11.645524024963379
2011-02-03,65400,13.029999732971191,12.920000076293945,13.029999732971191,12.670000076293945,11.65454387664795
2011-02-02,74500,12.899999618530273,13.010000228881836,13.020000457763672,12.899999618530273,11.735730171203613
2011-02-01,210700,12.819999694824219,12.970000267028809,12.989999771118164,12.739999771118164,11.69964599609375
2011-01-31,158500,12.819999694824219,12.729999542236328,12.890000343322754,12.680000305175781,11.483155250549316
2011-01-28,190200,13.100000381469727,12.75,13.15999984741211,12.65999984741211,11.50119400024414
2011-01-27,91600,13.319999694824219,13.15999984741211,13.34000015258789,13.119999885559082,11.871034622192383
2011-01-26,96900,12.880000114440918,13.369999885559082,13.470000267028809,12.880000114440918,12.060467720031738
2011-01-25,94300,12.520000457763672,12.8100004196167,12.819999694824219,12.449999809265137,11.555317878723145
2011-01-24,48400,12.09000015258789,12.640000343322754,12.65999984741211,12.09000015258789,11.401968002319336
2011-01-21,122700,12.350000381469727,12.119999885559082,12.390000343322754,12.079999923706055,10.932899475097656
2011-01-20,117600,12.510000228881836,12.289999961853027,12.630000114440918,12.279999732971191,11.08625316619873
2011-01-19,92100,13.1899995803833,12.59000015258789,13.289999961853027,12.579999923706055,11.356865882873535
2011-01-18,65500,13.260000228881836,13.229999542236328,13.3100004196167,13.050000190734863,11.934182167053223
2011-01-14,51200,13.020000457763672,13.319999694824219,13.380000114440918,12.960000038146973,12.01536750793457
2011-01-13,57800,13.100000381469727,13.029999732971191,13.100000381469727,12.890000343322754,11.75377368927002
2011-01-12,57900,12.90999984741211,13.079999923706055,13.1899995803833,12.829999923706055,11.798871994018555
2011-01-11,39500,12.729999542236328,12.75,13.0,12.670000076293945,11.50119400024414
2011-01-10,96500,12.739999771118164,12.65999984741211,12.850000381469727,12.569999694824219,11.42000961303711
2011-01-07,52100,13.0600004196167,12.850000381469727,13.100000381469727,12.630000114440918,11.59140396118164
2011-01-06,123100,13.170000076293945,13.010000228881836,13.170000076293945,12.789999961853027,11.735730171203613
2011-01-05,68000,12.989999771118164,13.140000343322754,13.149999618530273,12.869999885559082,11.852994918823242
2011-01-04,87700,13.489999771118164,13.029999732971191,13.489999771118164,12.90999984741211,11.75377368927002
2011-01-03,114200,13.260000228881836,13.489999771118164,13.65999984741211,13.0600004196167,12.16871452331543
2010-12-31,80700,13.260000228881836,13.170000076293945,13.420000076293945,13.140000343322754,11.880061149597168
2010-12-30,93300,13.279999732971191,13.319999694824219,13.899999618530273,13.279999732971191,12.01536750793457
2010-12-29,25100,13.380000114440918,13.3100004196167,13.4399995803833,13.260000228881836,12.006346702575684
2010-12-28,56500,13.4399995803833,13.359999656677246,13.4399995803833,13.220000267028809,12.051446914672852
2010-12-27,40000,13.199999809265137,13.390000343322754,13.5,13.149999618530273,12.078509330749512
2010-12-23,57600,13.039999961853027,13.1899995803833,13.3100004196167,13.039999961853027,11.89809799194336
2010-12-22,76600,13.0,13.0600004196167,13.15999984741211,12.880000114440918,11.780832290649414
2010-12-21,62500,12.890000343322754,12.989999771118164,12.989999771118164,12.819999694824219,11.71768569946289
2010-12-20,117900,12.850000381469727,12.8100004196167,12.989999771118164,12.729999542236328,11.555317878723145
2010-12-17,286000,12.569999694824219,12.8100004196167,12.8100004196167,12.489999771118164,11.555317878723145
2010-12-16,98900,12.430000305175781,12.569999694824219,12.649999618530273,12.350000381469727,11.338824272155762
2010-12-15,135200,12.399999618530273,12.420000076293945,12.550000190734863,12.329999923706055,11.203518867492676
2010-12-14,109200,12.300000190734863,12.390000343322754,12.479999542236328,12.289999961853027,11.176456451416016
2010-12-13,155000,12.399999618530273,12.229999542236328,12.430000305175781,12.130000114440918,11.032126426696777
2010-12-10,88700,12.319999694824219,12.359999656677246,12.5,12.15999984741211,11.149392127990723
2010-12-09,112800,12.369999885559082,12.270000457763672,12.380000114440918,12.180000305175781,11.068209648132324
2010-12-08,86700,12.210000038146973,12.25,12.390000343322754,12.210000038146973,11.050165176391602
2010-12-07,111200,12.270000457763672,12.170000076293945,12.399999618530273,12.09000015258789,10.978002548217773
2010-12-06,86500,12.010000228881836,12.170000076293945,12.180000305175781,11.890000343322754,10.978002548217773
2010-12-03,154600,11.8100004196167,12.0600004196167,12.100000381469727,11.75,10.878774642944336
2010-12-02,120600,11.699999809265137,11.90999984741211,11.920000076293945,11.630000114440918,10.743468284606934
2010-12-01,127200,11.380000114440918,11.710000038146973,11.710000038146973,11.329999923706055,10.563056945800781
2010-11-30,137200,11.239999771118164,11.149999618530273,11.239999771118164,11.069999694824219,10.057907104492188
2010-11-29,60900,11.260000228881836,11.390000343322754,11.430000305175781,11.050000190734863,10.274399757385254
2010-11-26,18300,11.239999771118164,11.350000381469727,11.420000076293945,11.199999809265137,10.23831844329834
2010-11-24,102500,11.260000228881836,11.380000114440918,11.489999771118164,11.239999771118164,10.220280647277832
2010-11-23,62200,10.9399995803833,11.130000114440918,11.199999809265137,10.890000343322754,9.99575424194336
2010-11-22,50200,11.15999984741211,11.109999656677246,11.1899995803833,10.899999618530273,9.977792739868164
2010-11-19,70100,11.0,11.210000038146973,11.25,10.970000267028809,10.067602157592773
2010-11-18,79100,11.029999732971191,11.0600004196167,11.180000305175781,10.960000038146973,9.93288803100586
2010-11-17,68000,11.069999694824219,10.880000114440918,11.069999694824219,10.850000381469727,9.771232604980469
2010-11-16,131100,11.279999732971191,11.050000190734863,11.289999961853027,10.960000038146973,9.923905372619629
2010-11-15,124700,11.319999694824219,11.350000381469727,11.479999542236328,11.180000305175781,10.19333553314209
2010-11-12,86700,11.319999694824219,11.260000228881836,11.350000381469727,11.15999984741211,10.112506866455078
2010-11-11,204300,11.359999656677246,11.460000038146973,11.569999694824219,11.34000015258789,10.29212760925293
2010-11-10,179600,11.319999694824219,11.510000228881836,11.529999732971191,11.180000305175781,10.337028503417969
2010-11-09,143400,11.260000228881836,11.270000457763672,11.350000381469727,11.130000114440918,10.12148666381836
2010-11-08,122000,11.15999984741211,11.229999542236328,11.279999732971191,11.069999694824219,10.085565567016602
2010-11-05,178100,11.180000305175781,11.369999885559082,11.399999618530273,11.069999694824219,10.211298942565918
2010-11-04,247200,10.859999656677246,11.130000114440918,11.199999809265137,10.850000381469727,9.99575424194336
2010-11-03,642800,11.630000114440918,10.680000305175781,11.680000305175781,10.569999694824219,9.59161376953125
2010-11-02,120100,11.510000228881836,11.579999923706055,11.65999984741211,11.479999542236328,10.399896621704102
2010-11-01,133000,11.460000038146973,11.359999656677246,11.680000305175781,11.15999984741211,10.202312469482422
2010-10-29,88900,11.319999694824219,11.449999809265137,11.510000228881836,11.279999732971191,10.283146858215332
2010-10-28,102600,11.399999618530273,11.380000114440918,11.40999984741211,11.180000305175781,10.220280647277832
2010-10-27,132100,11.300000190734863,11.300000190734863,11.350000381469727,11.140000343322754,10.148431777954102
2010-10-26,100500,11.350000381469727,11.40999984741211,11.479999542236328,11.220000267028809,10.247220039367676
2010-10-25,143800,11.510000228881836,11.449999809265137,11.65999984741211,11.380000114440918,10.283146858215332
2010-10-22,107200,11.460000038146973,11.40999984741211,11.539999961853027,11.34000015258789,10.247220039367676
2010-10-21,164000,11.15999984741211,11.40999984741211,11.420000076293945,10.920000076293945,10.247220039367676
2010-10-20,72200,11.0600004196167,11.079999923706055,11.229999542236328,11.0,9.950850486755371
2010-10-19,99100,11.15999984741211,10.979999542236328,11.399999618530273,10.930000305175781,9.861039161682129
2010-10-18,59200,11.270000457763672,11.359999656677246,11.380000114440918,11.210000038146973,10.202312469482422
2010-10-15,133900,11.390000343322754,11.239999771118164,11.399999618530273,11.170000076293945,10.0945463180542
2010-10-14,144500,11.170000076293945,11.25,11.260000228881836,11.100000381469727,10.103525161743164
2010-10-13,244600,11.229999542236328,11.149999618530273,11.359999656677246,11.079999923706055,10.013716697692871
2010-10-12,203300,11.09000015258789,11.15999984741211,11.199999809265137,10.930000305175781,10.022696495056152
2010-10-11,118500,11.199999809265137,11.15999984741211,11.239999771118164,11.069999694824219,10.022696495056152
2010-10-08,110100,11.010000228881836,11.210000038146973,11.260000228881836,10.880000114440918,10.067602157592773
2010-10-07,118800,11.020000457763672,10.970000267028809,11.09000015258789,10.930000305175781,9.852057456970215
2010-10-06,114800,10.8100004196167,10.960000038146973,10.960000038146973,10.789999961853027,9.84307861328125
2010-10-05,185800,10.829999923706055,10.859999656677246,10.90999984741211,10.6899995803833,9.753268241882324
2010-10-04,153000,10.75,10.6899995803833,10.819999694824219,10.649999618530273,9.600593566894531
2010-10-01,149500,10.84000015258789,10.800000190734863,10.859999656677246,10.680000305175781,9.699385643005371
2010-09-30,110100,10.829999923706055,10.729999542236328,10.880000114440918,10.550000190734863,9.636518478393555
2010-09-29,124200,10.539999961853027,10.720000267028809,10.729999542236328,10.539999961853027,9.62753677368164
2010-09-28,316200,10.539999961853027,10.609999656677246,10.619999885559082,10.319999694824219,9.528745651245117
2010-09-27,127100,10.600000381469727,10.479999542236328,10.619999885559082,10.4399995803833,9.411994934082031
2010-09-24,194200,10.579999923706055,10.579999923706055,10.579999923706055,10.5,9.501806259155273
2010-09-23,282500,10.399999618530273,10.399999618530273,10.5,10.34000015258789,9.340147018432617
2010-09-22,256800,10.529999732971191,10.510000228881836,10.579999923706055,10.449999809265137,9.438937187194824
2010-09-21,198100,10.609999656677246,10.539999961853027,10.640000343322754,10.539999961853027,9.465880393981934
2010-09-20,290800,10.5,10.600000381469727,10.710000038146973,10.399999618530273,9.519765853881836
2010-09-17,279500,10.65999984741211,10.5,10.65999984741211,10.380000114440918,9.429956436157227
2010-09-16,171200,10.869999885559082,10.600000381469727,10.869999885559082,10.5600004196167,9.519765853881836
2010-09-15,136700,10.850000381469727,10.90999984741211,11.0,10.84000015258789,9.798173904418945
2010-09-14,96400,10.90999984741211,10.920000076293945,10.989999771118164,10.760000228881836,9.807154655456543
2010-09-13,157200,10.770000457763672,10.960000038146973,11.0,10.6899995803833,9.84307861328125
2010-09-10,84400,10.819999694824219,10.699999809265137,10.880000114440918,10.600000381469727,9.609576225280762
2010-09-09,115400,10.949999809265137,10.75,10.949999809265137,10.550000190734863,9.65447998046875
2010-09-08,163000,10.819999694824219,10.770000457763672,10.979999542236328,10.680000305175781,9.672441482543945
2010-09-07,93400,10.970000267028809,10.8100004196167,11.069999694824219,10.789999961853027,9.708366394042969
2010-09-03,100400,11.010000228881836,11.010000228881836,11.069999694824219,10.779999732971191,9.88798713684082
2010-09-02,77500,10.869999885559082,10.859999656677246,10.930000305175781,10.729999542236328,9.753268241882324
2010-09-01,150600,10.619999885559082,10.920000076293945,10.920000076293945,10.460000038146973,9.807154655456543
2010-08-31,126800,10.510000228881836,10.430000305175781,10.739999771118164,10.369999885559082,9.36709213256836
2010-08-30,134600,10.680000305175781,10.550000190734863,10.710000038146973,10.520000457763672,9.474860191345215
2010-08-27,99600,10.5,10.720000267028809,10.720000267028809,10.380000114440918,9.62753677368164
2010-08-26,103500,10.529999732971191,10.399999618530273,10.579999923706055,10.350000381469727,9.295243263244629
2010-08-25,165500,10.300000190734863,10.5,10.520000457763672,10.289999961853027,9.384620666503906
2010-08-24,224200,10.199999809265137,10.380000114440918,10.539999961853027,10.180000305175781,9.277366638183594
2010-08-23,191100,10.550000190734863,10.369999885559082,10.6899995803833,10.34000015258789,9.268428802490234
2010-08-20,168600,10.390000343322754,10.479999542236328,10.489999771118164,10.239999771118164,9.366744995117188
2010-08-19,131000,10.670000076293945,10.470000267028809,10.670000076293945,10.420000076293945,9.357806205749512
2010-08-18,99700,10.65999984741211,10.739999771118164,10.880000114440918,10.59000015258789,9.599126815795898
2010-08-17,216500,10.65999984741211,10.6899995803833,10.84000015258789,10.640000343322754,9.554436683654785
2010-08-16,166900,10.149999618530273,10.510000228881836,10.510000228881836,10.0,9.39355754852295
2010-08-13,126900,10.430000305175781,10.229999542236328,10.430000305175781,10.130000114440918,9.143299102783203
2010-08-12,145800,10.289999961853027,10.5,10.579999923706055,10.210000038146973,9.384620666503906
2010-08-11,193300,10.880000114440918,10.520000457763672,10.890000343322754,10.449999809265137,9.402494430541992
2010-08-10,111200,11.329999923706055,11.130000114440918,11.34000015258789,10.9399995803833,9.947697639465332
2010-08-09,110100,11.390000343322754,11.5,11.539999961853027,11.319999694824219,10.278390884399414
2010-08-06,154100,11.270000457763672,11.350000381469727,11.520000457763672,11.109999656677246,10.144329071044922
2010-08-05,112600,11.520000457763672,11.470000267028809,11.609999656677246,11.449999809265137,10.251583099365234
2010-08-04,202500,11.739999771118164,11.619999885559082,11.829999923706055,11.510000228881836,10.385645866394043
2010-08-03,211100,11.739999771118164,11.680000305175781,11.9399995803833,11.319999694824219,10.439274787902832
2010-08-02,190800,11.59000015258789,11.760000228881836,11.760000228881836,11.449999809265137,10.510774612426758
2010-07-30,152000,11.239999771118164,11.40999984741211,11.5600004196167,11.199999809265137,10.197954177856445
2010-07-29,165200,11.649999618530273,11.460000038146973,11.649999618530273,11.380000114440918,10.242646217346191
2010-07-28,196900,11.510000228881836,11.520000457763672,11.59000015258789,11.430000305175781,10.296269416809082
2010-07-27,253300,11.390000343322754,11.520000457763672,11.710000038146973,11.300000190734863,10.296269416809082
2010-07-26,217500,11.039999961853027,11.270000457763672,11.369999885559082,11.0,10.07282543182373
2010-07-23,242300,10.520000457763672,10.970000267028809,10.989999771118164,10.510000228881836,9.804691314697266
2010-07-22,189700,10.350000381469727,10.600000381469727,10.630000114440918,10.34000015258789,9.473998069763184
2010-07-21,165500,10.260000228881836,10.180000305175781,10.270000457763672,10.039999961853027,9.098612785339355
2010-07-20,128400,9.850000381469727,10.15999984741211,10.180000305175781,9.800000190734863,9.080737113952637
2010-07-19,139700,9.800000190734863,9.989999771118164,10.020000457763672,9.6899995803833,8.92879867553711
2010-07-16,177800,10.229999542236328,9.779999732971191,10.25,9.760000228881836,8.741104125976562
2010-07-15,105700,10.3100004196167,10.25,10.319999694824219,10.0,9.161177635192871
2010-07-14,59000,10.380000114440918,10.289999961853027,10.380000114440918,10.149999618530273,9.196930885314941
2010-07-13,172000,10.359999656677246,10.449999809265137,10.510000228881836,10.270000457763672,9.33993148803711
2010-07-12,80900,10.289999961853027,10.1899995803833,10.489999771118164,10.069999694824219,9.107551574707031
2010-07-09,77000,10.210000038146973,10.359999656677246,10.380000114440918,10.100000381469727,9.259492874145508
2010-07-08,72300,10.180000305175781,10.260000228881836,10.289999961853027,10.020000457763672,9.17011547088623
2010-07-07,184200,9.770000457763672,10.069999694824219,10.069999694824219,9.75,9.000298500061035
2010-07-06,192800,9.930000305175781,9.6899995803833,10.09000015258789,9.640000343322754,8.660662651062012
2010-07-02,138100,9.859999656677246,9.850000381469727,9.949999809265137,9.699999809265137,8.803666114807129
2010-07-01,210500,9.680000305175781,9.800000190734863,9.859999656677246,9.510000228881836,8.758979797363281
2010-06-30,249500,9.949999809265137,9.65999984741211,10.100000381469727,9.59000015258789,8.633851051330566
2010-06-29,168100,10.130000114440918,9.9399995803833,10.130000114440918,9.84000015258789,8.884105682373047
2010-06-28,154400,10.399999618530273,10.319999694824219,10.529999732971191,10.220000267028809,9.223739624023438
2010-06-25,443700,10.170000076293945,10.40999984741211,10.59000015258789,9.930000305175781,9.304182052612305
2010-06-24,191800,10.380000114440918,10.119999885559082,10.5600004196167,10.109999656677246,9.044986724853516
2010-06-23,291500,10.300000190734863,10.5,10.630000114440918,10.210000038146973,9.384620666503906
2010-06-22,456000,10.5,10.350000381469727,10.640000343322754,10.300000190734863,9.250554084777832
2010-06-21,351200,10.720000267028809,10.5,10.789999961853027,10.369999885559082,9.384620666503906
2010-06-18,211200,10.550000190734863,10.550000190734863,10.710000038146973,10.449999809265137,9.42930793762207
2010-06-17,662800,10.59000015258789,10.460000038146973,10.609999656677246,10.34000015258789,9.348869323730469
2010-06-16,86500,10.619999885559082,10.59000015258789,10.729999542236328,10.529999732971191,9.465063095092773
2010-06-15,143500,10.40999984741211,10.75,10.800000190734863,10.359999656677246,9.608064651489258
2010-06-14,128000,10.670000076293945,10.40999984741211,10.84000015258789,10.369999885559082,9.304182052612305
2010-06-11,189400,10.229999542236328,10.609999656677246,10.6899995803833,10.229999542236328,9.48293399810791
2010-06-10,181500,10.3100004196167,10.359999656677246,10.390000343322754,10.079999923706055,9.259492874145508
2010-06-09,518500,10.199999809265137,10.100000381469727,10.3100004196167,9.989999771118164,9.02711296081543
2010-06-08,617200,9.75,10.0600004196167,10.270000457763672,9.670000076293945,8.991362571716309
2010-06-07,210700,9.899999618530273,9.65999984741211,10.09000015258789,9.65999984741211,8.633851051330566
2010-06-04,234700,10.3100004196167,9.920000076293945,10.3100004196167,9.869999885559082,8.866235733032227
2010-06-03,310300,10.460000038146973,10.4399995803833,10.670000076293945,10.329999923706055,9.330995559692383
2010-06-02,600500,10.369999885559082,10.359999656677246,10.529999732971191,10.25,9.259492874145508
2010-06-01,405000,10.75,10.390000343322754,10.880000114440918,10.369999885559082,9.286304473876953
2010-05-28,212200,10.930000305175781,11.020000457763672,11.15999984741211,10.829999923706055,9.849382400512695
2010-05-27,245600,10.5600004196167,11.020000457763672,11.0600004196167,10.489999771118164,9.849382400512695
2010-05-26,201800,10.520000457763672,10.319999694824219,10.75,10.279999732971191,9.223739624023438
2010-05-25,130100,10.420000076293945,10.539999961853027,10.579999923706055,10.229999542236328,9.375682830810547
2010-05-24,116200,10.859999656677246,10.619999885559082,10.960000038146973,10.59000015258789,9.446843147277832
2010-05-21,344100,10.729999542236328,10.899999618530273,11.100000381469727,10.640000343322754,9.695914268493652
2010-05-20,345900,11.010000228881836,10.84000015258789,11.15999984741211,10.789999961853027,9.642542839050293
2010-05-19,218600,11.460000038146973,11.229999542236328,11.579999923706055,11.109999656677246,9.989463806152344
2010-05-18,188500,12.069999694824219,11.529999732971191,12.149999618530273,11.479999542236328,10.256321907043457
2010-05-17,314400,11.579999923706055,11.890000343322754,11.920000076293945,11.359999656677246,10.576556205749512
2010-05-14,323000,11.630000114440918,11.479999542236328,11.630000114440918,11.15999984741211,10.211844444274902
2010-05-13,177100,11.869999885559082,11.6899995803833,12.020000457763672,11.489999771118164,10.39864730834961
2010-05-12,303500,11.229999542236328,11.960000038146973,12.039999961853027,11.119999885559082,10.63881778717041
2010-05-11,471000,10.960000038146973,11.210000038146973,11.420000076293945,10.899999618530273,9.97166919708252
2010-05-10,430100,11.34000015258789,11.100000381469727,11.449999809265137,11.0,9.873821258544922
2010-05-07,659700,11.1899995803833,10.930000305175781,11.5600004196167,10.859999656677246,9.722603797912598
2010-05-06,741300,11.850000381469727,11.300000190734863,11.9399995803833,11.140000343322754,10.051729202270508
2010-05-05,1227800,13.380000114440918,12.100000381469727,13.380000114440918,11.75,10.76335334777832
2010-05-04,445400,14.149999618530273,14.199999809265137,14.380000114440918,13.949999809265137,12.631377220153809
2010-05-03,180600,14.210000038146973,14.380000114440918,14.40999984741211,14.039999961853027,12.791489601135254
2010-04-30,352800,14.4399995803833,14.079999923706055,14.5,14.069999694824219,12.524630546569824
2010-04-29,167900,14.210000038146973,14.479999542236328,14.479999542236328,14.069999694824219,12.880444526672363
2010-04-28,169800,14.010000228881836,14.079999923706055,14.15999984741211,13.899999618530273,12.524630546569824
2010-04-27,296000,13.899999618530273,13.960000038146973,14.289999961853027,13.800000190734863,12.417888641357422
2010-04-26,252300,13.920000076293945,13.920000076293945,13.960000038146973,13.720000267028809,12.382306098937988
2010-04-23,202600,13.359999656677246,13.899999618530273,13.920000076293945,13.350000381469727,12.36451244354248
2010-04-22,208800,13.119999885559082,13.359999656677246,13.399999618530273,13.119999885559082,11.884167671203613
2010-04-21,119800,13.239999771118164,13.279999732971191,13.300000190734863,13.09000015258789,11.813003540039062
2010-04-20,142500,12.979999542236328,13.25,13.300000190734863,12.979999542236328,11.786321640014648
2010-04-19,156700,12.989999771118164,13.010000228881836,13.149999618530273,12.800000190734863,11.572832107543945
2010-04-16,172600,13.079999923706055,13.079999923706055,13.149999618530273,12.890000343322754,11.635100364685059
2010-04-15,424900,12.890000343322754,13.0600004196167,13.09000015258789,12.869999885559082,11.617307662963867
2010-04-14,183900,12.869999885559082,12.949999809265137,12.979999542236328,12.800000190734863,11.519462585449219
2010-04-13,190500,12.90999984741211,12.84000015258789,12.960000038146973,12.800000190734863,11.421608924865723
2010-04-12,198100,12.90999984741211,12.979999542236328,13.050000190734863,12.869999885559082,11.546142578125
2010-04-09,75300,12.890000343322754,12.930000305175781,13.020000457763672,12.890000343322754,11.501669883728027
2010-04-08,79600,12.979999542236328,12.90999984741211,13.010000228881836,12.899999618530273,11.48387622833252
2010-04-07,154700,12.75,13.0600004196167,13.079999923706055,12.699999809265137,11.617307662963867
2010-04-06,120700,12.890000343322754,12.829999923706055,13.020000457763672,12.800000190734863,11.412713050842285
2010-04-05,137400,12.579999923706055,13.0,13.0,12.510000228881836,11.563940048217773
2010-04-01,153100,12.65999984741211,12.579999923706055,12.84000015258789,12.5,11.190328598022461
2010-03-31,224300,12.460000038146973,12.489999771118164,12.789999961853027,12.460000038146973,11.110275268554688
2010-03-30,128300,12.420000076293945,12.539999961853027,12.640000343322754,12.300000190734863,11.154749870300293
2010-03-29,103200,12.359999656677246,12.359999656677246,12.420000076293945,12.270000457763672,10.994635581970215
2010-03-26,152900,12.539999961853027,12.359999656677246,12.550000190734863,12.300000190734863,10.994635581970215
2010-03-25,160100,13.020000457763672,12.460000038146973,13.020000457763672,12.449999809265137,11.083586692810059
2010-03-24,266700,13.130000114440918,12.979999542236328,13.220000267028809,12.949999809265137,11.546142578125
2010-03-23,199700,12.90999984741211,13.220000267028809,13.239999771118164,12.710000038146973,11.759634971618652
2010-03-22,153000,12.569999694824219,12.9399995803833,12.960000038146973,12.550000190734863,11.510565757751465
2010-03-19,307600,12.680000305175781,12.680000305175781,12.6899995803833,12.5,11.279285430908203
2010-03-18,125300,12.329999923706055,12.460000038146973,12.5,12.329999923706055,11.083586692810059
2010-03-17,264200,12.359999656677246,12.300000190734863,12.4399995803833,12.25,10.941263198852539
2010-03-16,143300,12.369999885559082,12.369999885559082,12.4399995803833,12.289999961853027,11.00352954864502
2010-03-15,185000,12.430000305175781,12.359999656677246,12.4399995803833,12.260000228881836,10.994635581970215
2010-03-12,241300,12.329999923706055,12.40999984741211,12.4399995803833,12.199999809265137,11.039112091064453
2010-03-11,260400,11.710000038146973,12.3100004196167,12.3100004196167,11.65999984741211,10.950155258178711
2010-03-10,179500,11.670000076293945,11.770000457763672,11.890000343322754,11.649999618530273,10.469809532165527
2010-03-09,332900,11.75,11.699999809265137,11.859999656677246,11.649999618530273,10.407543182373047
2010-03-08,293000,11.9399995803833,11.770000457763672,12.09000015258789,11.75,10.469809532165527
2010-03-05,205100,11.84000015258789,11.949999809265137,12.020000457763672,11.84000015258789,10.585450172424316
2010-03-04,194200,11.880000114440918,11.819999694824219,11.920000076293945,11.75,10.470294952392578
2010-03-03,432300,11.930000305175781,11.779999732971191,12.050000190734863,11.739999771118164,10.434861183166504
2010-03-02,648800,12.180000305175781,11.9399995803833,12.399999618530273,11.729999542236328,10.576592445373535
2010-03-01,402500,11.8100004196167,12.130000114440918,12.170000076293945,11.8100004196167,10.744894981384277
2010-02-26,179400,11.800000190734863,11.720000267028809,11.869999885559082,11.649999618530273,10.381711959838867
2010-02-25,179200,11.649999618530273,11.789999961853027,11.800000190734863,11.430000305175781,10.443716049194336
2010-02-24,132100,11.859999656677246,11.800000190734863,11.949999809265137,11.739999771118164,10.452574729919434
2010-02-23,178300,11.90999984741211,11.859999656677246,11.989999771118164,11.65999984741211,10.505724906921387
2010-02-22,274900,11.829999923706055,11.960000038146973,12.0,11.8100004196167,10.594305992126465
2010-02-19,206300,11.779999732971191,11.829999923706055,11.90999984741211,11.720000267028809,10.479151725769043
2010-02-18,134600,11.569999694824219,11.770000457763672,11.800000190734863,11.539999961853027,10.426003456115723
2010-02-17,315800,11.520000457763672,11.539999961853027,11.59000015258789,11.40999984741211,10.222265243530273
2010-02-16,243500,11.489999771118164,11.449999809265137,11.569999694824219,11.319999694824219,10.142544746398926
2010-02-12,289700,11.260000228881836,11.4399995803833,11.479999542236328,11.260000228881836,10.13368034362793
2010-02-11,328700,11.210000038146973,11.380000114440918,11.390000343322754,11.170000076293945,10.080537796020508
2010-02-10,132600,11.430000305175781,11.25,11.430000305175781,11.1899995803833,9.965378761291504
2010-02-09,140200,11.380000114440918,11.40999984741211,11.489999771118164,11.220000267028809,10.107110977172852
2010-02-08,235000,11.550000190734863,11.229999542236328,11.649999618530273,11.210000038146973,9.94766616821289
2010-02-05,125500,11.470000267028809,11.59000015258789,11.59000015258789,11.229999542236328,10.26655387878418
2010-02-04,126700,11.8100004196167,11.460000038146973,11.859999656677246,11.40999984741211,10.151402473449707
2010-02-03,92800,11.8100004196167,11.880000114440918,12.010000228881836,11.699999809265137,10.52344036102295
2010-02-02,114300,11.829999923706055,11.84000015258789,12.010000228881836,11.729999542236328,10.488009452819824
2010-02-01,136300,11.760000228881836,11.859999656677246,11.890000343322754,11.470000267028809,10.505724906921387
2010-01-29,159500,11.880000114440918,11.729999542236328,12.069999694824219,11.729999542236328,10.390570640563965
2010-01-28,124500,12.020000457763672,11.819999694824219,12.020000457763672,11.720000267028809,10.470294952392578
2010-01-27,143100,11.9399995803833,12.010000228881836,12.0600004196167,11.890000343322754,10.63859748840332
2010-01-26,109500,12.100000381469727,12.020000457763672,12.130000114440918,11.979999542236328,10.647456169128418
2010-01-25,59200,12.1899995803833,12.119999885559082,12.199999809265137,12.0,10.73603630065918
2010-01-22,133200,12.25,12.079999923706055,12.390000343322754,11.960000038146973,10.700602531433105
2010-01-21,181300,12.539999961853027,12.279999732971191,12.720000267028809,12.199999809265137,10.877763748168945
2010-01-20,243600,12.869999885559082,12.489999771118164,12.920000076293945,12.449999809265137,11.063787460327148
2010-01-19,179300,13.140000343322754,13.0,13.149999618530273,12.899999618530273,11.51555347442627
2010-01-15,256200,13.289999961853027,13.09000015258789,13.300000190734863,12.710000038146973,11.5952730178833
2010-01-14,138300,13.010000228881836,13.260000228881836,13.289999961853027,12.8100004196167,11.745859146118164
2010-01-13,223000,12.970000267028809,12.989999771118164,13.100000381469727,12.90999984741211,11.50669002532959
2010-01-12,83300,12.930000305175781,12.960000038146973,13.020000457763672,12.699999809265137,11.480118751525879
2010-01-11,141100,13.220000267028809,12.979999542236328,13.220000267028809,12.930000305175781,11.497833251953125
2010-01-08,178500,13.15999984741211,13.15999984741211,13.34000015258789,13.109999656677246,11.657279968261719
2010-01-07,187100,12.779999732971191,13.239999771118164,13.25,12.729999542236328,11.728143692016602
2010-01-06,346300,12.600000381469727,12.770000457763672,12.880000114440918,12.520000457763672,11.311813354492188
2010-01-05,162300,12.739999771118164,12.579999923706055,12.739999771118164,12.430000305175781,11.143507957458496
2010-01-04,108500,12.529999732971191,12.720000267028809,12.729999542236328,12.430000305175781,11.267520904541016
2009-12-31,156500,12.630000114440918,12.34000015258789,12.670000076293945,12.329999923706055,10.930916786193848
2009-12-30,105600,12.609999656677246,12.600000381469727,12.680000305175781,12.449999809265137,11.161226272583008
2009-12-29,111600,12.760000228881836,12.600000381469727,12.760000228881836,12.59000015258789,11.161226272583008
2009-12-28,87700,12.760000228881836,12.720000267028809,12.760000228881836,12.619999885559082,11.267520904541016
2009-12-24,26900,12.710000038146973,12.760000228881836,12.779999732971191,12.670000076293945,11.302950859069824
2009-12-23,77600,12.640000343322754,12.630000114440918,12.6899995803833,12.579999923706055,11.187800407409668
2009-12-22,265100,12.649999618530273,12.539999961853027,12.699999809265137,12.510000228881836,11.108077049255371
2009-12-21,218500,12.5600004196167,12.59000015258789,12.680000305175781,12.430000305175781,11.152365684509277
2009-12-18,497200,12.380000114440918,12.479999542236328,12.479999542236328,12.100000381469727,11.05492877960205
2009-12-17,229900,12.399999618530273,12.239999771118164,12.470000267028809,12.119999885559082,10.842329025268555
2009-12-16,252500,12.460000038146973,12.4399995803833,12.600000381469727,12.34000015258789,11.01949405670166
2009-12-15,419600,12.430000305175781,12.399999618530273,12.489999771118164,12.350000381469727,10.984063148498535
2009-12-14,294600,12.119999885559082,12.40999984741211,12.479999542236328,12.050000190734863,10.99292278289795
2009-12-11,232600,11.989999771118164,12.020000457763672,12.050000190734863,11.779999732971191,10.647456169128418
2009-12-10,523600,11.899999618530273,12.0,12.0,11.789999961853027,10.629739761352539
2009-12-09,118500,11.829999923706055,11.819999694824219,11.90999984741211,11.579999923706055,10.470294952392578
2009-12-08,191600,11.6899995803833,11.789999961853027,11.84000015258789,11.600000381469727,10.443716049194336
2009-12-07,121100,11.819999694824219,11.710000038146973,11.859999656677246,11.649999618530273,10.372854232788086
2009-12-04,188300,11.770000457763672,11.789999961853027,11.949999809265137,11.600000381469727,10.443716049194336
2009-12-03,226500,11.670000076293945,11.65999984741211,11.75,11.550000190734863,10.32856273651123
2009-12-02,148100,11.670000076293945,11.600000381469727,11.850000381469727,11.539999961853027,10.275416374206543
2009-12-01,195100,11.539999961853027,11.630000114440918,11.729999542236328,11.470000267028809,10.301986694335938
2009-11-30,325300,11.350000381469727,11.390000343322754,11.460000038146973,11.319999694824219,10.089393615722656
2009-11-27,120200,11.350000381469727,11.350000381469727,11.609999656677246,11.34000015258789,10.053962707519531
2009-11-25,213700,11.510000228881836,11.65999984741211,11.800000190734863,11.430000305175781,10.32856273651123
2009-11-24,221800,11.5,11.479999542236328,11.5600004196167,11.350000381469727,10.16911792755127
2009-11-23,249200,11.229999542236328,11.5,11.619999885559082,11.229999542236328,10.14254093170166
2009-11-20,154700,11.079999923706055,11.039999961853027,11.149999618530273,10.920000076293945,9.736839294433594
2009-11-19,156200,11.109999656677246,11.130000114440918,11.1899995803833,10.90999984741211,9.816217422485352
2009-11-18,148600,11.479999542236328,11.229999542236328,11.479999542236328,11.170000076293945,9.90441608428955
2009-11-17,196000,11.609999656677246,11.479999542236328,11.609999656677246,11.420000076293945,10.12490463256836
2009-11-16,291100,11.270000457763672,11.630000114440918,11.739999771118164,11.25,10.257195472717285
2009-11-13,259600,11.40999984741211,11.239999771118164,11.460000038146973,11.010000228881836,9.913232803344727
2009-11-12,184500,11.630000114440918,11.34000015258789,11.739999771118164,11.260000228881836,10.00142765045166
2009-11-11,371900,11.850000381469727,11.6899995803833,11.850000381469727,11.5600004196167,10.310113906860352
2009-11-10,333900,11.420000076293945,11.779999732971191,11.989999771118164,11.420000076293945,10.38949203491211
2009-11-09,317000,11.079999923706055,11.4399995803833,11.470000267028809,11.039999961853027,10.089621543884277
2009-11-06,245300,11.40999984741211,11.0,11.420000076293945,10.920000076293945,9.701560974121094
2009-11-05,432700,10.729999542236328,11.5,11.510000228881836,10.729999542236328,10.14254093170166
2009-11-04,292200,11.170000076293945,10.6899995803833,11.4399995803833,10.680000305175781,9.428153991699219
2009-11-03,233300,10.880000114440918,11.079999923706055,11.180000305175781,10.729999542236328,9.772120475769043
2009-11-02,273500,10.930000305175781,10.899999618530273,11.220000267028809,10.670000076293945,9.613365173339844
2009-10-30,424300,10.989999771118164,10.899999618530273,11.050000190734863,10.720000267028809,9.613365173339844
2009-10-29,185100,10.899999618530273,11.100000381469727,11.100000381469727,10.899999618530273,9.789758682250977
2009-10-28,205400,11.109999656677246,10.819999694824219,11.149999618530273,10.8100004196167,9.542808532714844
2009-10-27,119200,11.0600004196167,11.100000381469727,11.380000114440918,10.899999618530273,9.789758682250977
2009-10-26,244400,11.270000457763672,11.079999923706055,11.550000190734863,11.029999732971191,9.772120475769043
2009-10-23,161100,11.489999771118164,11.260000228881836,11.65999984741211,11.170000076293945,9.93087387084961
2009-10-22,161000,11.149999618530273,11.489999771118164,11.609999656677246,11.0600004196167,10.133721351623535
2009-10-21,236300,11.34000015258789,11.149999618530273,11.630000114440918,11.130000114440918,9.833856582641602
2009-10-20,118900,11.510000228881836,11.399999618530273,11.510000228881836,11.289999961853027,10.054347038269043
2009-10-19,112800,11.40999984741211,11.470000267028809,11.619999885559082,11.359999656677246,10.116085052490234
2009-10-16,171300,11.260000228881836,11.34000015258789,11.460000038146973,11.149999618530273,10.00142765045166
2009-10-15,302700,11.369999885559082,11.3100004196167,11.449999809265137,11.25,9.974969863891602
2009-10-14,198900,11.300000190734863,11.399999618530273,11.5,11.300000190734863,10.054347038269043
2009-10-13,252200,11.140000343322754,11.210000038146973,11.220000267028809,10.9399995803833,9.886773109436035
2009-10-12,445800,11.199999809265137,11.100000381469727,11.449999809265137,11.0600004196167,9.789758682250977
2009-10-09,235000,11.109999656677246,11.1899995803833,11.3100004196167,11.069999694824219,9.869131088256836
2009-10-08,265800,11.5,11.130000114440918,11.609999656677246,11.119999885559082,9.816217422485352
2009-10-07,176700,11.4399995803833,11.449999809265137,11.520000457763672,11.350000381469727,10.098445892333984
2009-10-06,139400,11.260000228881836,11.449999809265137,11.460000038146973,11.239999771118164,10.098445892333984
2009-10-05,268300,11.270000457763672,11.140000343322754,11.430000305175781,11.109999656677246,9.82503604888916
2009-10-02,190700,11.279999732971191,11.25,11.470000267028809,11.210000038146973,9.922051429748535
2009-10-01,291500,11.5,11.40999984741211,11.720000267028809,11.350000381469727,10.063167572021484
2009-09-30,454500,12.140000343322754,11.59000015258789,12.199999809265137,11.569999694824219,10.221917152404785
2009-09-29,4882400,12.510000228881836,12.220000267028809,12.6899995803833,12.199999809265137,10.777554512023926
2009-09-28,259800,12.34000015258789,12.460000038146973,12.640000343322754,12.319999694824219,10.989224433898926
2009-09-25,398400,12.380000114440918,12.319999694824219,12.640000343322754,12.239999771118164,10.865745544433594
2009-09-24,367700,12.329999923706055,12.380000114440918,12.520000457763672,12.199999809265137,10.91866683959961
2009-09-23,1169000,12.300000190734863,12.34000015258789,12.600000381469727,12.270000457763672,10.883390426635742
2009-09-22,310600,11.84000015258789,11.630000114440918,11.930000305175781,11.40999984741211,10.257195472717285
2009-09-21,187400,11.890000343322754,11.800000190734863,12.010000228881836,11.699999809265137,10.407129287719727
2009-09-18,278600,11.770000457763672,11.979999542236328,12.0,11.40999984741211,10.565882682800293
2009-09-17,175800,11.600000381469727,11.739999771118164,11.850000381469727,11.479999542236328,10.35421371459961
2009-09-16,115000,11.34000015258789,11.579999923706055,11.619999885559082,11.1899995803833,10.213101387023926
2009-09-15,158800,11.390000343322754,11.34000015258789,11.399999618530273,11.149999618530273,10.00142765045166
2009-09-14,109700,11.170000076293945,11.289999961853027,11.3100004196167,11.130000114440918,9.957328796386719
2009-09-11,191300,11.050000190734863,11.239999771118164,11.369999885559082,11.020000457763672,9.913232803344727
2009-09-10,186200,11.239999771118164,11.0600004196167,11.34000015258789,10.960000038146973,9.754480361938477
2009-09-09,149600,11.0600004196167,11.270000457763672,11.369999885559082,11.0600004196167,9.939689636230469
2009-09-08,159200,11.289999961853027,11.050000190734863,11.5,11.029999732971191,9.745657920837402
2009-09-04,170000,10.989999771118164,11.239999771118164,11.300000190734863,10.90999984741211,9.913232803344727
2009-09-03,290000,10.710000038146973,11.020000457763672,11.0600004196167,10.649999618530273,9.71920108795166
2009-09-02,515000,11.180000305175781,10.619999885559082,11.180000305175781,10.399999618530273,9.366416931152344
2009-09-01,629600,11.760000228881836,11.180000305175781,11.800000190734863,10.779999732971191,9.860315322875977
2009-08-31,164000,11.899999618530273,11.869999885559082,12.09000015258789,11.720000267028809,10.468866348266602
2009-08-28,108900,12.239999771118164,11.960000038146973,12.239999771118164,11.800000190734863,10.548243522644043
2009-08-27,90000,12.380000114440918,12.079999923706055,12.380000114440918,11.850000381469727,10.65407943725586
2009-08-26,220200,12.430000305175781,12.380000114440918,12.520000457763672,12.170000076293945,10.874568939208984
2009-08-25,171900,12.779999732971191,12.399999618530273,12.779999732971191,12.390000343322754,10.892138481140137
2009-08-24,156600,12.779999732971191,12.630000114440918,12.789999961853027,12.479999542236328,11.094169616699219
2009-08-21,313900,12.720000267028809,12.619999885559082,13.119999885559082,12.380000114440918,11.085384368896484
2009-08-20,174200,12.489999771118164,12.529999732971191,12.640000343322754,12.229999542236328,11.006327629089355
2009-08-19,161200,12.4399995803833,12.399999618530273,12.449999809265137,12.130000114440918,10.892138481140137
2009-08-18,361000,12.90999984741211,12.550000190734863,12.90999984741211,11.829999923706055,11.02389907836914
2009-08-17,168600,11.90999984741211,11.829999923706055,12.100000381469727,11.630000114440918,10.391450881958008
2009-08-14,286000,12.3100004196167,12.100000381469727,12.3100004196167,12.020000457763672,10.628618240356445
2009-08-13,138800,12.5,12.34000015258789,12.6899995803833,12.289999961853027,10.839434623718262
2009-08-12,288500,12.300000190734863,12.5,12.729999542236328,12.270000457763672,10.979976654052734
2009-08-11,334300,11.899999618530273,12.239999771118164,12.470000267028809,11.859999656677246,10.751591682434082
2009-08-10,157400,12.0,11.989999771118164,12.029999732971191,11.65999984741211,10.531993865966797
2009-08-07,221500,11.239999771118164,12.020000457763672,12.130000114440918,11.210000038146973,10.55834674835205
2009-08-06,159900,11.300000190734863,11.0600004196167,11.449999809265137,10.890000343322754,9.715084075927734
2009-08-05,170700,11.289999961853027,11.289999961853027,11.34000015258789,11.050000190734863,9.917113304138184
2009-08-04,223700,11.270000457763672,11.319999694824219,11.4399995803833,11.149999618530273,9.94346809387207
2009-08-03,473500,11.0600004196167,11.390000343322754,11.420000076293945,10.65999984741211,10.00495719909668
2009-07-31,337900,10.710000038146973,11.779999732971191,11.920000076293945,10.710000038146973,10.347532272338867
2009-07-30,221300,11.34000015258789,11.630000114440918,11.869999885559082,11.180000305175781,10.215770721435547
2009-07-29,114300,11.25,11.239999771118164,11.390000343322754,11.079999923706055,9.87319564819336
2009-07-28,127400,11.260000228881836,11.300000190734863,11.399999618530273,11.119999885559082,9.925897598266602
2009-07-27,139900,11.239999771118164,11.289999961853027,11.289999961853027,11.069999694824219,9.917113304138184
2009-07-24,105300,11.069999694824219,11.220000267028809,11.220000267028809,10.819999694824219,9.855628967285156
2009-07-23,180700,10.850000381469727,11.1899995803833,11.350000381469727,10.850000381469727,9.829277038574219
2009-07-22,91900,10.8100004196167,10.90999984741211,11.050000190734863,10.739999771118164,9.583322525024414
2009-07-21,85700,10.869999885559082,10.869999885559082,10.949999809265137,10.6899995803833,9.548189163208008
2009-07-20,110800,10.770000457763672,10.779999732971191,10.960000038146973,10.670000076293945,9.469131469726562
2009-07-17,187000,10.59000015258789,10.75,10.850000381469727,10.520000457763672,9.442779541015625
2009-07-16,192300,10.760000228881836,10.569999694824219,10.789999961853027,10.449999809265137,9.284666061401367
2009-07-15,275000,10.130000114440918,10.779999732971191,10.869999885559082,10.130000114440918,9.469131469726562
2009-07-14,207900,9.779999732971191,10.020000457763672,10.069999694824219,9.720000267028809,8.80155086517334
2009-07-13,177400,9.770000457763672,9.8100004196167,9.84000015258789,9.449999809265137,8.61708927154541
2009-07-10,168300,9.649999618530273,9.760000228881836,9.819999694824219,9.569999694824219,8.573165893554688
2009-07-09,174200,9.789999961853027,9.729999542236328,9.9399995803833,9.579999923706055,8.5468168258667
2009-07-08,282400,9.84000015258789,9.75,10.039999961853027,9.59000015258789,8.564384460449219
2009-07-07,286700,10.039999961853027,9.770000457763672,10.039999961853027,9.739999771118164,8.581953048706055
2009-07-06,247500,10.199999809265137,10.010000228881836,10.300000190734863,9.899999618530273,8.792765617370605
2009-07-02,248700,10.039999961853027,10.289999961853027,10.289999961853027,10.029999732971191,9.038718223571777
2009-07-01,157300,10.350000381469727,10.369999885559082,10.550000190734863,10.220000267028809,9.108988761901855
2009-06-30,316600,10.229999542236328,10.25,10.359999656677246,10.199999809265137,9.003582000732422
2009-06-29,293800,10.390000343322754,10.25,10.430000305175781,10.119999885559082,9.003582000732422
2009-06-26,489000,10.479999542236328,10.220000267028809,10.479999542236328,10.069999694824219,8.9772310256958
2009-06-25,555300,9.899999618530273,10.420000076293945,10.420000076293945,9.710000038146973,9.152911186218262
2009-06-24,585300,9.699999809265137,9.9399995803833,10.029999732971191,9.699999809265137,8.731276512145996
2009-06-23,420800,9.760000228881836,9.739999771118164,9.890000343322754,9.609999656677246,8.555598258972168
2009-06-22,402900,9.920000076293945,9.75,9.9399995803833,9.729999542236328,8.564384460449219
2009-06-19,570300,10.289999961853027,10.020000457763672,10.380000114440918,9.949999809265137,8.80155086517334
2009-06-18,386900,10.15999984741211,10.229999542236328,10.34000015258789,10.0,8.98601245880127
2009-06-17,195500,10.079999923706055,10.229999542236328,10.399999618530273,9.979999542236328,8.98601245880127
2009-06-16,245900,10.1899995803833,10.15999984741211,10.3100004196167,10.029999732971191,8.924525260925293
2009-06-15,240300,10.239999771118164,10.079999923706055,10.390000343322754,10.020000457763672,8.854251861572266
2009-06-12,290300,10.460000038146973,10.5,10.569999694824219,10.130000114440918,9.22317886352539
2009-06-11,275400,10.3100004196167,10.390000343322754,10.640000343322754,10.210000038146973,9.126557350158691
2009-06-10,221500,10.199999809265137,10.329999923706055,10.359999656677246,10.050000190734863,9.073853492736816
2009-06-09,183400,10.109999656677246,10.149999618530273,10.3100004196167,10.029999732971191,8.915740013122559
2009-06-08,388700,9.880000114440918,10.029999732971191,10.279999732971191,9.760000228881836,8.810335159301758
2009-06-05,175900,10.119999885559082,10.0,10.15999984741211,9.9399995803833,8.783984184265137
2009-06-04,284100,10.109999656677246,10.109999656677246,10.25,9.960000038146973,8.880607604980469
2009-06-03,281900,10.069999694824219,10.079999923706055,10.130000114440918,9.920000076293945,8.854251861572266
2009-06-02,437200,9.720000267028809,10.130000114440918,10.1899995803833,9.699999809265137,8.898175239562988
2009-06-01,375000,9.630000114440918,9.720000267028809,9.829999923706055,9.5,8.538032531738281
2009-05-29,393100,9.079999923706055,9.329999923706055,9.40999984741211,9.079999923706055,8.195454597473145
2009-05-28,253000,8.859999656677246,9.079999923706055,9.130000114440918,8.619999885559082,7.975854873657227
2009-05-27,600700,9.050000190734863,8.890000343322754,9.25,8.819999694824219,7.808959484100342
2009-05-26,685300,8.890000343322754,9.0600004196167,9.399999618530273,8.859999656677246,7.918760776519775
2009-05-22,393000,9.199999809265137,8.930000305175781,9.399999618530273,8.899999618530273,7.8051323890686035
2009-05-21,446200,9.140000343322754,9.100000381469727,9.1899995803833,9.0,7.953721523284912
2009-05-20,310000,9.300000190734863,9.229999542236328,9.539999961853027,9.140000343322754,8.067346572875977
2009-05-19,262500,9.380000114440918,9.210000038146973,9.569999694824219,9.15999984741211,8.049863815307617
2009-05-18,248800,9.050000190734863,9.460000038146973,9.5,8.890000343322754,8.268376350402832
2009-05-15,253200,9.050000190734863,8.949999809265137,9.220000267028809,8.90999984741211,7.822615623474121
2009-05-14,328400,9.050000190734863,9.109999656677246,9.289999961853027,8.800000190734863,7.96245813369751
2009-05-13,341000,9.1899995803833,8.979999542236328,9.300000190734863,8.680000305175781,7.848837375640869
2009-05-12,367800,9.739999771118164,9.3100004196167,9.8100004196167,9.289999961853027,8.1372709274292
2009-05-11,289200,10.359999656677246,9.729999542236328,10.359999656677246,9.630000114440918,8.504365921020508
2009-05-08,418400,10.130000114440918,10.539999961853027,10.59000015258789,10.109999656677246,9.212331771850586
2009-05-07,343900,10.109999656677246,10.050000190734863,10.180000305175781,9.800000190734863,8.784053802490234
2009-05-06,328300,10.130000114440918,10.149999618530273,10.25,9.829999923706055,8.87145709991455
2009-05-05,461300,9.699999809265137,9.989999771118164,10.149999618530273,9.5600004196167,8.731612205505371
2009-05-04,580400,9.729999542236328,9.710000038146973,9.960000038146973,9.520000457763672,8.486882209777832
2009-05-01,651800,10.789999961853027,9.779999732971191,10.850000381469727,9.520000457763672,8.548064231872559
2009-04-30,273800,11.380000114440918,10.789999961853027,11.4399995803833,10.779999732971191,9.430839538574219
2009-04-29,264400,10.90999984741211,11.34000015258789,11.600000381469727,10.880000114440918,9.911559104919434
2009-04-28,201000,10.279999732971191,10.789999961853027,11.09000015258789,10.140000343322754,9.430839538574219
2009-04-27,282400,10.520000457763672,10.300000190734863,10.6899995803833,10.130000114440918,9.002562522888184
2009-04-24,236000,10.8100004196167,10.699999809265137,10.930000305175781,10.420000076293945,9.352177619934082
2009-04-23,255200,10.850000381469727,10.739999771118164,10.850000381469727,10.279999732971191,9.387142181396484
2009-04-22,303800,10.640000343322754,10.8100004196167,11.239999771118164,10.619999885559082,9.448321342468262
2009-04-21,219900,10.279999732971191,10.819999694824219,10.84000015258789,10.119999885559082,9.457060813903809
2009-04-20,177600,10.520000457763672,10.239999771118164,10.569999694824219,10.010000228881836,8.950119018554688
2009-04-17,188300,10.739999771118164,10.770000457763672,10.819999694824219,10.630000114440918,9.413358688354492
2009-04-16,308400,10.600000381469727,10.729999542236328,10.789999961853027,10.319999694824219,9.378396987915039
2009-04-15,149200,10.149999618530273,10.479999542236328,10.600000381469727,10.010000228881836,9.159887313842773
2009-04-14,315300,10.600000381469727,10.1899995803833,10.6899995803833,9.800000190734863,8.906421661376953
2009-04-13,189700,10.869999885559082,10.819999694824219,11.050000190734863,10.479999542236328,9.457060813903809
2009-04-09,261700,11.0,11.029999732971191,11.3100004196167,10.84000015258789,9.640610694885254
2009-04-08,139500,10.65999984741211,10.770000457763672,11.039999961853027,10.449999809265137,9.413358688354492
2009-04-07,263400,10.789999961853027,10.609999656677246,11.0,10.399999618530273,9.273518562316895
2009-04-06,179800,11.380000114440918,10.890000343322754,11.380000114440918,10.6899995803833,9.518245697021484
2009-04-03,253200,11.0,11.470000267028809,11.470000267028809,10.949999809265137,10.025186538696289
2009-04-02,358100,10.829999923706055,11.050000190734863,11.319999694824219,10.619999885559082,9.658088684082031
2009-04-01,334900,10.4399995803833,10.5600004196167,10.739999771118164,10.25,9.229816436767578
2009-03-31,265300,10.5600004196167,10.369999885559082,10.59000015258789,10.100000381469727,9.063742637634277
2009-03-30,282400,10.649999618530273,10.399999618530273,10.649999618530273,10.0,9.089967727661133
2009-03-27,221000,10.829999923706055,10.899999618530273,11.0,10.710000038146973,9.526985168457031
2009-03-26,295100,10.5600004196167,11.0,11.270000457763672,10.510000228881836,9.614387512207031
2009-03-25,262400,10.40999984741211,10.520000457763672,10.770000457763672,9.930000305175781,9.19485092163086
2009-03-24,300900,10.229999542236328,10.300000190734863,10.550000190734863,10.1899995803833,9.002562522888184
2009-03-23,250300,10.260000228881836,10.40999984741211,10.420000076293945,9.920000076293945,9.098706245422363
2009-03-20,225900,10.229999542236328,10.010000228881836,10.350000381469727,9.949999809265137,8.749092102050781
2009-03-19,188100,10.399999618530273,10.260000228881836,10.520000457763672,10.130000114440918,8.967599868774414
2009-03-18,308900,9.9399995803833,10.319999694824219,10.489999771118164,9.720000267028809,9.020045280456543
2009-03-17,210100,9.789999961853027,9.949999809265137,10.0,9.529999732971191,8.69665241241455
2009-03-16,308200,9.829999923706055,9.770000457763672,9.9399995803833,9.579999923706055,8.539325714111328
2009-03-13,209900,9.350000381469727,9.729999542236328,9.739999771118164,9.3100004196167,8.504365921020508
2009-03-12,273400,9.0,9.329999923706055,9.420000076293945,8.899999618530273,8.15474796295166
2009-03-11,317700,8.569999694824219,9.069999694824219,9.289999961853027,8.5600004196167,7.9275007247924805
2009-03-10,348800,8.420000076293945,8.489999771118164,8.640000343322754,8.270000457763672,7.420558929443359
2009-03-09,420900,9.0,8.199999809265137,9.09000015258789,8.039999961853027,7.167088985443115
2009-03-06,213900,9.170000076293945,9.140000343322754,9.319999694824219,8.90999984741211,7.988682270050049
2009-03-05,204800,9.15999984741211,9.020000457763672,9.479999542236328,8.960000038146973,7.8444647789001465
2009-03-04,251100,9.1899995803833,9.350000381469727,9.470000267028809,9.100000381469727,8.131457328796387
2009-03-03,462700,9.270000457763672,9.0600004196167,9.489999771118164,8.9399995803833,7.8792548179626465
2009-03-02,590000,9.399999618530273,9.15999984741211,9.800000190734863,9.119999885559082,7.966220378875732
2009-02-27,827900,8.899999618530273,9.520000457763672,10.0600004196167,8.880000114440918,8.279305458068848
2009-02-26,569900,9.109999656677246,8.529999732971191,9.119999885559082,8.5,7.4183244705200195
2009-02-25,307500,9.40999984741211,8.920000076293945,9.40999984741211,8.729999542236328,7.757501125335693
2009-02-24,442900,9.170000076293945,9.479999542236328,9.619999885559082,9.170000076293945,8.244519233703613
2009-02-23,260500,9.5,9.020000457763672,9.569999694824219,8.989999771118164,7.8444647789001465
2009-02-20,354800,9.529999732971191,9.390000343322754,10.0,9.229999542236328,8.16624641418457
2009-02-19,228900,9.760000228881836,9.819999694824219,10.199999809265137,9.760000228881836,8.540205001831055
2009-02-18,340700,10.460000038146973,9.729999542236328,10.539999961853027,9.649999618530273,8.46193790435791
2009-02-17,313800,10.550000190734863,10.34000015258789,10.789999961853027,10.25,8.992435455322266
2009-02-13,205200,11.039999961853027,11.0,11.25,10.75,9.566422462463379
2009-02-12,157900,10.770000457763672,10.979999542236328,11.050000190734863,10.470000267028809,9.549031257629395
2009-02-11,160100,10.920000076293945,10.949999809265137,11.09000015258789,10.760000228881836,9.522942543029785
2009-02-10,350600,11.0600004196167,10.899999618530273,11.380000114440918,10.729999542236328,9.479455947875977
2009-02-09,306800,10.979999542236328,11.069999694824219,11.180000305175781,10.649999618530273,9.627302169799805
2009-02-06,244000,10.529999732971191,10.930000305175781,11.010000228881836,10.5,9.505544662475586
2009-02-05,339500,10.649999618530273,10.59000015258789,10.9399995803833,10.399999618530273,9.209857940673828
2009-02-04,315200,10.720000267028809,10.6899995803833,11.050000190734863,10.449999809265137,9.296823501586914
2009-02-03,285100,10.789999961853027,10.720000267028809,10.920000076293945,10.449999809265137,9.322916030883789
2009-02-02,221100,10.119999885559082,10.670000076293945,10.720000267028809,10.010000228881836,9.27943229675293
2009-01-30,313100,10.680000305175781,10.229999542236328,10.680000305175781,9.989999771118164,8.896772384643555
2009-01-29,207300,10.800000190734863,10.550000190734863,10.829999923706055,10.380000114440918,9.175068855285645
2009-01-28,208600,10.680000305175781,10.880000114440918,11.069999694824219,10.510000228881836,9.462059020996094
2009-01-27,169200,10.25,10.479999542236328,10.640000343322754,10.15999984741211,9.114190101623535
2009-01-26,147100,10.119999885559082,10.260000228881836,10.579999923706055,9.930000305175781,8.922861099243164
2009-01-23,164000,10.100000381469727,10.109999656677246,10.369999885559082,9.760000228881836,8.792411804199219
2009-01-22,301200,10.15999984741211,10.199999809265137,10.420000076293945,9.930000305175781,8.870681762695312
2009-01-21,462500,10.109999656677246,10.420000076293945,10.489999771118164,9.720000267028809,9.06200885772705
2009-01-20,296500,10.369999885559082,10.100000381469727,10.420000076293945,9.979999542236328,8.783717155456543
2009-01-16,235200,10.5,10.539999961853027,10.609999656677246,10.0,9.16637134552002
2009-01-15,330000,10.149999618530273,10.420000076293945,10.649999618530273,9.760000228881836,9.06200885772705
2009-01-14,348500,10.34000015258789,10.239999771118164,10.5600004196167,10.0,8.90546703338623
2009-01-13,167300,10.020000457763672,10.5,10.619999885559082,10.0,9.131587028503418
2009-01-12,251800,10.569999694824219,10.270000457763672,10.569999694824219,10.069999694824219,8.931559562683105
2009-01-09,223400,11.380000114440918,10.619999885559082,11.380000114440918,10.550000190734863,9.235943794250488
2009-01-08,269500,10.779999732971191,11.40999984741211,11.470000267028809,10.670000076293945,9.922989845275879
2009-01-07,282400,11.109999656677246,10.84000015258789,11.260000228881836,10.670000076293945,9.427275657653809
2009-01-06,330700,11.039999961853027,11.4399995803833,11.550000190734863,10.699999809265137,9.949078559875488
2009-01-05,299800,11.079999923706055,10.970000267028809,11.270000457763672,10.770000457763672,9.540331840515137
2009-01-02,173800,10.680000305175781,11.020000457763672,11.079999923706055,10.449999809265137,9.583819389343262
2008-12-31,340500,10.3100004196167,10.65999984741211,10.75,10.210000038146973,9.270734786987305
2008-12-30,412200,9.520000457763672,10.25,10.260000228881836,9.369999885559082,8.914165496826172
2008-12-29,254700,9.960000038146973,9.390000343322754,9.960000038146973,9.09000015258789,8.16624641418457
2008-12-26,147900,9.59000015258789,10.0,10.020000457763672,9.510000228881836,8.696749687194824
2008-12-24,169000,9.739999771118164,9.529999732971191,9.869999885559082,9.529999732971191,8.288002967834473
2008-12-23,162200,9.930000305175781,9.770000457763672,10.3100004196167,9.680000305175781,8.496723175048828
2008-12-22,258100,10.359999656677246,9.84000015258789,10.390000343322754,9.430000305175781,8.557602882385254
2008-12-19,608900,10.1899995803833,10.399999618530273,10.539999961853027,9.930000305175781,9.0446195602417
2008-12-18,264100,9.829999923706055,9.869999885559082,10.039999961853027,9.550000190734863,8.583691596984863
2008-12-17,484300,10.25,9.850000381469727,10.25,9.670000076293945,8.566296577453613
2008-12-16,421700,9.899999618530273,10.350000381469727,10.390000343322754,9.600000381469727,9.001134872436523
2008-12-15,363600,9.960000038146973,9.770000457763672,10.09000015258789,9.520000457763672,8.496723175048828
2008-12-12,357700,9.010000228881836,9.760000228881836,9.869999885559082,8.890000343322754,8.488025665283203
2008-12-11,394100,9.579999923706055,9.229999542236328,9.770000457763672,9.069999694824219,8.027099609375
2008-12-10,336500,9.329999923706055,9.619999885559082,9.770000457763672,9.1899995803833,8.366272926330566
2008-12-09,570300,9.800000190734863,9.279999732971191,10.079999923706055,9.210000038146973,8.070582389831543
2008-12-08,531100,9.079999923706055,9.6899995803833,9.890000343322754,8.979999542236328,8.427148818969727
2008-12-05,315500,8.199999809265137,8.84000015258789,8.84000015258789,8.119999885559082,7.687927722930908
2008-12-04,351600,8.319999694824219,8.279999732971191,8.8100004196167,8.050000190734863,7.200908184051514
2008-12-03,428700,7.630000114440918,8.4399995803833,8.569999694824219,7.579999923706055,7.340054988861084
2008-12-02,316900,7.070000171661377,7.809999942779541,7.849999904632568,6.96999979019165,6.792159557342529
2008-12-01,433700,8.09000015258789,7.119999885559082,8.329999923706055,7.090000152587891,6.192085266113281
2008-11-28,138300,8.289999961853027,8.350000381469727,8.4399995803833,8.15999984741211,7.261783123016357
2008-11-26,253600,7.369999885559082,8.40999984741211,8.430000305175781,7.300000190734863,7.313965320587158
2008-11-25,387100,7.670000076293945,7.559999942779541,7.75,7.369999885559082,6.574742317199707
2008-11-24,714400,7.199999809265137,7.590000152587891,7.949999809265137,7.039999961853027,6.5616960525512695
2008-11-21,727100,6.730000019073486,7.190000057220459,7.260000228881836,6.170000076293945,6.215888023376465
2008-11-20,606400,6.78000020980835,6.650000095367432,7.099999904632568,6.539999961853027,5.749048709869385
2008-11-19,269100,7.570000171661377,6.929999828338623,7.690000057220459,6.920000076293945,5.991112232208252
2008-11-18,335000,7.519999980926514,7.590000152587891,7.78000020980835,7.239999771118164,6.5616960525512695
2008-11-17,325900,7.21999979019165,7.46999979019165,7.730000019073486,6.940000057220459,6.457953453063965
2008-11-14,460200,7.699999809265137,7.099999904632568,7.820000171661377,7.099999904632568,6.138082981109619
2008-11-13,578400,7.769999980926514,7.800000190734863,7.849999904632568,7.119999885559082,6.7432451248168945
2008-11-12,357100,8.079999923706055,7.75,8.260000228881836,7.739999771118164,6.700019359588623
2008-11-11,466000,8.34000015258789,8.229999542236328,8.479999542236328,8.119999885559082,7.114986419677734
2008-11-10,349300,8.34000015258789,8.399999618530273,8.600000381469727,8.300000190734863,7.26195764541626
2008-11-07,553600,8.520000457763672,8.350000381469727,8.600000381469727,8.109999656677246,7.218730926513672
2008-11-06,264800,8.260000228881836,8.489999771118164,8.75,8.260000228881836,7.339762210845947
2008-11-05,446100,8.779999732971191,8.4399995803833,8.9399995803833,8.399999618530273,7.296538829803467
2008-11-04,406600,8.920000076293945,8.970000267028809,9.180000305175781,8.75,7.754734039306641
2008-11-03,564900,9.239999771118164,8.819999694824219,9.470000267028809,8.649999618530273,7.625055313110352
2008-10-31,1776400,8.199999809265137,9.329999923706055,9.350000381469727,7.159999847412109,8.065958023071289
2008-10-30,686100,9.130000114440918,8.390000343322754,9.140000343322754,8.210000038146973,7.25331449508667
2008-10-29,324400,9.279999732971191,9.0600004196167,9.369999885559082,9.029999732971191,7.832539081573486
2008-10-28,401800,8.970000267028809,9.1899995803833,9.279999732971191,8.479999542236328,7.944921970367432
2008-10-27,366200,9.510000228881836,8.84000015258789,9.619999885559082,8.84000015258789,7.642343997955322
2008-10-24,453100,9.430000305175781,9.619999885559082,9.979999542236328,9.239999771118164,8.316672325134277
2008-10-23,451800,10.9399995803833,10.0600004196167,10.970000267028809,9.75,8.697056770324707
2008-10-22,309500,11.050000190734863,10.84000015258789,11.260000228881836,10.600000381469727,9.371381759643555
2008-10-21,220200,11.100000381469727,11.140000343322754,11.4399995803833,10.949999809265137,9.630736351013184
2008-10-20,217200,11.210000038146973,11.239999771118164,11.270000457763672,10.760000228881836,9.717188835144043
2008-10-17,434900,10.989999771118164,10.930000305175781,11.609999656677246,10.789999961853027,9.449190139770508
2008-10-16,598000,10.619999885559082,11.350000381469727,11.460000038146973,10.390000343322754,9.812286376953125
2008-10-15,219700,11.350000381469727,10.630000114440918,11.760000228881836,10.619999885559082,9.189831733703613
2008-10-14,250100,11.75,11.359999656677246,11.859999656677246,11.09000015258789,9.820929527282715
2008-10-13,213100,11.449999809265137,11.6899995803833,11.710000038146973,11.069999694824219,10.106218338012695
2008-10-10,1082600,10.25,10.989999771118164,11.359999656677246,10.0600004196167,9.501059532165527
2008-10-09,515400,11.140000343322754,10.630000114440918,11.649999618530273,10.5600004196167,9.189831733703613
2008-10-08,944500,11.399999618530273,11.239999771118164,11.649999618530273,10.829999923706055,9.717188835144043
2008-10-07,555600,11.899999618530273,11.489999771118164,11.989999771118164,11.420000076293945,9.933318138122559
2008-10-06,564500,11.609999656677246,11.680000305175781,11.869999885559082,11.199999809265137,10.097578048706055
2008-10-03,378800,12.609999656677246,11.850000381469727,12.75,11.770000457763672,10.24454402923584
2008-10-02,380500,12.949999809265137,12.4399995803833,12.949999809265137,12.4399995803833,10.754608154296875
2008-10-01,272900,13.350000381469727,12.949999809265137,13.350000381469727,12.75,11.195513725280762
2008-09-30,350900,13.5600004196167,13.359999656677246,13.5600004196167,12.890000343322754,11.549971580505371
2008-09-29,443800,13.800000190734863,13.470000267028809,13.800000190734863,13.0,11.645066261291504
2008-09-26,245500,13.890000343322754,14.039999961853027,14.109999656677246,13.6899995803833,12.13784122467041
2008-09-25,213900,13.75,14.130000114440918,14.449999809265137,13.75,12.21564769744873
2008-09-24,409900,14.600000381469727,14.029999732971191,14.6899995803833,13.789999961853027,12.12919807434082
2008-09-23,494400,14.479999542236328,14.5600004196167,14.680000305175781,14.350000381469727,12.587392807006836
2008-09-22,326300,15.010000228881836,14.710000038146973,15.40999984741211,14.65999984741211,12.717069625854492
2008-09-19,1050200,15.479999542236328,15.010000228881836,15.479999542236328,14.59000015258789,12.976425170898438
2008-09-18,773700,14.1899995803833,14.039999961853027,14.420000076293945,12.779999732971191,12.13784122467041
2008-09-17,915700,14.609999656677246,13.869999885559082,15.390000343322754,13.869999885559082,11.990873336791992
2008-09-16,415100,14.050000190734863,14.630000114440918,14.65999984741211,13.5,12.647908210754395
2008-09-15,296300,14.760000228881836,14.510000228881836,14.989999771118164,14.390000343322754,12.544163703918457
2008-09-12,230700,14.75,14.850000381469727,15.0,14.600000381469727,12.838104248046875
2008-09-11,258900,14.600000381469727,14.899999618530273,14.989999771118164,14.359999656677246,12.881325721740723
2008-09-10,350700,14.470000267028809,14.739999771118164,14.960000038146973,14.210000038146973,12.74300479888916
2008-09-09,307300,15.079999923706055,14.5,15.100000381469727,14.430000305175781,12.535518646240234
2008-09-08,427400,15.109999656677246,15.130000114440918,15.140000343322754,14.760000228881836,13.080166816711426
2008-09-05,354300,14.699999809265137,14.699999809265137,14.899999618530273,14.25,12.70842170715332
2008-09-04,402000,14.630000114440918,14.739999771118164,14.850000381469727,14.3100004196167,12.74300479888916
2008-09-03,953600,15.649999618530273,14.850000381469727,15.649999618530273,14.569999694824219,12.838104248046875
2008-09-02,617800,15.15999984741211,15.479999542236328,15.819999694824219,14.979999542236328,13.382749557495117
2008-08-29,239600,15.289999961853027,15.239999771118164,15.5,15.210000038146973,13.175264358520508
2008-08-28,315100,15.069999694824219,15.25,15.369999885559082,15.0,13.183908462524414
2008-08-27,486600,14.489999771118164,14.989999771118164,15.34000015258789,14.34000015258789,12.95913314819336
2008-08-26,215400,14.279999732971191,14.520000457763672,14.619999885559082,14.180000305175781,12.513907432556152
2008-08-25,372900,14.670000076293945,14.260000228881836,14.699999809265137,14.1899995803833,12.28982925415039
2008-08-22,388100,14.470000267028809,14.5600004196167,14.880000114440918,14.4399995803833,12.548381805419922
2008-08-21,354400,14.220000267028809,14.420000076293945,14.550000190734863,13.899999618530273,12.427721977233887
2008-08-20,338100,13.90999984741211,14.180000305175781,14.399999618530273,13.649999618530273,12.2208833694458
2008-08-19,289300,13.600000381469727,13.819999694824219,14.050000190734863,13.380000114440918,11.91061782836914
2008-08-18,174900,13.369999885559082,13.40999984741211,13.710000038146973,13.289999961853027,11.557265281677246
2008-08-15,397800,14.319999694824219,13.289999961853027,14.319999694824219,13.029999732971191,11.453843116760254
2008-08-14,205700,13.789999961853027,14.140000343322754,14.350000381469727,13.789999961853027,12.186409950256348
2008-08-13,253200,14.25,14.050000190734863,14.3100004196167,13.75,12.108839988708496
2008-08-12,276300,14.229999542236328,14.229999542236328,14.239999771118164,13.850000381469727,12.263975143432617
2008-08-11,286600,13.989999771118164,14.25,14.260000228881836,13.710000038146973,12.281210899353027
2008-08-08,283000,13.109999656677246,13.899999618530273,13.9399995803833,13.039999961853027,11.979564666748047
2008-08-07,322000,13.529999732971191,13.039999961853027,13.529999732971191,13.0,11.238384246826172
2008-08-06,307600,13.630000114440918,13.630000114440918,13.75,12.6899995803833,11.746870994567871
2008-08-05,488000,13.390000343322754,13.5600004196167,13.899999618530273,13.369999885559082,11.686542510986328
2008-08-04,624600,13.449999809265137,13.199999809265137,13.449999809265137,12.520000457763672,11.376277923583984
2008-08-01,846100,13.5,14.039999961853027,14.609999656677246,13.319999694824219,12.10022258758545
2008-07-31,288800,13.34000015258789,13.260000228881836,13.630000114440918,13.170000076293945,11.427987098693848
2008-07-30,246600,13.5,13.510000228881836,13.819999694824219,13.319999694824219,11.643448829650879
2008-07-29,424900,13.119999885559082,13.470000267028809,13.5,12.960000038146973,11.60897445678711
2008-07-28,305900,13.0,12.979999542236328,13.050000190734863,12.720000267028809,11.186676025390625
2008-07-25,318800,13.0600004196167,13.010000228881836,13.369999885559082,12.90999984741211,11.212529182434082
2008-07-24,414100,12.880000114440918,12.920000076293945,13.0600004196167,12.5,11.134963989257812
2008-07-23,149400,12.8100004196167,12.819999694824219,13.050000190734863,12.720000267028809,11.048779487609863
2008-07-22,239200,12.520000457763672,12.819999694824219,12.850000381469727,12.4399995803833,11.048779487609863
2008-07-21,162000,12.550000190734863,12.510000228881836,12.619999885559082,12.359999656677246,10.781611442565918
2008-07-18,220800,12.390000343322754,12.479999542236328,12.65999984741211,12.279999732971191,10.755755424499512
2008-07-17,395100,12.619999885559082,12.399999618530273,12.770000457763672,12.199999809265137,10.686806678771973
2008-07-16,352800,12.520000457763672,12.539999961853027,12.760000228881836,12.350000381469727,10.807462692260742
2008-07-15,588200,12.239999771118164,12.390000343322754,12.6899995803833,11.949999809265137,10.67818832397461
2008-07-14,749300,12.100000381469727,12.420000076293945,12.789999961853027,12.100000381469727,10.704045295715332
2008-07-11,794200,12.399999618530273,12.069999694824219,12.430000305175781,11.6899995803833,10.402400016784668
2008-07-10,776900,12.5,12.5,13.050000190734863,12.350000381469727,10.772988319396973
2008-07-09,375500,12.829999923706055,12.539999961853027,12.989999771118164,12.510000228881836,10.807462692260742
2008-07-08,369700,12.569999694824219,12.800000190734863,12.970000267028809,12.479999542236328,11.031542778015137
2008-07-07,255900,12.569999694824219,12.529999732971191,12.829999923706055,12.279999732971191,10.798849105834961
2008-07-03,224900,12.84000015258789,12.579999923706055,12.869999885559082,12.239999771118164,10.841939926147461
2008-07-02,410800,13.170000076293945,12.819999694824219,13.170000076293945,12.770000457763672,11.048779487609863
2008-07-01,552100,13.350000381469727,13.140000343322754,13.5,12.890000343322754,11.324567794799805
2008-06-30,376200,13.380000114440918,13.4399995803833,13.600000381469727,13.34000015258789,11.58311939239502
2008-06-27,594200,13.1899995803833,13.34000015258789,13.479999542236328,13.079999923706055,11.496933937072754
2008-06-26,630000,12.90999984741211,13.1899995803833,13.510000228881836,12.90999984741211,11.367659568786621
2008-06-25,575400,12.859999656677246,13.100000381469727,13.180000305175781,12.850000381469727,11.290093421936035
2008-06-24,230000,13.0,12.859999656677246,13.0600004196167,12.739999771118164,11.083250999450684
2008-06-23,328000,13.0600004196167,13.050000190734863,13.1899995803833,13.020000457763672,11.247002601623535
2008-06-20,616700,13.25,13.029999732971191,13.5600004196167,12.460000038146973,11.229767799377441
2008-06-19,207200,13.220000267028809,13.25,13.380000114440918,13.079999923706055,11.419371604919434
2008-06-18,667900,13.40999984741211,13.220000267028809,13.479999542236328,12.9399995803833,11.393515586853027
2008-06-17,376800,13.489999771118164,13.489999771118164,13.59000015258789,13.430000305175781,11.626208305358887
2008-06-16,510200,13.449999809265137,13.539999961853027,13.770000457763672,13.390000343322754,11.669303894042969
2008-06-13,499200,13.649999618530273,13.550000190734863,13.930000305175781,13.4399995803833,11.677922248840332
2008-06-12,300500,13.640000343322754,13.529999732971191,13.670000076293945,13.420000076293945,11.660687446594238
2008-06-11,289000,13.5,13.40999984741211,13.670000076293945,13.40999984741211,11.557265281677246
2008-06-10,314800,13.489999771118164,13.539999961853027,13.699999809265137,13.350000381469727,11.669303894042969
2008-06-09,342100,13.710000038146973,13.5600004196167,14.029999732971191,13.489999771118164,11.686542510986328
2008-06-06,308900,13.930000305175781,13.75,14.039999961853027,13.609999656677246,11.850288391113281
2008-06-05,318600,13.569999694824219,14.0,14.130000114440918,13.550000190734863,12.065749168395996
2008-06-04,311000,13.260000228881836,13.550000190734863,13.670000076293945,13.109999656677246,11.677922248840332
2008-06-03,223300,13.119999885559082,13.289999961853027,13.399999618530273,13.029999732971191,11.453843116760254
2008-06-02,209900,13.25,13.029999732971191,13.59000015258789,13.0,11.229767799377441
2008-05-30,299500,13.329999923706055,13.399999618530273,13.539999961853027,13.270000457763672,11.548646926879883
2008-05-29,234300,13.489999771118164,13.329999923706055,13.539999961853027,13.270000457763672,11.488317489624023
2008-05-28,186300,13.520000457763672,13.5,13.640000343322754,13.359999656677246,11.634831428527832
2008-05-27,261900,13.539999961853027,13.449999809265137,13.579999923706055,13.239999771118164,11.552955627441406
2008-05-23,325000,13.600000381469727,13.460000038146973,13.729999542236328,13.15999984741211,11.561544418334961
2008-05-22,320600,13.770000457763672,13.779999732971191,14.010000228881836,13.649999618530273,11.836411476135254
2008-05-21,397900,13.8100004196167,13.699999809265137,14.029999732971191,13.600000381469727,11.767696380615234
2008-05-20,376600,13.510000228881836,13.699999809265137,13.850000381469727,13.510000228881836,11.767696380615234
2008-05-19,308700,13.989999771118164,13.4399995803833,14.069999694824219,13.430000305175781,11.544364929199219
2008-05-16,370900,13.9399995803833,13.970000267028809,14.109999656677246,13.600000381469727,11.999611854553223
2008-05-15,241500,13.59000015258789,13.9399995803833,13.970000267028809,13.510000228881836,11.973846435546875
2008-05-14,311800,13.84000015258789,13.630000114440918,13.880000114440918,13.569999694824219,11.70756721496582
2008-05-13,263800,13.8100004196167,13.850000381469727,14.029999732971191,13.680000305175781,11.896539688110352
2008-05-12,299400,13.800000190734863,13.75,13.949999809265137,13.710000038146973,11.81064224243164
2008-05-09,332000,13.630000114440918,13.75,13.880000114440918,13.600000381469727,11.81064224243164
2008-05-08,377300,13.510000228881836,13.729999542236328,13.779999732971191,13.390000343322754,11.793462753295898
2008-05-07,522800,13.779999732971191,13.479999542236328,14.09000015258789,13.399999618530273,11.578723907470703
2008-05-06,452400,13.180000305175781,13.739999771118164,13.90999984741211,13.020000457763672,11.802056312561035
2008-05-05,376100,13.550000190734863,13.1899995803833,13.640000343322754,12.970000267028809,11.329626083374023
2008-05-02,589900,14.619999885559082,13.449999809265137,14.619999885559082,13.1899995803833,11.552955627441406
2008-05-01,339200,13.470000267028809,13.75,13.850000381469727,13.470000267028809,11.81064224243164
2008-04-30,346400,13.869999885559082,13.600000381469727,13.949999809265137,13.460000038146973,11.681798934936523
2008-04-29,178300,14.149999618530273,13.890000343322754,14.170000076293945,13.800000190734863,11.930898666381836
2008-04-28,262300,13.670000076293945,14.09000015258789,14.239999771118164,13.670000076293945,12.10268783569336
2008-04-25,370200,13.680000305175781,13.65999984741211,13.729999542236328,13.5600004196167,11.733335494995117
2008-04-24,301900,13.279999732971191,13.600000381469727,13.880000114440918,13.020000457763672,11.681798934936523
2008-04-23,151500,13.130000114440918,13.229999542236328,13.430000305175781,12.989999771118164,11.363983154296875
2008-04-22,410000,13.729999542236328,13.0600004196167,13.829999923706055,12.739999771118164,11.217966079711914
2008-04-21,168700,13.979999542236328,13.829999923706055,14.039999961853027,13.520000457763672,11.87935733795166
2008-04-18,275300,13.880000114440918,14.069999694824219,14.069999694824219,13.670000076293945,12.085509300231934
2008-04-17,240400,13.800000190734863,13.649999618530273,13.880000114440918,13.579999923706055,11.724747657775879
2008-04-16,417500,13.539999961853027,13.8100004196167,13.84000015258789,13.390000343322754,11.8621826171875
2008-04-15,361000,13.0600004196167,13.380000114440918,13.380000114440918,12.949999809265137,11.492827415466309
2008-04-14,193400,13.0,12.989999771118164,13.220000267028809,12.90999984741211,11.157835006713867
2008-04-11,190500,13.430000305175781,13.029999732971191,13.430000305175781,12.989999771118164,11.192193984985352
2008-04-10,282300,13.369999885559082,13.619999885559082,13.8100004196167,13.369999885559082,11.698978424072266
2008-04-09,303500,13.649999618530273,13.529999732971191,13.819999694824219,13.40999984741211,11.621673583984375
2008-04-08,258200,13.329999923706055,13.59000015258789,13.680000305175781,13.1899995803833,11.673210144042969
2008-04-07,300800,13.5600004196167,13.489999771118164,13.739999771118164,13.460000038146973,11.587310791015625
2008-04-04,319200,13.649999618530273,13.479999542236328,13.770000457763672,13.390000343322754,11.578723907470703
2008-04-03,228300,13.619999885559082,13.75,13.770000457763672,13.300000190734863,11.81064224243164
2008-04-02,370400,13.600000381469727,13.720000267028809,14.0,13.449999809265137,11.784873008728027
2008-04-01,530000,13.050000190734863,13.6899995803833,13.6899995803833,12.960000038146973,11.759106636047363
2008-03-31,429400,13.100000381469727,13.010000228881836,13.479999542236328,12.890000343322754,11.175013542175293
2008-03-28,523500,13.1899995803833,13.079999923706055,13.34000015258789,12.989999771118164,11.23514175415039
2008-03-27,401100,13.119999885559082,13.199999809265137,13.40999984741211,12.979999542236328,11.338213920593262
2008-03-26,443100,13.039999961853027,13.149999618530273,13.270000457763672,12.989999771118164,11.295269966125488
2008-03-25,375400,13.050000190734863,13.050000190734863,13.09000015258789,12.869999885559082,11.209370613098145
2008-03-24,700800,13.119999885559082,13.039999961853027,13.199999809265137,12.880000114440918,11.200785636901855
2008-03-20,630300,12.699999809265137,12.930000305175781,13.050000190734863,11.850000381469727,11.106298446655273
2008-03-19,257800,12.539999961853027,12.149999618530273,13.050000190734863,12.100000381469727,10.436312675476074
2008-03-18,407500,12.359999656677246,12.449999809265137,12.460000038146973,11.960000038146973,10.693999290466309
2008-03-17,269900,12.289999961853027,12.010000228881836,12.399999618530273,12.010000228881836,10.316057205200195
2008-03-14,154600,13.239999771118164,12.65999984741211,13.239999771118164,12.449999809265137,10.874380111694336
2008-03-13,279200,12.9399995803833,13.100000381469727,13.25,12.760000228881836,11.25232219696045
2008-03-12,521100,12.65999984741211,13.119999885559082,13.300000190734863,12.40999984741211,11.269499778747559
2008-03-11,420700,12.529999732971191,12.600000381469727,12.8100004196167,11.979999542236328,10.82284164428711
2008-03-10,242500,12.75,12.149999618530273,12.970000267028809,12.100000381469727,10.436312675476074
2008-03-07,238900,12.890000343322754,12.649999618530273,12.930000305175781,12.0,10.865787506103516
2008-03-06,205400,12.649999618530273,12.489999771118164,13.0,12.460000038146973,10.72835922241211
2008-03-05,610200,12.699999809265137,12.680000305175781,12.960000038146973,12.510000228881836,10.852904319763184
2008-03-04,511500,12.760000228881836,12.470000267028809,13.34000015258789,12.460000038146973,10.67316722869873
2008-03-03,617700,11.949999809265137,12.880000114440918,12.899999618530273,11.800000190734863,11.024090766906738
2008-02-29,401100,11.520000457763672,11.899999618530273,12.430000305175781,11.430000305175781,10.185297966003418
2008-02-28,702700,11.6899995803833,11.609999656677246,11.779999732971191,11.359999656677246,9.937088012695312
2008-02-27,464600,11.829999923706055,11.149999618530273,12.220000267028809,11.149999618530273,9.543368339538574
2008-02-26,239200,11.319999694824219,11.930000305175781,12.0600004196167,11.300000190734863,10.210975646972656
2008-02-25,119700,11.010000228881836,11.380000114440918,11.489999771118164,10.850000381469727,9.740227699279785
2008-02-22,131600,10.989999771118164,11.029999732971191,11.100000381469727,10.670000076293945,9.440658569335938
2008-02-21,135000,11.369999885559082,11.0,11.6899995803833,10.960000038146973,9.414978981018066
2008-02-20,162200,11.109999656677246,11.210000038146973,11.350000381469727,10.979999542236328,9.594722747802734
2008-02-19,101100,11.239999771118164,11.199999809265137,11.4399995803833,11.130000114440918,9.586163520812988
2008-02-15,150900,11.039999961853027,11.069999694824219,11.109999656677246,10.779999732971191,9.474894523620605
2008-02-14,99100,11.670000076293945,11.109999656677246,11.670000076293945,11.039999961853027,9.509134292602539
2008-02-13,168500,11.210000038146973,11.619999885559082,11.710000038146973,11.210000038146973,9.94564437866211
2008-02-12,125300,11.130000114440918,11.039999961853027,11.3100004196167,10.890000343322754,9.44921875
2008-02-11,132600,11.0600004196167,11.09000015258789,11.390000343322754,10.859999656677246,9.492013931274414
2008-02-08,247500,11.640000343322754,11.0,11.640000343322754,10.6899995803833,9.414978981018066
2008-02-07,265400,11.239999771118164,11.680000305175781,11.6899995803833,11.0600004196167,9.99699878692627
2008-02-06,197300,11.569999694824219,11.260000228881836,11.729999542236328,11.130000114440918,9.637517929077148
2008-02-05,253500,11.850000381469727,11.460000038146973,12.100000381469727,11.40999984741211,9.808699607849121
2008-02-04,279000,11.789999961853027,12.109999656677246,12.239999771118164,11.550000190734863,10.36503791809082
2008-02-01,322200,12.300000190734863,11.789999961853027,12.300000190734863,11.420000076293945,10.091151237487793
2008-01-31,306500,11.380000114440918,12.270000457763672,12.289999961853027,11.25,10.501984596252441
2008-01-30,271900,11.4399995803833,11.619999885559082,12.270000457763672,11.40999984741211,9.94564437866211
2008-01-29,190700,11.550000190734863,11.550000190734863,11.850000381469727,11.270000457763672,9.88573169708252
2008-01-28,330500,11.09000015258789,11.5,11.609999656677246,10.789999961853027,9.842937469482422
2008-01-25,300200,10.960000038146973,11.100000381469727,11.119999885559082,10.699999809265137,9.50057315826416
2008-01-24,232600,10.729999542236328,10.8100004196167,10.960000038146973,10.430000305175781,9.252360343933105
2008-01-23,356200,9.930000305175781,10.680000305175781,10.75,9.520000457763672,9.141090393066406
2008-01-22,413900,9.380000114440918,10.1899995803833,10.279999732971191,9.34000015258789,8.721696853637695
2008-01-18,303400,10.149999618530273,9.779999732971191,10.270000457763672,9.529999732971191,8.370776176452637
2008-01-17,241900,10.600000381469727,10.119999885559082,10.739999771118164,10.039999961853027,8.661786079406738
2008-01-16,429100,11.180000305175781,10.609999656677246,11.359999656677246,10.5,9.081178665161133
2008-01-15,182100,11.3100004196167,11.15999984741211,11.319999694824219,10.739999771118164,9.551926612854004
2008-01-14,107900,11.180000305175781,11.449999809265137,11.520000457763672,11.130000114440918,9.800138473510742
2008-01-11,192500,11.350000381469727,11.079999923706055,11.5,11.069999694824219,9.483455657958984
2008-01-10,183000,11.25,11.460000038146973,11.640000343322754,11.119999885559082,9.808699607849121
2008-01-09,202400,11.0,11.380000114440918,11.380000114440918,10.819999694824219,9.740227699279785
2008-01-08,283700,11.720000267028809,11.09000015258789,12.0,11.010000228881836,9.492013931274414
2008-01-07,196400,11.470000267028809,11.680000305175781,11.920000076293945,11.3100004196167,9.99699878692627
2008-01-04,175400,11.829999923706055,11.4399995803833,11.890000343322754,11.369999885559082,9.791581153869629
2008-01-03,225300,12.460000038146973,11.970000267028809,12.520000457763672,11.970000267028809,10.245214462280273
2008-01-02,259500,12.789999961853027,12.319999694824219,12.789999961853027,12.180000305175781,10.544782638549805
2007-12-31,224400,13.270000457763672,12.779999732971191,13.300000190734863,12.600000381469727,10.938497543334961
2007-12-28,273100,13.199999809265137,13.3100004196167,13.369999885559082,13.1899995803833,11.392129898071289
2007-12-27,222700,13.199999809265137,13.199999809265137,13.390000343322754,13.100000381469727,11.297978401184082
2007-12-26,133600,13.229999542236328,13.140000343322754,13.229999542236328,13.029999732971191,11.246623992919922
2007-12-24,93900,13.029999732971191,13.289999961853027,13.289999961853027,13.0,11.37501049041748
2007-12-21,580600,12.9399995803833,13.130000114440918,13.130000114440918,12.890000343322754,11.23806381225586
2007-12-20,444100,12.25,12.710000038146973,12.710000038146973,12.180000305175781,10.87858772277832
2007-12-19,272700,11.859999656677246,12.149999618530273,12.180000305175781,11.800000190734863,10.399274826049805
2007-12-18,216500,11.65999984741211,11.920000076293945,11.989999771118164,11.579999923706055,10.20241641998291
2007-12-17,389000,11.40999984741211,11.489999771118164,11.609999656677246,11.199999809265137,9.834378242492676
2007-12-14,160800,11.619999885559082,11.520000457763672,11.920000076293945,11.520000457763672,9.860055923461914
2007-12-13,263900,11.520000457763672,11.789999961853027,11.859999656677246,11.520000457763672,10.091151237487793
2007-12-12,293800,12.079999923706055,11.640000343322754,12.220000267028809,11.59000015258789,9.962763786315918
2007-12-11,522700,12.25,11.770000457763672,12.279999732971191,11.630000114440918,10.074031829833984
2007-12-10,298700,12.109999656677246,12.229999542236328,12.270000457763672,12.020000457763672,10.467747688293457
2007-12-07,541100,11.600000381469727,12.0600004196167,12.109999656677246,11.449999809265137,10.32224178314209
2007-12-06,753600,11.5,11.600000381469727,11.789999961853027,11.359999656677246,9.928529739379883
2007-12-05,301300,11.390000343322754,11.489999771118164,11.529999732971191,11.34000015258789,9.834378242492676
2007-12-04,454100,11.109999656677246,11.15999984741211,11.380000114440918,10.899999618530273,9.551926612854004
2007-12-03,483400,11.8100004196167,11.25,12.180000305175781,11.25,9.628958702087402
2007-11-30,391000,12.239999771118164,11.75,12.25,11.739999771118164,10.056914329528809
2007-11-29,198100,11.789999961853027,12.069999694824219,12.1899995803833,11.739999771118164,10.330802917480469
2007-11-28,359100,11.800000190734863,11.779999732971191,12.180000305175781,11.720000267028809,10.082589149475098
2007-11-27,254500,12.039999961853027,11.800000190734863,12.140000343322754,11.739999771118164,10.061193466186523
2007-11-26,385900,12.140000343322754,12.020000457763672,12.4399995803833,11.989999771118164,10.248774528503418
2007-11-23,104800,12.039999961853027,12.149999618530273,12.220000267028809,12.039999961853027,10.359617233276367
2007-11-21,371500,12.170000076293945,11.920000076293945,12.25,11.890000343322754,10.163508415222168
2007-11-20,595500,12.84000015258789,12.220000267028809,12.850000381469727,12.0,10.419303894042969
2007-11-19,640100,12.420000076293945,12.8100004196167,13.140000343322754,12.350000381469727,10.92236328125
2007-11-16,350300,12.699999809265137,12.5,12.699999809265137,12.239999771118164,10.658040046691895
2007-11-15,425300,12.680000305175781,12.75,12.859999656677246,12.600000381469727,10.871203422546387
2007-11-14,478900,12.609999656677246,12.699999809265137,13.020000457763672,12.59000015258789,10.828569412231445
2007-11-13,418500,12.779999732971191,12.59000015258789,12.949999809265137,12.550000190734863,10.734781265258789
2007-11-12,426000,12.9399995803833,12.6899995803833,13.119999885559082,12.579999923706055,10.820043563842773
2007-11-09,354800,13.199999809265137,12.960000038146973,13.300000190734863,12.850000381469727,11.050260543823242
2007-11-08,269500,13.420000076293945,13.210000038146973,13.420000076293945,12.989999771118164,11.263415336608887
2007-11-07,297800,13.350000381469727,13.279999732971191,13.5600004196167,13.0,11.323103904724121
2007-11-06,356700,13.65999984741211,13.449999809265137,13.729999542236328,13.380000114440918,11.468053817749023
2007-11-05,368200,13.239999771118164,13.65999984741211,13.779999732971191,12.949999809265137,11.647109031677246
2007-11-02,452100,14.0,13.229999542236328,14.0,13.079999923706055,11.28046989440918
2007-11-01,821600,14.5,13.949999809265137,14.75,13.180000305175781,11.894372940063477
2007-10-31,347400,14.520000457763672,14.619999885559082,15.0,14.350000381469727,12.465644836425781
2007-10-30,217300,14.600000381469727,14.579999923706055,14.619999885559082,14.399999618530273,12.43154239654541
2007-10-29,307400,14.869999885559082,14.640000343322754,14.960000038146973,14.449999809265137,12.482695579528809
2007-10-26,140200,14.90999984741211,14.819999694824219,15.020000457763672,14.5600004196167,12.636174201965332
2007-10-25,200800,14.779999732971191,14.670000076293945,14.859999656677246,14.5,12.508275985717773
2007-10-24,197000,14.539999961853027,14.670000076293945,14.859999656677246,14.260000228881836,12.508275985717773
2007-10-23,245900,14.399999618530273,14.680000305175781,14.739999771118164,14.300000190734863,12.516800880432129
2007-10-22,285300,14.119999885559082,14.289999961853027,14.5,14.0,12.18427562713623
2007-10-19,218000,15.050000190734863,14.319999694824219,15.239999771118164,14.25,12.209851264953613
2007-10-18,209600,15.199999809265137,15.079999923706055,15.210000038146973,14.90999984741211,12.85785961151123
2007-10-17,146300,15.220000267028809,15.239999771118164,15.449999809265137,15.050000190734863,12.994285583496094
2007-10-16,150900,14.9399995803833,15.029999732971191,15.199999809265137,14.720000267028809,12.815229415893555
2007-10-15,190700,15.0,14.930000305175781,15.100000381469727,14.670000076293945,12.729969024658203
2007-10-12,198100,15.170000076293945,15.1899995803833,15.539999961853027,15.149999618530273,12.951654434204102
2007-10-11,314100,15.5,15.170000076293945,15.5,14.760000228881836,12.934602737426758
2007-10-10,203400,15.09000015258789,15.420000076293945,15.5,14.920000076293945,13.147761344909668
2007-10-09,220600,15.029999732971191,15.100000381469727,15.25,14.630000114440918,12.874913215637207
2007-10-08,174100,14.65999984741211,14.899999618530273,14.9399995803833,14.5,12.704386711120605
2007-10-05,458100,14.710000038146973,14.84000015258789,15.100000381469727,14.579999923706055,12.653228759765625
2007-10-04,120100,14.520000457763672,14.609999656677246,14.75,14.260000228881836,12.457120895385742
2007-10-03,145600,14.4399995803833,14.489999771118164,14.710000038146973,14.369999885559082,12.354799270629883
2007-10-02,195800,14.529999732971191,14.569999694824219,14.710000038146973,14.460000038146973,12.423013687133789
2007-10-01,305700,14.0600004196167,14.529999732971191,14.529999732971191,13.869999885559082,12.388908386230469
2007-09-28,178800,14.140000343322754,14.199999809265137,14.520000457763672,13.720000267028809,12.107539176940918
2007-09-27,146800,14.460000038146973,14.119999885559082,14.680000305175781,14.069999694824219,12.039322853088379
2007-09-26,281600,14.420000076293945,14.369999885559082,14.65999984741211,14.300000190734863,12.252484321594238
2007-09-25,255200,15.020000457763672,14.300000190734863,15.020000457763672,14.109999656677246,12.19279956817627
2007-09-24,361000,15.079999923706055,15.149999618530273,15.4399995803833,14.630000114440918,12.917548179626465
2007-09-21,279500,15.399999618530273,15.180000305175781,15.399999618530273,15.100000381469727,12.943126678466797
2007-09-20,235400,15.020000457763672,15.270000457763672,15.350000381469727,14.989999771118164,13.019862174987793
2007-09-19,326500,15.0,15.0,15.430000305175781,14.9399995803833,12.789650917053223
2007-09-18,328200,13.609999656677246,14.920000076293945,14.949999809265137,13.609999656677246,12.721439361572266
2007-09-17,426800,13.670000076293945,13.579999923706055,14.010000228881836,13.5,11.57889461517334
2007-09-14,161900,13.470000267028809,13.5600004196167,13.899999618530273,13.300000190734863,11.561845779418945
2007-09-13,179000,13.8100004196167,13.65999984741211,13.850000381469727,13.5,11.647109031677246
2007-09-12,146800,14.210000038146973,13.770000457763672,14.380000114440918,13.670000076293945,11.7409029006958
2007-09-11,203900,14.050000190734863,14.260000228881836,14.319999694824219,13.960000038146973,12.158696174621582
2007-09-10,201000,14.479999542236328,14.029999732971191,14.479999542236328,13.630000114440918,11.962587356567383
2007-09-07,304800,14.609999656677246,14.489999771118164,14.6899995803833,14.399999618530273,12.354799270629883
2007-09-06,138700,14.75,14.90999984741211,14.979999542236328,14.420000076293945,12.71291446685791
2007-09-05,266600,15.100000381469727,14.680000305175781,15.100000381469727,14.510000228881836,12.516800880432129
2007-09-04,384800,14.59000015258789,15.020000457763672,15.300000190734863,14.59000015258789,12.806703567504883
2007-08-31,121600,14.930000305175781,14.550000190734863,14.930000305175781,14.5,12.405960083007812
2007-08-30,142600,14.359999656677246,14.729999542236328,15.100000381469727,14.359999656677246,12.559432983398438
2007-08-29,238500,15.0,14.529999732971191,15.0,14.329999923706055,12.388908386230469
2007-08-28,227800,15.039999961853027,14.859999656677246,15.100000381469727,14.800000190734863,12.640438079833984
2007-08-27,304800,15.229999542236328,15.079999923706055,15.279999732971191,14.930000305175781,12.82757568359375
2007-08-24,240400,14.640000343322754,15.220000267028809,15.369999885559082,14.619999885559082,12.946667671203613
2007-08-23,127900,15.0,14.600000381469727,15.039999961853027,14.600000381469727,12.419272422790527
2007-08-22,166400,14.670000076293945,15.029999732971191,15.09000015258789,14.59000015258789,12.78504467010498
2007-08-21,189500,14.420000076293945,14.470000267028809,15.149999618530273,14.300000190734863,12.308688163757324
2007-08-20,163100,14.75,14.5600004196167,14.880000114440918,14.380000114440918,12.385250091552734
2007-08-17,395600,14.300000190734863,14.569999694824219,14.989999771118164,14.109999656677246,12.393754005432129
2007-08-16,572100,14.0,14.300000190734863,14.930000305175781,13.8100004196167,12.164082527160645
2007-08-15,229800,14.210000038146973,14.119999885559082,15.0,14.010000228881836,12.010965347290039
2007-08-14,186200,14.640000343322754,14.319999694824219,14.739999771118164,14.260000228881836,12.181093215942383
2007-08-13,290400,15.100000381469727,14.720000267028809,15.100000381469727,14.369999885559082,12.52134895324707
2007-08-10,481500,14.180000305175781,14.850000381469727,15.0600004196167,13.899999618530273,12.631933212280273
2007-08-09,633900,14.279999732971191,14.130000114440918,14.649999618530273,13.779999732971191,12.019476890563965
2007-08-08,669700,14.609999656677246,14.569999694824219,15.039999961853027,13.609999656677246,12.393754005432129
2007-08-07,357600,14.869999885559082,14.449999809265137,15.0,14.010000228881836,12.291677474975586
2007-08-06,747500,14.210000038146973,15.020000457763672,15.140000343322754,13.859999656677246,12.776538848876953
2007-08-03,475800,14.75,14.220000267028809,14.949999809265137,14.0,12.09603214263916
2007-08-02,1049900,13.109999656677246,14.800000190734863,18.299999237060547,12.140000343322754,12.589401245117188
2007-08-01,211200,12.829999923706055,12.960000038146973,13.199999809265137,12.510000228881836,11.0242338180542
2007-07-31,244600,13.210000038146973,12.9399995803833,13.359999656677246,12.920000076293945,11.007219314575195
2007-07-30,265100,13.800000190734863,13.079999923706055,13.800000190734863,12.600000381469727,11.12630558013916
2007-07-27,299800,13.149999618530273,12.90999984741211,13.300000190734863,12.699999809265137,10.981698036193848
2007-07-26,315400,13.1899995803833,13.239999771118164,13.529999732971191,12.819999694824219,11.262406349182129
2007-07-25,310200,13.699999809265137,13.479999542236328,13.75,13.210000038146973,11.466560363769531
2007-07-24,247200,13.75,13.649999618530273,13.84000015258789,13.489999771118164,11.61116886138916
2007-07-23,186900,14.029999732971191,13.989999771118164,14.390000343322754,13.800000190734863,11.900385856628418
2007-07-20,229400,14.40999984741211,14.029999732971191,14.40999984741211,13.819999694824219,11.93441104888916
2007-07-19,105400,14.609999656677246,14.4399995803833,14.729999542236328,14.4399995803833,12.28316879272461
2007-07-18,229500,14.520000457763672,14.470000267028809,14.539999961853027,14.140000343322754,12.308688163757324
2007-07-17,204600,14.5600004196167,14.5600004196167,14.699999809265137,14.399999618530273,12.385250091552734
2007-07-16,170200,14.319999694824219,14.59000015258789,14.760000228881836,14.319999694824219,12.410768508911133
2007-07-13,114700,14.470000267028809,14.380000114440918,14.470000267028809,14.220000267028809,12.232131004333496
2007-07-12,107000,14.210000038146973,14.510000228881836,14.510000228881836,14.140000343322754,12.342714309692383
2007-07-11,105000,14.109999656677246,14.100000381469727,14.130000114440918,13.850000381469727,11.993955612182617
2007-07-10,238200,13.9399995803833,14.149999618530273,14.270000457763672,13.9399995803833,12.036490440368652
2007-07-09,130900,14.130000114440918,14.079999923706055,14.149999618530273,13.920000076293945,11.976944923400879
2007-07-06,79900,14.079999923706055,14.140000343322754,14.270000457763672,14.010000228881836,12.027982711791992
2007-07-05,93500,14.0600004196167,14.109999656677246,14.140000343322754,13.9399995803833,12.002463340759277
2007-07-03,84300,14.25,14.100000381469727,14.34000015258789,14.100000381469727,11.993955612182617
2007-07-02,118800,14.279999732971191,14.25,14.300000190734863,14.130000114440918,12.121551513671875
2007-06-29,264200,14.319999694824219,14.180000305175781,14.430000305175781,14.170000076293945,12.062006950378418
2007-06-28,144100,13.9399995803833,14.25,14.399999618530273,13.9399995803833,12.121551513671875
2007-06-27,165200,13.59000015258789,13.90999984741211,13.9399995803833,13.5,11.83233642578125
2007-06-26,197700,13.770000457763672,13.6899995803833,13.850000381469727,13.630000114440918,11.645195007324219
2007-06-25,297800,13.880000114440918,13.75,13.979999542236328,13.619999885559082,11.696232795715332
2007-06-22,321600,13.84000015258789,13.880000114440918,13.890000343322754,13.699999809265137,11.806816101074219
2007-06-21,262500,13.65999984741211,13.84000015258789,13.880000114440918,13.430000305175781,11.772788047790527
2007-06-20,225800,13.859999656677246,13.729999542236328,13.859999656677246,13.609999656677246,11.679219245910645
2007-06-19,239900,13.989999771118164,13.869999885559082,13.989999771118164,13.630000114440918,11.798310279846191
2007-06-18,142900,14.109999656677246,14.09000015258789,14.1899995803833,13.890000343322754,11.985448837280273
2007-06-15,270000,14.5,14.109999656677246,14.539999961853027,14.010000228881836,12.002463340759277
2007-06-14,111600,14.0600004196167,14.029999732971191,14.270000457763672,14.0,11.93441104888916
2007-06-13,110600,13.699999809265137,14.0600004196167,14.079999923706055,13.65999984741211,11.959930419921875
2007-06-12,312100,13.819999694824219,13.6899995803833,13.819999694824219,13.619999885559082,11.645195007324219
2007-06-11,228000,13.819999694824219,13.920000076293945,13.920000076293945,13.630000114440918,11.840837478637695
2007-06-08,266800,13.5,13.869999885559082,14.020000457763672,13.4399995803833,11.798310279846191
2007-06-07,360400,14.470000267028809,13.449999809265137,14.470000267028809,13.4399995803833,11.44104290008545
2007-06-06,393800,13.739999771118164,13.630000114440918,13.75,13.579999923706055,11.594156265258789
2007-06-05,172400,13.9399995803833,13.869999885559082,14.020000457763672,13.779999732971191,11.798310279846191
2007-06-04,338000,13.819999694824219,13.979999542236328,14.010000228881836,13.819999694824219,11.891878128051758
2007-06-01,423100,14.100000381469727,13.9399995803833,14.210000038146973,13.930000305175781,11.857854843139648
2007-05-31,548700,14.039999961853027,14.0,14.25,14.0,11.908890724182129
2007-05-30,250300,13.729999542236328,14.039999961853027,14.069999694824219,13.65999984741211,11.942917823791504
2007-05-29,193800,13.800000190734863,13.829999923706055,13.949999809265137,13.760000228881836,11.7642822265625
2007-05-25,282000,13.789999961853027,13.779999732971191,13.84000015258789,13.729999542236328,11.691978454589844
2007-05-24,237500,13.859999656677246,13.760000228881836,13.989999771118164,13.670000076293945,11.675010681152344
2007-05-23,168700,13.84000015258789,13.90999984741211,13.979999542236328,13.779999732971191,11.80228328704834
2007-05-22,156800,13.899999618530273,13.829999923706055,13.930000305175781,13.65999984741211,11.73440170288086
2007-05-21,209800,13.609999656677246,13.9399995803833,14.069999694824219,13.609999656677246,11.827737808227539
2007-05-18,234600,13.510000228881836,13.640000343322754,13.739999771118164,13.449999809265137,11.573195457458496
2007-05-17,210800,13.710000038146973,13.510000228881836,13.779999732971191,13.449999809265137,11.462892532348633
2007-05-16,531000,13.600000381469727,13.789999961853027,13.789999961853027,13.550000190734863,11.700464248657227
2007-05-15,560200,13.609999656677246,13.600000381469727,13.8100004196167,13.579999923706055,11.539255142211914
2007-05-14,358900,13.739999771118164,13.65999984741211,13.75,13.630000114440918,11.590163230895996
2007-05-11,525800,13.100000381469727,13.739999771118164,13.739999771118164,13.100000381469727,11.658041954040527
2007-05-10,317600,13.300000190734863,13.069999694824219,13.329999923706055,13.010000228881836,11.089561462402344
2007-05-09,280700,13.300000190734863,13.350000381469727,13.479999542236328,13.25,11.32713508605957
2007-05-08,362900,13.229999542236328,13.3100004196167,13.319999694824219,13.109999656677246,11.293197631835938
2007-05-07,243800,13.319999694824219,13.3100004196167,13.319999694824219,13.170000076293945,11.293197631835938
2007-05-04,403600,12.90999984741211,13.220000267028809,13.420000076293945,12.880000114440918,11.216833114624023
2007-05-03,877700,12.899999618530273,12.899999618530273,13.180000305175781,12.600000381469727,10.945324897766113
2007-05-02,804200,12.899999618530273,12.890000343322754,13.279999732971191,12.710000038146973,10.936833381652832
2007-05-01,354900,12.460000038146973,12.510000228881836,12.630000114440918,12.399999618530273,10.614418029785156
2007-04-30,319300,12.510000228881836,12.489999771118164,12.619999885559082,12.380000114440918,10.597448348999023
2007-04-27,192100,12.699999809265137,12.520000457763672,12.720000267028809,12.449999809265137,10.622903823852539
2007-04-26,135600,12.5,12.6899995803833,12.720000267028809,12.40999984741211,10.767141342163086
2007-04-25,188800,12.4399995803833,12.520000457763672,12.550000190734863,12.350000381469727,10.622903823852539
2007-04-24,177600,12.5,12.369999885559082,12.569999694824219,12.289999961853027,10.495631217956543
2007-04-23,150400,12.449999809265137,12.479999542236328,12.630000114440918,12.449999809265137,10.588961601257324
2007-04-20,230500,12.550000190734863,12.510000228881836,12.600000381469727,12.430000305175781,10.614418029785156
2007-04-19,312100,12.260000228881836,12.420000076293945,12.460000038146973,12.199999809265137,10.538053512573242
2007-04-18,252000,12.289999961853027,12.359999656677246,12.4399995803833,12.25,10.487146377563477
2007-04-17,309600,12.210000038146973,12.350000381469727,12.359999656677246,12.149999618530273,10.478665351867676
2007-04-16,182600,12.100000381469727,12.1899995803833,12.25,12.020000457763672,10.342903137207031
2007-04-13,336400,11.779999732971191,12.020000457763672,12.050000190734863,11.75,10.198664665222168
2007-04-12,377000,11.800000190734863,11.779999732971191,11.989999771118164,11.75,9.995031356811523
2007-04-11,743300,11.899999618530273,11.859999656677246,12.010000228881836,11.75,10.062907218933105
2007-04-10,317900,12.039999961853027,11.920000076293945,12.149999618530273,11.899999618530273,10.113816261291504
2007-04-09,404100,12.130000114440918,12.020000457763672,12.140000343322754,11.949999809265137,10.198664665222168
2007-04-05,107500,12.0,12.140000343322754,12.199999809265137,11.970000267028809,10.300481796264648
2007-04-04,267500,12.0600004196167,12.0600004196167,12.119999885559082,12.010000228881836,10.232601165771484
2007-04-03,193300,12.119999885559082,12.130000114440918,12.319999694824219,12.010000228881836,10.29199504852295
2007-04-02,209400,11.979999542236328,12.109999656677246,12.1899995803833,11.920000076293945,10.27502727508545
2007-03-30,312500,11.850000381469727,11.979999542236328,12.100000381469727,11.850000381469727,10.164725303649902
2007-03-29,232600,12.0,11.859999656677246,12.0,11.729999542236328,10.062907218933105
2007-03-28,469700,11.949999809265137,11.9399995803833,12.09000015258789,11.850000381469727,10.13078498840332
2007-03-27,402400,12.279999732971191,11.989999771118164,12.279999732971191,11.90999984741211,10.173212051391602
2007-03-26,616200,12.350000381469727,12.300000190734863,12.40999984741211,12.15999984741211,10.436235427856445
2007-03-23,256200,12.380000114440918,12.350000381469727,12.5,12.229999542236328,10.478665351867676
2007-03-22,337000,12.430000305175781,12.34000015258789,12.449999809265137,12.289999961853027,10.47017765045166
2007-03-21,320200,12.149999618530273,12.34000015258789,12.420000076293945,12.050000190734863,10.47017765045166
2007-03-20,267900,12.0600004196167,12.149999618530273,12.25,12.0,10.308965682983398
2007-03-19,687500,12.6899995803833,12.100000381469727,12.6899995803833,12.0,10.2665433883667
2007-03-16,317400,13.09000015258789,12.789999961853027,13.09000015258789,12.739999771118164,10.8519926071167
2007-03-15,126400,12.850000381469727,13.079999923706055,13.220000267028809,12.710000038146973,11.098045349121094
2007-03-14,180800,12.649999618530273,12.899999618530273,12.970000267028809,12.5,10.945324897766113
2007-03-13,241600,12.850000381469727,12.6899995803833,12.979999542236328,12.539999961853027,10.767141342163086
2007-03-12,184400,13.09000015258789,12.949999809265137,13.199999809265137,12.90999984741211,10.987744331359863
2007-03-09,344000,13.1899995803833,13.029999732971191,13.25,12.90999984741211,11.055621147155762
2007-03-08,293700,13.180000305175781,13.09000015258789,13.420000076293945,12.789999961853027,11.10653305053711
2007-03-07,353600,12.619999885559082,13.029999732971191,13.109999656677246,12.479999542236328,11.055621147155762
2007-03-06,323700,12.800000190734863,12.619999885559082,13.199999809265137,12.550000190734863,10.678051948547363
2007-03-05,460400,12.699999809265137,12.470000267028809,12.960000038146973,12.399999618530273,10.551132202148438
2007-03-02,560900,12.930000305175781,12.899999618530273,12.979999542236328,12.550000190734863,10.914965629577637
2007-03-01,695100,12.609999656677246,13.130000114440918,13.199999809265137,11.800000190734863,11.10957145690918
2007-02-28,286000,13.319999694824219,13.609999656677246,13.640000343322754,12.989999771118164,11.515713691711426
2007-02-27,402200,13.449999809265137,13.319999694824219,13.699999809265137,13.199999809265137,11.270336151123047
2007-02-26,306300,13.949999809265137,13.779999732971191,13.949999809265137,13.729999542236328,11.659554481506348
2007-02-23,279600,13.989999771118164,13.90999984741211,13.989999771118164,13.75,11.769548416137695
2007-02-22,349900,13.9399995803833,13.989999771118164,14.0,13.399999618530273,11.837238311767578
2007-02-21,216000,13.40999984741211,13.460000038146973,13.600000381469727,13.300000190734863,11.388794898986816
2007-02-20,159500,13.359999656677246,13.5,13.5,13.020000457763672,11.422639846801758
2007-02-16,191500,13.329999923706055,13.430000305175781,13.489999771118164,12.979999542236328,11.363410949707031
2007-02-15,186400,13.300000190734863,13.329999923706055,13.460000038146973,13.140000343322754,11.278799057006836
2007-02-14,146200,13.130000114440918,13.270000457763672,13.4399995803833,13.119999885559082,11.228033065795898
2007-02-13,196500,12.829999923706055,13.15999984741211,13.229999542236328,12.829999923706055,11.13495922088623
2007-02-12,91700,12.800000190734863,12.760000228881836,12.920000076293945,12.699999809265137,10.7965087890625
2007-02-09,196300,12.850000381469727,12.760000228881836,13.069999694824219,12.75,10.7965087890625
2007-02-08,99200,12.899999618530273,12.869999885559082,12.899999618530273,12.699999809265137,10.889582633972168
2007-02-07,157900,12.819999694824219,12.899999618530273,12.920000076293945,12.779999732971191,10.914965629577637
2007-02-06,101900,12.8100004196167,12.800000190734863,12.84000015258789,12.649999618530273,10.830352783203125
2007-02-05,217800,12.930000305175781,12.75,12.930000305175781,12.550000190734863,10.788046836853027
2007-02-02,346200,12.4399995803833,12.989999771118164,13.100000381469727,12.399999618530273,10.991117477416992
2007-02-01,133100,12.300000190734863,12.390000343322754,12.399999618530273,12.199999809265137,10.483443260192871
2007-01-31,194100,12.319999694824219,12.25,12.430000305175781,12.029999732971191,10.364988327026367
2007-01-30,96600,12.449999809265137,12.359999656677246,12.5600004196167,12.260000228881836,10.458059310913086
2007-01-29,209900,12.319999694824219,12.449999809265137,12.600000381469727,12.180000305175781,10.534211158752441
2007-01-26,170600,12.279999732971191,12.329999923706055,12.449999809265137,11.979999542236328,10.432677268981934
2007-01-25,172100,12.5600004196167,12.289999961853027,12.600000381469727,12.149999618530273,10.39883041381836
2007-01-24,122500,12.390000343322754,12.529999732971191,12.59000015258789,12.3100004196167,10.60190486907959
2007-01-23,135900,12.0600004196167,12.40999984741211,12.479999542236328,11.949999809265137,10.50036907196045
2007-01-22,210900,12.270000457763672,12.100000381469727,12.319999694824219,12.0,10.238065719604492
2007-01-19,220300,12.010000228881836,12.319999694824219,12.34000015258789,11.949999809265137,10.424216270446777
2007-01-18,200400,12.119999885559082,12.029999732971191,12.119999885559082,11.899999618530273,10.178840637207031
2007-01-17,150700,12.109999656677246,12.149999618530273,12.199999809265137,12.0600004196167,10.280376434326172
2007-01-16,228400,12.430000305175781,12.15999984741211,12.449999809265137,12.109999656677246,10.288832664489746
2007-01-12,135600,12.329999923706055,12.350000381469727,12.569999694824219,12.199999809265137,10.449601173400879
2007-01-11,236900,12.079999923706055,12.329999923706055,12.539999961853027,12.020000457763672,10.432677268981934
2007-01-10,146900,12.449999809265137,12.079999923706055,12.520000457763672,11.960000038146973,10.221146583557129
2007-01-09,145900,12.600000381469727,12.520000457763672,12.600000381469727,12.4399995803833,10.593441009521484
2007-01-08,222900,12.369999885559082,12.520000457763672,12.739999771118164,12.300000190734863,10.593441009521484
2007-01-05,268000,12.300000190734863,12.369999885559082,12.739999771118164,12.300000190734863,10.466519355773926
2007-01-04,290500,12.619999885559082,12.779999732971191,12.920000076293945,12.460000038146973,10.813430786132812
2007-01-03,441100,12.779999732971191,12.680000305175781,12.949999809265137,12.5,10.728816986083984
2006-12-29,209500,12.640000343322754,12.640000343322754,12.75,12.510000228881836,10.694974899291992
2006-12-28,291600,12.430000305175781,12.65999984741211,12.84000015258789,12.399999618530273,10.711896896362305
2006-12-27,216500,12.100000381469727,12.399999618530273,12.489999771118164,12.100000381469727,10.49190616607666
2006-12-26,284200,12.0,12.119999885559082,12.220000267028809,12.0,10.254987716674805
2006-12-22,279700,12.130000114440918,12.220000267028809,12.449999809265137,12.0600004196167,10.339603424072266
2006-12-21,323300,12.729999542236328,12.079999923706055,12.949999809265137,12.039999961853027,10.221146583557129
2006-12-20,171400,12.729999542236328,12.699999809265137,12.880000114440918,12.65999984741211,10.745741844177246
2006-12-19,177800,12.5,12.729999542236328,12.770000457763672,12.390000343322754,10.771124839782715
2006-12-18,377100,12.649999618530273,12.5600004196167,12.789999961853027,12.510000228881836,10.62728500366211
2006-12-15,292000,13.75,12.640000343322754,14.0,12.640000343322754,10.694974899291992
2006-12-14,260100,12.9399995803833,13.270000457763672,13.359999656677246,12.9399995803833,11.228033065795898
2006-12-13,254000,12.920000076293945,12.949999809265137,13.0,12.800000190734863,10.957270622253418
2006-12-12,243500,13.0,12.819999694824219,13.0,12.739999771118164,10.84727668762207
2006-12-11,227900,13.0,13.0,13.09000015258789,12.84000015258789,10.999577522277832
2006-12-08,178800,13.180000305175781,13.0,13.239999771118164,12.979999542236328,10.999577522277832
2006-12-07,335100,13.25,13.239999771118164,13.399999618530273,13.020000457763672,11.202644348144531
2006-12-06,280200,13.479999542236328,13.270000457763672,13.479999542236328,13.220000267028809,11.228033065795898
2006-12-05,236300,13.430000305175781,13.579999923706055,13.649999618530273,13.329999923706055,11.490326881408691
2006-12-04,351700,13.329999923706055,13.369999885559082,13.680000305175781,13.210000038146973,11.312643051147461
2006-12-01,240600,13.420000076293945,13.279999732971191,13.449999809265137,13.119999885559082,11.236493110656738
2006-11-30,311200,13.5,13.489999771118164,13.649999618530273,13.40999984741211,11.414176940917969
2006-11-29,412500,13.779999732971191,13.520000457763672,14.079999923706055,13.420000076293945,11.43956184387207
2006-11-28,252300,13.670000076293945,13.699999809265137,13.920000076293945,13.510000228881836,11.591863632202148
2006-11-27,343600,13.75,13.720000267028809,13.800000190734863,13.449999809265137,11.579168319702148
2006-11-24,34800,13.800000190734863,13.800000190734863,13.9399995803833,13.800000190734863,11.646688461303711
2006-11-22,97300,14.020000457763672,13.850000381469727,14.079999923706055,13.829999923706055,11.688885688781738
2006-11-21,152500,13.800000190734863,13.949999809265137,14.029999732971191,13.789999961853027,11.773282051086426
2006-11-20,185700,13.649999618530273,13.720000267028809,13.9399995803833,13.600000381469727,11.579168319702148
2006-11-17,333100,13.399999618530273,13.720000267028809,13.850000381469727,13.319999694824219,11.579168319702148
2006-11-16,107900,13.40999984741211,13.279999732971191,13.539999961853027,13.199999809265137,11.2078275680542
2006-11-15,222100,13.279999732971191,13.4399995803833,13.489999771118164,13.25,11.342862129211426
2006-11-14,255000,13.100000381469727,13.279999732971191,13.380000114440918,13.0,11.2078275680542
2006-11-13,314600,13.229999542236328,13.09000015258789,13.359999656677246,13.079999923706055,11.047473907470703
2006-11-10,255000,13.100000381469727,13.260000228881836,13.300000190734863,13.0600004196167,11.190951347351074
2006-11-09,389400,13.319999694824219,13.09000015258789,13.319999694824219,12.930000305175781,11.047473907470703
2006-11-08,311600,12.539999961853027,13.260000228881836,13.279999732971191,12.5,11.190951347351074
2006-11-07,241200,12.460000038146973,12.550000190734863,12.710000038146973,12.40999984741211,10.591736793518066
2006-11-06,199300,12.600000381469727,12.479999542236328,12.729999542236328,12.420000076293945,10.5326566696167
2006-11-03,308500,12.899999618530273,12.550000190734863,12.949999809265137,12.520000457763672,10.591736793518066
2006-11-02,867200,12.0,12.949999809265137,13.069999694824219,11.979999542236328,10.929322242736816
2006-11-01,242400,11.609999656677246,11.420000076293945,11.680000305175781,11.329999923706055,9.638056755065918
2006-10-31,261100,11.489999771118164,11.609999656677246,11.739999771118164,11.489999771118164,9.798409461975098
2006-10-30,292800,11.050000190734863,11.449999809265137,11.5,10.979999542236328,9.663375854492188
2006-10-27,130800,11.34000015258789,11.130000114440918,11.449999809265137,11.0600004196167,9.393305778503418
2006-10-26,170600,11.319999694824219,11.350000381469727,11.449999809265137,11.029999732971191,9.578978538513184
2006-10-25,134200,11.029999732971191,11.199999809265137,11.369999885559082,11.029999732971191,9.452384948730469
2006-10-24,85600,11.039999961853027,11.0600004196167,11.25,11.029999732971191,9.334228515625
2006-10-23,92600,11.1899995803833,11.069999694824219,11.289999961853027,11.0,9.342669486999512
2006-10-20,145900,11.350000381469727,11.199999809265137,11.350000381469727,11.119999885559082,9.452384948730469
2006-10-19,130800,11.25,11.300000190734863,11.449999809265137,11.229999542236328,9.536782264709473
2006-10-18,85000,11.5,11.300000190734863,11.600000381469727,11.300000190734863,9.536782264709473
2006-10-17,524000,11.350000381469727,11.390000343322754,11.449999809265137,11.170000076293945,9.612737655639648
2006-10-16,155200,11.329999923706055,11.489999771118164,11.5600004196167,11.329999923706055,9.697132110595703
2006-10-13,137800,11.399999618530273,11.329999923706055,11.460000038146973,11.319999694824219,9.56209945678711
2006-10-12,183300,11.25,11.399999618530273,11.5,11.25,9.621177673339844
2006-10-11,154600,11.300000190734863,11.1899995803833,11.350000381469727,10.970000267028809,9.44394588470459
2006-10-10,291800,11.1899995803833,11.3100004196167,11.329999923706055,11.039999961853027,9.545220375061035
2006-10-09,200500,10.920000076293945,11.140000343322754,11.25,10.800000190734863,9.401749610900879
2006-10-06,169200,11.100000381469727,11.0,11.170000076293945,10.890000343322754,9.283589363098145
2006-10-05,344000,10.850000381469727,11.149999618530273,11.210000038146973,10.770000457763672,9.410189628601074
2006-10-04,711100,10.489999771118164,10.819999694824219,10.890000343322754,10.489999771118164,9.131683349609375
2006-10-03,685500,10.609999656677246,10.479999542236328,10.84000015258789,10.420000076293945,8.844733238220215
2006-10-02,799700,11.359999656677246,10.609999656677246,11.359999656677246,10.520000457763672,8.954446792602539
2006-09-29,175100,11.859999656677246,11.460000038146973,11.869999885559082,11.420000076293945,9.671815872192383
2006-09-28,102300,11.970000267028809,11.899999618530273,12.079999923706055,11.8100004196167,10.043158531188965
2006-09-27,186900,11.930000305175781,11.970000267028809,12.0600004196167,11.890000343322754,10.102239608764648
2006-09-26,250300,12.130000114440918,12.029999732971191,12.229999542236328,11.949999809265137,10.152873992919922
2006-09-25,136900,11.84000015258789,12.130000114440918,12.199999809265137,11.649999618530273,10.237266540527344
2006-09-22,221600,11.869999885559082,11.84000015258789,11.9399995803833,11.800000190734863,9.99251937866211
2006-09-21,117200,12.25,11.930000305175781,12.3100004196167,11.850000381469727,10.068476676940918
2006-09-20,135200,12.270000457763672,12.210000038146973,12.350000381469727,12.079999923706055,10.304784774780273
2006-09-19,158800,12.239999771118164,12.170000076293945,12.260000228881836,12.0,10.27103042602539
2006-09-18,155800,12.210000038146973,12.270000457763672,12.34000015258789,11.850000381469727,10.355426788330078
2006-09-15,277900,12.670000076293945,12.300000190734863,12.699999809265137,12.25,10.380744934082031
2006-09-14,135700,12.0600004196167,12.539999961853027,12.699999809265137,12.0600004196167,10.583292007446289
2006-09-13,360800,12.279999732971191,12.069999694824219,12.350000381469727,12.0,10.18663501739502
2006-09-12,149500,12.3100004196167,12.239999771118164,12.34000015258789,12.100000381469727,10.330105781555176
2006-09-11,143400,12.300000190734863,12.210000038146973,12.380000114440918,12.069999694824219,10.304784774780273
2006-09-08,189700,12.699999809265137,12.449999809265137,12.75,12.399999618530273,10.507340431213379
2006-09-07,189200,12.600000381469727,12.710000038146973,12.770000457763672,12.399999618530273,10.726767539978027
2006-09-06,167700,13.0,12.699999809265137,13.010000228881836,12.5,10.718326568603516
2006-09-05,169000,13.109999656677246,13.100000381469727,13.5,12.949999809265137,11.055915832519531
2006-09-01,80100,13.050000190734863,13.0600004196167,13.210000038146973,12.880000114440918,11.022160530090332
2006-08-31,149600,13.15999984741211,13.029999732971191,13.319999694824219,13.020000457763672,10.996835708618164
2006-08-30,128100,12.920000076293945,13.149999618530273,13.270000457763672,12.729999542236328,11.09811019897461
2006-08-29,194300,12.520000457763672,12.890000343322754,12.890000343322754,12.3100004196167,10.878682136535645
2006-08-28,164700,12.600000381469727,12.569999694824219,13.25,12.479999542236328,10.579075813293457
2006-08-25,96900,12.34000015258789,12.550000190734863,12.600000381469727,12.229999542236328,10.562241554260254
2006-08-24,113800,12.449999809265137,12.34000015258789,12.600000381469727,12.170000076293945,10.385502815246582
2006-08-23,122100,12.800000190734863,12.420000076293945,12.850000381469727,12.399999618530273,10.45283317565918
2006-08-22,85200,12.5600004196167,12.710000038146973,12.850000381469727,12.510000228881836,10.69690227508545
2006-08-21,252600,12.75,12.609999656677246,12.75,12.25,10.612740516662598
2006-08-18,96000,12.770000457763672,12.75,12.800000190734863,12.5,10.730568885803223
2006-08-17,140300,12.739999771118164,12.770000457763672,12.819999694824219,12.649999618530273,10.747397422790527
2006-08-16,205100,12.640000343322754,12.75,13.100000381469727,12.579999923706055,10.730568885803223
2006-08-15,209800,12.75,12.600000381469727,12.899999618530273,12.529999732971191,10.604328155517578
2006-08-14,312200,12.520000457763672,12.710000038146973,13.050000190734863,12.5,10.69690227508545
2006-08-11,142200,12.279999732971191,12.460000038146973,12.59000015258789,12.220000267028809,10.48649787902832
2006-08-10,203000,12.199999809265137,12.380000114440918,12.520000457763672,12.100000381469727,10.419171333312988
2006-08-09,282200,12.600000381469727,12.289999961853027,12.670000076293945,12.199999809265137,10.343424797058105
2006-08-08,207000,13.279999732971191,12.369999885559082,13.279999732971191,12.300000190734863,10.410750389099121
2006-08-07,146800,12.979999542236328,13.279999732971191,13.350000381469727,12.850000381469727,11.176620483398438
2006-08-04,468300,13.449999809265137,13.029999732971191,13.449999809265137,12.449999809265137,10.966217041015625
2006-08-03,401000,13.850000381469727,13.4399995803833,13.970000267028809,13.350000381469727,11.311278343200684
2006-08-02,266600,13.569999694824219,13.899999618530273,14.130000114440918,13.529999732971191,11.698417663574219
2006-08-01,172600,13.699999809265137,13.470000267028809,13.699999809265137,13.279999732971191,11.336526870727539
2006-07-31,206800,13.460000038146973,13.84000015258789,13.84000015258789,13.149999618530273,11.647924423217773
2006-07-28,178500,12.75,13.510000228881836,13.59000015258789,12.75,11.370190620422363
2006-07-27,185700,13.100000381469727,12.760000228881836,13.260000228881836,12.609999656677246,10.73897933959961
2006-07-26,149400,13.029999732971191,13.010000228881836,13.1899995803833,12.649999618530273,10.94938850402832
2006-07-25,283700,12.989999771118164,13.130000114440918,13.399999618530273,12.9399995803833,11.050376892089844
2006-07-24,230400,12.369999885559082,12.960000038146973,13.15999984741211,12.279999732971191,10.907302856445312
2006-07-21,154500,12.5,12.119999885559082,12.5,11.739999771118164,10.200346946716309
2006-07-20,239700,13.170000076293945,12.5,13.25,12.470000267028809,10.520163536071777
2006-07-19,191000,12.619999885559082,13.079999923706055,13.300000190734863,12.619999885559082,11.00830078125
2006-07-18,187600,12.680000305175781,12.579999923706055,12.800000190734863,12.289999961853027,10.58749008178711
2006-07-17,236100,12.399999618530273,12.649999618530273,12.699999809265137,12.329999923706055,10.646406173706055
2006-07-14,199700,12.6899995803833,12.579999923706055,12.720000267028809,12.100000381469727,10.58749008178711
2006-07-13,207700,13.069999694824219,12.789999961853027,13.069999694824219,12.640000343322754,10.764232635498047
2006-07-12,131000,13.850000381469727,13.170000076293945,13.850000381469727,13.15999984741211,11.0840425491333
2006-07-11,145600,13.579999923706055,13.90999984741211,13.90999984741211,13.1899995803833,11.706838607788086
2006-07-10,153200,13.529999732971191,13.630000114440918,13.970000267028809,13.5,11.471187591552734
2006-07-07,91600,14.020000457763672,13.510000228881836,14.020000457763672,13.5,11.370190620422363
2006-07-06,139600,13.9399995803833,14.050000190734863,14.15999984741211,13.859999656677246,11.824666023254395
2006-07-05,196100,14.1899995803833,13.9399995803833,14.25,13.800000190734863,11.732083320617676
2006-07-03,80800,14.390000343322754,14.289999961853027,14.5,14.220000267028809,12.026652336120605
2006-06-30,474700,13.930000305175781,14.289999961853027,14.3100004196167,13.65999984741211,12.026652336120605
2006-06-29,367400,13.029999732971191,13.829999923706055,13.9399995803833,12.970000267028809,11.639510154724121
2006-06-28,302600,13.329999923706055,12.829999923706055,13.329999923706055,12.670000076293945,10.797892570495605
2006-06-27,308300,13.720000267028809,13.319999694824219,13.9399995803833,13.220000267028809,11.210284233093262
2006-06-26,384700,13.239999771118164,13.680000305175781,13.850000381469727,13.170000076293945,11.513267517089844
2006-06-23,207200,12.770000457763672,13.100000381469727,13.1899995803833,12.649999618530273,11.02513313293457
2006-06-22,259100,12.979999542236328,12.8100004196167,12.979999542236328,12.600000381469727,10.781059265136719
2006-06-21,237400,12.279999732971191,12.9399995803833,13.100000381469727,12.279999732971191,10.890473365783691
2006-06-20,276200,12.100000381469727,12.3100004196167,12.520000457763672,12.010000228881836,10.360259056091309
2006-06-19,385300,12.649999618530273,12.149999618530273,12.699999809265137,12.050000190734863,10.22559642791748
2006-06-16,807800,12.970000267028809,12.670000076293945,13.300000190734863,12.5,10.66323471069336
2006-06-15,262300,12.100000381469727,12.920000076293945,13.029999732971191,12.100000381469727,10.873640060424805
2006-06-14,199200,11.819999694824219,12.010000228881836,12.25,11.819999694824219,10.107772827148438
2006-06-13,301200,11.899999618530273,11.829999923706055,12.34000015258789,11.819999694824219,9.956282615661621
2006-06-12,299300,12.199999809265137,11.899999618530273,12.3100004196167,11.899999618530273,10.015192985534668
2006-06-09,253500,12.829999923706055,12.170000076293945,13.260000228881836,12.170000076293945,10.242425918579102
2006-06-08,385700,12.300000190734863,12.8100004196167,12.930000305175781,12.069999694824219,10.781059265136719
2006-06-07,239600,12.199999809265137,12.380000114440918,12.739999771118164,12.170000076293945,10.419171333312988
2006-06-06,330000,12.619999885559082,12.329999923706055,12.630000114440918,12.069999694824219,10.377089500427246
2006-06-05,207100,13.449999809265137,12.65999984741211,13.449999809265137,12.649999618530273,10.654820442199707
2006-06-02,256000,13.25,13.4399995803833,13.5600004196167,12.9399995803833,11.311278343200684
2006-06-01,292100,13.0,13.180000305175781,13.399999618530273,12.960000038146973,11.09245777130127
2006-05-31,337300,12.850000381469727,13.0,13.100000381469727,12.75,10.94096851348877
2006-05-30,468600,13.3100004196167,12.869999885559082,13.5600004196167,12.800000190734863,10.831560134887695
2006-05-26,151300,13.109999656677246,13.0600004196167,13.170000076293945,12.899999618530273,10.991464614868164
2006-05-25,250300,12.949999809265137,13.069999694824219,13.15999984741211,12.800000190734863,10.970423698425293
2006-05-24,271700,12.850000381469727,12.800000190734863,12.960000038146973,12.5,10.743799209594727
2006-05-23,567700,13.270000457763672,12.890000343322754,13.680000305175781,12.789999961853027,10.819337844848633
2006-05-22,681800,13.199999809265137,13.270000457763672,13.579999923706055,12.5,11.138298988342285
2006-05-19,369500,12.880000114440918,13.420000076293945,13.5,12.579999923706055,11.264200210571289
2006-05-18,345700,13.300000190734863,12.899999618530273,13.739999771118164,12.75,10.827733039855957
2006-05-17,395600,13.960000038146973,13.470000267028809,13.960000038146973,13.300000190734863,11.306170463562012
2006-05-16,474700,13.520000457763672,14.210000038146973,14.420000076293945,13.520000457763672,11.92729377746582
2006-05-15,308200,14.100000381469727,13.619999885559082,14.100000381469727,13.380000114440918,11.432068824768066
2006-05-12,445100,14.520000457763672,14.279999732971191,14.520000457763672,13.59000015258789,11.986051559448242
2006-05-11,348700,14.970000267028809,14.619999885559082,15.0,14.59000015258789,12.271430015563965
2006-05-10,326100,15.039999961853027,15.039999961853027,15.170000076293945,14.899999618530273,12.62396240234375
2006-05-09,413300,14.970000267028809,15.020000457763672,15.149999618530273,14.8100004196167,12.607172966003418
2006-05-08,293400,14.920000076293945,14.960000038146973,15.15999984741211,14.6899995803833,12.556814193725586
2006-05-05,372300,14.890000343322754,14.979999542236328,15.25,14.890000343322754,12.573598861694336
2006-05-04,450000,15.300000190734863,14.869999885559082,15.380000114440918,14.510000228881836,12.481269836425781
2006-05-03,325200,15.350000381469727,15.539999961853027,15.720000267028809,15.149999618530273,13.04364013671875
2006-05-02,224500,15.109999656677246,15.300000190734863,15.529999732971191,14.90999984741211,12.842196464538574
2006-05-01,344800,15.199999809265137,15.100000381469727,15.350000381469727,14.930000305175781,12.674322128295898
2006-04-28,374200,14.619999885559082,15.260000228881836,15.289999961853027,14.600000381469727,12.808622360229492
2006-04-27,392600,14.899999618530273,14.720000267028809,15.010000228881836,14.600000381469727,12.355365753173828
2006-04-26,1010500,15.239999771118164,14.949999809265137,15.239999771118164,14.880000114440918,12.54842472076416
2006-04-25,294900,14.949999809265137,14.65999984741211,14.949999809265137,14.529999732971191,12.30500602722168
2006-04-24,217600,14.850000381469727,14.75,14.850000381469727,14.399999618530273,12.380544662475586
2006-04-21,217600,15.149999618530273,14.65999984741211,15.1899995803833,14.649999618530273,12.30500602722168
2006-04-20,199100,14.979999542236328,14.920000076293945,15.069999694824219,14.619999885559082,12.523239135742188
2006-04-19,337600,14.800000190734863,14.979999542236328,15.15999984741211,14.640000343322754,12.573598861694336
2006-04-18,307600,14.319999694824219,14.75,14.779999732971191,14.270000457763672,12.380544662475586
2006-04-17,228300,14.079999923706055,14.270000457763672,14.319999694824219,13.850000381469727,11.977656364440918
2006-04-13,294700,13.869999885559082,14.029999732971191,14.149999618530273,13.630000114440918,11.77620792388916
2006-04-12,196400,13.5,13.899999618530273,13.90999984741211,13.149999618530273,11.667092323303223
2006-04-11,275000,14.170000076293945,13.600000381469727,14.170000076293945,13.529999732971191,11.415285110473633
2006-04-10,384300,13.779999732971191,14.149999618530273,14.25,13.6899995803833,11.876933097839355
2006-04-07,266200,13.710000038146973,13.720000267028809,13.960000038146973,13.510000228881836,11.516005516052246
2006-04-06,177900,13.970000267028809,13.699999809265137,13.970000267028809,13.460000038146973,11.499221801757812
2006-04-05,281600,13.789999961853027,13.970000267028809,14.100000381469727,13.619999885559082,11.725848197937012
2006-04-04,321300,13.510000228881836,13.850000381469727,13.920000076293945,13.350000381469727,11.625123977661133
2006-04-03,260100,13.5,13.5,13.720000267028809,13.319999694824219,11.331350326538086
2006-03-31,344700,13.479999542236328,13.5,13.510000228881836,13.25,11.331350326538086
2006-03-30,305000,13.649999618530273,13.4399995803833,13.65999984741211,13.329999923706055,11.280988693237305
2006-03-29,205200,13.350000381469727,13.59000015258789,13.600000381469727,13.220000267028809,11.406893730163574
2006-03-28,311900,13.390000343322754,13.359999656677246,13.470000267028809,13.140000343322754,11.213838577270508
2006-03-27,508500,13.449999809265137,13.390000343322754,13.5,13.260000228881836,11.239017486572266
2006-03-24,812500,13.289999961853027,13.449999809265137,13.579999923706055,13.25,11.289381980895996
2006-03-23,1185000,12.350000381469727,13.25,13.25,12.350000381469727,11.12151050567627
2006-03-22,332800,12.319999694824219,12.350000381469727,12.470000267028809,12.140000343322754,10.36608600616455
2006-03-21,237400,12.5600004196167,12.319999694824219,12.699999809265137,12.25,10.340903282165527
2006-03-20,158300,12.609999656677246,12.59000015258789,12.739999771118164,12.420000076293945,10.567532539367676
2006-03-17,582500,13.0,12.75,13.149999618530273,12.609999656677246,10.701830863952637
2006-03-16,270200,12.720000267028809,13.0,13.079999923706055,12.720000267028809,10.911670684814453
2006-03-15,326200,12.279999732971191,12.680000305175781,12.6899995803833,12.100000381469727,10.643072128295898
2006-03-14,395800,12.229999542236328,12.229999542236328,12.479999542236328,12.149999618530273,10.265364646911621
2006-03-13,362700,12.199999809265137,12.100000381469727,12.329999923706055,12.0,10.15624713897705
2006-03-10,269100,11.979999542236328,12.050000190734863,12.229999542236328,11.739999771118164,10.114278793334961
2006-03-09,255700,11.5600004196167,11.979999542236328,12.069999694824219,11.550000190734863,10.055526733398438
2006-03-08,171300,10.899999618530273,11.550000190734863,11.649999618530273,10.890000343322754,9.694601058959961
2006-03-07,266400,11.369999885559082,11.100000381469727,11.380000114440918,11.010000228881836,9.28750991821289
2006-03-06,244900,11.989999771118164,11.420000076293945,12.0,11.380000114440918,9.555257797241211
2006-03-03,250700,11.399999618530273,11.90999984741211,12.050000190734863,11.34000015258789,9.965246200561523
2006-03-02,295700,11.300000190734863,11.399999618530273,11.5,11.180000305175781,9.538525581359863
2006-03-01,334900,10.989999771118164,11.300000190734863,11.350000381469727,10.9399995803833,9.454854965209961
2006-02-28,247900,11.180000305175781,10.989999771118164,11.25,10.630000114440918,9.195469856262207
2006-02-27,377000,10.600000381469727,11.180000305175781,11.479999542236328,10.600000381469727,9.354446411132812
2006-02-24,271100,10.199999809265137,10.5,10.600000381469727,9.960000038146973,8.785484313964844
2006-02-23,330900,10.010000228881836,10.220000267028809,10.399999618530273,10.010000228881836,8.551201820373535
2006-02-22,170200,10.229999542236328,10.239999771118164,10.369999885559082,10.130000114440918,8.567935943603516
2006-02-21,223800,10.34000015258789,10.239999771118164,10.5,10.149999618530273,8.567935943603516
2006-02-17,151800,10.470000267028809,10.359999656677246,10.5,10.350000381469727,8.66834545135498
2006-02-16,218300,10.5,10.449999809265137,10.5,10.34000015258789,8.743647575378418
2006-02-15,255000,10.479999542236328,10.5,10.5,10.359999656677246,8.785484313964844
2006-02-14,131000,10.420000076293945,10.5,10.5,10.100000381469727,8.785484313964844
2006-02-13,80200,10.390000343322754,10.40999984741211,10.5,10.25,8.710175514221191
2006-02-10,105600,10.520000457763672,10.4399995803833,10.550000190734863,10.25,8.73527717590332
2006-02-09,175200,10.5,10.550000190734863,10.65999984741211,10.420000076293945,8.827320098876953
2006-02-08,109400,10.569999694824219,10.539999961853027,10.600000381469727,10.270000457763672,8.818950653076172
2006-02-07,284600,10.550000190734863,10.5600004196167,10.800000190734863,10.229999542236328,8.835686683654785
2006-02-06,213200,10.600000381469727,10.550000190734863,10.640000343322754,10.4399995803833,8.827320098876953
2006-02-03,330300,10.510000228881836,10.59000015258789,10.699999809265137,10.460000038146973,8.860788345336914
2006-02-02,182400,10.489999771118164,10.489999771118164,10.5600004196167,10.279999732971191,8.777112007141113
2006-02-01,334400,10.399999618530273,10.489999771118164,10.680000305175781,10.380000114440918,8.777112007141113
2006-01-31,264400,10.489999771118164,10.510000228881836,10.680000305175781,10.199999809265137,8.793851852416992
2006-01-30,85800,10.739999771118164,10.520000457763672,10.829999923706055,10.510000228881836,8.80221939086914
2006-01-27,93600,10.899999618530273,10.819999694824219,11.0,10.760000228881836,9.053231239318848
2006-01-26,141700,10.5600004196167,10.989999771118164,10.989999771118164,10.5600004196167,9.195469856262207
2006-01-25,109800,10.479999542236328,10.59000015258789,10.59000015258789,10.34000015258789,8.860788345336914
2006-01-24,110500,10.399999618530273,10.529999732971191,10.569999694824219,10.130000114440918,8.81058406829834
2006-01-23,77600,10.210000038146973,10.399999618530273,10.649999618530273,10.210000038146973,8.701810836791992
2006-01-20,102500,10.399999618530273,10.180000305175781,10.399999618530273,9.90999984741211,8.517732620239258
2006-01-19,173600,10.140000343322754,10.390000343322754,10.399999618530273,10.0600004196167,8.69344425201416
2006-01-18,127400,10.069999694824219,10.170000076293945,10.199999809265137,9.920000076293945,8.509367942810059
2006-01-17,161800,10.0600004196167,10.170000076293945,10.220000267028809,9.579999923706055,8.509367942810059
2006-01-13,92200,10.039999961853027,10.140000343322754,10.220000267028809,10.039999961853027,8.484264373779297
2006-01-12,104400,9.949999809265137,10.050000190734863,10.180000305175781,9.850000381469727,8.408960342407227
2006-01-11,243300,10.15999984741211,9.979999542236328,10.479999542236328,9.649999618530273,8.350393295288086
2006-01-10,493100,9.600000381469727,10.149999618530273,10.350000381469727,9.460000038146973,8.492631912231445
2006-01-09,417500,9.449999809265137,9.600000381469727,9.600000381469727,9.449999809265137,8.032441139221191
2006-01-06,91100,9.489999771118164,9.4399995803833,9.550000190734863,9.399999618530273,7.898567199707031
2006-01-05,384800,9.5,9.449999809265137,9.600000381469727,9.4399995803833,7.906932353973389
2006-01-04,171600,9.390000343322754,9.460000038146973,9.550000190734863,9.380000114440918,7.915301322937012
2006-01-03,169900,9.239999771118164,9.390000343322754,9.40999984741211,8.880000114440918,7.85673189163208
2005-12-30,111000,9.270000457763672,9.199999809265137,9.319999694824219,9.050000190734863,7.697755336761475
2005-12-29,178000,9.479999542236328,9.350000381469727,9.510000228881836,9.180000305175781,7.823266983032227
2005-12-28,93400,9.449999809265137,9.479999542236328,9.5,9.289999961853027,7.932033061981201
2005-12-27,75700,9.5,9.390000343322754,9.539999961853027,9.359999656677246,7.85673189163208
2005-12-23,14800,9.489999771118164,9.5,9.510000228881836,9.399999618530273,7.948770046234131
2005-12-22,99100,9.420000076293945,9.5,9.729999542236328,9.420000076293945,7.948770046234131
2005-12-21,73400,9.350000381469727,9.390000343322754,9.510000228881836,9.3100004196167,7.85673189163208
2005-12-20,83200,9.529999732971191,9.350000381469727,9.529999732971191,9.350000381469727,7.823266983032227
2005-12-19,346000,9.329999923706055,9.529999732971191,9.649999618530273,9.170000076293945,7.973869800567627
2005-12-16,298200,9.300000190734863,9.3100004196167,9.399999618530273,9.210000038146973,7.789796352386475
2005-12-15,201500,9.449999809265137,9.300000190734863,9.470000267028809,9.25,7.781427383422852
2005-12-14,84900,9.399999618530273,9.449999809265137,9.619999885559082,9.399999618530273,7.906932353973389
2005-12-13,260100,9.25,9.3100004196167,9.520000457763672,9.210000038146973,7.789796352386475
2005-12-12,130700,9.489999771118164,9.300000190734863,9.520000457763672,9.279999732971191,7.781427383422852
2005-12-09,90000,9.5,9.5,9.600000381469727,9.359999656677246,7.948770046234131
2005-12-08,151500,9.430000305175781,9.5,9.59000015258789,9.430000305175781,7.948770046234131
2005-12-07,76400,9.5,9.390000343322754,9.5,9.279999732971191,7.85673189163208
2005-12-06,195700,9.350000381469727,9.470000267028809,9.600000381469727,9.350000381469727,7.923665523529053
2005-12-05,107800,9.5,9.300000190734863,9.5,9.130000114440918,7.781427383422852
2005-12-02,184800,9.350000381469727,9.5,9.550000190734863,9.270000457763672,7.948770046234131
2005-12-01,170700,9.449999809265137,9.399999618530273,9.550000190734863,9.399999618530273,7.865098476409912
2005-11-30,132200,9.40999984741211,9.390000343322754,9.539999961853027,9.350000381469727,7.85673189163208
2005-11-29,132600,9.470000267028809,9.369999885559082,9.539999961853027,9.300000190734863,7.839999198913574
2005-11-28,146200,9.729999542236328,9.420000076293945,9.800000190734863,9.329999923706055,7.881831645965576
2005-11-25,30300,9.680000305175781,9.800000190734863,9.819999694824219,9.640000343322754,8.178866386413574
2005-11-23,90200,9.770000457763672,9.720000267028809,9.949999809265137,9.609999656677246,8.112098693847656
2005-11-22,157100,9.65999984741211,9.779999732971191,9.819999694824219,9.640000343322754,8.1621732711792
2005-11-21,143300,9.579999923706055,9.649999618530273,9.789999961853027,9.579999923706055,8.053675651550293
2005-11-18,211800,9.420000076293945,9.579999923706055,9.670000076293945,9.329999923706055,7.995258808135986
2005-11-17,154600,9.220000267028809,9.319999694824219,9.5,9.210000038146973,7.778270721435547
2005-11-16,131600,9.449999809265137,9.199999809265137,9.470000267028809,9.039999961853027,7.67811918258667
2005-11-15,155700,9.65999984741211,9.5,9.670000076293945,9.40999984741211,7.928493022918701
2005-11-14,106100,9.670000076293945,9.649999618530273,9.75,9.569999694824219,8.053675651550293
2005-11-11,211900,9.5600004196167,9.600000381469727,9.779999732971191,9.430000305175781,8.01194953918457
2005-11-10,325200,9.449999809265137,9.550000190734863,9.65999984741211,9.3100004196167,7.970221996307373
2005-11-09,158300,9.300000190734863,9.449999809265137,9.479999542236328,9.199999809265137,7.88676118850708
2005-11-08,120900,9.300000190734863,9.300000190734863,9.350000381469727,9.119999885559082,7.761577129364014
2005-11-07,186500,9.170000076293945,9.3100004196167,9.359999656677246,9.140000343322754,7.769924163818359
2005-11-04,100100,9.0,9.109999656677246,9.130000114440918,9.0,7.603005886077881
2005-11-03,255900,8.649999618530273,9.079999923706055,9.109999656677246,8.550000190734863,7.5779709815979
2005-11-02,99800,8.5,8.550000190734863,8.569999694824219,8.369999885559082,7.135643482208252
2005-11-01,49400,8.5,8.5,8.539999961853027,8.399999618530273,7.093914031982422
2005-10-31,129500,8.6899995803833,8.5,8.789999961853027,8.40999984741211,7.093914031982422
2005-10-28,60900,8.640000343322754,8.670000076293945,8.75,8.59000015258789,7.2357940673828125
2005-10-27,79900,8.649999618530273,8.59000015258789,8.699999809265137,8.300000190734863,7.169025421142578
2005-10-26,88900,8.420000076293945,8.680000305175781,8.720000267028809,8.369999885559082,7.244142532348633
2005-10-25,221800,8.770000457763672,8.470000267028809,9.0,8.100000381469727,7.068875789642334
2005-10-24,79400,8.510000228881836,8.760000228881836,8.989999771118164,8.510000228881836,7.310903549194336
2005-10-21,198800,8.40999984741211,8.489999771118164,8.5600004196167,8.359999656677246,7.085567951202393
2005-10-20,82600,8.729999542236328,8.399999618530273,8.8100004196167,8.300000190734863,7.010455131530762
2005-10-19,156900,8.220000267028809,8.779999732971191,8.899999618530273,8.069999694824219,7.327596187591553
2005-10-18,147600,8.489999771118164,8.270000457763672,8.600000381469727,8.100000381469727,6.901960372924805
2005-10-17,95900,8.800000190734863,8.539999961853027,8.8100004196167,8.350000381469727,7.1272993087768555
2005-10-14,79100,8.760000228881836,8.819999694824219,8.829999923706055,8.460000038146973,7.360978126525879
2005-10-13,61300,8.449999809265137,8.65999984741211,8.699999809265137,8.300000190734863,7.227445602416992
2005-10-12,121500,8.609999656677246,8.529999732971191,8.649999618530273,8.300000190734863,7.118949890136719
2005-10-11,101200,9.0,8.609999656677246,9.020000457763672,8.600000381469727,7.185718059539795
2005-10-10,79600,9.079999923706055,8.979999542236328,9.079999923706055,8.800000190734863,7.494510173797607
2005-10-07,147500,9.119999885559082,9.029999732971191,9.289999961853027,8.970000267028809,7.536237716674805
2005-10-06,232900,9.119999885559082,9.100000381469727,9.279999732971191,8.9399995803833,7.594662189483643
2005-10-05,223500,9.470000267028809,9.15999984741211,9.489999771118164,8.930000305175781,7.64473295211792
2005-10-04,359000,9.5,9.569999694824219,9.59000015258789,9.34000015258789,7.986910343170166
2005-10-03,355900,8.829999923706055,9.390000343322754,9.430000305175781,8.829999923706055,7.83668851852417
2005-09-30,83600,8.65999984741211,8.8100004196167,8.8100004196167,8.510000228881836,7.35263204574585
2005-09-29,100800,8.489999771118164,8.649999618530273,8.699999809265137,8.399999618530273,7.219101905822754
2005-09-28,160200,8.649999618530273,8.5,8.649999618530273,8.460000038146973,7.093914031982422
2005-09-27,134400,8.550000190734863,8.680000305175781,8.739999771118164,8.380000114440918,7.244142532348633
2005-09-26,144400,8.670000076293945,8.550000190734863,8.6899995803833,8.449999809265137,7.135643482208252
2005-09-23,186500,8.3100004196167,8.649999618530273,8.670000076293945,8.279999732971191,7.219101905822754
2005-09-22,206300,8.100000381469727,8.3100004196167,8.5,8.029999732971191,6.935345649719238
2005-09-21,135300,8.300000190734863,8.149999618530273,8.300000190734863,8.050000190734863,6.801811218261719
2005-09-20,206200,8.199999809265137,8.300000190734863,8.300000190734863,8.050000190734863,6.926998615264893
2005-09-19,54900,8.130000114440918,8.170000076293945,8.220000267028809,8.050000190734863,6.818502426147461
2005-09-16,215000,8.149999618530273,8.149999618530273,8.1899995803833,7.989999771118164,6.801811218261719
2005-09-15,67100,7.949999809265137,8.079999923706055,8.079999923706055,7.909999847412109,6.7433905601501465
2005-09-14,51300,8.119999885559082,7.909999847412109,8.1899995803833,7.909999847412109,6.601512432098389
2005-09-13,78700,8.039999961853027,8.220000267028809,8.260000228881836,7.96999979019165,6.860231399536133
2005-09-12,77200,8.0,8.100000381469727,8.25,7.929999828338623,6.760083198547363
2005-09-09,15200,8.050000190734863,8.079999923706055,8.119999885559082,8.039999961853027,6.7433905601501465
2005-09-08,62900,8.170000076293945,8.039999961853027,8.180000305175781,7.929999828338623,6.710006237030029
2005-09-07,53300,8.239999771118164,8.260000228881836,8.279999732971191,8.130000114440918,6.893616199493408
2005-09-06,132900,8.119999885559082,8.260000228881836,8.369999885559082,8.029999732971191,6.893616199493408
2005-09-02,95200,8.449999809265137,8.069999694824219,8.479999542236328,7.980000019073486,6.735044956207275
2005-09-01,228400,8.239999771118164,8.399999618530273,8.5,8.109999656677246,7.010455131530762
2005-08-31,247900,7.769999980926514,8.229999542236328,8.239999771118164,7.690000057220459,6.868577480316162
2005-08-30,79000,7.820000171661377,7.800000190734863,7.829999923706055,7.679999828338623,6.509710788726807
2005-08-29,56400,7.820000171661377,7.809999942779541,7.880000114440918,7.639999866485596,6.518054485321045
2005-08-26,61200,8.029999732971191,7.829999923706055,8.039999961853027,7.739999771118164,6.534746170043945
2005-08-25,165800,8.0,8.029999732971191,8.1899995803833,7.940000057220459,6.701662063598633
2005-08-24,75000,7.659999847412109,7.710000038146973,8.0,7.659999847412109,6.434597969055176
2005-08-23,52800,7.809999942779541,7.679999828338623,7.929999828338623,7.650000095367432,6.409560203552246
2005-08-22,82600,7.630000114440918,7.809999942779541,7.989999771118164,7.630000114440918,6.518054485321045
2005-08-19,92000,7.849999904632568,7.579999923706055,7.849999904632568,7.480000019073486,6.3261027336120605
2005-08-18,79000,8.020000457763672,7.840000152587891,8.020000457763672,7.599999904632568,6.543092250823975
2005-08-17,128600,7.96999979019165,8.020000457763672,8.140000343322754,7.78000020980835,6.69331693649292
2005-08-16,86800,8.109999656677246,8.029999732971191,8.109999656677246,7.949999809265137,6.701662063598633
2005-08-15,101300,8.050000190734863,8.15999984741211,8.199999809265137,7.820000171661377,6.810156345367432
2005-08-12,69000,7.949999809265137,8.039999961853027,8.100000381469727,7.789999961853027,6.710006237030029
2005-08-11,47900,7.940000057220459,8.050000190734863,8.079999923706055,7.909999847412109,6.718355178833008
2005-08-10,110300,8.15999984741211,7.940000057220459,8.239999771118164,7.75,6.626550197601318
2005-08-09,119400,8.149999618530273,8.109999656677246,8.279999732971191,8.039999961853027,6.768428802490234
2005-08-08,132800,8.069999694824219,8.15999984741211,8.25,7.949999809265137,6.810156345367432
2005-08-05,190900,8.0,8.029999732971191,8.130000114440918,7.829999923706055,6.701662063598633
2005-08-04,244400,7.900000095367432,8.079999923706055,8.239999771118164,7.809999942779541,6.7433905601501465
2005-08-03,156300,7.809999942779541,8.0,8.0,7.739999771118164,6.6766252517700195
2005-08-02,137800,7.900000095367432,7.809999942779541,7.909999847412109,7.670000076293945,6.518054485321045
2005-08-01,167300,7.769999980926514,7.949999809265137,7.949999809265137,7.650000095367432,6.634896278381348
2005-07-29,159100,7.670000076293945,7.75,7.880000114440918,7.599999904632568,6.467979907989502
2005-07-28,119800,7.630000114440918,7.679999828338623,7.679999828338623,7.480000019073486,6.409560203552246
2005-07-27,60900,7.429999828338623,7.599999904632568,7.599999904632568,7.400000095367432,6.3427934646606445
2005-07-26,98200,7.300000190734863,7.429999828338623,7.599999904632568,7.199999809265137,6.2009148597717285
2005-07-25,60400,7.550000190734863,7.289999961853027,7.630000114440918,7.289999961853027,6.084073543548584
2005-07-22,59500,7.25,7.519999980926514,7.519999980926514,7.25,6.276026725769043
2005-07-21,46100,7.389999866485596,7.21999979019165,7.449999809265137,7.150000095367432,6.025654315948486
2005-07-20,67800,7.25,7.380000114440918,7.460000038146973,7.090000152587891,6.159185886383057
2005-07-19,75300,7.110000133514404,7.289999961853027,7.389999866485596,7.010000228881836,6.084073543548584
2005-07-18,113700,7.269999980926514,7.059999942779541,7.320000171661377,6.96999979019165,5.8921217918396
2005-07-15,112800,7.25,7.289999961853027,7.389999866485596,7.099999904632568,6.084073543548584
2005-07-14,87600,7.360000133514404,7.260000228881836,7.46999979019165,7.25,6.0590362548828125
2005-07-13,91400,7.25,7.300000190734863,7.429999828338623,7.199999809265137,6.092422008514404
2005-07-12,99800,7.039999961853027,7.25,7.440000057220459,6.920000076293945,6.050690650939941
2005-07-11,169000,6.800000190734863,7.059999942779541,7.150000095367432,6.800000190734863,5.8921217918396
2005-07-08,65600,6.46999979019165,6.800000190734863,6.900000095367432,6.400000095367432,5.675130844116211
2005-07-07,89700,6.349999904632568,6.46999979019165,6.53000020980835,6.21999979019165,5.399719715118408
2005-07-06,69900,6.539999961853027,6.420000076293945,6.570000171661377,6.400000095367432,5.357992172241211
2005-07-05,69000,6.5,6.550000190734863,6.599999904632568,6.46999979019165,5.46648645401001
2005-07-01,35200,6.519999980926514,6.5,6.550000190734863,6.409999847412109,5.424757480621338
2005-06-30,113900,6.599999904632568,6.579999923706055,6.599999904632568,6.400000095367432,5.491525173187256
2005-06-29,80100,6.590000152587891,6.599999904632568,6.599999904632568,6.449999809265137,5.508213996887207
2005-06-28,76200,6.449999809265137,6.599999904632568,6.599999904632568,6.369999885559082,5.508213996887207
2005-06-27,93300,6.559999942779541,6.420000076293945,6.559999942779541,6.380000114440918,5.357992172241211
2005-06-24,160800,6.559999942779541,6.599999904632568,6.599999904632568,6.400000095367432,5.508213996887207
2005-06-23,111300,6.619999885559082,6.570000171661377,6.639999866485596,6.559999942779541,5.48317813873291
2005-06-22,116800,6.650000095367432,6.650000095367432,6.75,6.550000190734863,5.549944877624512
2005-06-21,87500,6.570000171661377,6.639999866485596,6.670000076293945,6.550000190734863,5.541598796844482
2005-06-20,43700,6.639999866485596,6.559999942779541,6.670000076293945,6.510000228881836,5.474833965301514
2005-06-17,247300,6.699999809265137,6.650000095367432,6.699999809265137,6.539999961853027,5.549944877624512
2005-06-16,70900,6.480000019073486,6.710000038146973,6.71999979019165,6.380000114440918,5.6000189781188965
2005-06-15,76400,6.5,6.46999979019165,6.53000020980835,6.300000190734863,5.399719715118408
2005-06-14,69900,6.429999828338623,6.429999828338623,6.489999771118164,6.340000152587891,5.36633825302124
2005-06-13,155800,6.340000152587891,6.420000076293945,6.489999771118164,6.28000020980835,5.357992172241211
2005-06-10,97200,6.400000095367432,6.329999923706055,6.409999847412109,6.260000228881836,5.28287935256958
2005-06-09,100800,6.300000190734863,6.369999885559082,6.440000057220459,6.28000020980835,5.316262245178223
2005-06-08,80800,6.309999942779541,6.320000171661377,6.449999809265137,6.260000228881836,5.274534225463867
2005-06-07,69100,6.300000190734863,6.320000171661377,6.400000095367432,6.199999809265137,5.274534225463867
2005-06-06,94900,6.349999904632568,6.289999961853027,6.349999904632568,6.199999809265137,5.249495983123779
2005-06-03,62900,6.420000076293945,6.300000190734863,6.460000038146973,6.28000020980835,5.257843494415283
2005-06-02,126100,6.400000095367432,6.420000076293945,6.449999809265137,6.320000171661377,5.357992172241211
2005-06-01,66600,6.289999961853027,6.389999866485596,6.420000076293945,6.28000020980835,5.332955837249756
2005-05-31,62300,6.269999980926514,6.289999961853027,6.400000095367432,6.269999980926514,5.249495983123779
2005-05-27,51600,6.309999942779541,6.28000020980835,6.349999904632568,6.25,5.241151809692383
2005-05-26,95500,6.28000020980835,6.309999942779541,6.429999828338623,6.21999979019165,5.266188144683838
2005-05-25,84800,6.300000190734863,6.260000228881836,6.449999809265137,6.150000095367432,5.224458694458008
2005-05-24,115200,6.449999809265137,6.289999961853027,6.46999979019165,6.21999979019165,5.249495983123779
2005-05-23,90000,6.460000038146973,6.480000019073486,6.619999885559082,6.440000057220459,5.408065319061279
2005-05-20,59400,6.519999980926514,6.489999771118164,6.650000095367432,6.329999923706055,5.41641092300415
2005-05-19,110900,6.28000020980835,6.489999771118164,6.699999809265137,6.28000020980835,5.41641092300415
2005-05-18,113600,6.420000076293945,6.380000114440918,6.599999904632568,6.230000019073486,5.324609279632568
2005-05-17,138600,6.46999979019165,6.320000171661377,6.46999979019165,6.170000076293945,5.274534225463867
2005-05-16,106400,6.25,6.460000038146973,6.489999771118164,6.25,5.391374111175537
2005-05-13,188600,6.5,6.25,6.570000171661377,6.199999809265137,5.216113090515137
2005-05-12,167100,6.619999885559082,6.489999771118164,6.639999866485596,6.449999809265137,5.41641092300415
2005-05-11,268400,6.690000057220459,6.579999923706055,6.739999771118164,6.570000171661377,5.491525173187256
2005-05-10,220700,6.579999923706055,6.639999866485596,6.679999828338623,6.5,5.541598796844482
2005-05-09,387900,6.25,6.679999828338623,6.760000228881836,6.25,5.574981689453125
2005-05-06,256200,6.400000095367432,6.260000228881836,6.489999771118164,6.199999809265137,5.224458694458008
2005-05-05,244700,6.75,6.349999904632568,6.760000228881836,6.25,5.299569606781006
2005-05-04,128200,6.739999771118164,6.800000190734863,6.880000114440918,6.619999885559082,5.675130844116211
2005-05-03,88600,7.159999847412109,6.639999866485596,7.230000019073486,6.610000133514404,5.541598796844482
2005-05-02,72100,7.139999866485596,7.150000095367432,7.230000019073486,7.03000020980835,5.967233657836914
2005-04-29,69300,7.190000057220459,7.139999866485596,7.25,7.0,5.958888530731201
2005-04-28,107300,7.130000114440918,7.170000076293945,7.349999904632568,7.03000020980835,5.9839253425598145
2005-04-27,87500,7.090000152587891,7.130000114440918,7.420000076293945,6.940000057220459,5.9505438804626465
2005-04-26,109600,7.110000133514404,7.079999923706055,7.579999923706055,7.050000190734863,5.908814430236816
2005-04-25,134800,7.460000038146973,7.210000038146973,7.599999904632568,7.03000020980835,6.017307281494141
2005-04-22,165600,7.760000228881836,7.360000133514404,7.889999866485596,7.309999942779541,6.1424946784973145
2005-04-21,98900,7.510000228881836,7.829999923706055,7.889999866485596,7.400000095367432,6.534746170043945
2005-04-20,131900,7.510000228881836,7.409999847412109,7.550000190734863,7.230000019073486,6.1842217445373535
2005-04-19,99200,7.739999771118164,7.5,7.75,7.460000038146973,6.259335517883301
2005-04-18,106400,7.369999885559082,7.670000076293945,7.900000095367432,7.369999885559082,6.401215076446533
2005-04-15,94600,7.710000038146973,7.440000057220459,7.75,7.28000020980835,6.209259033203125
2005-04-14,134000,8.0,7.710000038146973,8.039999961853027,7.699999809265137,6.434597969055176
2005-04-13,262100,7.769999980926514,7.980000019073486,8.050000190734863,7.650000095367432,6.659934043884277
2005-04-12,135900,7.5,7.769999980926514,7.800000190734863,7.320000171661377,6.484671592712402
2005-04-11,78300,7.670000076293945,7.539999961853027,7.679999828338623,7.510000228881836,6.292717933654785
2005-04-08,80700,7.96999979019165,7.630000114440918,7.980000019073486,7.619999885559082,6.367832183837891
2005-04-07,53500,7.909999847412109,7.96999979019165,7.989999771118164,7.800000190734863,6.65158748626709
2005-04-06,106000,7.949999809265137,7.929999828338623,8.0,7.849999904632568,6.618205547332764
2005-04-05,79200,7.829999923706055,7.949999809265137,7.949999809265137,7.800000190734863,6.634896278381348
2005-04-04,145400,7.449999809265137,7.929999828338623,7.949999809265137,7.449999809265137,6.618205547332764
2005-04-01,167900,7.75,7.519999980926514,7.840000152587891,7.429999828338623,6.276026725769043
2005-03-31,161200,7.900000095367432,7.75,7.900000095367432,7.630000114440918,6.467979907989502
2005-03-30,81500,7.829999923706055,7.940000057220459,7.940000057220459,7.590000152587891,6.626550197601318
2005-03-29,141900,7.800000190734863,7.800000190734863,7.889999866485596,7.699999809265137,6.509710788726807
2005-03-28,84600,7.849999904632568,7.800000190734863,7.860000133514404,7.71999979019165,6.509710788726807
2005-03-24,92100,7.510000228881836,7.829999923706055,7.889999866485596,7.5,6.534746170043945
2005-03-23,113600,7.460000038146973,7.480000019073486,7.650000095367432,7.460000038146973,6.242644786834717
2005-03-22,64700,7.599999904632568,7.5,7.75,7.46999979019165,6.259335517883301
2005-03-21,107400,7.699999809265137,7.570000171661377,7.699999809265137,7.46999979019165,6.317757606506348
2005-03-18,219000,7.929999828338623,7.699999809265137,7.929999828338623,7.570000171661377,6.4262518882751465
2005-03-17,51700,7.769999980926514,7.840000152587891,7.840000152587891,7.599999904632568,6.543092250823975
2005-03-16,147200,7.71999979019165,7.690000057220459,7.800000190734863,7.550000190734863,6.417904853820801
2005-03-15,121700,7.849999904632568,7.789999961853027,7.849999904632568,7.579999923706055,6.5013651847839355
2005-03-14,85000,7.599999904632568,7.800000190734863,7.809999942779541,7.579999923706055,6.509710788726807
2005-03-11,88000,7.800000190734863,7.599999904632568,7.800000190734863,7.519999980926514,6.3427934646606445
2005-03-10,126800,7.920000076293945,7.849999904632568,7.989999771118164,7.760000228881836,6.551437854766846
2005-03-09,110000,7.900000095367432,7.869999885559082,8.050000190734863,7.869999885559082,6.568130016326904
2005-03-08,157000,7.949999809265137,7.889999866485596,8.09000015258789,7.889999866485596,6.584820747375488
2005-03-07,225400,7.980000019073486,8.0,8.100000381469727,7.940000057220459,6.6766252517700195
2005-03-04,251700,8.149999618530273,8.029999732971191,8.199999809265137,7.880000114440918,6.701662063598633
2005-03-03,1135100,7.900000095367432,8.210000038146973,8.550000190734863,7.900000095367432,6.851884841918945
2005-03-02,417100,7.75,7.860000133514404,7.900000095367432,7.639999866485596,6.559785842895508
2005-03-01,241600,7.699999809265137,7.889999866485596,7.96999979019165,7.699999809265137,6.584820747375488
2005-02-28,208100,7.5,7.71999979019165,7.75,7.400000095367432,6.4429426193237305
2005-02-25,106600,7.190000057220459,7.489999771118164,7.539999961853027,7.179999828338623,6.250987529754639
2005-02-24,72400,7.170000076293945,7.139999866485596,7.21999979019165,7.0,5.958888530731201
2005-02-23,91800,7.309999942779541,7.159999847412109,7.380000114440918,7.159999847412109,5.975578308105469
2005-02-22,471000,7.460000038146973,7.210000038146973,7.5,7.179999828338623,6.017307281494141
2005-02-18,204800,7.590000152587891,7.559999942779541,7.630000114440918,7.46999979019165,6.30941104888916
2005-02-17,722900,7.630000114440918,7.550000190734863,7.679999828338623,7.53000020980835,6.301065921783447
2005-02-16,191400,7.489999771118164,7.639999866485596,7.679999828338623,7.300000190734863,6.376175880432129
2005-02-15,900700,7.300000190734863,7.489999771118164,7.5,7.179999828338623,6.250987529754639
2005-02-14,69600,7.300000190734863,7.380000114440918,7.389999866485596,7.25,6.159185886383057
2005-02-11,57100,7.099999904632568,7.400000095367432,7.400000095367432,7.0,6.175878524780273
2005-02-10,52300,7.139999866485596,7.139999866485596,7.21999979019165,7.019999980926514,5.958888530731201
2005-02-09,86300,7.03000020980835,7.199999809265137,7.269999980926514,7.03000020980835,6.008963108062744
2005-02-08,30400,7.179999828338623,7.139999866485596,7.230000019073486,7.0,5.958888530731201
2005-02-07,58700,7.360000133514404,7.28000020980835,7.380000114440918,7.170000076293945,6.075728893280029
2005-02-04,139900,7.110000133514404,7.289999961853027,7.329999923706055,7.019999980926514,6.084073543548584
2005-02-03,94000,7.360000133514404,7.210000038146973,7.360000133514404,7.179999828338623,6.017307281494141
2005-02-02,196000,7.119999885559082,7.360000133514404,7.400000095367432,7.119999885559082,6.1424946784973145
2005-02-01,742000,6.760000228881836,7.170000076293945,7.170000076293945,6.71999979019165,5.9839253425598145
2005-01-31,151100,7.0,6.809999942779541,7.0,6.71999979019165,5.683476448059082
2005-01-28,61700,6.960000038146973,6.789999961853027,6.960000038146973,6.710000038146973,5.666784763336182
2005-01-27,52000,6.940000057220459,7.0,7.0,6.900000095367432,5.842047214508057
2005-01-26,66700,6.980000019073486,6.989999771118164,7.0,6.849999904632568,5.833699703216553
2005-01-25,81900,7.039999961853027,6.980000019073486,7.050000190734863,6.75,5.825355529785156
2005-01-24,85500,6.949999809265137,6.960000038146973,7.099999904632568,6.920000076293945,5.808664321899414
2005-01-21,132700,6.699999809265137,6.96999979019165,7.059999942779541,6.699999809265137,5.817009925842285
2005-01-20,163500,7.0,6.679999828338623,7.010000228881836,6.670000076293945,5.574981689453125
2005-01-19,295500,7.28000020980835,7.070000171661377,7.300000190734863,7.03000020980835,5.900467395782471
2005-01-18,44600,7.170000076293945,7.380000114440918,7.400000095367432,6.989999771118164,6.159185886383057
2005-01-14,35200,7.050000190734863,7.119999885559082,7.130000114440918,6.940000057220459,5.942195892333984
2005-01-13,46800,7.099999904632568,7.0,7.099999904632568,6.920000076293945,5.842047214508057
2005-01-12,50300,7.010000228881836,7.099999904632568,7.139999866485596,6.889999866485596,5.9255051612854
2005-01-11,50400,7.099999904632568,6.960000038146973,7.21999979019165,6.949999809265137,5.808664321899414
2005-01-10,50100,6.920000076293945,7.130000114440918,7.309999942779541,6.920000076293945,5.9505438804626465
2005-01-07,79300,7.03000020980835,6.920000076293945,7.03000020980835,6.869999885559082,5.775279998779297
2005-01-06,69000,7.059999942779541,7.0,7.099999904632568,6.960000038146973,5.842047214508057
2005-01-05,101400,6.949999809265137,7.010000228881836,7.300000190734863,6.900000095367432,5.850391864776611
2005-01-04,144200,7.5,6.949999809265137,7.550000190734863,6.920000076293945,5.800318717956543
2005-01-03,221800,7.840000152587891,7.420000076293945,7.900000095367432,7.320000171661377,6.192570686340332
2004-12-31,66100,7.639999866485596,7.679999828338623,7.710000038146973,7.449999809265137,6.409560203552246
2004-12-30,39900,7.769999980926514,7.639999866485596,7.809999942779541,7.539999961853027,6.376175880432129
2004-12-29,47300,7.78000020980835,7.829999923706055,7.880000114440918,7.730000019073486,6.534746170043945
2004-12-28,107800,7.659999847412109,7.800000190734863,7.829999923706055,7.650000095367432,6.509710788726807
2004-12-27,81800,7.679999828338623,7.690000057220459,7.699999809265137,7.510000228881836,6.417904853820801
2004-12-23,37000,7.679999828338623,7.679999828338623,7.699999809265137,7.630000114440918,6.409560203552246
2004-12-22,122500,7.5,7.590000152587891,7.699999809265137,7.5,6.33444881439209
2004-12-21,88600,7.420000076293945,7.480000019073486,7.590000152587891,7.329999923706055,6.242644786834717
2004-12-20,83900,7.300000190734863,7.420000076293945,7.550000190734863,7.300000190734863,6.192570686340332
2004-12-17,86600,7.46999979019165,7.329999923706055,7.489999771118164,7.119999885559082,6.117458343505859
2004-12-16,99800,7.710000038146973,7.489999771118164,7.75,7.329999923706055,6.250987529754639
2004-12-15,166600,7.909999847412109,7.710000038146973,7.920000076293945,7.699999809265137,6.434597969055176
2004-12-14,241800,7.550000190734863,7.809999942779541,7.949999809265137,7.550000190734863,6.518054485321045
2004-12-13,69900,7.489999771118164,7.590000152587891,7.590000152587891,7.320000171661377,6.33444881439209
2004-12-10,35300,7.349999904632568,7.480000019073486,7.5,7.230000019073486,6.242644786834717
2004-12-09,52700,7.400000095367432,7.380000114440918,7.440000057220459,7.21999979019165,6.159185886383057
2004-12-08,67500,7.0,7.449999809265137,7.449999809265137,7.0,6.217608451843262
2004-12-07,85700,7.099999904632568,7.059999942779541,7.179999828338623,7.010000228881836,5.8921217918396
2004-12-06,128100,7.21999979019165,7.119999885559082,7.480000019073486,7.119999885559082,5.942195892333984
2004-12-03,62000,7.480000019073486,7.449999809265137,7.5,7.349999904632568,6.217608451843262
2004-12-02,123100,7.400000095367432,7.460000038146973,7.510000228881836,7.360000133514404,6.225951671600342
2004-12-01,161200,7.28000020980835,7.449999809265137,7.5,7.199999809265137,6.217608451843262
2004-11-30,74800,7.139999866485596,7.199999809265137,7.300000190734863,7.019999980926514,6.008963108062744
2004-11-29,55500,7.099999904632568,7.199999809265137,7.300000190734863,7.050000190734863,6.008963108062744
2004-11-26,8600,7.21999979019165,7.199999809265137,7.28000020980835,7.199999809265137,6.008963108062744
2004-11-24,46200,7.050000190734863,7.190000057220459,7.190000057220459,7.019999980926514,6.000616550445557
2004-11-23,112700,6.980000019073486,7.019999980926514,7.139999866485596,6.869999885559082,5.858738422393799
2004-11-22,74900,6.820000171661377,7.0,7.0,6.800000190734863,5.842047214508057
2004-11-19,100000,6.849999904632568,6.900000095367432,7.0,6.75,5.758589744567871
2004-11-18,60500,6.849999904632568,6.849999904632568,6.920000076293945,6.760000228881836,5.716858863830566
2004-11-17,52200,6.690000057220459,6.829999923706055,7.0,6.690000057220459,5.700168609619141
2004-11-16,74700,6.599999904632568,6.619999885559082,6.730000019073486,6.53000020980835,5.52490758895874
2004-11-15,84000,6.539999961853027,6.659999847412109,6.699999809265137,6.369999885559082,5.558289051055908
2004-11-12,70500,6.599999904632568,6.550000190734863,6.599999904632568,6.460000038146973,5.46648645401001
2004-11-11,87600,6.489999771118164,6.590000152587891,6.699999809265137,6.380000114440918,5.499870777130127
2004-11-10,39400,6.420000076293945,6.53000020980835,6.650000095367432,6.320000171661377,5.449795722961426
2004-11-09,39800,6.360000133514404,6.420000076293945,6.570000171661377,6.210000038146973,5.357992172241211
2004-11-08,48300,6.400000095367432,6.420000076293945,6.5,6.300000190734863,5.357992172241211
2004-11-05,39000,6.690000057220459,6.449999809265137,6.699999809265137,6.349999904632568,5.383029460906982
2004-11-04,173500,6.699999809265137,6.690000057220459,6.760000228881836,6.650000095367432,5.58332633972168
2004-11-03,290800,6.730000019073486,6.75,6.820000171661377,6.199999809265137,5.6334028244018555
2004-11-02,71600,6.849999904632568,6.730000019073486,6.900000095367432,6.670000076293945,5.616711139678955
2004-11-01,71500,6.869999885559082,6.809999942779541,6.929999828338623,6.71999979019165,5.683476448059082
2004-10-29,76400,6.829999923706055,6.929999828338623,6.949999809265137,6.75,5.783625602722168
2004-10-28,71200,6.639999866485596,6.869999885559082,6.880000114440918,6.590000152587891,5.733551502227783
2004-10-27,97900,6.630000114440918,6.699999809265137,6.800000190734863,6.570000171661377,5.591672420501709
2004-10-26,92300,6.449999809265137,6.579999923706055,6.670000076293945,6.420000076293945,5.491525173187256
2004-10-25,53300,6.130000114440918,6.440000057220459,6.5,6.130000114440918,5.374682426452637
2004-10-22,97200,6.260000228881836,6.130000114440918,6.400000095367432,6.099999904632568,5.115965366363525
2004-10-21,44800,6.329999923706055,6.300000190734863,6.480000019073486,6.260000228881836,5.257843494415283
2004-10-20,51700,6.260000228881836,6.300000190734863,6.400000095367432,6.21999979019165,5.257843494415283
2004-10-19,37700,6.340000152587891,6.309999942779541,6.460000038146973,6.230000019073486,5.266188144683838
2004-10-18,76900,6.300000190734863,6.28000020980835,6.429999828338623,6.199999809265137,5.241151809692383
2004-10-15,35300,6.300000190734863,6.349999904632568,6.349999904632568,6.25,5.299569606781006
2004-10-14,58900,6.320000171661377,6.300000190734863,6.369999885559082,6.25,5.257843494415283
2004-10-13,82800,6.5,6.369999885559082,6.5,6.03000020980835,5.316262245178223
2004-10-12,30300,6.239999771118164,6.5,6.559999942779541,6.199999809265137,5.424757480621338
2004-10-11,59900,6.159999847412109,6.239999771118164,6.300000190734863,6.130000114440918,5.207766532897949
2004-10-08,83700,6.239999771118164,6.159999847412109,6.519999980926514,6.070000171661377,5.140999794006348
2004-10-07,61900,6.760000228881836,6.340000152587891,6.809999942779541,6.300000190734863,5.291226387023926
2004-10-06,64600,6.650000095367432,6.789999961853027,6.800000190734863,6.650000095367432,5.666784763336182
2004-10-05,56200,6.760000228881836,6.730000019073486,6.849999904632568,6.630000114440918,5.616711139678955
2004-10-04,84100,6.800000190734863,6.78000020980835,6.96999979019165,6.75,5.658441066741943
2004-10-01,258200,6.650000095367432,6.820000171661377,6.900000095367432,6.599999904632568,5.691822052001953
2004-09-30,109700,6.800000190734863,6.599999904632568,6.860000133514404,6.550000190734863,5.508213996887207
2004-09-29,69800,6.760000228881836,6.800000190734863,6.900000095367432,6.75,5.675130844116211
2004-09-28,70300,6.900000095367432,6.760000228881836,7.0,6.75,5.641748905181885
2004-09-27,31000,7.130000114440918,6.900000095367432,7.130000114440918,6.869999885559082,5.758589744567871
2004-09-24,74200,7.099999904632568,7.190000057220459,7.230000019073486,7.099999904632568,6.000616550445557
2004-09-23,30700,7.079999923706055,7.130000114440918,7.21999979019165,7.050000190734863,5.9505438804626465
2004-09-22,60700,7.199999809265137,7.070000171661377,7.21999979019165,7.03000020980835,5.900467395782471
2004-09-21,46500,7.21999979019165,7.25,7.25,7.159999847412109,6.050690650939941
2004-09-20,48800,7.199999809265137,7.21999979019165,7.25,7.059999942779541,6.025654315948486
2004-09-17,266600,7.25,7.25,7.289999961853027,7.150000095367432,6.050690650939941
2004-09-16,253500,7.099999904632568,7.179999828338623,7.199999809265137,7.090000152587891,5.992270469665527
2004-09-15,126700,7.090000152587891,7.050000190734863,7.090000152587891,7.0,5.883777141571045
2004-09-14,194800,6.909999847412109,7.059999942779541,7.090000152587891,6.860000133514404,5.8921217918396
2004-09-13,221500,7.099999904632568,6.949999809265137,7.150000095367432,6.659999847412109,5.800318717956543
2004-09-10,145300,7.0,7.159999847412109,7.199999809265137,6.949999809265137,5.975578308105469
2004-09-09,268300,6.889999866485596,7.0,7.0,6.71999979019165,5.842047214508057
2004-09-08,275400,6.75,6.869999885559082,6.920000076293945,6.75,5.733551502227783
2004-09-07,274700,6.590000152587891,6.730000019073486,6.75,6.5,5.616711139678955
2004-09-03,69000,6.75,6.590000152587891,6.789999961853027,6.400000095367432,5.499870777130127
2004-09-02,65600,6.400000095367432,6.789999961853027,6.869999885559082,6.349999904632568,5.666784763336182
2004-09-01,145800,6.679999828338623,6.5,6.889999866485596,6.369999885559082,5.424757480621338
2004-08-31,58300,6.610000133514404,6.699999809265137,6.710000038146973,6.409999847412109,5.591672420501709
2004-08-30,60400,6.699999809265137,6.590000152587891,6.739999771118164,6.550000190734863,5.499870777130127
2004-08-27,142400,6.849999904632568,6.75,6.860000133514404,6.599999904632568,5.6334028244018555
2004-08-26,187300,6.75,6.869999885559082,6.869999885559082,6.690000057220459,5.733551502227783
2004-08-25,119000,6.599999904632568,6.800000190734863,6.840000152587891,6.599999904632568,5.675130844116211
2004-08-24,113400,6.739999771118164,6.639999866485596,6.840000152587891,6.400000095367432,5.541598796844482
2004-08-23,160600,6.900000095367432,6.699999809265137,6.949999809265137,6.650000095367432,5.591672420501709
2004-08-20,118800,6.710000038146973,6.929999828338623,6.929999828338623,6.679999828338623,5.783625602722168
2004-08-19,165800,6.679999828338623,6.710000038146973,6.840000152587891,6.579999923706055,5.6000189781188965
2004-08-18,155300,6.480000019073486,6.679999828338623,6.730000019073486,6.329999923706055,5.574981689453125
2004-08-17,103000,6.53000020980835,6.539999961853027,6.539999961853027,6.320000171661377,5.458140850067139
2004-08-16,94900,6.380000114440918,6.5,6.5,6.260000228881836,5.424757480621338
2004-08-13,73100,6.03000020980835,6.289999961853027,6.300000190734863,6.019999980926514,5.249495983123779
2004-08-12,72400,6.21999979019165,6.03000020980835,6.239999771118164,6.0,5.032505989074707
2004-08-11,94500,6.170000076293945,6.320000171661377,6.449999809265137,6.0,5.274534225463867
2004-08-10,160300,6.25,6.210000038146973,6.28000020980835,6.079999923706055,5.182729721069336
2004-08-09,289900,6.099999904632568,6.289999961853027,6.349999904632568,5.960000038146973,5.249495983123779
2004-08-06,127500,6.090000152587891,6.090000152587891,6.230000019073486,6.019999980926514,5.082581520080566
2004-08-05,337600,6.150000095367432,6.190000057220459,6.300000190734863,6.090000152587891,5.166038990020752
2004-08-04,192700,6.099999904632568,6.25,6.329999923706055,5.920000076293945,5.216113090515137
2004-08-03,333800,6.179999828338623,6.110000133514404,6.309999942779541,5.920000076293945,5.099272727966309
2004-08-02,161200,5.889999866485596,6.170000076293945,6.170000076293945,5.769999980926514,5.149347305297852
2004-07-30,132100,5.800000190734863,5.989999771118164,6.070000171661377,5.679999828338623,4.999124050140381
2004-07-29,70500,6.0,5.900000095367432,6.079999923706055,5.75,4.924012660980225
2004-07-28,202100,5.550000190734863,5.949999809265137,6.070000171661377,5.519999980926514,4.9657416343688965
2004-07-27,311500,5.389999866485596,5.610000133514404,5.769999980926514,5.380000114440918,4.681982517242432
2004-07-26,308000,5.630000114440918,5.309999942779541,5.769999980926514,5.25,4.431610107421875
2004-07-23,145400,5.889999866485596,5.699999809265137,5.889999866485596,5.590000152587891,4.757095813751221
2004-07-22,191700,5.800000190734863,5.989999771118164,6.050000190734863,5.800000190734863,4.999124050140381
2004-07-21,123100,6.170000076293945,5.71999979019165,6.239999771118164,5.71999979019165,4.773787021636963
2004-07-20,123600,6.0,6.070000171661377,6.150000095367432,5.840000152587891,5.065887451171875
2004-07-19,93800,5.699999809265137,5.960000038146973,5.960000038146973,5.699999809265137,4.974087715148926
2004-07-16,423200,6.090000152587891,5.75,6.150000095367432,5.650000095367432,4.798824787139893
2004-07-15,86100,6.25,6.119999885559082,6.309999942779541,6.079999923706055,5.10761833190918
2004-07-14,112900,6.21999979019165,6.210000038146973,6.440000057220459,6.199999809265137,5.182729721069336
2004-07-13,94900,6.420000076293945,6.309999942779541,6.460000038146973,6.309999942779541,5.266188144683838
2004-07-12,112600,6.25,6.409999847412109,6.489999771118164,6.25,5.3496479988098145
2004-07-09,209100,6.199999809265137,6.239999771118164,6.320000171661377,5.940000057220459,5.207766532897949
2004-07-08,148200,6.800000190734863,6.25,6.809999942779541,6.170000076293945,5.216113090515137
2004-07-07,146900,6.900000095367432,6.900000095367432,7.0,6.710000038146973,5.758589744567871
2004-07-06,302800,6.760000228881836,6.889999866485596,6.949999809265137,6.650000095367432,5.750242233276367
2004-07-02,264100,6.699999809265137,6.699999809265137,6.75,6.599999904632568,5.591672420501709
2004-07-01,256700,6.340000152587891,6.369999885559082,6.480000019073486,6.329999923706055,5.316262245178223
2004-06-30,341000,6.46999979019165,6.389999866485596,6.539999961853027,6.349999904632568,5.332955837249756
2004-06-29,418400,6.75,6.590000152587891,6.800000190734863,6.550000190734863,5.499870777130127
2004-06-28,755100,6.550000190734863,6.75,6.880000114440918,6.550000190734863,5.6334028244018555
2004-06-25,2015100,7.119999885559082,6.199999809265137,7.269999980926514,6.199999809265137,5.174385070800781
2004-06-24,295800,7.320000171661377,7.079999923706055,7.340000152587891,6.989999771118164,5.908814430236816
2004-06-23,203700,7.289999961853027,7.21999979019165,7.300000190734863,7.110000133514404,6.025654315948486
2004-06-22,104300,7.300000190734863,7.289999961853027,7.53000020980835,7.25,6.084073543548584
2004-06-21,81200,7.570000171661377,7.329999923706055,7.599999904632568,7.21999979019165,6.117458343505859
2004-06-18,138000,7.619999885559082,7.570000171661377,7.690000057220459,7.5,6.317757606506348
2004-06-17,81000,7.599999904632568,7.619999885559082,7.639999866485596,7.369999885559082,6.359487056732178
2004-06-16,110100,7.449999809265137,7.599999904632568,7.639999866485596,7.409999847412109,6.3427934646606445
2004-06-15,127600,7.570000171661377,7.5,7.599999904632568,7.329999923706055,6.259335517883301
2004-06-14,117600,7.619999885559082,7.590000152587891,7.650000095367432,7.539999961853027,6.33444881439209
2004-06-10,47400,7.650000095367432,7.619999885559082,7.650000095367432,7.510000228881836,6.359487056732178
2004-06-09,167000,7.699999809265137,7.599999904632568,7.730000019073486,7.510000228881836,6.3427934646606445
2004-06-08,202800,7.699999809265137,7.619999885559082,7.710000038146973,7.510000228881836,6.359487056732178
2004-06-07,400400,7.21999979019165,7.760000228881836,7.900000095367432,7.099999904632568,6.476328372955322
2004-06-04,47200,7.21999979019165,7.25,7.289999961853027,7.099999904632568,6.050690650939941
2004-06-03,156200,7.25,7.25,7.300000190734863,7.199999809265137,6.050690650939941
2004-06-02,155500,7.050000190734863,7.210000038146973,7.25,6.980000019073486,6.017307281494141
2004-06-01,88800,7.050000190734863,7.050000190734863,7.050000190734863,6.909999847412109,5.883777141571045
2004-05-28,62600,6.980000019073486,7.050000190734863,7.050000190734863,6.980000019073486,5.883777141571045
2004-05-27,40700,6.989999771118164,6.980000019073486,7.0,6.909999847412109,5.825355529785156
2004-05-26,37400,7.0,6.989999771118164,7.0,6.900000095367432,5.833699703216553
2004-05-25,102900,6.949999809265137,6.989999771118164,7.019999980926514,6.869999885559082,5.833699703216553
2004-05-24,78800,6.989999771118164,7.0,7.0,6.909999847412109,5.842047214508057
2004-05-21,27800,6.980000019073486,6.989999771118164,7.0,6.909999847412109,5.833699703216553
2004-05-20,63200,6.869999885559082,7.0,7.0,6.849999904632568,5.842047214508057
2004-05-19,35300,6.809999942779541,6.889999866485596,6.929999828338623,6.75,5.750242233276367
2004-05-18,47200,6.78000020980835,6.800000190734863,6.849999904632568,6.75,5.675130844116211
2004-05-17,54300,7.0,6.78000020980835,7.0,6.699999809265137,5.658441066741943
2004-05-14,40000,6.860000133514404,7.090000152587891,7.090000152587891,6.860000133514404,5.917159080505371
2004-05-13,44500,6.949999809265137,6.860000133514404,6.980000019073486,6.760000228881836,5.725204944610596
2004-05-12,81400,6.949999809265137,6.949999809265137,6.989999771118164,6.75,5.800318717956543
2004-05-11,62600,7.0,7.0,7.050000190734863,6.96999979019165,5.842047214508057
2004-05-10,116300,7.199999809265137,7.0,7.199999809265137,6.769999980926514,5.842047214508057
2004-05-07,38900,7.320000171661377,7.239999771118164,7.369999885559082,7.139999866485596,6.04234504699707
2004-05-06,99700,7.369999885559082,7.300000190734863,7.389999866485596,7.28000020980835,6.092422008514404
2004-05-05,131400,7.199999809265137,7.349999904632568,7.449999809265137,7.199999809265137,6.134148120880127
2004-05-04,236300,7.110000133514404,7.199999809265137,7.429999828338623,7.099999904632568,6.008963108062744
2004-05-03,187000,6.820000171661377,6.989999771118164,6.989999771118164,6.75,5.833699703216553
2004-04-30,155500,7.0,6.820000171661377,7.0,6.699999809265137,5.691822052001953
2004-04-29,73500,7.230000019073486,7.010000228881836,7.25,7.0,5.850391864776611
2004-04-28,33700,7.28000020980835,7.260000228881836,7.300000190734863,7.099999904632568,6.0590362548828125
2004-04-27,73700,7.289999961853027,7.300000190734863,7.400000095367432,7.25,6.092422008514404
2004-04-26,178900,7.190000057220459,7.360000133514404,7.449999809265137,7.190000057220459,6.1424946784973145
2004-04-23,31700,7.190000057220459,7.179999828338623,7.21999979019165,7.139999866485596,5.992270469665527
2004-04-22,54600,7.019999980926514,7.170000076293945,7.199999809265137,7.019999980926514,5.9839253425598145
2004-04-21,69300,7.099999904632568,7.119999885559082,7.199999809265137,6.96999979019165,5.942195892333984
2004-04-20,86200,7.179999828338623,7.139999866485596,7.21999979019165,7.130000114440918,5.958888530731201
2004-04-19,115600,7.199999809265137,7.170000076293945,7.199999809265137,6.949999809265137,5.9839253425598145
2004-04-16,48700,7.039999961853027,7.199999809265137,7.199999809265137,7.019999980926514,6.008963108062744
2004-04-15,54400,7.0,7.039999961853027,7.150000095367432,6.920000076293945,5.875430583953857
2004-04-14,73600,7.079999923706055,7.070000171661377,7.079999923706055,6.849999904632568,5.900467395782471
2004-04-13,78200,7.199999809265137,7.179999828338623,7.210000038146973,7.0,5.992270469665527
2004-04-12,142800,7.360000133514404,7.300000190734863,7.389999866485596,7.300000190734863,6.092422008514404
2004-04-08,115700,7.159999847412109,7.320000171661377,7.449999809265137,7.0,6.109110355377197
2004-04-07,48300,7.300000190734863,7.239999771118164,7.300000190734863,7.159999847412109,6.04234504699707
2004-04-06,44900,7.199999809265137,7.300000190734863,7.300000190734863,7.159999847412109,6.092422008514404
2004-04-05,62700,7.289999961853027,7.199999809265137,7.289999961853027,7.179999828338623,6.008963108062744
2004-04-02,112300,7.28000020980835,7.28000020980835,7.300000190734863,7.150000095367432,6.075728893280029
2004-04-01,115900,7.28000020980835,7.269999980926514,7.300000190734863,7.210000038146973,6.067381381988525
2004-03-31,228800,7.179999828338623,7.21999979019165,7.300000190734863,7.159999847412109,6.025654315948486
2004-03-30,161200,6.880000114440918,7.179999828338623,7.199999809265137,6.800000190734863,5.992270469665527
2004-03-29,114500,7.0,6.900000095367432,7.019999980926514,6.829999923706055,5.758589744567871
2004-03-26,68200,6.989999771118164,7.119999885559082,7.179999828338623,6.980000019073486,5.942195892333984
2004-03-25,88500,6.820000171661377,6.980000019073486,6.989999771118164,6.75,5.825355529785156
2004-03-24,104200,6.849999904632568,6.760000228881836,6.929999828338623,6.75,5.641748905181885
2004-03-23,171100,7.130000114440918,6.900000095367432,7.139999866485596,6.849999904632568,5.758589744567871
2004-03-22,115600,7.139999866485596,7.150000095367432,7.25,7.050000190734863,5.967233657836914
2004-03-19,119500,7.28000020980835,7.239999771118164,7.28000020980835,7.150000095367432,6.04234504699707
2004-03-18,67100,7.25,7.300000190734863,7.349999904632568,7.119999885559082,6.092422008514404
2004-03-17,97200,7.349999904632568,7.199999809265137,7.449999809265137,7.150000095367432,6.008963108062744
2004-03-16,190100,7.190000057220459,7.349999904632568,7.349999904632568,7.059999942779541,6.134148120880127
2004-03-15,121200,7.260000228881836,7.139999866485596,7.269999980926514,7.059999942779541,5.958888530731201
2004-03-12,144000,7.199999809265137,7.300000190734863,7.349999904632568,7.159999847412109,6.092422008514404
2004-03-11,234300,7.239999771118164,7.179999828338623,7.449999809265137,7.099999904632568,5.992270469665527
2004-03-10,207800,7.489999771118164,7.300000190734863,7.489999771118164,7.300000190734863,6.092422008514404
2004-03-09,445100,7.400000095367432,7.489999771118164,7.489999771118164,7.21999979019165,6.250987529754639
2004-03-08,1571800,7.400000095367432,7.349999904632568,7.699999809265137,7.079999923706055,6.134148120880127
2004-03-05,259000,6.599999904632568,6.670000076293945,6.849999904632568,6.599999904632568,5.56663703918457
2004-03-04,95400,6.639999866485596,6.650000095367432,6.650000095367432,6.590000152587891,5.549944877624512
2004-03-03,163400,6.659999847412109,6.639999866485596,6.659999847412109,6.550000190734863,5.541598796844482
2004-03-02,148000,6.519999980926514,6.659999847412109,6.690000057220459,6.5,5.558289051055908
2004-03-01,272200,6.389999866485596,6.599999904632568,6.679999828338623,6.269999980926514,5.508213996887207
2004-02-27,358600,6.349999904632568,6.489999771118164,6.599999904632568,6.0,5.41641092300415
2004-02-26,60500,6.599999904632568,6.449999809265137,6.599999904632568,6.380000114440918,5.383029460906982
2004-02-25,95000,6.480000019073486,6.599999904632568,6.599999904632568,6.449999809265137,5.508213996887207
2004-02-24,114700,6.380000114440918,6.480000019073486,6.5,6.380000114440918,5.408065319061279
2004-02-23,377200,6.559999942779541,6.420000076293945,6.559999942779541,6.349999904632568,5.357992172241211
2004-02-20,66500,6.570000171661377,6.559999942779541,6.639999866485596,6.5,5.474833965301514
2004-02-19,173000,6.670000076293945,6.550000190734863,6.699999809265137,6.5,5.46648645401001
2004-02-18,105700,6.650000095367432,6.630000114440918,6.679999828338623,6.5,5.533252716064453
2004-02-17,40700,6.699999809265137,6.670000076293945,6.699999809265137,6.650000095367432,5.56663703918457
2004-02-13,86600,6.670000076293945,6.699999809265137,6.75,6.599999904632568,5.591672420501709
2004-02-12,153600,6.710000038146973,6.699999809265137,6.75,6.630000114440918,5.591672420501709
2004-02-11,96000,6.599999904632568,6.710000038146973,6.710000038146973,6.579999923706055,5.6000189781188965
2004-02-10,192700,6.480000019073486,6.599999904632568,6.650000095367432,6.480000019073486,5.508213996887207
2004-02-09,109600,6.829999923706055,6.400000095367432,6.829999923706055,6.320000171661377,5.341301441192627
2004-02-06,131300,6.599999904632568,6.800000190734863,6.800000190734863,6.590000152587891,5.675130844116211
2004-02-05,202600,6.760000228881836,6.570000171661377,6.78000020980835,6.449999809265137,5.48317813873291
2004-02-04,223500,6.730000019073486,6.789999961853027,6.789999961853027,6.699999809265137,5.666784763336182
2004-02-03,157000,6.730000019073486,6.699999809265137,6.849999904632568,6.659999847412109,5.591672420501709
2004-02-02,224800,6.880000114440918,6.679999828338623,6.920000076293945,6.670000076293945,5.574981689453125
2004-01-30,111500,6.489999771118164,6.690000057220459,6.800000190734863,6.449999809265137,5.58332633972168
2004-01-29,249100,6.900000095367432,6.460000038146973,6.940000057220459,6.300000190734863,5.391374111175537
2004-01-28,224800,6.849999904632568,6.849999904632568,7.0,6.829999923706055,5.716858863830566
2004-01-27,148000,6.849999904632568,6.75,6.900000095367432,6.739999771118164,5.6334028244018555
2004-01-26,244500,6.75,6.820000171661377,6.849999904632568,6.690000057220459,5.691822052001953
2004-01-23,246500,6.739999771118164,6.769999980926514,6.840000152587891,6.670000076293945,5.650095462799072
2004-01-22,180300,6.769999980926514,6.739999771118164,6.829999923706055,6.630000114440918,5.62505578994751
2004-01-21,574700,6.75,6.75,6.840000152587891,6.71999979019165,5.6334028244018555
2004-01-20,390300,6.590000152587891,6.75,6.860000133514404,6.579999923706055,5.6334028244018555
2004-01-16,416300,6.5,6.550000190734863,6.550000190734863,6.46999979019165,5.46648645401001
2004-01-15,286800,6.349999904632568,6.5,6.599999904632568,6.300000190734863,5.424757480621338
2004-01-14,205500,6.199999809265137,6.349999904632568,6.349999904632568,6.079999923706055,5.299569606781006
2004-01-13,105400,5.960000038146973,6.199999809265137,6.199999809265137,5.960000038146973,5.174385070800781
2004-01-12,51200,6.039999961853027,6.010000228881836,6.050000190734863,6.0,5.015814781188965
2004-01-09,199200,6.03000020980835,6.039999961853027,6.079999923706055,6.0,5.04085111618042
2004-01-08,464300,5.730000019073486,6.099999904632568,6.119999885559082,5.730000019073486,5.090926647186279
2004-01-07,104800,5.730000019073486,5.730000019073486,5.78000020980835,5.690000057220459,4.782131195068359
2004-01-06,348000,5.650000095367432,5.699999809265137,5.760000228881836,5.599999904632568,4.757095813751221
2004-01-05,222200,5.300000190734863,5.699999809265137,5.800000190734863,5.260000228881836,4.757095813751221
2004-01-02,90200,5.440000057220459,5.300000190734863,5.46999979019165,5.190000057220459,4.42326545715332
2003-12-31,274900,5.650000095367432,5.480000019073486,5.650000095367432,5.360000133514404,4.573487281799316
2003-12-30,307300,5.28000020980835,5.679999828338623,5.71999979019165,5.28000020980835,4.740402698516846
2003-12-29,203400,5.300000190734863,5.269999980926514,5.400000095367432,5.269999980926514,4.398225784301758
2003-12-26,9000,5.320000171661377,5.320000171661377,5.340000152587891,5.300000190734863,4.439956188201904
2003-12-24,43700,5.309999942779541,5.300000190734863,5.340000152587891,5.25,4.42326545715332
2003-12-23,94100,5.349999904632568,5.300000190734863,5.349999904632568,5.21999979019165,4.42326545715332
2003-12-22,126800,5.260000228881836,5.329999923706055,5.349999904632568,5.230000019073486,4.448301315307617
2003-12-19,57200,5.28000020980835,5.300000190734863,5.349999904632568,5.25,4.42326545715332
2003-12-18,159900,5.289999961853027,5.349999904632568,5.349999904632568,5.179999828338623,4.464993476867676
2003-12-17,112100,5.300000190734863,5.269999980926514,5.389999866485596,5.25,4.398225784301758
2003-12-16,187200,5.389999866485596,5.28000020980835,5.389999866485596,5.179999828338623,4.406573295593262
2003-12-15,261400,5.5,5.380000114440918,5.519999980926514,5.230000019073486,4.490029335021973
2003-12-12,299600,5.25,5.28000020980835,5.28000020980835,5.119999885559082,4.406573295593262
2003-12-11,554300,4.929999828338623,5.25,5.269999980926514,4.920000076293945,4.381535530090332
2003-12-10,150700,4.869999885559082,4.929999828338623,5.0,4.840000152587891,4.114471435546875
2003-12-09,102500,4.920000076293945,4.849999904632568,4.920000076293945,4.829999923706055,4.047702789306641
2003-12-08,85800,4.860000133514404,4.849999904632568,4.949999809265137,4.800000190734863,4.047702789306641
2003-12-05,33900,4.869999885559082,4.860000133514404,4.880000114440918,4.849999904632568,4.056049346923828
2003-12-04,139900,4.849999904632568,4.900000095367432,4.909999847412109,4.840000152587891,4.089433193206787
2003-12-03,92300,4.940000057220459,4.900000095367432,4.940000057220459,4.809999942779541,4.089433193206787
2003-12-02,1096900,4.820000171661377,4.940000057220459,4.980000019073486,4.760000228881836,4.122816562652588
2003-12-01,220400,4.880000114440918,4.820000171661377,4.880000114440918,4.659999847412109,4.022667407989502
2003-11-28,138900,4.670000076293945,4.809999942779541,4.809999942779541,4.670000076293945,4.014321804046631
2003-11-26,287300,4.880000114440918,4.659999847412109,4.949999809265137,4.650000095367432,3.8891353607177734
2003-11-25,434700,4.739999771118164,4.840000152587891,4.929999828338623,4.650000095367432,4.039358615875244
2003-11-24,435900,4.360000133514404,4.75,4.889999866485596,4.360000133514404,3.9642465114593506
2003-11-21,239700,4.28000020980835,4.320000171661377,4.400000095367432,4.28000020980835,3.6053788661956787
2003-11-20,73700,4.190000057220459,4.260000228881836,4.260000228881836,4.190000057220459,3.5553033351898193
2003-11-19,63300,4.230000019073486,4.179999828338623,4.230000019073486,4.150000095367432,3.4885358810424805
2003-11-18,57800,4.190000057220459,4.25,4.25,4.159999847412109,3.546957015991211
2003-11-17,97400,4.239999771118164,4.199999809265137,4.260000228881836,4.079999923706055,3.505227565765381
2003-11-14,93800,4.159999847412109,4.28000020980835,4.28000020980835,4.159999847412109,3.5719945430755615
2003-11-13,57200,4.300000190734863,4.139999866485596,4.300000190734863,4.130000114440918,3.455153703689575
2003-11-12,136500,4.139999866485596,4.380000114440918,4.380000114440918,4.130000114440918,3.655451774597168
2003-11-11,28200,4.019999980926514,4.130000114440918,4.150000095367432,4.019999980926514,3.446808099746704
2003-11-10,32400,4.289999961853027,4.019999980926514,4.289999961853027,3.950000047683716,3.3550031185150146
2003-11-07,59400,4.28000020980835,4.289999961853027,4.349999904632568,4.25,3.580338954925537
2003-11-06,29200,4.309999942779541,4.25,4.309999942779541,4.21999979019165,3.546957015991211
2003-11-05,216400,4.21999979019165,4.309999942779541,4.380000114440918,4.21999979019165,3.5970325469970703
2003-11-04,386700,4.170000076293945,4.25,4.25,4.170000076293945,3.546957015991211
2003-11-03,64500,4.099999904632568,4.139999866485596,4.21999979019165,4.019999980926514,3.455153703689575
2003-10-31,11700,4.150000095367432,4.130000114440918,4.179999828338623,4.099999904632568,3.446808099746704
2003-10-30,85200,4.260000228881836,4.179999828338623,4.260000228881836,4.150000095367432,3.4885358810424805
2003-10-29,105500,4.099999904632568,4.25,4.349999904632568,4.079999923706055,3.546957015991211
2003-10-28,128900,4.25,4.099999904632568,4.349999904632568,3.990000009536743,3.421769857406616
2003-10-27,10900,4.300000190734863,4.300000190734863,4.320000171661377,4.28000020980835,3.588686227798462
2003-10-24,157400,4.570000171661377,4.300000190734863,4.570000171661377,4.28000020980835,3.588686227798462
2003-10-23,30300,4.53000020980835,4.559999942779541,4.570000171661377,4.449999809265137,3.805678129196167
2003-10-22,162400,4.5,4.550000190734863,4.800000190734863,4.489999771118164,3.7973310947418213
2003-10-21,74600,4.260000228881836,4.449999809265137,4.5,4.25,3.7138729095458984
2003-10-20,34500,4.300000190734863,4.260000228881836,4.300000190734863,4.21999979019165,3.5553033351898193
2003-10-17,57100,4.230000019073486,4.260000228881836,4.28000020980835,4.230000019073486,3.5553033351898193
2003-10-16,32300,4.199999809265137,4.239999771118164,4.239999771118164,4.199999809265137,3.538611650466919
2003-10-15,19900,4.260000228881836,4.230000019073486,4.260000228881836,4.21999979019165,3.530264377593994
2003-10-14,72100,4.179999828338623,4.260000228881836,4.260000228881836,4.170000076293945,3.5553033351898193
2003-10-13,66200,4.039999961853027,4.110000133514404,4.150000095367432,3.9600000381469727,3.4301156997680664
2003-10-10,109000,3.950000047683716,4.010000228881836,4.03000020980835,3.930000066757202,3.34665846824646
2003-10-09,33000,3.9700000286102295,3.950000047683716,3.9700000286102295,3.9200000762939453,3.2965826988220215
2003-10-08,43100,3.9800000190734863,3.950000047683716,3.9800000190734863,3.940000057220459,3.2965826988220215
2003-10-07,59100,4.0,3.950000047683716,4.010000228881836,3.9200000762939453,3.2965826988220215
2003-10-06,38000,3.890000104904175,3.9800000190734863,4.010000228881836,3.890000104904175,3.3216207027435303
2003-10-03,199300,4.0,3.880000114440918,4.03000020980835,3.809999942779541,3.238164186477661
2003-10-02,107500,3.9800000190734863,4.019999980926514,4.050000190734863,3.930000066757202,3.3550031185150146
2003-10-01,113300,3.7799999713897705,4.010000228881836,4.010000228881836,3.7799999713897705,3.34665846824646
2003-09-30,32900,3.890000104904175,3.809999942779541,3.890000104904175,3.799999952316284,3.179743528366089
2003-09-29,79400,3.859999895095825,3.880000114440918,3.9600000381469727,3.700000047683716,3.238164186477661
2003-09-26,115700,4.079999923706055,3.890000104904175,4.079999923706055,3.809999942779541,3.246509313583374
2003-09-25,56400,4.179999828338623,4.079999923706055,4.179999828338623,4.019999980926514,3.405078172683716
2003-09-24,67700,4.099999904632568,4.179999828338623,4.190000057220459,4.099999904632568,3.4885358810424805
2003-09-23,46800,4.0,4.130000114440918,4.150000095367432,4.0,3.446808099746704
2003-09-22,79100,4.0,3.9800000190734863,4.050000190734863,3.930000066757202,3.3216207027435303
2003-09-19,90300,4.0,4.0,4.0,3.9800000190734863,3.3383126258850098
2003-09-18,140800,3.9800000190734863,4.0,4.0,3.9700000286102295,3.3383126258850098
2003-09-17,87000,4.050000190734863,3.9800000190734863,4.050000190734863,3.950000047683716,3.3216207027435303
2003-09-16,72100,3.9700000286102295,4.039999961853027,4.050000190734863,3.9700000286102295,3.3716952800750732
2003-09-15,64100,3.990000009536743,3.9700000286102295,4.0,3.869999885559082,3.313275098800659
2003-09-12,38200,3.9800000190734863,3.990000009536743,4.0,3.940000057220459,3.3299670219421387
2003-09-11,71800,4.019999980926514,3.9800000190734863,4.039999961853027,3.9700000286102295,3.3216207027435303
2003-09-10,146500,4.0,4.050000190734863,4.070000171661377,3.9800000190734863,3.3800415992736816
2003-09-09,254400,3.759999990463257,4.0,4.0,3.7300000190734863,3.3383126258850098
2003-09-08,46300,3.8499999046325684,3.7799999713897705,3.8499999046325684,3.75,3.15470552444458
2003-09-05,53100,3.8499999046325684,3.8299999237060547,3.940000057220459,3.799999952316284,3.1964335441589355
2003-09-04,87500,3.869999885559082,3.9000000953674316,3.950000047683716,3.819999933242798,3.2548553943634033
2003-09-03,159600,3.700000047683716,3.869999885559082,3.869999885559082,3.6700000762939453,3.2298166751861572
2003-09-02,110200,3.7100000381469727,3.700000047683716,3.7100000381469727,3.4800000190734863,3.0879392623901367
2003-08-29,24400,3.700000047683716,3.7200000286102295,3.7300000190734863,3.6600000858306885,3.1046295166015625
2003-08-28,51100,3.680000066757202,3.740000009536743,3.740000009536743,3.5399999618530273,3.1213223934173584
2003-08-27,60200,3.740000009536743,3.700000047683716,3.740000009536743,3.6700000762939453,3.0879392623901367
2003-08-26,90600,3.880000114440918,3.7799999713897705,3.880000114440918,3.75,3.15470552444458
2003-08-25,142000,3.5,3.9000000953674316,3.9000000953674316,3.3499999046325684,3.2548553943634033
2003-08-22,97700,3.4800000190734863,3.4800000190734863,3.5,3.4000000953674316,2.904332160949707
2003-08-21,111200,3.4800000190734863,3.490000009536743,3.5,3.430000066757202,2.912677764892578
2003-08-20,391700,3.2899999618530273,3.4700000286102295,3.4800000190734863,3.2899999618530273,2.895986318588257
2003-08-19,406000,3.2699999809265137,3.309999942779541,3.369999885559082,3.2699999809265137,2.76245379447937
2003-08-18,221800,3.4000000953674316,3.2899999618530273,3.430000066757202,3.2699999809265137,2.745762586593628
2003-08-15,34000,3.3499999046325684,3.4000000953674316,3.4000000953674316,3.3299999237060547,2.8375654220581055
2003-08-14,13900,3.390000104904175,3.359999895095825,3.390000104904175,3.359999895095825,2.804182529449463
2003-08-13,636900,3.299999952316284,3.380000114440918,3.380000114440918,3.299999952316284,2.8208744525909424
2003-08-12,39300,3.2899999618530273,3.299999952316284,3.369999885559082,3.2799999713897705,2.7541069984436035
2003-08-11,33100,3.299999952316284,3.2799999713897705,3.3299999237060547,3.180000066757202,2.737416982650757
2003-08-08,47700,3.2899999618530273,3.299999952316284,3.3499999046325684,3.259999990463257,2.7541069984436035
2003-08-07,63700,3.25,3.299999952316284,3.299999952316284,3.0899999141693115,2.7541069984436035
2003-08-06,55400,3.3499999046325684,3.2799999713897705,3.3499999046325684,3.180000066757202,2.737416982650757
2003-08-05,162800,3.2899999618530273,3.3499999046325684,3.3499999046325684,3.049999952316284,2.7958362102508545
2003-08-04,77700,3.3299999237060547,3.2899999618530273,3.3399999141693115,3.2200000286102295,2.745762586593628
2003-08-01,92900,3.2300000190734863,3.309999942779541,3.309999942779541,3.1700000762939453,2.76245379447937
2003-07-31,68500,3.0799999237060547,3.25,3.25,3.0199999809265137,2.712378740310669
2003-07-30,84500,3.180000066757202,3.0399999618530273,3.200000047683716,3.0399999618530273,2.5371174812316895
2003-07-29,72900,3.2799999713897705,3.200000047683716,3.2799999713897705,3.130000114440918,2.6706507205963135
2003-07-28,107500,3.240000009536743,3.2699999809265137,3.4000000953674316,3.240000009536743,2.7290704250335693
2003-07-25,695600,3.1500000953674316,3.259999990463257,3.380000114440918,3.1500000953674316,2.72072434425354
2003-07-24,187000,3.0399999618530273,3.140000104904175,3.200000047683716,3.0299999713897705,2.6205759048461914
2003-07-23,58000,3.049999952316284,3.0299999713897705,3.109999895095825,3.0,2.5287702083587646
2003-07-22,83500,2.950000047683716,3.0,3.0,2.930000066757202,2.503735303878784
2003-07-21,34700,2.75,2.890000104904175,2.890000104904175,2.75,2.4119303226470947
2003-07-18,83400,2.8299999237060547,2.7699999809265137,2.8299999237060547,2.7200000286102295,2.3117809295654297
2003-07-17,220300,2.700000047683716,2.809999942779541,2.880000114440918,2.700000047683716,2.345165252685547
2003-07-16,107300,2.690000057220459,2.700000047683716,2.7300000190734863,2.680000066757202,2.253361463546753
2003-07-15,28800,2.75,2.700000047683716,2.759999990463257,2.690000057220459,2.253361463546753
2003-07-14,403900,2.8299999237060547,2.6500000953674316,2.940000057220459,2.5999999046325684,2.21163272857666
2003-07-11,43200,3.0199999809265137,2.819999933242798,3.0199999809265137,2.799999952316284,2.3535103797912598
2003-07-10,14500,3.0899999141693115,2.9600000381469727,3.130000114440918,2.940000057220459,2.470350980758667
2003-07-09,465500,2.799999952316284,2.990000009536743,3.0799999237060547,2.799999952316284,2.4953877925872803
2003-07-08,129200,2.7799999713897705,2.819999933242798,2.869999885559082,2.700000047683716,2.3535103797912598
2003-07-07,85900,2.8399999141693115,2.740000009536743,2.8399999141693115,2.7200000286102295,2.286743640899658
2003-07-03,49500,2.7200000286102295,2.7699999809265137,2.799999952316284,2.7200000286102295,2.3117809295654297
2003-07-02,116600,2.799999952316284,2.759999990463257,2.799999952316284,2.700000047683716,2.3034350872039795
2003-07-01,191200,2.640000104904175,2.759999990463257,2.7799999713897705,2.640000104904175,2.3034350872039795
2003-06-30,875300,2.950000047683716,2.630000114440918,2.990000009536743,2.5799999237060547,2.1949408054351807
2003-06-27,151800,2.6500000953674316,2.9000000953674316,2.9000000953674316,2.6500000953674316,2.420276403427124
2003-06-26,67800,2.75,2.680000066757202,2.75,2.619999885559082,2.2366695404052734
2003-06-25,84100,2.549999952316284,2.700000047683716,2.7100000381469727,2.549999952316284,2.253361463546753
2003-06-24,58700,2.5299999713897705,2.5399999618530273,2.559999942779541,2.5199999809265137,2.1198294162750244
2003-06-23,99200,2.819999933242798,2.549999952316284,2.819999933242798,2.5399999618530273,2.1281747817993164
2003-06-20,48500,2.7300000190734863,2.75,2.7799999713897705,2.6700000762939453,2.2950899600982666
2003-06-19,100200,2.6700000762939453,2.630000114440918,2.700000047683716,2.630000114440918,2.1949408054351807
2003-06-18,116000,2.5999999046325684,2.6700000762939453,2.7100000381469727,2.5999999046325684,2.2283236980438232
2003-06-17,103300,2.9000000953674316,2.630000114440918,2.9000000953674316,2.549999952316284,2.1949408054351807
2003-06-16,80400,2.880000114440918,2.8299999237060547,2.9600000381469727,2.5999999046325684,2.3618557453155518
2003-06-13,137500,3.0,2.859999895095825,3.0299999713897705,2.8499999046325684,2.3868935108184814
2003-06-12,141600,3.049999952316284,2.990000009536743,3.0799999237060547,2.950000047683716,2.4953877925872803
2003-06-11,70100,3.059999942779541,3.0799999237060547,3.0799999237060547,2.940000057220459,2.570499897003174
2003-06-10,233000,3.2699999809265137,3.059999942779541,3.3299999237060547,3.0199999809265137,2.55380916595459
2003-06-09,151500,3.25,3.2799999713897705,3.299999952316284,3.1500000953674316,2.737416982650757
2003-06-06,91700,3.299999952316284,3.2699999809265137,3.450000047683716,3.2200000286102295,2.7290704250335693
2003-06-05,172700,3.130000114440918,3.299999952316284,3.299999952316284,3.130000114440918,2.7541069984436035
2003-06-04,174400,3.059999942779541,3.130000114440918,3.140000104904175,3.0,2.612229347229004
2003-06-03,113900,2.8499999046325684,3.059999942779541,3.0799999237060547,2.8399999141693115,2.55380916595459
2003-06-02,114100,2.799999952316284,2.799999952316284,3.0,2.799999952316284,2.3368184566497803
2003-05-30,80100,2.799999952316284,2.799999952316284,2.9000000953674316,2.700000047683716,2.3368184566497803
2003-05-29,69700,2.6500000953674316,2.75,2.9200000762939453,2.6500000953674316,2.2950899600982666
2003-05-28,33400,2.7799999713897705,2.630000114440918,2.7899999618530273,2.609999895095825,2.1949408054351807
2003-05-27,145100,2.380000114440918,2.680000066757202,2.75,2.380000114440918,2.2366695404052734
2003-05-23,143700,2.3299999237060547,2.4100000858306885,2.4100000858306885,2.319999933242798,2.011333703994751
2003-05-22,140800,2.4000000953674316,2.359999895095825,2.4000000953674316,2.299999952316284,1.9696044921875
2003-05-21,131600,2.4600000381469727,2.380000114440918,2.5,2.299999952316284,1.986295461654663
2003-05-20,150700,2.4200000762939453,2.4200000762939453,2.4600000381469727,2.369999885559082,2.019679307937622
2003-05-19,34100,2.5,2.4600000381469727,2.549999952316284,2.2100000381469727,2.0530617237091064
2003-05-16,32300,2.450000047683716,2.490000009536743,2.509999990463257,2.4000000953674316,2.0780985355377197
2003-05-15,162000,2.450000047683716,2.5,2.5799999237060547,2.4200000762939453,2.0864450931549072
2003-05-14,57500,2.700000047683716,2.4000000953674316,2.700000047683716,2.359999895095825,2.0029873847961426
2003-05-13,179500,2.5999999046325684,2.690000057220459,2.690000057220459,2.25,2.2450146675109863
2003-05-12,98800,2.700000047683716,2.700000047683716,2.700000047683716,2.5999999046325684,2.253361463546753
2003-05-09,31600,2.700000047683716,2.690000057220459,2.7899999618530273,2.6600000858306885,2.2450146675109863
2003-05-08,262500,2.950000047683716,2.6500000953674316,2.950000047683716,2.609999895095825,2.21163272857666
2003-05-07,358300,2.4100000858306885,2.75,2.8499999046325684,2.299999952316284,2.2950899600982666
2003-05-06,114700,2.0399999618530273,2.309999942779541,2.430000066757202,2.0399999618530273,1.927876353263855
2003-05-05,45200,2.059999942779541,2.0399999618530273,2.069999933242798,2.009999990463257,1.702539086341858
2003-05-02,46600,2.0,2.059999942779541,2.0799999237060547,2.0,1.719231128692627
2003-05-01,16400,1.9500000476837158,1.9600000381469727,1.9700000286102295,1.909999966621399,1.6357730627059937
2003-04-30,27100,2.0399999618530273,1.9700000286102295,2.0399999618530273,1.9500000476837158,1.6441192626953125
2003-04-29,51000,2.0,1.9900000095367432,2.0199999809265137,1.9800000190734863,1.6608103513717651
2003-04-28,50900,1.850000023841858,1.9700000286102295,1.9700000286102295,1.850000023841858,1.6441192626953125
2003-04-25,65600,1.9700000286102295,1.809999942779541,2.0,1.7899999618530273,1.5105862617492676
2003-04-24,149000,1.940000057220459,1.9199999570846558,1.9500000476837158,1.850000023841858,1.6023900508880615
2003-04-23,121400,1.940000057220459,1.899999976158142,1.940000057220459,1.8799999952316284,1.5856983661651611
2003-04-22,364200,1.7599999904632568,1.9199999570846558,1.9199999570846558,1.75,1.6023900508880615
2003-04-21,154300,1.840000033378601,1.7599999904632568,1.8600000143051147,1.649999976158142,1.4688576459884644
2003-04-17,83500,1.7999999523162842,1.8300000429153442,1.8300000429153442,1.75,1.5272775888442993
2003-04-16,71700,1.850000023841858,1.7400000095367432,1.899999976158142,1.7000000476837158,1.4521660804748535
2003-04-15,76200,1.7599999904632568,1.7699999809265137,1.7999999523162842,1.7300000190734863,1.477203607559204
2003-04-14,56700,1.7899999618530273,1.809999942779541,1.8300000429153442,1.7899999618530273,1.5105862617492676
2003-04-11,77800,1.8899999856948853,1.7799999713897705,1.8899999856948853,1.75,1.485548973083496
2003-04-10,82100,1.899999976158142,1.850000023841858,1.9800000190734863,1.809999942779541,1.5439696311950684
2003-04-09,42000,1.850000023841858,1.8700000047683716,1.9900000095367432,1.850000023841858,1.5606611967086792
2003-04-08,102100,1.8899999856948853,1.899999976158142,1.940000057220459,1.850000023841858,1.5856983661651611
2003-04-07,179000,2.180000066757202,1.9700000286102295,2.200000047683716,1.940000057220459,1.6441192626953125
2003-04-04,105900,2.2300000190734863,2.0999999046325684,2.319999933242798,2.0999999046325684,1.7526137828826904
2003-04-03,90400,2.4100000858306885,2.319999933242798,2.450000047683716,2.2799999713897705,1.9362212419509888
2003-04-02,41800,2.4700000286102295,2.440000057220459,2.5999999046325684,2.3499999046325684,2.0363705158233643
2003-04-01,220000,2.2100000381469727,2.4200000762939453,2.4200000762939453,2.200000047683716,2.019679307937622
2003-03-31,32900,2.359999895095825,2.2100000381469727,2.390000104904175,2.2100000381469727,1.8444174528121948
2003-03-28,28100,2.5,2.4000000953674316,2.799999952316284,2.3499999046325684,2.0029873847961426
2003-03-27,116100,2.4000000953674316,2.5,2.5,2.119999885559082,2.0864450931549072
2003-03-26,24900,2.5999999046325684,2.4000000953674316,2.5999999046325684,2.4000000953674316,2.0029873847961426
2003-03-25,36300,2.5399999618530273,2.630000114440918,2.680000066757202,2.5199999809265137,2.1949408054351807
2003-03-24,15400,2.700000047683716,2.5399999618530273,2.75,2.5299999713897705,2.1198294162750244
2003-03-21,57300,2.6600000858306885,2.700000047683716,2.75,2.559999942779541,2.253361463546753
2003-03-20,25100,2.6500000953674316,2.690000057220459,2.690000057220459,2.5799999237060547,2.2450146675109863
2003-03-19,44000,2.680000066757202,2.700000047683716,2.700000047683716,2.509999990463257,2.253361463546753
2003-03-18,11400,2.6500000953674316,2.690000057220459,2.700000047683716,2.630000114440918,2.2450146675109863
2003-03-17,36400,2.619999885559082,2.700000047683716,2.799999952316284,2.619999885559082,2.253361463546753
2003-03-14,14100,2.75,2.619999885559082,2.75,2.619999885559082,2.186594009399414
2003-03-13,16900,2.5999999046325684,2.7200000286102295,2.7200000286102295,2.5999999046325684,2.270051956176758
2003-03-12,18700,2.609999895095825,2.609999895095825,2.609999895095825,2.569999933242798,2.178248167037964
2003-03-11,29500,2.609999895095825,2.609999895095825,2.609999895095825,2.549999952316284,2.178248167037964
2003-03-10,17200,2.680000066757202,2.609999895095825,2.7100000381469727,2.609999895095825,2.178248167037964
2003-03-07,6200,2.7300000190734863,2.7200000286102295,2.759999990463257,2.7200000286102295,2.270051956176758
2003-03-06,20700,2.690000057220459,2.740000009536743,2.740000009536743,2.690000057220459,2.286743640899658
2003-03-05,182900,2.740000009536743,2.700000047683716,2.759999990463257,2.6500000953674316,2.253361463546753
2003-03-04,38400,2.7300000190734863,2.75,2.75,2.6600000858306885,2.2950899600982666
2003-03-03,12200,2.7200000286102295,2.75,2.759999990463257,2.7200000286102295,2.2950899600982666
2003-02-28,15200,2.7300000190734863,2.7200000286102295,2.759999990463257,2.7200000286102295,2.270051956176758
2003-02-27,10900,2.759999990463257,2.759999990463257,2.759999990463257,2.7200000286102295,2.3034350872039795
2003-02-26,17800,2.7799999713897705,2.75,2.7799999713897705,2.7100000381469727,2.2950899600982666
2003-02-25,55100,2.7200000286102295,2.799999952316284,2.869999885559082,2.7100000381469727,2.3368184566497803
2003-02-24,42000,2.9000000953674316,2.7300000190734863,2.9000000953674316,2.7200000286102295,2.278398036956787
2003-02-21,23900,2.7899999618530273,2.890000104904175,2.9000000953674316,2.7200000286102295,2.4119303226470947
2003-02-20,11800,2.740000009536743,2.7799999713897705,2.809999942779541,2.740000009536743,2.3201262950897217
2003-02-19,31600,2.9000000953674316,2.759999990463257,2.990000009536743,2.690000057220459,2.3034350872039795
2003-02-18,18700,2.880000114440918,2.9200000762939453,2.9200000762939453,2.819999933242798,2.4369680881500244
2003-02-14,28200,2.950000047683716,2.8299999237060547,3.0,2.799999952316284,2.3618557453155518
2003-02-13,12700,2.8499999046325684,2.950000047683716,2.950000047683716,2.8499999046325684,2.4620063304901123
2003-02-12,22800,2.8499999046325684,2.8499999046325684,2.859999895095825,2.8499999046325684,2.3785479068756104
2003-02-11,15100,2.930000066757202,2.8499999046325684,2.930000066757202,2.8499999046325684,2.3785479068756104
2003-02-10,180500,2.799999952316284,2.9600000381469727,2.9600000381469727,2.799999952316284,2.470350980758667
2003-02-07,38600,2.9600000381469727,2.8499999046325684,2.9600000381469727,2.8299999237060547,2.3785479068756104
2003-02-06,18100,3.0,2.9600000381469727,3.009999990463257,2.950000047683716,2.470350980758667
2003-02-05,22100,3.0799999237060547,3.0199999809265137,3.0799999237060547,3.009999990463257,2.52042555809021
2003-02-04,21500,3.049999952316284,3.0799999237060547,3.0799999237060547,3.049999952316284,2.570499897003174
2003-02-03,6600,3.069999933242798,3.049999952316284,3.0999999046325684,3.049999952316284,2.5454633235931396
2003-01-31,17700,3.009999990463257,3.0899999141693115,3.0999999046325684,3.009999990463257,2.5788464546203613
2003-01-30,34200,3.119999885559082,3.009999990463257,3.119999885559082,3.009999990463257,2.512080669403076
2003-01-29,15400,3.0799999237060547,3.119999885559082,3.119999885559082,3.049999952316284,2.6038832664489746
2003-01-28,10400,3.0999999046325684,3.0999999046325684,3.0999999046325684,3.049999952316284,2.5871925354003906
2003-01-27,29900,3.049999952316284,3.069999933242798,3.1500000953674316,3.049999952316284,2.562155246734619
2003-01-24,31200,3.1600000858306885,3.049999952316284,3.1600000858306885,3.049999952316284,2.5454633235931396
2003-01-23,31000,3.119999885559082,3.180000066757202,3.2100000381469727,3.0799999237060547,2.653959035873413
2003-01-22,40200,3.0799999237060547,3.0799999237060547,3.1700000762939453,3.0,2.570499897003174
2003-01-21,16300,3.1500000953674316,3.0999999046325684,3.1500000953674316,3.059999942779541,2.5871925354003906
2003-01-17,16200,3.2799999713897705,3.109999895095825,3.2799999713897705,3.0899999141693115,2.5955376625061035
2003-01-16,88600,3.4000000953674316,3.259999990463257,3.4000000953674316,3.200000047683716,2.72072434425354
2003-01-15,53900,3.3399999141693115,3.4100000858306885,3.450000047683716,3.3299999237060547,2.8459110260009766
2003-01-14,62200,3.299999952316284,3.3299999237060547,3.369999885559082,3.2799999713897705,2.779144525527954
2003-01-13,19500,3.25,3.2699999809265137,3.369999885559082,3.25,2.7290704250335693
2003-01-10,15900,3.2699999809265137,3.25,3.299999952316284,3.190000057220459,2.712378740310669
2003-01-09,30600,3.200000047683716,3.2300000190734863,3.2799999713897705,3.200000047683716,2.6956870555877686
2003-01-08,26800,3.1500000953674316,3.1700000762939453,3.2200000286102295,3.140000104904175,2.645613193511963
2003-01-07,25300,3.319999933242798,3.1500000953674316,3.319999933242798,3.130000114440918,2.6289217472076416
2003-01-06,7300,3.2799999713897705,3.359999895095825,3.380000114440918,3.2799999713897705,2.804182529449463
2003-01-03,20000,3.309999942779541,3.259999990463257,3.309999942779541,3.2200000286102295,2.72072434425354
2003-01-02,64000,3.319999933242798,3.3499999046325684,3.3499999046325684,3.240000009536743,2.7958362102508545
2002-12-31,83800,3.369999885559082,3.3499999046325684,3.440000057220459,3.299999952316284,2.7958362102508545
2002-12-30,46100,3.369999885559082,3.3499999046325684,3.4200000762939453,3.309999942779541,2.7958362102508545
2002-12-27,22200,3.549999952316284,3.390000104904175,3.549999952316284,3.390000104904175,2.8292205333709717
2002-12-26,33600,3.5999999046325684,3.5199999809265137,3.5999999046325684,3.4200000762939453,2.9377152919769287
2002-12-24,17600,3.569999933242798,3.5799999237060547,3.5799999237060547,3.509999990463257,2.9877891540527344
2002-12-23,38100,3.5,3.569999933242798,3.5799999237060547,3.5,2.9794442653656006
2002-12-20,97700,3.549999952316284,3.549999952316284,3.549999952316284,3.4800000190734863,2.9627525806427
2002-12-19,24200,3.450000047683716,3.549999952316284,3.549999952316284,3.4200000762939453,2.9627525806427
2002-12-18,27900,3.5299999713897705,3.440000057220459,3.549999952316284,3.430000066757202,2.8709490299224854
2002-12-17,98900,3.4200000762939453,3.5399999618530273,3.5799999237060547,3.4000000953674316,2.954407215118408
2002-12-16,27200,3.3299999237060547,3.450000047683716,3.450000047683716,3.3299999237060547,2.8792948722839355
2002-12-13,65800,3.25,3.380000114440918,3.380000114440918,3.200000047683716,2.8208744525909424
2002-12-12,74000,3.0999999046325684,3.299999952316284,3.3399999141693115,3.0799999237060547,2.7541069984436035
2002-12-11,38800,3.2100000381469727,3.0999999046325684,3.2200000286102295,3.0799999237060547,2.5871925354003906
2002-12-10,45900,3.049999952316284,3.180000066757202,3.25,3.0,2.653959035873413
2002-12-09,27500,3.1600000858306885,3.0199999809265137,3.200000047683716,3.0,2.52042555809021
2002-12-06,35000,3.180000066757202,3.119999885559082,3.299999952316284,3.119999885559082,2.6038832664489746
2002-12-05,15100,3.25,3.0799999237060547,3.25,3.059999942779541,2.570499897003174
2002-12-04,34100,3.1500000953674316,3.2899999618530273,3.319999933242798,3.1500000953674316,2.745762586593628
2002-12-03,17500,3.2799999713897705,3.180000066757202,3.299999952316284,3.119999885559082,2.653959035873413
2002-12-02,21800,3.1500000953674316,3.3399999141693115,3.3399999141693115,3.0999999046325684,2.7874908447265625
2002-11-29,15600,3.359999895095825,3.1500000953674316,3.4000000953674316,3.0999999046325684,2.6289217472076416
2002-11-27,55700,3.190000057220459,3.4200000762939453,3.4200000762939453,3.0999999046325684,2.854257106781006
2002-11-26,38000,3.1500000953674316,3.190000057220459,3.190000057220459,3.0999999046325684,2.662304639816284
2002-11-25,71100,2.9600000381469727,3.119999885559082,3.180000066757202,2.950000047683716,2.6038832664489746
2002-11-22,79100,3.0,2.990000009536743,3.049999952316284,2.950000047683716,2.4953877925872803
2002-11-21,49400,3.0,3.0,3.0,2.950000047683716,2.503735303878784
2002-11-20,104700,3.009999990463257,3.0,3.049999952316284,2.990000009536743,2.503735303878784
2002-11-19,58900,3.0399999618530273,3.0399999618530273,3.1500000953674316,3.0299999713897705,2.5371174812316895
2002-11-18,44700,3.240000009536743,3.0299999713897705,3.25,3.009999990463257,2.5287702083587646
2002-11-15,17900,3.2100000381469727,3.190000057220459,3.299999952316284,3.180000066757202,2.662304639816284
2002-11-14,42900,3.200000047683716,3.2200000286102295,3.3499999046325684,3.049999952316284,2.6873412132263184
2002-11-13,63400,3.0799999237060547,3.200000047683716,3.240000009536743,3.049999952316284,2.6706507205963135
2002-11-12,49800,2.990000009536743,3.119999885559082,3.119999885559082,2.990000009536743,2.6038832664489746
2002-11-11,36800,3.0,2.950000047683716,3.0299999713897705,2.950000047683716,2.4620063304901123
2002-11-08,96700,3.140000104904175,3.0,3.140000104904175,2.9600000381469727,2.503735303878784
2002-11-07,63900,3.240000009536743,3.240000009536743,3.259999990463257,3.2200000286102295,2.7040326595306396
2002-11-06,68100,3.299999952316284,3.25,3.299999952316284,3.190000057220459,2.712378740310669
2002-11-05,153400,3.4800000190734863,3.2899999618530273,3.4800000190734863,3.25,2.745762586593628
2002-11-04,19900,3.390000104904175,3.490000009536743,3.490000009536743,3.3499999046325684,2.912677764892578
2002-11-01,34300,3.299999952316284,3.390000104904175,3.440000057220459,3.2899999618530273,2.8292205333709717
2002-10-31,11700,3.200000047683716,3.299999952316284,3.319999933242798,3.1600000858306885,2.7541069984436035
2002-10-30,18500,3.2300000190734863,3.240000009536743,3.2799999713897705,3.130000114440918,2.7040326595306396
2002-10-29,26600,3.2300000190734863,3.240000009536743,3.240000009536743,3.009999990463257,2.7040326595306396
2002-10-28,18800,3.4800000190734863,3.299999952316284,3.4800000190734863,3.299999952316284,2.7541069984436035
2002-10-25,44400,3.0999999046325684,3.4800000190734863,3.4800000190734863,3.009999990463257,2.904332160949707
2002-10-24,51600,3.0,3.0199999809265137,3.0799999237060547,3.0,2.52042555809021
2002-10-23,50000,2.9000000953674316,3.0399999618530273,3.049999952316284,2.9000000953674316,2.5371174812316895
2002-10-22,38900,2.9000000953674316,2.9100000858306885,2.950000047683716,2.8499999046325684,2.4286227226257324
2002-10-21,8800,2.9000000953674316,2.9000000953674316,2.9200000762939453,2.8499999046325684,2.420276403427124
2002-10-18,48400,2.75,2.9000000953674316,3.0,2.7200000286102295,2.420276403427124
2002-10-17,20900,2.680000066757202,2.740000009536743,2.740000009536743,2.6700000762939453,2.286743640899658
2002-10-16,33700,2.700000047683716,2.680000066757202,2.700000047683716,2.6500000953674316,2.2366695404052734
2002-10-15,48300,2.700000047683716,2.7699999809265137,2.9000000953674316,2.700000047683716,2.3117809295654297
2002-10-14,14900,2.740000009536743,2.6700000762939453,2.7899999618530273,2.6700000762939453,2.2283236980438232
2002-10-11,24400,2.700000047683716,2.740000009536743,2.7899999618530273,2.700000047683716,2.286743640899658
2002-10-10,39500,2.6500000953674316,2.7100000381469727,2.75,2.6500000953674316,2.2617075443267822
2002-10-09,56300,2.700000047683716,2.6500000953674316,2.9600000381469727,2.6500000953674316,2.21163272857666
2002-10-08,89200,2.700000047683716,2.75,2.75,2.6500000953674316,2.2950899600982666
2002-10-07,76200,2.75,2.7200000286102295,2.8299999237060547,2.700000047683716,2.270051956176758
2002-10-04,72000,2.9100000858306885,2.759999990463257,2.9200000762939453,2.759999990463257,2.3034350872039795
2002-10-03,45400,2.930000066757202,2.9100000858306885,2.950000047683716,2.9000000953674316,2.4286227226257324
2002-10-02,53000,2.930000066757202,2.9200000762939453,3.009999990463257,2.9200000762939453,2.4369680881500244
2002-10-01,129900,3.0399999618530273,2.940000057220459,3.049999952316284,2.9200000762939453,2.4536592960357666
2002-09-30,53600,3.0,3.0399999618530273,3.049999952316284,3.0,2.5371174812316895
2002-09-27,54700,3.119999885559082,3.049999952316284,3.119999885559082,3.0399999618530273,2.5454633235931396
2002-09-26,35300,3.299999952316284,3.140000104904175,3.299999952316284,3.059999942779541,2.6205759048461914
2002-09-25,41500,3.0999999046325684,3.25,3.25,3.0999999046325684,2.712378740310669
2002-09-24,76400,3.119999885559082,3.190000057220459,3.2300000190734863,3.0999999046325684,2.662304639816284
2002-09-23,61300,3.200000047683716,3.119999885559082,3.2200000286102295,3.119999885559082,2.6038832664489746
2002-09-20,93100,3.2899999618530273,3.190000057220459,3.299999952316284,3.1500000953674316,2.662304639816284
2002-09-19,63800,3.2899999618530273,3.200000047683716,3.2899999618530273,3.190000057220459,2.6706507205963135
2002-09-18,21800,3.180000066757202,3.2100000381469727,3.2899999618530273,3.180000066757202,2.6789960861206055
2002-09-17,22300,3.3299999237060547,3.2200000286102295,3.3299999237060547,3.200000047683716,2.6873412132263184
2002-09-16,25700,3.3499999046325684,3.3399999141693115,3.3499999046325684,3.200000047683716,2.7874908447265625
2002-09-13,21500,3.2100000381469727,3.3499999046325684,3.4000000953674316,3.2100000381469727,2.7958362102508545
2002-09-12,43200,3.2100000381469727,3.2100000381469727,3.259999990463257,3.180000066757202,2.6789960861206055
2002-09-11,13100,3.3499999046325684,3.25,3.4000000953674316,3.2200000286102295,2.712378740310669
2002-09-10,36200,3.369999885559082,3.299999952316284,3.380000114440918,3.130000114440918,2.7541069984436035
2002-09-09,39900,3.4000000953674316,3.319999933242798,3.440000057220459,3.200000047683716,2.770799398422241
2002-09-06,18300,3.299999952316284,3.380000114440918,3.380000114440918,3.2200000286102295,2.8208744525909424
2002-09-05,22500,3.4000000953674316,3.299999952316284,3.4000000953674316,3.299999952316284,2.7541069984436035
2002-09-04,99600,3.0999999046325684,3.390000104904175,3.390000104904175,3.0999999046325684,2.8292205333709717
2002-09-03,39600,3.1500000953674316,3.0999999046325684,3.1500000953674316,3.049999952316284,2.5871925354003906
2002-08-30,23300,3.1600000858306885,3.1500000953674316,3.2300000190734863,3.109999895095825,2.6289217472076416
2002-08-29,146800,3.0999999046325684,3.180000066757202,3.200000047683716,3.069999933242798,2.653959035873413
2002-08-28,89700,3.1500000953674316,3.1500000953674316,3.1700000762939453,3.069999933242798,2.6289217472076416
2002-08-27,38600,3.180000066757202,3.1700000762939453,3.25,3.059999942779541,2.645613193511963
2002-08-26,71400,3.140000104904175,3.200000047683716,3.2699999809265137,3.130000114440918,2.6706507205963135
2002-08-23,54200,3.200000047683716,3.140000104904175,3.25,3.140000104904175,2.6205759048461914
2002-08-22,53500,3.25,3.2100000381469727,3.3299999237060547,3.2100000381469727,2.6789960861206055
2002-08-21,37000,3.1500000953674316,3.2300000190734863,3.2699999809265137,3.1500000953674316,2.6956870555877686
2002-08-20,279100,3.200000047683716,3.0899999141693115,3.240000009536743,2.799999952316284,2.5788464546203613
2002-08-19,53200,3.2799999713897705,3.25,3.380000114440918,3.25,2.712378740310669
2002-08-16,80300,3.2699999809265137,3.319999933242798,3.450000047683716,3.25,2.770799398422241
2002-08-15,68100,3.359999895095825,3.2799999713897705,3.359999895095825,3.2300000190734863,2.737416982650757
2002-08-14,82000,3.5,3.359999895095825,3.5,3.25,2.804182529449463
2002-08-13,35700,3.380000114440918,3.200000047683716,3.4100000858306885,3.200000047683716,2.6706507205963135
2002-08-12,110400,3.180000066757202,3.3399999141693115,3.3399999141693115,3.069999933242798,2.7874908447265625
2002-08-09,106100,3.6500000953674316,3.25,3.700000047683716,3.0,2.712378740310669
2002-08-08,16300,3.609999895095825,3.740000009536743,3.740000009536743,3.5999999046325684,3.1213223934173584
2002-08-07,52800,3.3499999046325684,3.690000057220459,3.75,3.3499999046325684,3.0795929431915283
2002-08-06,30000,3.200000047683716,3.3499999046325684,3.3499999046325684,3.1700000762939453,2.7958362102508545
2002-08-05,49200,3.2699999809265137,3.180000066757202,3.2699999809265137,3.180000066757202,2.653959035873413
2002-08-02,54100,3.75,3.2200000286102295,3.7799999713897705,3.190000057220459,2.6873412132263184
2002-08-01,95900,3.700000047683716,3.7799999713897705,3.7799999713897705,3.5799999237060547,3.15470552444458
2002-07-31,131700,3.3499999046325684,3.700000047683716,3.9100000858306885,3.059999942779541,3.0879392623901367
2002-07-30,53000,3.880000114440918,3.6500000953674316,3.880000114440918,3.5999999046325684,3.046211004257202
2002-07-29,104200,3.5999999046325684,3.8299999237060547,3.8499999046325684,3.5999999046325684,3.1964335441589355
2002-07-26,62200,3.5999999046325684,3.6700000762939453,3.8299999237060547,3.5999999046325684,3.062901258468628
2002-07-25,44300,3.5,3.5,3.5,3.259999990463257,2.9210236072540283
2002-07-24,61000,3.1700000762939453,3.549999952316284,3.549999952316284,3.059999942779541,2.9627525806427
2002-07-23,146100,3.3499999046325684,3.190000057220459,3.4000000953674316,2.5,2.662304639816284
2002-07-22,60400,3.4100000858306885,3.2899999618530273,3.4200000762939453,3.2899999618530273,2.745762586593628
2002-07-19,174600,3.5199999809265137,3.4000000953674316,3.5199999809265137,3.2200000286102295,2.8375654220581055
2002-07-18,64200,3.9800000190734863,3.5999999046325684,3.9800000190734863,3.5999999046325684,3.004481554031372
2002-07-17,70800,3.549999952316284,3.950000047683716,3.950000047683716,3.549999952316284,3.2965826988220215
2002-07-16,82300,3.9200000762939453,3.549999952316284,3.9200000762939453,3.549999952316284,2.9627525806427
2002-07-15,100600,4.0,4.0,4.0,3.6500000953674316,3.3383126258850098
2002-07-12,133200,3.9000000953674316,4.0,4.0,3.799999952316284,3.3383126258850098
2002-07-11,136500,4.090000152587891,3.8299999237060547,4.090000152587891,3.640000104904175,3.1964335441589355
2002-07-10,122300,4.420000076293945,4.130000114440918,4.420000076293945,4.050000190734863,3.446808099746704
2002-07-09,78200,4.5,4.5,4.5,4.380000114440918,3.7556021213531494
2002-07-08,181400,4.449999809265137,4.489999771118164,4.550000190734863,4.449999809265137,3.7472550868988037
2002-07-05,19600,4.510000228881836,4.5,4.539999961853027,4.480000019073486,3.7556021213531494
2002-07-03,91800,4.5,4.5,4.599999904632568,4.449999809265137,3.7556021213531494
2002-07-02,78600,4.800000190734863,4.679999828338623,4.800000190734863,4.650000095367432,3.9058258533477783
2002-07-01,78900,4.96999979019165,4.800000190734863,4.96999979019165,4.71999979019165,4.005974769592285
2002-06-28,1308200,4.849999904632568,4.96999979019165,4.96999979019165,4.800000190734863,4.147852897644043
2002-06-27,471700,4.550000190734863,4.849999904632568,4.929999828338623,4.489999771118164,4.047702789306641
2002-06-26,186400,4.449999809265137,4.599999904632568,4.599999904632568,4.400000095367432,3.839059591293335
2002-06-25,332600,4.900000095367432,4.449999809265137,5.0,4.440000057220459,3.7138729095458984
2002-06-24,85700,4.909999847412109,4.900000095367432,4.909999847412109,4.800000190734863,4.089433193206787
2002-06-21,92700,4.849999904632568,4.889999866485596,4.920000076293945,4.820000171661377,4.0810866355896
2002-06-20,85700,4.650000095367432,4.840000152587891,4.929999828338623,4.650000095367432,4.039358615875244
2002-06-19,92500,4.860000133514404,4.610000133514404,4.860000133514404,4.550000190734863,3.8474059104919434
2002-06-18,393800,4.880000114440918,4.900000095367432,4.940000057220459,4.829999923706055,4.089433193206787
2002-06-17,183600,4.690000057220459,4.880000114440918,4.96999979019165,4.679999828338623,4.0727410316467285
2002-06-14,40300,4.699999809265137,4.690000057220459,4.710000038146973,4.650000095367432,3.9141714572906494
2002-06-13,93000,4.690000057220459,4.699999809265137,4.75,4.659999847412109,3.9225172996520996
2002-06-12,54400,4.550000190734863,4.690000057220459,4.75,4.480000019073486,3.9141714572906494
2002-06-11,34400,4.449999809265137,4.550000190734863,4.599999904632568,4.429999828338623,3.7973310947418213
2002-06-10,22900,4.349999904632568,4.429999828338623,4.449999809265137,4.349999904632568,3.6971802711486816
2002-06-07,10700,4.199999809265137,4.389999866485596,4.389999866485596,4.199999809265137,3.6637980937957764
2002-06-06,35800,4.059999942779541,4.230000019073486,4.309999942779541,4.050000190734863,3.530264377593994
2002-06-05,55700,4.230000019073486,4.050000190734863,4.230000019073486,4.050000190734863,3.3800415992736816
2002-06-04,48400,4.449999809265137,4.260000228881836,4.449999809265137,4.239999771118164,3.5553033351898193
2002-06-03,31300,4.730000019073486,4.440000057220459,4.730000019073486,4.400000095367432,3.7055256366729736
2002-05-31,19500,4.630000114440918,4.699999809265137,4.699999809265137,4.610000133514404,3.9225172996520996
2002-05-30,31100,4.71999979019165,4.650000095367432,4.730000019073486,4.539999961853027,3.880788564682007
2002-05-29,28700,4.730000019073486,4.71999979019165,4.739999771118164,4.599999904632568,3.939208984375
2002-05-28,69700,4.599999904632568,4.739999771118164,4.739999771118164,4.599999904632568,3.955899715423584
2002-05-24,94200,4.760000228881836,4.599999904632568,4.900000095367432,4.599999904632568,3.839059591293335
2002-05-23,53700,4.710000038146973,4.769999980926514,4.769999980926514,4.699999809265137,3.9809365272521973
2002-05-22,94000,4.800000190734863,4.730000019073486,4.800000190734863,4.699999809265137,3.94755482673645
2002-05-21,80800,4.900000095367432,4.800000190734863,4.900000095367432,4.760000228881836,4.005974769592285
2002-05-20,120500,4.909999847412109,4.900000095367432,4.909999847412109,4.789999961853027,4.089433193206787
2002-05-17,192000,4.800000190734863,4.929999828338623,4.980000019073486,4.75,4.114471435546875
2002-05-16,132100,4.5,4.739999771118164,4.75,4.449999809265137,3.955899715423584
2002-05-15,316200,4.269999980926514,4.420000076293945,4.5,4.150000095367432,3.6888349056243896
2002-05-14,369100,4.349999904632568,4.510000228881836,4.550000190734863,4.300000190734863,3.763948917388916
2002-05-13,37500,4.320000171661377,4.300000190734863,4.320000171661377,4.269999980926514,3.588686227798462
2002-05-10,60300,4.199999809265137,4.360000133514404,4.389999866485596,4.119999885559082,3.638760566711426
2002-05-09,78700,4.119999885559082,4.199999809265137,4.199999809265137,4.110000133514404,3.505227565765381
2002-05-08,127000,3.9800000190734863,4.139999866485596,4.139999866485596,3.9000000953674316,3.455153703689575
2002-05-07,122300,4.449999809265137,3.9000000953674316,4.46999979019165,3.9000000953674316,3.2548553943634033
2002-05-06,66800,4.400000095367432,4.380000114440918,4.559999942779541,4.340000152587891,3.655451774597168
2002-05-03,90500,4.360000133514404,4.400000095367432,4.550000190734863,4.300000190734863,3.672142744064331
2002-05-02,79500,4.449999809265137,4.380000114440918,4.46999979019165,4.380000114440918,3.655451774597168
2002-05-01,190500,4.699999809265137,4.449999809265137,4.699999809265137,4.380000114440918,3.7138729095458984
2002-04-30,134900,4.800000190734863,4.699999809265137,4.800000190734863,4.650000095367432,3.9225172996520996
2002-04-29,126000,4.869999885559082,4.760000228881836,4.900000095367432,4.599999904632568,3.972590923309326
2002-04-26,163900,4.769999980926514,4.849999904632568,4.860000133514404,4.769999980926514,4.047702789306641
2002-04-25,53200,4.789999961853027,4.840000152587891,4.840000152587891,4.699999809265137,4.039358615875244
2002-04-24,155200,4.849999904632568,4.849999904632568,4.849999904632568,4.820000171661377,4.047702789306641
2002-04-23,110600,4.849999904632568,4.849999904632568,4.860000133514404,4.800000190734863,4.047702789306641
2002-04-22,109800,4.75,4.849999904632568,4.880000114440918,4.650000095367432,4.047702789306641
2002-04-19,99000,4.900000095367432,4.789999961853027,4.900000095367432,4.78000020980835,3.997629404067993
2002-04-18,98000,4.900000095367432,4.900000095367432,4.900000095367432,4.820000171661377,4.089433193206787
2002-04-17,367400,4.900000095367432,4.900000095367432,4.980000019073486,4.849999904632568,4.089433193206787
2002-04-16,230600,4.75,4.889999866485596,4.900000095367432,4.550000190734863,4.0810866355896
2002-04-15,351300,4.75,4.829999923706055,4.849999904632568,4.630000114440918,4.031010627746582
2002-04-12,294100,4.940000057220459,4.710000038146973,4.980000019073486,4.599999904632568,3.9308624267578125
2002-04-11,167000,4.929999828338623,4.900000095367432,4.940000057220459,4.849999904632568,4.089433193206787
2002-04-10,373900,4.880000114440918,4.940000057220459,4.949999809265137,4.849999904632568,4.122816562652588
2002-04-09,527300,4.75,4.880000114440918,4.989999771118164,4.75,4.0727410316467285
2002-04-08,380700,4.489999771118164,4.71999979019165,4.71999979019165,4.460000038146973,3.939208984375
2002-04-05,222900,4.550000190734863,4.489999771118164,4.610000133514404,4.460000038146973,3.7472550868988037
2002-04-04,167100,4.670000076293945,4.559999942779541,4.690000057220459,4.5,3.805678129196167
2002-04-03,666200,4.150000095367432,4.71999979019165,4.71999979019165,4.150000095367432,3.939208984375
2002-04-02,224200,4.050000190734863,4.179999828338623,4.190000057220459,4.050000190734863,3.4885358810424805
2002-04-01,49400,4.170000076293945,4.059999942779541,4.170000076293945,4.050000190734863,3.3883869647979736
2002-03-28,118100,4.170000076293945,4.130000114440918,4.190000057220459,4.03000020980835,3.446808099746704
2002-03-27,212100,4.150000095367432,4.150000095367432,4.25,4.079999923706055,3.4634993076324463
2002-03-26,211200,4.039999961853027,4.099999904632568,4.179999828338623,4.0,3.421769857406616
2002-03-25,288400,3.9000000953674316,4.010000228881836,4.010000228881836,3.859999895095825,3.34665846824646
2002-03-22,14000,3.859999895095825,3.890000104904175,3.9000000953674316,3.859999895095825,3.246509313583374
2002-03-21,35200,3.819999933242798,3.859999895095825,3.890000104904175,3.819999933242798,3.2214713096618652
2002-03-20,18500,3.75,3.8499999046325684,3.8499999046325684,3.75,3.2131259441375732
2002-03-19,18500,3.809999942779541,3.799999952316284,3.819999933242798,3.75,3.1713967323303223
2002-03-18,16200,3.7799999713897705,3.809999942779541,3.890000104904175,3.7799999713897705,3.179743528366089
2002-03-15,45100,3.880000114440918,3.75,3.950000047683716,3.75,3.1296677589416504
2002-03-14,22400,3.950000047683716,3.9000000953674316,3.950000047683716,3.9000000953674316,3.2548553943634033
2002-03-13,92700,4.099999904632568,3.9000000953674316,4.139999866485596,3.8499999046325684,3.2548553943634033
2002-03-12,50300,4.050000190734863,4.110000133514404,4.150000095367432,4.0,3.4301156997680664
2002-03-11,62600,4.039999961853027,4.070000171661377,4.099999904632568,4.010000228881836,3.3967339992523193
2002-03-08,86000,3.9800000190734863,4.0,4.039999961853027,3.8499999046325684,3.3383126258850098
2002-03-07,159300,3.9000000953674316,4.0,4.019999980926514,3.8499999046325684,3.3383126258850098
2002-03-06,143300,4.179999828338623,3.9000000953674316,4.179999828338623,3.8499999046325684,3.2548553943634033
2002-03-05,197100,3.9800000190734863,4.179999828338623,4.190000057220459,3.950000047683716,3.4885358810424805
2002-03-04,88900,3.9800000190734863,3.9800000190734863,4.010000228881836,3.9200000762939453,3.3216207027435303
2002-03-01,77200,3.9000000953674316,4.0,4.019999980926514,3.9000000953674316,3.3383126258850098
2002-02-28,46900,3.9000000953674316,3.9000000953674316,3.930000066757202,3.9000000953674316,3.2548553943634033
2002-02-27,43400,3.9000000953674316,3.869999885559082,3.9000000953674316,3.8499999046325684,3.2298166751861572
2002-02-26,103200,3.700000047683716,3.9000000953674316,3.9000000953674316,3.700000047683716,3.2548553943634033
2002-02-25,44400,3.6500000953674316,3.630000114440918,3.7300000190734863,3.630000114440918,3.0295181274414062
2002-02-22,110200,3.8499999046325684,3.630000114440918,3.8499999046325684,3.5,3.0295181274414062
2002-02-21,145300,3.950000047683716,3.8499999046325684,3.9800000190734863,3.8499999046325684,3.2131259441375732
2002-02-20,77600,4.0,3.9000000953674316,4.0,3.9000000953674316,3.2548553943634033
2002-02-19,56000,4.03000020980835,4.019999980926514,4.03000020980835,3.950000047683716,3.3550031185150146
2002-02-15,26600,4.039999961853027,4.019999980926514,4.050000190734863,4.010000228881836,3.3550031185150146
2002-02-14,95100,3.940000057220459,4.039999961853027,4.050000190734863,3.940000057220459,3.3716952800750732
2002-02-13,220300,3.9000000953674316,3.940000057220459,3.990000009536743,3.799999952316284,3.288238525390625
2002-02-12,346900,4.199999809265137,3.9000000953674316,4.460000038146973,3.75,3.2548553943634033
2002-02-11,88800,3.880000114440918,4.099999904632568,4.099999904632568,3.880000114440918,3.421769857406616
2002-02-08,57200,4.079999923706055,3.9000000953674316,4.079999923706055,3.869999885559082,3.2548553943634033
2002-02-07,35600,4.099999904632568,4.050000190734863,4.150000095367432,4.050000190734863,3.3800415992736816
2002-02-06,39100,3.9600000381469727,4.039999961853027,4.099999904632568,3.950000047683716,3.3716952800750732
2002-02-05,55900,4.070000171661377,3.9600000381469727,4.070000171661377,3.8399999141693115,3.304929494857788
2002-02-04,46700,4.179999828338623,4.059999942779541,4.179999828338623,4.050000190734863,3.3883869647979736
2002-02-01,29000,4.150000095367432,4.199999809265137,4.199999809265137,4.119999885559082,3.505227565765381
2002-01-31,126200,3.940000057220459,4.119999885559082,4.21999979019165,3.940000057220459,3.438462257385254
2002-01-30,69500,3.8499999046325684,3.940000057220459,3.950000047683716,3.819999933242798,3.288238525390625
2002-01-29,31700,3.950000047683716,3.8499999046325684,3.950000047683716,3.799999952316284,3.2131259441375732
2002-01-28,28400,3.930000066757202,3.890000104904175,3.950000047683716,3.890000104904175,3.246509313583374
2002-01-25,32200,3.950000047683716,3.9000000953674316,4.0,3.9000000953674316,3.2548553943634033
2002-01-24,12800,3.950000047683716,3.990000009536743,4.0,3.950000047683716,3.3299670219421387
2002-01-23,42700,4.03000020980835,3.9200000762939453,4.03000020980835,3.880000114440918,3.2715461254119873
2002-01-22,101600,3.759999990463257,4.0,4.039999961853027,3.75,3.3383126258850098
2002-01-18,352000,4.300000190734863,3.7100000381469727,4.300000190734863,3.5,3.096285343170166
2002-01-17,8700,4.150000095367432,4.25,4.25,4.150000095367432,3.546957015991211
2002-01-16,21000,4.210000038146973,4.199999809265137,4.349999904632568,4.199999809265137,3.505227565765381
2002-01-15,72000,4.010000228881836,4.199999809265137,4.449999809265137,4.010000228881836,3.505227565765381
2002-01-14,103300,4.079999923706055,4.019999980926514,4.079999923706055,3.799999952316284,3.3550031185150146
2002-01-11,79900,4.300000190734863,4.099999904632568,4.329999923706055,4.099999904632568,3.421769857406616
2002-01-10,63200,4.449999809265137,4.300000190734863,4.449999809265137,4.300000190734863,3.588686227798462
2002-01-09,253500,4.099999904632568,4.449999809265137,4.559999942779541,4.099999904632568,3.7138729095458984
2002-01-08,66700,4.0,4.099999904632568,4.150000095367432,4.0,3.421769857406616
2002-01-07,68000,4.0,4.0,4.050000190734863,3.990000009536743,3.3383126258850098
2002-01-04,166100,3.700000047683716,4.03000020980835,4.050000190734863,3.700000047683716,3.3633501529693604
2002-01-03,30800,3.6500000953674316,3.7200000286102295,3.740000009536743,3.6500000953674316,3.1046295166015625
2002-01-02,67300,3.700000047683716,3.6500000953674316,3.7200000286102295,3.5999999046325684,3.046211004257202
2001-12-31,182900,3.5999999046325684,3.700000047683716,3.8399999141693115,3.5999999046325684,3.0879392623901367
2001-12-28,80200,3.440000057220459,3.609999895095825,3.609999895095825,3.440000057220459,3.012827157974243
2001-12-27,109800,3.4000000953674316,3.430000066757202,3.490000009536743,3.390000104904175,2.862602472305298
2001-12-26,59600,3.2799999713897705,3.380000114440918,3.430000066757202,3.2699999809265137,2.8208744525909424
2001-12-24,11300,3.2899999618530273,3.2899999618530273,3.2899999618530273,3.25,2.745762586593628
2001-12-21,43200,3.299999952316284,3.2899999618530273,3.309999942779541,3.2799999713897705,2.745762586593628
2001-12-20,77000,3.4000000953674316,3.309999942779541,3.4000000953674316,3.299999952316284,2.76245379447937
2001-12-19,28700,3.2300000190734863,3.2300000190734863,3.240000009536743,3.2200000286102295,2.6956870555877686
2001-12-18,33300,3.2200000286102295,3.25,3.2899999618530273,3.200000047683716,2.712378740310669
2001-12-17,31900,3.200000047683716,3.2300000190734863,3.2300000190734863,3.190000057220459,2.6956870555877686
2001-12-14,41600,3.2200000286102295,3.200000047683716,3.25,3.200000047683716,2.6706507205963135
2001-12-13,52700,3.2200000286102295,3.25,3.2899999618530273,3.200000047683716,2.712378740310669
2001-12-12,38600,3.2200000286102295,3.25,3.2799999713897705,3.200000047683716,2.712378740310669
2001-12-11,47600,3.3499999046325684,3.25,3.3499999046325684,3.200000047683716,2.712378740310669
2001-12-10,53500,3.430000066757202,3.3299999237060547,3.450000047683716,3.3299999237060547,2.779144525527954
2001-12-07,153100,3.369999885559082,3.450000047683716,3.490000009536743,3.3499999046325684,2.8792948722839355
2001-12-06,32300,3.3499999046325684,3.380000114440918,3.380000114440918,3.299999952316284,2.8208744525909424
2001-12-05,124900,3.4000000953674316,3.3299999237060547,3.4000000953674316,3.2899999618530273,2.779144525527954
2001-12-04,16900,3.3299999237060547,3.4000000953674316,3.4100000858306885,3.3299999237060547,2.8375654220581055
2001-12-03,36700,3.4000000953674316,3.299999952316284,3.4000000953674316,3.299999952316284,2.7541069984436035
2001-11-30,22700,3.430000066757202,3.4000000953674316,3.430000066757202,3.390000104904175,2.8375654220581055
2001-11-29,56100,3.25,3.430000066757202,3.430000066757202,3.25,2.862602472305298
2001-11-28,22000,3.2799999713897705,3.25,3.2899999618530273,3.25,2.712378740310669
2001-11-27,76500,3.240000009536743,3.299999952316284,3.299999952316284,3.200000047683716,2.7541069984436035
2001-11-26,88800,3.240000009536743,3.190000057220459,3.299999952316284,3.119999885559082,2.662304639816284
2001-11-23,66800,3.009999990463257,3.240000009536743,3.240000009536743,3.009999990463257,2.7040326595306396
2001-11-21,49900,3.009999990463257,3.0,3.0199999809265137,2.9800000190734863,2.503735303878784
2001-11-20,40000,3.0,3.0199999809265137,3.059999942779541,3.0,2.52042555809021
2001-11-19,80400,3.0,3.0,3.0299999713897705,2.9800000190734863,2.503735303878784
2001-11-16,134100,3.059999942779541,2.9700000286102295,3.0899999141693115,2.950000047683716,2.4786980152130127
2001-11-15,53400,3.049999952316284,3.049999952316284,3.1500000953674316,3.049999952316284,2.5454633235931396
2001-11-14,371600,3.25,3.0399999618530273,3.549999952316284,3.009999990463257,2.5371174812316895
2001-11-13,259000,3.0199999809265137,3.069999933242798,3.069999933242798,2.990000009536743,2.562155246734619
2001-11-12,39300,2.9700000286102295,3.0,3.0,2.9700000286102295,2.503735303878784
2001-11-09,39200,2.9600000381469727,2.9800000190734863,2.9800000190734863,2.950000047683716,2.487043857574463
2001-11-08,82500,2.950000047683716,2.930000066757202,2.950000047683716,2.9000000953674316,2.4453136920928955
2001-11-07,31400,2.9600000381469727,2.930000066757202,2.9700000286102295,2.930000066757202,2.4453136920928955
2001-11-06,44400,2.990000009536743,2.9700000286102295,3.0,2.9600000381469727,2.4786980152130127
2001-11-05,79700,3.0799999237060547,2.990000009536743,3.109999895095825,2.9700000286102295,2.4953877925872803
2001-11-02,49000,3.0199999809265137,3.049999952316284,3.049999952316284,2.990000009536743,2.5454633235931396
2001-11-01,72600,2.799999952316284,3.069999933242798,3.0799999237060547,2.799999952316284,2.562155246734619
2001-10-31,154100,2.5799999237060547,2.799999952316284,2.799999952316284,2.5799999237060547,2.3368184566497803
2001-10-30,42400,2.640000104904175,2.5799999237060547,2.640000104904175,2.5799999237060547,2.153212547302246
2001-10-29,107500,2.5999999046325684,2.640000104904175,2.640000104904175,2.5999999046325684,2.203286647796631
2001-10-26,56300,2.5,2.559999942779541,2.5899999141693115,2.5,2.1365201473236084
2001-10-25,55500,2.4200000762939453,2.5399999618530273,2.5399999618530273,2.4200000762939453,2.1198294162750244
2001-10-24,84100,2.369999885559082,2.4100000858306885,2.4100000858306885,2.369999885559082,2.011333703994751
2001-10-23,46300,2.359999895095825,2.369999885559082,2.369999885559082,2.3499999046325684,1.977949857711792
2001-10-22,77200,2.3399999141693115,2.369999885559082,2.369999885559082,2.309999942779541,1.977949857711792
2001-10-19,41600,2.299999952316284,2.319999933242798,2.319999933242798,2.299999952316284,1.9362212419509888
2001-10-18,166200,2.4000000953674316,2.2899999618530273,2.4000000953674316,2.2799999713897705,1.91118323802948
2001-10-17,242400,2.5,2.4000000953674316,2.5,2.390000104904175,2.0029873847961426
2001-10-16,113400,2.549999952316284,2.5,2.549999952316284,2.5,2.0864450931549072
2001-10-15,72200,2.569999933242798,2.5299999713897705,2.569999933242798,2.509999990463257,2.111483097076416
2001-10-12,42800,2.5999999046325684,2.5799999237060547,2.5999999046325684,2.549999952316284,2.153212547302246
2001-10-11,144900,2.630000114440918,2.5999999046325684,2.6500000953674316,2.5999999046325684,2.169902801513672
2001-10-10,85600,2.799999952316284,2.630000114440918,2.799999952316284,2.630000114440918,2.1949408054351807
2001-10-09,73300,2.930000066757202,2.799999952316284,2.930000066757202,2.799999952316284,2.3368184566497803
2001-10-08,37300,2.9000000953674316,2.950000047683716,2.950000047683716,2.8499999046325684,2.4620063304901123
2001-10-05,41400,2.940000057220459,2.930000066757202,2.950000047683716,2.9000000953674316,2.4453136920928955
2001-10-04,57500,2.9600000381469727,2.9800000190734863,3.0,2.950000047683716,2.487043857574463
2001-10-03,52500,3.0,2.940000057220459,3.0,2.9200000762939453,2.4536592960357666
2001-10-02,48400,3.0399999618530273,3.0299999713897705,3.0999999046325684,3.0299999713897705,2.5287702083587646
2001-10-01,10100,3.0399999618530273,3.0399999618530273,3.049999952316284,3.0199999809265137,2.5371174812316895
2001-09-28,129800,2.799999952316284,3.0199999809265137,3.0299999713897705,2.799999952316284,2.52042555809021
2001-09-27,43500,2.299999952316284,2.740000009536743,2.75,2.299999952316284,2.286743640899658
2001-09-26,35500,2.25,2.299999952316284,2.380000114440918,2.2200000286102295,1.9195297956466675
2001-09-25,54400,2.25,2.2799999713897705,2.299999952316284,2.2200000286102295,1.9028390645980835
2001-09-24,233900,2.180000066757202,2.25,2.299999952316284,2.180000066757202,1.8778010606765747
2001-09-21,112800,2.380000114440918,2.1500000953674316,2.380000114440918,2.0,1.794343113899231
2001-09-20,64800,2.950000047683716,2.380000114440918,2.950000047683716,2.380000114440918,1.986295461654663
2001-09-19,95000,3.049999952316284,3.0,3.1500000953674316,2.950000047683716,2.503735303878784
2001-09-18,23600,3.0999999046325684,3.069999933242798,3.0999999046325684,3.069999933242798,2.562155246734619
2001-09-17,20100,3.1500000953674316,3.1700000762939453,3.200000047683716,3.0999999046325684,2.645613193511963
2001-09-10,34800,3.25,3.180000066757202,3.25,3.180000066757202,2.653959035873413
2001-09-07,38500,3.299999952316284,3.2699999809265137,3.3499999046325684,3.2699999809265137,2.7290704250335693
2001-09-06,10700,3.299999952316284,3.299999952316284,3.299999952316284,3.299999952316284,2.7541069984436035
2001-09-05,17400,3.369999885559082,3.299999952316284,3.369999885559082,3.299999952316284,2.7541069984436035
2001-09-04,31000,3.5,3.4000000953674316,3.5,3.4000000953674316,2.8375654220581055
2001-08-31,70100,3.4800000190734863,3.509999990463257,3.5899999141693115,3.4800000190734863,2.9293692111968994
2001-08-30,22700,3.5,3.4600000381469727,3.5,3.450000047683716,2.8876399993896484
2001-08-29,25000,3.4600000381469727,3.4800000190734863,3.5,3.4600000381469727,2.904332160949707
2001-08-28,33800,3.5199999809265137,3.4800000190734863,3.549999952316284,3.4600000381469727,2.904332160949707
2001-08-27,29600,3.5,3.559999942779541,3.5799999237060547,3.5,2.971097946166992
2001-08-24,12800,3.549999952316284,3.559999942779541,3.5799999237060547,3.549999952316284,2.971097946166992
2001-08-23,32200,3.5899999141693115,3.549999952316284,3.5899999141693115,3.549999952316284,2.9627525806427
2001-08-22,32700,3.5999999046325684,3.5999999046325684,3.6700000762939453,3.5899999141693115,3.004481554031372
2001-08-21,15000,3.700000047683716,3.5999999046325684,3.700000047683716,3.5999999046325684,3.004481554031372
2001-08-20,25400,3.5999999046325684,3.680000066757202,3.680000066757202,3.5999999046325684,3.0712473392486572
2001-08-17,22100,3.630000114440918,3.5999999046325684,3.7200000286102295,3.5999999046325684,3.004481554031372
2001-08-16,38800,3.6500000953674316,3.640000104904175,3.740000009536743,3.609999895095825,3.0378644466400146
2001-08-15,72300,3.5999999046325684,3.6500000953674316,3.7100000381469727,3.5999999046325684,3.046211004257202
2001-08-14,182200,3.700000047683716,3.5999999046325684,3.7300000190734863,3.549999952316284,3.004481554031372
2001-08-13,150300,3.990000009536743,3.700000047683716,3.990000009536743,3.5999999046325684,3.0879392623901367
2001-08-10,66000,4.050000190734863,4.0,4.050000190734863,4.0,3.3383126258850098
2001-08-09,199400,4.409999847412109,4.130000114440918,4.480000019073486,4.050000190734863,3.446808099746704
2001-08-08,457000,4.099999904632568,4.400000095367432,4.75,4.099999904632568,3.672142744064331
2001-08-07,65500,3.950000047683716,4.099999904632568,4.099999904632568,3.950000047683716,3.421769857406616
2001-08-06,45500,4.010000228881836,3.940000057220459,4.059999942779541,3.9200000762939453,3.288238525390625
2001-08-03,63400,3.930000066757202,4.0,4.050000190734863,3.880000114440918,3.3383126258850098
2001-08-02,44300,3.819999933242798,3.880000114440918,3.9700000286102295,3.819999933242798,3.238164186477661
2001-08-01,16400,3.700000047683716,3.7899999618530273,3.7899999618530273,3.700000047683716,3.1630513668060303
2001-07-31,31600,3.700000047683716,3.7100000381469727,3.7799999713897705,3.700000047683716,3.096285343170166
2001-07-30,14000,3.619999885559082,3.690000057220459,3.7200000286102295,3.619999885559082,3.0795929431915283
2001-07-27,18800,3.5399999618530273,3.6500000953674316,3.6500000953674316,3.5399999618530273,3.046211004257202
2001-07-26,20700,3.680000066757202,3.549999952316284,3.680000066757202,3.549999952316284,2.9627525806427
2001-07-25,18300,3.6500000953674316,3.7100000381469727,3.7100000381469727,3.6500000953674316,3.096285343170166
2001-07-24,41800,3.799999952316284,3.6500000953674316,3.8399999141693115,3.5999999046325684,3.046211004257202
2001-07-23,108800,3.8299999237060547,3.7799999713897705,4.050000190734863,3.7799999713897705,3.15470552444458
2001-07-20,59200,3.509999990463257,3.7300000190734863,3.7300000190734863,3.4800000190734863,3.112975835800171
2001-07-19,41200,3.4200000762939453,3.509999990463257,3.5199999809265137,3.4200000762939453,2.9293692111968994
2001-07-18,38500,3.3499999046325684,3.440000057220459,3.4600000381469727,3.3299999237060547,2.8709490299224854
2001-07-17,37100,3.2699999809265137,3.299999952316284,3.299999952316284,3.25,2.7541069984436035
2001-07-16,17500,3.3399999141693115,3.259999990463257,3.3399999141693115,3.25,2.72072434425354
2001-07-13,34700,3.2300000190734863,3.309999942779541,3.3399999141693115,3.2100000381469727,2.76245379447937
2001-07-12,78300,3.109999895095825,3.200000047683716,3.2200000286102295,3.109999895095825,2.6706507205963135
2001-07-11,31000,3.240000009536743,3.0999999046325684,3.240000009536743,3.0999999046325684,2.5871925354003906
2001-07-10,37900,3.309999942779541,3.259999990463257,3.319999933242798,3.25,2.72072434425354
2001-07-09,48700,3.5,3.309999942779541,3.5,3.309999942779541,2.76245379447937
2001-07-06,65300,3.609999895095825,3.5,3.609999895095825,3.5,2.9210236072540283
2001-07-05,35500,3.5999999046325684,3.619999885559082,3.640000104904175,3.5999999046325684,3.021172523498535
2001-07-03,22700,3.6600000858306885,3.630000114440918,3.6700000762939453,3.609999895095825,3.0295181274414062
2001-07-02,158500,3.619999885559082,3.6600000858306885,3.75,3.619999885559082,3.0545551776885986
2001-06-29,287900,3.640000104904175,3.619999885559082,3.640000104904175,3.619999885559082,3.021172523498535
2001-06-28,38400,3.630000114440918,3.640000104904175,3.640000104904175,3.630000114440918,3.0378644466400146
2001-06-27,30900,3.6700000762939453,3.640000104904175,3.6700000762939453,3.619999885559082,3.0378644466400146
2001-06-26,40400,3.5799999237060547,3.6700000762939453,3.6700000762939453,3.549999952316284,3.062901258468628
2001-06-25,30100,3.549999952316284,3.5799999237060547,3.6500000953674316,3.549999952316284,2.9877891540527344
2001-06-22,18200,3.549999952316284,3.5999999046325684,3.680000066757202,3.549999952316284,3.004481554031372
2001-06-21,7900,3.619999885559082,3.5899999141693115,3.6700000762939453,3.5799999237060547,2.9961352348327637
2001-06-20,38400,3.5199999809265137,3.619999885559082,3.619999885559082,3.4000000953674316,3.021172523498535
2001-06-19,65800,3.7100000381469727,3.549999952316284,3.7100000381469727,3.549999952316284,2.9627525806427
2001-06-18,17600,3.6600000858306885,3.700000047683716,3.7100000381469727,3.6500000953674316,3.0879392623901367
2001-06-15,38600,3.7799999713897705,3.700000047683716,3.8299999237060547,3.6600000858306885,3.0879392623901367
2001-06-14,22500,3.880000114440918,3.809999942779541,3.880000114440918,3.75,3.179743528366089
2001-06-13,30800,3.9800000190734863,3.8499999046325684,3.9800000190734863,3.819999933242798,3.2131259441375732
2001-06-12,23300,3.8499999046325684,3.950000047683716,3.9600000381469727,3.8499999046325684,3.2965826988220215
2001-06-11,75200,4.0,3.869999885559082,4.039999961853027,3.869999885559082,3.2298166751861572
2001-06-08,9400,3.9800000190734863,4.010000228881836,4.039999961853027,3.9800000190734863,3.34665846824646
2001-06-07,37700,3.9800000190734863,4.0,4.0,3.8499999046325684,3.3383126258850098
2001-06-06,30600,3.799999952316284,3.940000057220459,3.950000047683716,3.799999952316284,3.288238525390625
2001-06-05,136800,3.380000114440918,3.799999952316284,3.799999952316284,3.299999952316284,3.1713967323303223
2001-06-04,77400,3.430000066757202,3.430000066757202,3.5,3.4000000953674316,2.862602472305298
2001-06-01,144700,3.6500000953674316,3.5,3.700000047683716,3.4000000953674316,2.9210236072540283
2001-05-31,112500,3.819999933242798,3.619999885559082,3.9000000953674316,3.5999999046325684,3.021172523498535
2001-05-30,131800,3.950000047683716,3.819999933242798,4.099999904632568,3.819999933242798,3.1880879402160645
2001-05-29,74200,4.25,3.950000047683716,4.25,3.950000047683716,3.2965826988220215
2001-05-25,140000,3.690000057220459,4.239999771118164,4.300000190734863,3.690000057220459,3.538611650466919
2001-05-24,115400,3.559999942779541,3.630000114440918,3.630000114440918,3.5,3.0295181274414062
2001-05-23,95300,3.4000000953674316,3.4600000381469727,3.549999952316284,3.4000000953674316,2.8876399993896484
2001-05-22,90100,3.259999990463257,3.3499999046325684,3.4000000953674316,3.25,2.7958362102508545
2001-05-21,72100,3.2200000286102295,3.2899999618530273,3.2899999618530273,3.180000066757202,2.745762586593628
2001-05-18,70700,3.299999952316284,3.1500000953674316,3.299999952316284,3.1500000953674316,2.6289217472076416
2001-05-17,73800,3.259999990463257,3.299999952316284,3.3399999141693115,3.259999990463257,2.7541069984436035
2001-05-16,261900,3.2799999713897705,3.25,3.3499999046325684,3.2200000286102295,2.712378740310669
2001-05-15,135700,3.1500000953674316,3.2300000190734863,3.4100000858306885,3.0999999046325684,2.6956870555877686
2001-05-14,141000,3.2699999809265137,3.180000066757202,3.5,3.1500000953674316,2.653959035873413
2001-05-11,317700,3.0,3.1700000762939453,3.3499999046325684,2.990000009536743,2.645613193511963
2001-05-10,506400,2.2799999713897705,2.9000000953674316,2.9000000953674316,2.25,2.420276403427124
2001-05-09,243100,2.0999999046325684,2.2300000190734863,2.2300000190734863,2.0999999046325684,1.8611092567443848
2001-05-08,59700,2.049999952316284,2.0799999237060547,2.0799999237060547,2.009999990463257,1.7359224557876587
2001-05-07,183000,2.25,2.0299999713897705,2.3499999046325684,2.0199999809265137,1.6941934823989868
2001-05-04,101900,2.1500000953674316,2.259999990463257,2.259999990463257,2.1500000953674316,1.886146068572998
2001-05-03,65400,2.0999999046325684,2.140000104904175,2.140000104904175,2.059999942779541,1.7859972715377808
2001-05-02,109600,1.850000023841858,2.0199999809265137,2.0999999046325684,1.850000023841858,1.6858476400375366
2001-05-01,76700,1.809999942779541,1.7999999523162842,1.840000033378601,1.7000000476837158,1.502240777015686
2001-04-30,27600,1.7899999618530273,1.840000033378601,1.850000023841858,1.7899999618530273,1.5356236696243286
2001-04-27,34800,1.8899999856948853,1.7999999523162842,1.899999976158142,1.7899999618530273,1.502240777015686
2001-04-26,7300,1.8899999856948853,1.840000033378601,1.8899999856948853,1.840000033378601,1.5356236696243286
2001-04-25,24700,1.8600000143051147,1.8899999856948853,1.8899999856948853,1.850000023841858,1.57735276222229
2001-04-24,22300,1.899999976158142,1.850000023841858,1.899999976158142,1.8200000524520874,1.5439696311950684
2001-04-23,29900,1.899999976158142,1.899999976158142,1.9500000476837158,1.899999976158142,1.5856983661651611
2001-04-20,97900,1.9500000476837158,1.9600000381469727,1.9700000286102295,1.899999976158142,1.6357730627059937
2001-04-19,32300,1.9800000190734863,1.9500000476837158,1.9800000190734863,1.940000057220459,1.6274276971817017
2001-04-18,97000,2.0199999809265137,1.9500000476837158,2.0199999809265137,1.9500000476837158,1.6274276971817017
2001-04-17,28700,2.0999999046325684,2.0199999809265137,2.0999999046325684,2.009999990463257,1.6858476400375366
2001-04-16,18100,2.0899999141693115,2.0799999237060547,2.0899999141693115,2.069999933242798,1.7359224557876587
2001-04-12,38600,2.140000104904175,2.049999952316284,2.180000066757202,2.049999952316284,1.710884928703308
2001-04-11,44700,2.1500000953674316,2.0999999046325684,2.1600000858306885,2.0899999141693115,1.7526137828826904
2001-04-10,45700,2.180000066757202,2.1600000858306885,2.200000047683716,2.1500000953674316,1.8026894330978394
2001-04-09,10100,2.0999999046325684,2.130000114440918,2.1500000953674316,2.0999999046325684,1.7776516675949097
2001-04-06,7500,2.180000066757202,2.140000104904175,2.200000047683716,2.130000114440918,1.7859972715377808
2001-04-05,15900,2.180000066757202,2.180000066757202,2.180000066757202,2.1500000953674316,1.819380283355713
2001-04-04,53600,2.25,2.1500000953674316,2.25,2.1500000953674316,1.794343113899231
2001-04-03,30300,2.299999952316284,2.25,2.299999952316284,2.1600000858306885,1.8778010606765747
2001-04-02,55900,2.4200000762939453,2.309999942779541,2.4200000762939453,2.25,1.927876353263855
2001-03-30,14000,2.4200000762939453,2.440000057220459,2.440000057220459,2.4100000858306885,2.0363705158233643
2001-03-29,44500,2.4100000858306885,2.4200000762939453,2.450000047683716,2.4000000953674316,2.019679307937622
2001-03-28,67500,2.299999952316284,2.4000000953674316,2.450000047683716,2.299999952316284,2.0029873847961426
2001-03-27,30700,2.4100000858306885,2.4000000953674316,2.450000047683716,2.359999895095825,2.0029873847961426
2001-03-26,19900,2.4800000190734863,2.440000057220459,2.5,2.440000057220459,2.0363705158233643
2001-03-23,16600,2.4200000762939453,2.450000047683716,2.450000047683716,2.4200000762939453,2.0447165966033936
2001-03-22,17000,2.4000000953674316,2.4200000762939453,2.4200000762939453,2.3499999046325684,2.019679307937622
2001-03-21,6800,2.299999952316284,2.380000114440918,2.4000000953674316,2.259999990463257,1.986295461654663
2001-03-20,19000,2.380000114440918,2.299999952316284,2.380000114440918,2.299999952316284,1.9195297956466675
2001-03-19,45700,2.4000000953674316,2.3399999141693115,2.4000000953674316,2.2699999809265137,1.9529129266738892
2001-03-16,45100,2.4800000190734863,2.450000047683716,2.4800000190734863,2.4000000953674316,2.0447165966033936
2001-03-15,26700,2.5199999809265137,2.4600000381469727,2.5199999809265137,2.430000066757202,2.0530617237091064
2001-03-14,39800,2.4000000953674316,2.490000009536743,2.5,2.4000000953674316,2.0780985355377197
2001-03-13,42800,2.450000047683716,2.440000057220459,2.450000047683716,2.3499999046325684,2.0363705158233643
2001-03-12,23600,2.509999990463257,2.450000047683716,2.509999990463257,2.450000047683716,2.0447165966033936
2001-03-09,49000,2.5199999809265137,2.5,2.559999942779541,2.5,2.0864450931549072
2001-03-08,81800,2.700000047683716,2.549999952316284,2.700000047683716,2.549999952316284,2.1281747817993164
2001-03-07,14000,2.75,2.75,2.7699999809265137,2.7300000190734863,2.2950899600982666
2001-03-06,37200,2.7899999618530273,2.7799999713897705,2.799999952316284,2.75,2.3201262950897217
2001-03-05,33800,2.7899999618530273,2.740000009536743,2.799999952316284,2.7300000190734863,2.286743640899658
2001-03-02,130900,2.5199999809265137,2.7799999713897705,2.799999952316284,2.509999990463257,2.3201262950897217
2001-03-01,155300,2.4800000190734863,2.549999952316284,2.549999952316284,2.4800000190734863,2.1281747817993164
2001-02-28,132300,2.490000009536743,2.4800000190734863,2.549999952316284,2.430000066757202,2.0697543621063232
2001-02-27,14300,2.490000009536743,2.4600000381469727,2.5,2.450000047683716,2.0530617237091064
2001-02-26,27300,2.440000057220459,2.4800000190734863,2.4800000190734863,2.4100000858306885,2.0697543621063232
2001-02-23,24000,2.440000057220459,2.440000057220459,2.450000047683716,2.3499999046325684,2.0363705158233643
2001-02-22,9700,2.4200000762939453,2.440000057220459,2.4600000381469727,2.359999895095825,2.0363705158233643
2001-02-21,16400,2.430000066757202,2.4200000762939453,2.430000066757202,2.369999885559082,2.019679307937622
2001-02-20,29300,2.440000057220459,2.430000066757202,2.450000047683716,2.4000000953674316,2.028024673461914
2001-02-16,49800,2.5,2.4600000381469727,2.5,2.450000047683716,2.0530617237091064
2001-02-15,24100,2.5,2.5,2.5,2.4700000286102295,2.0864450931549072
2001-02-14,7500,2.4800000190734863,2.490000009536743,2.490000009536743,2.4800000190734863,2.0780985355377197
2001-02-13,37300,2.5,2.4800000190734863,2.5,2.4800000190734863,2.0697543621063232
2001-02-12,48500,2.5,2.5,2.5,2.490000009536743,2.0864450931549072
2001-02-09,17300,2.490000009536743,2.5,2.5,2.450000047683716,2.0864450931549072
2001-02-08,37300,2.5,2.450000047683716,2.5,2.450000047683716,2.0447165966033936
2001-02-07,6500,2.4800000190734863,2.490000009536743,2.490000009536743,2.450000047683716,2.0780985355377197
2001-02-06,21600,2.5,2.490000009536743,2.5,2.450000047683716,2.0780985355377197
2001-02-05,52800,2.5,2.5,2.5,2.4700000286102295,2.0864450931549072
2001-02-02,70400,2.490000009536743,2.4700000286102295,2.5,2.4600000381469727,2.061408281326294
2001-02-01,71600,2.5,2.450000047683716,2.549999952316284,2.309999942779541,2.0447165966033936
2001-01-31,67600,2.450000047683716,2.4700000286102295,2.5,2.450000047683716,2.061408281326294
2001-01-30,31800,2.4000000953674316,2.450000047683716,2.450000047683716,2.319999933242798,2.0447165966033936
2001-01-29,117400,2.450000047683716,2.450000047683716,2.4800000190734863,2.4000000953674316,2.0447165966033936
2001-01-26,64400,2.3125,2.375,2.4375,2.3125,1.9821232557296753
2001-01-25,14900,2.375,2.375,2.375,2.3125,1.9821232557296753
2001-01-24,21500,2.3125,2.3125,2.375,2.25,1.929961919784546
2001-01-23,19000,2.1875,2.3125,2.3125,2.1875,1.929961919784546
2001-01-22,52500,2.25,2.1875,2.25,2.125,1.8256396055221558
2001-01-19,70900,2.1875,2.125,2.25,2.125,1.7734785079956055
2001-01-18,20700,2.1875,2.1875,2.1875,2.125,1.8256396055221558
2001-01-17,68100,2.1875,2.125,2.3125,2.125,1.7734785079956055
2001-01-16,160000,2.5625,2.125,2.5625,2.125,1.7734785079956055
2001-01-12,16100,2.5,2.5,2.5625,2.4375,2.0864450931549072
2001-01-11,56000,2.3125,2.5,2.5,2.25,2.0864450931549072
2001-01-10,33400,2.25,2.3125,2.375,2.25,1.929961919784546
2001-01-09,26200,2.1875,2.25,2.25,2.1875,1.8778010606765747
2001-01-08,6800,2.1875,2.125,2.1875,2.125,1.7734785079956055
2001-01-05,43000,2.1875,2.1875,2.1875,2.0625,1.8256396055221558
2001-01-04,33200,2.125,2.125,2.1875,2.125,1.7734785079956055
2001-01-03,42000,2.125,2.1875,2.1875,2.125,1.8256396055221558
2001-01-02,31500,2.1875,2.125,2.25,2.125,1.7734785079956055
2000-12-29,226400,2.25,2.125,2.3125,2.0625,1.7734785079956055
2000-12-28,124400,2.0,2.1875,2.1875,2.0,1.8256396055221558
2000-12-27,274500,2.0625,2.0625,2.0625,2.0,1.7213176488876343
2000-12-26,57100,2.0625,2.125,2.125,2.0,1.7734785079956055
2000-12-22,106600,2.125,2.125,2.125,2.0,1.7734785079956055
2000-12-21,74300,2.1875,2.125,2.1875,2.0625,1.7734785079956055
2000-12-20,85800,2.3125,2.1875,2.375,2.1875,1.8256396055221558
2000-12-19,104800,2.5625,2.375,2.5625,2.3125,1.9821232557296753
2000-12-18,56500,2.5625,2.5625,2.625,2.4375,2.138606071472168
2000-12-15,40100,2.5,2.5625,2.625,2.5,2.138606071472168
2000-12-14,34300,2.5625,2.5625,2.5625,2.5,2.138606071472168
2000-12-13,308300,2.8125,2.5625,2.8125,2.5,2.138606071472168
2000-12-12,5700,2.8125,2.8125,2.9375,2.8125,2.3472506999969482
2000-12-11,41600,2.875,2.875,2.9375,2.8125,2.3994123935699463
2000-12-08,18800,2.875,2.9375,2.9375,2.8125,2.451573133468628
2000-12-07,19600,2.875,2.9375,2.9375,2.875,2.451573133468628
2000-12-06,52600,3.125,2.9375,3.1875,2.9375,2.451573133468628
2000-12-05,28500,3.0625,3.1875,3.1875,3.0625,2.6602184772491455
2000-12-04,24400,3.125,3.125,3.1875,3.0625,2.6080565452575684
2000-12-01,20500,3.0625,3.1875,3.1875,3.0625,2.6602184772491455
2000-11-30,35900,3.0625,3.125,3.125,3.0,2.6080565452575684
2000-11-29,24400,3.1875,3.0625,3.1875,3.0,2.5558950901031494
2000-11-28,23100,3.25,3.1875,3.25,3.1875,2.6602184772491455
2000-11-27,94400,3.25,3.3125,3.5,3.25,2.764539957046509
2000-11-24,12000,3.25,3.3125,3.3125,3.25,2.764539957046509
2000-11-22,16400,3.25,3.25,3.25,3.1875,2.712378740310669
2000-11-21,26900,3.375,3.25,3.375,3.25,2.712378740310669
2000-11-20,23000,3.375,3.375,3.4375,3.25,2.8167014122009277
2000-11-17,32200,3.5,3.375,3.5,3.375,2.8167014122009277
2000-11-16,104600,3.0,3.3125,3.3125,3.0,2.764539957046509
2000-11-15,18700,3.0,3.0,3.0,3.0,2.503735303878784
2000-11-14,64400,2.875,3.0,3.0625,2.875,2.503735303878784
2000-11-13,24700,3.0,2.875,3.0,2.875,2.3994123935699463
2000-11-10,13700,3.125,3.0,3.125,3.0,2.503735303878784
2000-11-09,13200,3.1875,3.0625,3.1875,3.0625,2.5558950901031494
2000-11-08,6800,3.125,3.125,3.1875,3.0625,2.6080565452575684
2000-11-07,63800,3.0,3.125,3.1875,2.9375,2.6080565452575684
2000-11-06,50300,3.0625,3.0625,3.125,3.0,2.5558950901031494
2000-11-03,27900,3.0,3.125,3.125,3.0,2.6080565452575684
2000-11-02,29400,2.9375,3.0,3.0,2.875,2.503735303878784
2000-11-01,25900,2.9375,2.875,3.0,2.875,2.3994123935699463
2000-10-31,69600,2.875,2.9375,2.9375,2.6875,2.451573133468628
2000-10-30,111100,2.875,2.8125,2.875,2.6875,2.3472506999969482
2000-10-27,27500,3.0,2.875,3.0,2.875,2.3994123935699463
2000-10-26,29300,2.9375,3.0,3.0625,2.9375,2.503735303878784
2000-10-25,29600,3.1875,3.0,3.1875,3.0,2.503735303878784
2000-10-24,50000,3.3125,3.125,3.3125,3.0625,2.6080565452575684
2000-10-23,32300,3.0,3.1875,3.1875,3.0,2.6602184772491455
2000-10-20,8300,2.9375,3.0,3.0,2.9375,2.503735303878784
2000-10-19,15000,2.9375,3.0,3.0,2.875,2.503735303878784
2000-10-18,34500,3.125,2.9375,3.125,2.9375,2.451573133468628
2000-10-17,17500,3.0625,3.125,3.125,3.0,2.6080565452575684
2000-10-16,43200,2.9375,3.0,3.125,2.9375,2.503735303878784
2000-10-13,59700,3.0,2.9375,3.0625,2.8125,2.451573133468628
2000-10-12,122600,3.375,2.9375,3.375,2.875,2.451573133468628
2000-10-11,77200,3.625,3.3125,3.625,3.25,2.764539957046509
2000-10-10,21300,3.625,3.625,3.6875,3.625,3.0253453254699707
2000-10-09,38900,3.75,3.625,3.75,3.4375,3.0253453254699707
2000-10-06,22700,4.0625,3.8125,4.0625,3.6875,3.181828737258911
2000-10-05,28400,4.25,4.125,4.25,4.125,3.4426352977752686
2000-10-04,20600,4.5625,4.3125,4.625,4.25,3.599116563796997
2000-10-03,62800,4.875,4.5,4.9375,4.5,3.7556021213531494
2000-10-02,23000,5.1875,4.875,5.1875,4.875,4.068567752838135
2000-09-29,57400,5.1875,5.1875,5.25,5.1875,4.329375743865967
2000-09-28,22500,5.125,5.1875,5.1875,5.0625,4.329375743865967
2000-09-27,62700,5.1875,5.125,5.1875,5.125,4.277212142944336
2000-09-26,38100,5.1875,5.1875,5.25,5.125,4.329375743865967
2000-09-25,15900,5.0625,5.1875,5.1875,5.0625,4.329375743865967
2000-09-22,18800,5.0625,5.0625,5.125,5.0,4.225051403045654
2000-09-21,41100,5.25,5.0625,5.25,5.0625,4.225051403045654
2000-09-20,60400,5.25,5.3125,5.3125,5.125,4.4336957931518555
2000-09-19,21100,5.3125,5.3125,5.375,5.25,4.4336957931518555
2000-09-18,35900,5.375,5.25,5.375,5.25,4.381535530090332
2000-09-15,42700,5.3125,5.375,5.375,5.3125,4.4858574867248535
2000-09-14,14600,5.375,5.3125,5.4375,5.3125,4.4336957931518555
2000-09-13,14300,5.4375,5.4375,5.4375,5.375,4.538017272949219
2000-09-12,37200,5.3125,5.5,5.5,5.25,4.590179920196533
2000-09-11,52700,5.25,5.3125,5.375,5.25,4.4336957931518555
2000-09-08,36100,5.0625,5.25,5.3125,5.0625,4.381535530090332
2000-09-07,23700,5.25,5.125,5.25,5.0625,4.277212142944336
2000-09-06,64100,5.25,5.125,5.25,5.0,4.277212142944336
2000-09-05,18700,5.4375,5.375,5.5,5.375,4.4858574867248535
2000-09-01,17000,5.5,5.5,5.5625,5.4375,4.590179920196533
2000-08-31,38600,5.5,5.5,5.5,5.4375,4.590179920196533
2000-08-30,32800,5.4375,5.5625,5.625,5.4375,4.642340183258057
2000-08-29,66200,5.1875,5.375,5.5,5.1875,4.4858574867248535
2000-08-28,116200,5.0,5.125,5.25,5.0,4.277212142944336
2000-08-25,49900,4.75,4.9375,4.9375,4.6875,4.120730400085449
2000-08-24,54300,4.5,4.625,4.6875,4.5,3.859923839569092
2000-08-23,33600,4.1875,4.5,4.5,4.1875,3.7556021213531494
2000-08-22,75300,4.1875,4.25,4.4375,4.1875,3.546957015991211
2000-08-21,106200,3.875,4.125,4.125,3.875,3.4426352977752686
2000-08-18,535700,4.3125,3.8125,4.4375,3.8125,3.181828737258911
2000-08-17,36700,4.0625,4.25,4.25,4.0625,3.546957015991211
2000-08-16,11500,4.125,4.125,4.1875,4.0625,3.4426352977752686
2000-08-15,47800,4.0,4.125,4.1875,4.0,3.4426352977752686
2000-08-14,62100,3.9375,4.0625,4.0625,3.875,3.3904731273651123
2000-08-11,99100,3.875,4.0,4.125,3.875,3.3383126258850098
2000-08-10,15400,3.8125,3.8125,3.875,3.8125,3.181828737258911
2000-08-09,28000,3.9375,3.8125,4.0,3.8125,3.181828737258911
2000-08-08,36000,4.125,3.9375,4.1875,3.9375,3.2861509323120117
2000-08-07,34400,4.125,4.125,4.1875,4.0625,3.4426352977752686
2000-08-04,57000,4.1875,4.1875,4.25,4.125,3.4947972297668457
2000-08-03,19000,4.4375,4.3125,4.4375,4.3125,3.599116563796997
2000-08-02,26900,4.5,4.5,4.5625,4.375,3.7556021213531494
2000-08-01,21400,4.4375,4.5,4.5,4.375,3.7556021213531494
2000-07-31,49800,4.3125,4.4375,4.4375,4.125,3.703439712524414
2000-07-28,17600,4.375,4.25,4.375,4.25,3.546957015991211
2000-07-27,52700,4.5625,4.3125,4.5625,4.1875,3.599116563796997
2000-07-26,17500,4.75,4.5625,4.8125,4.5625,3.807762622833252
2000-07-25,14800,4.875,4.8125,4.875,4.75,4.016408443450928
2000-07-24,28300,4.6875,4.8125,4.875,4.6875,4.016408443450928
2000-07-21,24800,4.6875,4.6875,4.8125,4.625,3.9120845794677734
2000-07-20,75500,4.875,4.6875,4.9375,4.625,3.9120845794677734
2000-07-19,22300,4.9375,4.875,5.0,4.875,4.068567752838135
2000-07-18,75000,4.9375,4.9375,5.0,4.875,4.120730400085449
2000-07-17,66900,4.875,4.9375,5.0,4.875,4.120730400085449
2000-07-14,130100,4.25,4.75,4.8125,4.25,3.9642465114593506
2000-07-13,86100,3.6875,4.125,4.1875,3.6875,3.4426352977752686
2000-07-12,964200,3.6875,3.625,3.6875,3.375,3.0253453254699707
2000-07-11,68300,3.8125,3.6875,3.8125,3.625,3.077507257461548
2000-07-10,23400,3.75,3.8125,3.875,3.75,3.181828737258911
2000-07-07,69400,3.8125,3.75,3.875,3.75,3.1296677589416504
2000-07-06,18300,3.8125,3.875,3.875,3.8125,3.233989953994751
2000-07-05,71700,4.0,3.875,4.0,3.75,3.233989953994751
2000-07-03,17200,3.9375,3.9375,4.0,3.9375,3.2861509323120117
2000-06-30,115400,3.875,4.0,4.0,3.875,3.3383126258850098
2000-06-29,49400,3.9375,3.9375,3.9375,3.875,3.2861509323120117
2000-06-28,220100,4.375,3.875,4.4375,3.875,3.233989953994751
2000-06-27,119600,4.875,4.8125,4.875,4.4375,4.016408443450928
2000-06-26,77800,5.0,4.9375,5.0,4.875,4.120730400085449
2000-06-23,34800,5.0,5.0,5.0,4.875,4.1728901863098145
2000-06-22,53000,5.0625,4.9375,5.0625,4.8125,4.120730400085449
2000-06-21,79700,5.25,5.0,5.25,5.0,4.1728901863098145
2000-06-20,23400,5.4375,5.375,5.5,5.3125,4.4858574867248535
2000-06-19,4800,5.5,5.5,5.5,5.4375,4.590179920196533
2000-06-16,28000,5.5625,5.5,5.5625,5.5,4.590179920196533
2000-06-15,12300,5.625,5.5,5.625,5.5,4.590179920196533
2000-06-14,34100,5.5625,5.625,5.625,5.5,4.6945013999938965
2000-06-13,40900,5.625,5.5625,5.625,5.5,4.642340183258057
2000-06-12,68000,5.5,5.625,5.75,5.5,4.6945013999938965
2000-06-09,29100,5.25,5.4375,5.5,5.25,4.538017272949219
2000-06-08,84400,5.5,5.25,5.625,5.25,4.381535530090332
2000-06-07,93700,5.75,5.5,5.75,5.4375,4.590179920196533
2000-06-06,65800,5.9375,5.75,5.9375,5.625,4.798824787139893
2000-06-05,32800,6.25,6.0625,6.25,5.9375,5.059629440307617
2000-06-02,74000,6.0625,6.1875,6.25,6.0625,5.1639533042907715
2000-06-01,64300,6.0625,6.0625,6.0625,6.0,5.059629440307617
2000-05-31,125900,6.25,6.0625,6.25,6.0,5.059629440307617
2000-05-30,11600,6.1875,6.1875,6.25,6.1875,5.1639533042907715
2000-05-26,41000,6.25,6.1875,6.25,6.0625,5.1639533042907715
2000-05-25,18400,6.25,6.25,6.4375,6.25,5.216113090515137
2000-05-24,52600,6.3125,6.3125,6.3125,6.1875,5.268273830413818
2000-05-23,29700,6.375,6.3125,6.625,6.3125,5.268273830413818
2000-05-22,37200,6.625,6.4375,6.625,6.3125,5.372596263885498
2000-05-19,42100,6.875,6.5625,6.875,6.5625,5.476921081542969
2000-05-18,26100,6.875,6.75,6.875,6.75,5.6334028244018555
2000-05-17,14000,6.875,6.9375,6.9375,6.875,5.789886951446533
2000-05-16,18300,7.0,6.9375,7.0,6.875,5.789886951446533
2000-05-15,26300,7.0,7.0,7.0,6.8125,5.842047214508057
2000-05-12,33000,7.0,6.875,7.0625,6.875,5.7377238273620605
2000-05-11,16700,7.0625,7.0,7.0625,6.9375,5.842047214508057
2000-05-10,39500,7.0625,7.0,7.125,7.0,5.842047214508057
2000-05-09,21300,7.0625,7.0625,7.125,7.0625,5.894209384918213
2000-05-08,16900,7.0625,7.0625,7.125,7.0625,5.894209384918213
2000-05-05,18900,7.0,7.0,7.125,6.9375,5.842047214508057
2000-05-04,95100,6.8125,7.0625,7.0625,6.8125,5.894209384918213
2000-05-03,3300,6.9375,6.875,6.9375,6.8125,5.7377238273620605
2000-05-02,19300,6.875,6.875,6.9375,6.8125,5.7377238273620605
2000-05-01,21800,6.875,6.9375,6.9375,6.875,5.789886951446533
2000-04-28,27600,6.875,6.875,6.9375,6.8125,5.7377238273620605
2000-04-27,34800,6.6875,6.9375,6.9375,6.6875,5.789886951446533
2000-04-26,11000,6.6875,6.6875,6.75,6.625,5.581241130828857
2000-04-25,78200,6.625,6.6875,6.6875,6.5625,5.581241130828857
2000-04-24,19200,6.625,6.75,6.75,6.625,5.6334028244018555
2000-04-20,14700,6.6875,6.5625,6.6875,6.5,5.476921081542969
2000-04-19,37100,6.4375,6.625,6.6875,6.375,5.529079914093018
2000-04-18,43400,6.5,6.4375,6.5,6.25,5.372596263885498
2000-04-17,63700,6.25,6.375,6.375,6.1875,5.320436954498291
2000-04-14,76100,6.5625,6.3125,6.6875,6.25,5.268273830413818
2000-04-13,139600,6.625,6.625,6.75,6.625,5.529079914093018
2000-04-12,40400,6.75,6.6875,6.875,6.625,5.581241130828857
2000-04-11,32100,6.875,6.4375,6.875,6.4375,5.372596263885498
2000-04-10,21300,7.0,6.875,7.125,6.875,5.7377238273620605
2000-04-07,34300,7.125,7.0625,7.125,6.8125,5.894209384918213
2000-04-06,93800,6.875,7.125,7.5,6.875,5.946368217468262
2000-04-05,69500,6.25,6.75,6.9375,6.25,5.6334028244018555
2000-04-04,102900,6.5625,6.0,6.625,5.625,5.007470607757568
2000-04-03,52100,6.625,6.5625,6.8125,6.5,5.476921081542969
2000-03-31,101800,6.9375,6.375,7.0625,6.375,5.320436954498291
2000-03-30,70200,7.5,7.0,7.5,6.875,5.842047214508057
2000-03-29,19400,7.4375,7.375,7.5,7.375,6.155014514923096
2000-03-28,29100,7.625,7.375,7.6875,7.375,6.155014514923096
2000-03-27,19200,7.625,7.6875,7.8125,7.625,6.41581916809082
2000-03-24,20900,8.0,7.75,8.0,7.75,6.467979907989502
2000-03-23,152800,7.375,8.0,8.0,7.375,6.6766252517700195
2000-03-22,40800,7.5625,7.3125,7.5625,7.1875,6.102852821350098
2000-03-21,24000,7.5625,7.5,7.625,7.375,6.259335517883301
2000-03-20,37600,7.75,7.625,7.9375,7.625,6.363657474517822
2000-03-17,29600,7.625,7.8125,7.9375,7.625,6.520140171051025
2000-03-16,42000,7.6875,7.6875,7.875,7.6875,6.41581916809082
2000-03-15,22300,7.875,7.8125,7.9375,7.75,6.520140171051025
2000-03-14,105800,7.9375,7.9375,8.1875,7.8125,6.624463081359863
2000-03-13,62400,7.4375,7.875,7.875,7.4375,6.572301864624023
2000-03-10,91600,7.75,7.625,7.9375,7.5,6.363657474517822
2000-03-09,115000,8.0,7.625,8.125,7.1875,6.363657474517822
2000-03-08,180200,8.0,7.875,8.0625,7.8125,6.572301864624023
2000-03-07,27900,7.1875,7.1875,7.25,7.1875,5.998528480529785
2000-03-06,41800,7.5,7.3125,7.5,7.25,6.102852821350098
2000-03-03,52900,7.5,7.625,7.6875,7.25,6.363657474517822
2000-03-02,72900,7.8125,7.8125,7.875,7.5,6.520140171051025
2000-03-01,43200,7.75,7.8125,7.875,7.75,6.520140171051025
2000-02-29,203200,8.0,7.875,8.0,7.75,6.572301864624023
2000-02-28,160600,7.75,7.9375,8.0625,7.75,6.624463081359863
2000-02-25,83600,7.875,7.5625,7.9375,7.5,6.311496734619141
2000-02-24,327100,8.0,8.0,8.125,7.125,6.6766252517700195
2000-02-23,196400,8.375,8.75,8.875,8.25,7.302558422088623
2000-02-22,116200,8.375,8.375,8.75,8.3125,6.989594459533691
2000-02-18,151700,8.25,8.3125,8.6875,8.25,6.937429904937744
2000-02-17,523700,7.4375,8.25,9.375,7.4375,6.885270595550537
2000-02-16,37400,7.25,7.375,7.4375,7.125,6.155014514923096
2000-02-15,49900,7.125,7.1875,7.25,7.125,5.998528480529785
2000-02-14,30500,7.0,7.125,7.125,7.0,5.946368217468262
2000-02-11,71200,7.0,7.0,7.125,7.0,5.842047214508057
2000-02-10,171900,6.875,7.0625,7.1875,6.875,5.894209384918213
2000-02-09,86000,6.875,6.9375,6.9375,6.875,5.789886951446533
2000-02-08,22400,6.875,6.8125,6.9375,6.8125,5.685563087463379
2000-02-07,76100,6.875,6.9375,6.9375,6.75,5.789886951446533
2000-02-04,48000,6.9375,6.8125,7.0,6.8125,5.685563087463379
2000-02-03,74100,7.0,7.0,7.125,6.875,5.842047214508057
2000-02-02,88500,7.0,7.0625,7.125,7.0,5.894209384918213
2000-02-01,225800,7.0625,7.0625,7.1875,6.9375,5.894209384918213
2000-01-31,99600,7.125,7.0,7.3125,7.0,5.842047214508057
2000-01-28,45200,7.0625,7.25,7.3125,7.0625,6.050690650939941
2000-01-27,30300,7.1875,7.0625,7.1875,7.0,5.894209384918213
2000-01-26,79000,7.1875,7.1875,7.25,7.125,5.998528480529785
2000-01-25,110700,7.25,7.1875,7.25,7.125,5.998528480529785
2000-01-24,159600,7.125,7.125,7.25,7.0625,5.946368217468262
2000-01-21,50500,6.9375,7.0,7.125,6.9375,5.842047214508057
2000-01-20,122400,7.0625,7.0,7.0625,6.9375,5.842047214508057
2000-01-19,46400,7.0,7.125,7.125,6.9375,5.946368217468262
2000-01-18,79800,7.0625,7.1875,7.1875,7.0625,5.998528480529785
2000-01-14,83400,7.0625,7.1875,7.1875,7.0625,5.998528480529785
2000-01-13,75100,6.875,7.0,7.1875,6.8125,5.842047214508057
2000-01-12,117300,6.875,6.8125,7.0,6.75,5.685563087463379
2000-01-11,69800,7.0,6.9375,7.0,6.875,5.789886951446533
2000-01-10,53300,7.0,7.0,7.0625,7.0,5.842047214508057
2000-01-07,54300,6.9375,6.9375,7.0625,6.9375,5.789886951446533
2000-01-06,38300,6.9375,7.0,7.125,6.9375,5.842047214508057
2000-01-05,45400,6.9375,7.0,7.125,6.9375,5.842047214508057
2000-01-04,70200,7.0,6.9375,7.1875,6.9375,5.789886951446533
2000-01-03,76600,7.375,7.0625,7.375,6.875,5.894209384918213
1999-12-31,56400,7.3125,7.375,7.375,7.1875,6.155014514923096
1999-12-30,134800,7.125,7.4375,7.4375,7.0,6.207174777984619
1999-12-29,56200,7.0,7.125,7.1875,7.0,5.946368217468262
1999-12-28,106500,7.3125,7.125,7.3125,6.8125,5.946368217468262
1999-12-27,66000,7.625,7.4375,7.6875,7.4375,6.207174777984619
1999-12-23,96100,7.125,7.6875,7.6875,7.125,6.41581916809082
1999-12-22,212000,7.0,7.25,7.25,6.875,6.050690650939941
1999-12-21,106200,7.125,7.0625,7.125,6.6875,5.894209384918213
1999-12-20,88000,7.0,7.0,7.1875,7.0,5.842047214508057
1999-12-17,136800,6.5,7.0625,7.0625,6.5,5.894209384918213
1999-12-16,137800,6.8125,6.625,6.9375,6.5,5.529079914093018
1999-12-15,286600,6.9375,6.6875,6.9375,6.5625,5.581241130828857
1999-12-14,71500,7.125,7.0,7.25,7.0,5.842047214508057
1999-12-13,142100,7.25,7.1875,7.375,7.125,5.998528480529785
1999-12-10,86700,7.3125,7.375,7.375,7.0625,6.155014514923096
1999-12-09,89900,7.125,7.375,7.375,7.125,6.155014514923096
1999-12-08,81000,7.125,7.1875,7.5,7.0,5.998528480529785
1999-12-07,79800,7.25,7.125,7.375,7.0,5.946368217468262
1999-12-06,218200,7.75,7.25,7.75,7.25,6.050690650939941
1999-12-03,184100,7.625,7.875,7.875,7.375,6.572301864624023
1999-12-02,262900,7.75,7.5625,7.8125,7.4375,6.311496734619141
1999-12-01,125500,8.1875,7.9375,8.4375,7.8125,6.624463081359863
1999-11-30,215900,8.5,8.25,8.625,8.0,6.885270595550537
1999-11-29,166100,8.625,8.625,8.9375,8.375,7.198233127593994
1999-11-26,65500,9.0,8.75,9.0,8.75,7.302558422088623
1999-11-24,311100,8.0625,9.0,9.0,8.0,7.511204242706299
1999-11-23,252300,7.9375,8.0625,8.75,7.8125,6.728784561157227
1999-11-22,159700,8.375,7.9375,8.375,7.75,6.624463081359863
1999-11-19,138700,8.8125,8.375,8.875,8.25,6.989594459533691
1999-11-18,283200,8.375,8.75,9.0,8.3125,7.302558422088623
1999-11-17,209400,8.125,8.3125,8.375,8.125,6.937429904937744
1999-11-16,234300,7.875,8.0625,8.5,7.875,6.728784561157227
1999-11-15,133400,7.1875,7.875,8.1875,7.125,6.572301864624023
1999-11-12,88600,7.0,7.1875,7.1875,7.0,5.998528480529785
1999-11-11,63900,7.0625,7.125,7.1875,7.0,5.946368217468262
1999-11-10,56600,7.125,7.1875,7.1875,7.0,5.998528480529785
1999-11-09,65100,7.4375,7.125,7.4375,7.125,5.946368217468262
1999-11-08,93000,7.375,7.3125,7.625,7.25,6.102852821350098
1999-11-05,485100,7.0,7.25,7.3125,6.9375,6.050690650939941
1999-11-04,155700,7.1875,7.0625,7.25,6.875,5.894209384918213
1999-11-03,110500,7.25,7.25,7.375,7.125,6.050690650939941
1999-11-02,105300,7.375,7.1875,7.375,7.1875,5.998528480529785
1999-11-01,86500,7.3125,7.625,7.6875,7.1875,6.363657474517822
1999-10-29,232200,7.5,7.25,7.6875,7.25,6.050690650939941
1999-10-28,129400,8.25,7.5,8.4375,7.4375,6.259335517883301
1999-10-27,128500,8.375,8.3125,8.5,7.875,6.937429904937744
1999-10-26,314500,8.1875,8.5,8.6875,8.1875,7.093914031982422
1999-10-25,139400,7.5,7.875,7.9375,7.5,6.572301864624023
1999-10-22,100200,7.0625,7.5,7.5,7.0625,6.259335517883301
1999-10-21,200100,7.0,7.0625,7.125,7.0,5.894209384918213
1999-10-20,180200,6.875,7.125,7.25,6.8125,5.946368217468262
1999-10-19,203200,6.875,6.8125,7.0625,6.5625,5.685563087463379
1999-10-18,101300,6.875,6.8125,6.9375,6.625,5.685563087463379
1999-10-15,124200,7.0,6.875,7.0625,6.75,5.7377238273620605
1999-10-14,302500,7.25,7.125,7.25,6.875,5.946368217468262
1999-10-13,287500,7.125,7.25,7.3125,6.875,6.050690650939941
1999-10-12,381800,7.5,7.1875,7.5,7.0,5.998528480529785
1999-10-11,211900,7.5,7.375,7.625,7.3125,6.155014514923096
1999-10-08,363800,7.25,7.5,7.5,7.1875,6.259335517883301
1999-10-07,619500,6.9375,7.1875,7.1875,6.625,5.998528480529785
1999-10-06,1411400,6.6875,6.75,7.1875,6.625,5.6334028244018555
1999-10-05,2514800,7.5,6.5,7.5,6.4375,5.424757480621338
1999-10-04,16200,11.625,11.6875,11.6875,11.5,9.754130363464355
1999-10-01,79800,11.75,11.625,12.0,11.375,9.701970100402832
1999-09-30,634000,11.6875,11.8125,11.875,11.25,9.858452796936035
1999-09-29,58000,11.75,11.6875,11.75,11.625,9.754130363464355
1999-09-28,25700,12.0625,11.75,12.125,11.6875,9.806292533874512
1999-09-27,20700,12.125,12.0,12.3125,12.0,10.014941215515137
1999-09-24,26300,12.4375,12.1875,12.5625,12.125,10.171422004699707
1999-09-23,42400,12.625,12.5,12.75,12.375,10.432226181030273
1999-09-22,19100,12.8125,12.75,12.9375,12.6875,10.640873908996582
1999-09-21,99300,13.6875,12.75,13.6875,12.4375,10.640873908996582
1999-09-20,7500,13.8125,13.75,13.9375,13.6875,11.475447654724121
1999-09-17,13800,14.0,13.9375,14.125,13.875,11.63193130493164
1999-09-16,6100,14.375,14.0625,14.375,14.0625,11.736254692077637
1999-09-15,37500,14.25,14.375,14.625,14.125,11.99705696105957
1999-09-14,21800,14.875,14.3125,14.9375,14.25,11.944902420043945
1999-09-13,8700,14.875,14.875,14.875,14.5625,12.414349555969238
1999-09-10,16400,14.75,15.0,15.0,14.5625,12.518671035766602
1999-09-09,6900,15.0,14.875,15.0,14.75,12.414349555969238
1999-09-08,53100,15.625,15.0625,15.625,15.0,12.570833206176758
1999-09-07,36500,15.375,15.6875,15.6875,15.375,13.092443466186523
1999-09-03,28200,14.5625,15.25,15.25,14.5,12.727314949035645
1999-09-02,10900,14.25,14.5,14.5,14.25,12.101381301879883
1999-09-01,10500,14.0,14.25,14.25,14.0,11.892736434936523
1999-08-31,24700,14.0,14.125,14.1875,13.8125,11.788418769836426
1999-08-30,19100,14.125,13.9375,14.125,13.9375,11.63193130493164
1999-08-27,8600,14.0625,14.1875,14.25,14.0625,11.840576171875
1999-08-26,15200,14.0625,14.1875,14.25,14.0625,11.840576171875
1999-08-25,29200,14.25,14.1875,14.3125,14.0,11.840576171875
1999-08-24,96300,14.875,14.1875,14.875,14.0,11.840576171875
1999-08-23,31400,14.125,14.75,14.9375,14.125,12.310029029846191
1999-08-20,211100,13.0,14.0,14.0,13.0,11.684094429016113
1999-08-19,103600,13.3125,12.9375,13.3125,12.75,10.797353744506836
1999-08-18,28500,14.0,13.375,14.0,13.375,11.162482261657715
1999-08-17,28100,14.125,13.875,14.125,13.75,11.579773902893066
1999-08-16,48700,14.5,14.0,14.5,13.9375,11.684094429016113
1999-08-13,18500,14.75,14.625,14.875,14.5,12.205705642700195
1999-08-12,10500,14.75,14.8125,14.875,14.5625,12.362190246582031
1999-08-11,7600,14.25,14.625,14.625,14.25,12.205705642700195
1999-08-10,98500,14.375,14.125,14.5,13.875,11.788418769836426
1999-08-09,40700,15.0,14.5,15.125,14.5,12.101381301879883
1999-08-06,41200,15.0625,14.9375,15.0625,14.3125,12.466514587402344
1999-08-05,153400,15.9375,15.0625,15.9375,14.9375,12.570833206176758
1999-08-04,23400,15.9375,15.9375,16.0,15.75,13.301093101501465
1999-08-03,25700,15.6875,15.875,15.9375,15.6875,13.248926162719727
1999-08-02,13000,16.0,15.9375,16.0,15.75,13.301093101501465
1999-07-30,15000,16.625,16.125,16.6875,16.0,13.457569122314453
1999-07-29,15100,16.8125,16.6875,16.8125,16.625,13.927018165588379
1999-07-28,10400,17.0,16.9375,17.0,16.875,14.13566780090332
1999-07-27,36900,16.625,17.0,17.0,16.3125,14.187828063964844
1999-07-26,21900,17.125,16.625,17.25,16.5625,13.874859809875488
1999-07-23,28100,16.5625,17.0625,17.0625,16.375,14.23998737335205
1999-07-22,16300,17.125,16.625,17.1875,16.5,13.874859809875488
1999-07-21,101600,16.625,17.0625,17.6875,16.625,14.23998737335205
1999-07-20,28200,16.0,16.4375,16.8125,16.0,13.718379974365234
1999-07-19,72200,16.875,16.0,16.875,15.75,13.353250503540039
1999-07-16,32600,17.1875,17.125,17.375,17.0,14.292152404785156
1999-07-15,36300,17.5,17.375,17.5,17.3125,14.5007963180542
1999-07-14,14600,17.3125,17.4375,17.4375,17.0625,14.55295467376709
1999-07-13,32500,17.625,17.3125,17.875,17.25,14.448633193969727
1999-07-12,204500,18.0,17.625,18.0625,17.625,14.709443092346191
1999-07-09,79100,18.5,18.0625,18.5,18.0,15.074566841125488
1999-07-08,61300,18.125,18.4375,18.625,18.0,15.387539863586426
1999-07-07,65900,18.0,18.0625,18.1875,17.9375,15.074566841125488
1999-07-06,26300,18.25,18.0,18.25,18.0,15.022408485412598
1999-07-02,125200,18.1875,18.1875,18.1875,17.875,15.178886413574219
1999-07-01,51900,18.0,18.0625,18.375,18.0,15.074566841125488
1999-06-30,154200,18.4375,18.0,18.5625,18.0,15.022408485412598
1999-06-29,176700,17.75,18.375,18.5,17.5625,15.335370063781738
1999-06-28,46900,17.75,17.8125,17.8125,17.5625,14.865924835205078
1999-06-25,24800,17.5625,17.6875,17.6875,17.5625,14.761605262756348
1999-06-24,45800,17.875,17.6875,17.875,17.4375,14.761605262756348
1999-06-23,95200,17.5625,17.875,17.875,17.5625,14.91808795928955
1999-06-22,68900,17.625,17.6875,17.9375,17.625,14.761605262756348
1999-06-21,103500,17.625,17.625,17.625,17.4375,14.709443092346191
1999-06-18,70100,17.875,17.5,17.875,17.4375,14.605116844177246
1999-06-17,103400,17.1875,17.75,17.8125,17.1875,14.813758850097656
1999-06-16,210600,16.5,17.1875,17.1875,16.5,14.344314575195312
1999-06-15,78300,15.875,16.5625,16.5625,15.875,13.822702407836914
1999-06-14,31800,15.8125,15.8125,16.0,15.5,13.19676685333252
1999-06-11,14300,16.0,16.0,16.0,15.8125,13.353250503540039
1999-06-10,10700,16.0625,15.875,16.0625,15.8125,13.248926162719727
1999-06-09,97300,16.1875,16.125,16.1875,15.75,13.457569122314453
1999-06-08,290600,15.9375,16.1875,16.25,15.9375,13.509730339050293
1999-06-07,14500,15.8125,15.875,16.0,15.8125,13.248926162719727
1999-06-04,31700,16.125,15.8125,16.125,15.75,13.19676685333252
1999-06-03,146600,16.0,16.0625,16.125,15.875,13.405410766601562
1999-06-02,51900,16.0625,15.875,16.25,15.75,13.248926162719727
1999-06-01,47200,15.875,16.0625,16.0625,15.75,13.405410766601562
1999-05-28,78900,16.625,15.75,16.625,15.25,13.144603729248047
1999-05-27,13700,17.1875,16.625,17.1875,16.625,13.874859809875488
1999-05-26,111800,17.1875,17.25,17.6875,17.1875,14.396466255187988
1999-05-25,46300,16.4375,17.1875,17.1875,16.4375,14.344314575195312
1999-05-24,88000,16.625,16.4375,16.6875,16.3125,13.718379974365234
1999-05-21,25800,16.3125,16.5,16.5,16.125,13.770541191101074
1999-05-20,50300,16.5,16.3125,16.6875,16.3125,13.614057540893555
1999-05-19,17300,16.9375,16.375,16.9375,16.375,13.666217803955078
1999-05-18,12400,17.125,16.9375,17.125,16.75,14.13566780090332
1999-05-17,151000,17.125,17.0,17.125,16.125,14.187828063964844
1999-05-14,70800,17.5,17.25,17.5,17.125,14.396466255187988
1999-05-13,236500,17.375,17.625,18.125,17.25,14.709443092346191
1999-05-12,317900,16.1875,17.6875,17.75,16.1875,14.761605262756348
1999-05-11,394800,14.875,16.3125,16.375,14.75,13.614057540893555
1999-05-10,109200,15.4375,14.9375,15.4375,14.9375,12.466514587402344
1999-05-07,106600,16.0625,15.375,16.1875,15.375,12.83163833618164
1999-05-06,123700,15.3125,16.125,16.25,15.25,13.457569122314453
1999-05-05,52000,16.125,15.375,16.125,15.25,12.83163833618164
1999-05-04,35600,16.25,16.125,16.375,16.0625,13.457569122314453
1999-05-03,122500,16.0,16.125,16.5,15.625,13.457569122314453
1999-04-30,63100,16.0,15.75,16.0625,15.5625,13.144603729248047
1999-04-29,38700,16.0,16.0,16.25,15.75,13.353250503540039
1999-04-28,24600,15.75,15.875,16.0,15.5,13.248926162719727
1999-04-27,11200,15.6875,15.625,15.75,15.5,13.04028034210205
1999-04-26,41600,15.9375,15.5625,16.25,15.3125,12.988117218017578
1999-04-23,32200,15.5,15.875,15.9375,15.5,13.248926162719727
1999-04-22,21900,16.0,15.5625,16.0,15.1875,12.988117218017578
1999-04-21,48900,15.75,15.9375,16.0625,15.625,13.301093101501465
1999-04-20,42300,15.1875,15.625,15.625,15.0625,13.04028034210205
1999-04-19,163700,14.9375,15.3125,15.9375,14.875,12.779476165771484
1999-04-16,29700,15.125,14.6875,15.125,14.625,12.257864952087402
1999-04-15,57600,15.4375,15.1875,15.625,15.125,12.675150871276855
1999-04-14,186200,15.125,15.375,15.875,15.125,12.83163833618164
1999-04-13,57500,13.75,14.375,14.4375,13.6875,11.99705696105957
1999-04-12,95200,13.25,13.625,13.625,13.125,11.371126174926758
1999-04-09,36200,13.9375,13.9375,13.9375,13.5,11.63193130493164
1999-04-08,110400,14.5,14.0,14.5,13.25,11.684094429016113
1999-04-07,34600,14.9375,14.5,14.9375,14.5,12.101381301879883
1999-04-06,83900,14.9375,14.9375,15.125,14.75,12.466514587402344
1999-04-05,107000,14.75,15.0,15.125,14.625,12.518671035766602
1999-04-01,101800,14.625,14.6875,14.75,14.5,12.257864952087402
1999-03-31,223400,14.9375,14.625,14.9375,14.375,12.205705642700195
1999-03-30,134200,15.5,14.875,15.5,14.75,12.414349555969238
1999-03-29,270000,15.5,15.375,16.5,15.3125,12.83163833618164
1999-03-26,679900,15.5,15.0,16.625,14.25,12.518671035766602
1999-03-25,91900,12.5,13.25,13.375,12.5,11.058159828186035
1999-03-24,78100,11.8125,12.4375,12.5,11.8125,10.380066871643066
1999-03-23,64700,11.5,11.75,11.8125,11.5,9.806292533874512
1999-03-22,126200,11.75,11.625,11.75,11.375,9.701970100402832
1999-03-19,113100,11.625,11.8125,11.875,11.625,9.858452796936035
1999-03-18,203700,11.8125,11.875,12.0,11.625,9.910614013671875
1999-03-17,171200,12.125,11.875,12.125,11.75,9.910614013671875
1999-03-16,12600,12.375,12.25,12.375,12.1875,10.223580360412598
1999-03-15,20400,12.375,12.375,12.4375,12.25,10.327906608581543
1999-03-12,66600,12.5,12.25,12.5625,12.25,10.223580360412598
1999-03-11,54000,12.625,12.4375,12.625,12.375,10.380066871643066
1999-03-10,67300,12.5625,12.4375,12.6875,12.4375,10.380066871643066
1999-03-09,100800,12.75,12.5,12.75,12.5,10.432226181030273
1999-03-08,65700,13.125,12.6875,13.125,12.625,10.58870792388916
1999-03-05,48700,12.75,13.125,13.25,12.75,10.953842163085938
1999-03-04,106200,13.125,12.6875,13.125,12.5625,10.58870792388916
1999-03-03,50200,13.8125,13.0,13.8125,13.0,10.849514961242676
1999-03-02,78000,13.875,13.8125,14.125,13.75,11.52761173248291
1999-03-01,151000,13.5,13.875,14.0,13.0,11.579773902893066
1999-02-26,201400,14.75,13.5,14.75,13.25,11.266805648803711
1999-02-25,116000,15.25,14.75,15.625,14.75,12.310029029846191
1999-02-24,30500,15.25,14.8125,15.5,14.8125,12.362190246582031
1999-02-23,261600,15.0,15.125,15.25,15.0,12.622993469238281
1999-02-22,28300,14.625,15.0,15.0,14.625,12.518671035766602
1999-02-19,75800,15.0,14.5,15.0,14.375,12.101381301879883
1999-02-18,47200,15.0,15.0,15.375,14.9375,12.518671035766602
1999-02-17,31400,15.125,14.8125,15.125,14.75,12.362190246582031
1999-02-16,26400,15.8125,15.125,15.875,15.0625,12.622993469238281
1999-02-12,17500,16.0,15.875,16.0625,15.75,13.248926162719727
1999-02-11,27000,15.6875,16.0,16.0,15.6875,13.353250503540039
1999-02-10,37500,15.125,15.5625,15.5625,15.0,12.988117218017578
1999-02-09,19500,15.8125,15.625,15.8125,15.5,13.04028034210205
1999-02-08,34800,16.1875,15.75,16.3125,15.625,13.144603729248047
1999-02-05,30100,16.875,16.125,16.875,16.125,13.457569122314453
1999-02-04,35800,16.75,17.0,17.0,16.75,14.187828063964844
1999-02-03,19700,16.9375,16.6875,16.9375,16.5,13.927018165588379
1999-02-02,53700,17.5,16.9375,17.5,16.625,14.13566780090332
1999-02-01,26100,18.0,17.75,18.25,17.375,14.813758850097656
1999-01-29,45100,17.0,18.0,18.0,16.875,15.022408485412598
1999-01-28,17700,17.0625,17.0625,17.0625,17.0,14.23998737335205
1999-01-27,19300,17.125,16.9375,17.125,16.875,14.13566780090332
1999-01-26,29400,17.0,17.0,17.0625,17.0,14.187828063964844
1999-01-25,23200,16.9375,17.0625,17.0625,16.875,14.23998737335205
1999-01-22,29100,17.25,16.875,17.375,16.75,14.083505630493164
1999-01-21,76800,17.4375,17.25,17.5625,17.125,14.396466255187988
1999-01-20,156200,17.5,17.5625,18.0,17.375,14.65727710723877
1999-01-19,40300,17.75,18.0,18.0,17.625,15.022408485412598
1999-01-15,47700,18.1875,18.0,18.1875,17.9375,15.022408485412598
1999-01-14,22200,17.9375,18.25,18.5,17.8125,15.231050491333008
1999-01-13,32500,17.125,17.625,17.625,17.0,14.709443092346191
1999-01-12,68500,18.0,17.25,18.031200408935547,17.25,14.396466255187988
1999-01-11,80200,18.0,17.625,18.25,17.625,14.709443092346191
1999-01-08,45200,17.5625,17.9375,18.0,17.5,14.970246315002441
1999-01-07,22900,17.625,17.5,17.6875,17.5,14.605116844177246
1999-01-06,14200,17.75,17.6875,17.875,17.625,14.761605262756348
1999-01-05,18000,18.125,17.75,18.125,17.75,14.813758850097656
1999-01-04,69500,17.75,18.125,18.25,17.75,15.126730918884277
1998-12-31,29300,17.75,17.875,17.875,17.625,14.91808795928955
1998-12-30,68100,18.0,17.75,18.0,17.75,14.813758850097656
1998-12-29,11900,18.0,17.875,18.0,17.6875,14.91808795928955
1998-12-28,25000,17.3125,18.0,18.0,17.125,15.022408485412598
1998-12-24,10900,17.0,17.25,17.5,17.0,14.396466255187988
1998-12-23,75000,16.875,17.0,17.0,16.6875,14.187828063964844
1998-12-22,34200,17.375,16.8125,17.375,16.625,14.03134536743164
1998-12-21,23100,17.9375,17.4375,17.9375,17.375,14.55295467376709
1998-12-18,55800,18.75,17.875,18.75,17.875,14.91808795928955
1998-12-17,47400,18.875,18.6875,18.875,18.625,15.596177101135254
1998-12-16,12800,19.0,18.9375,19.0,18.875,15.804826736450195
1998-12-15,38900,18.875,19.0,19.0,18.875,15.856986045837402
1998-12-14,20100,19.0,18.875,19.0,18.8125,15.752662658691406
1998-12-11,35200,19.125,19.0625,19.125,18.9375,15.90914249420166
1998-12-10,19500,20.0,19.25,20.0,19.25,16.06563377380371
1998-12-09,93500,19.9375,19.9375,20.0,19.875,16.63939666748047
1998-12-08,16600,19.8125,19.9375,19.9375,19.8125,16.63939666748047
1998-12-07,41200,19.625,20.0,20.0,19.625,16.691560745239258
1998-12-04,43100,19.1875,19.5,19.5625,19.125,16.27427101135254
1998-12-03,19700,19.6875,19.3125,19.875,19.25,16.117782592773438
1998-12-02,27300,19.5,19.5625,20.0,19.5,16.326438903808594
1998-12-01,10400,18.875,19.625,19.625,18.875,16.378591537475586
1998-11-30,37800,18.25,18.75,18.75,18.1875,15.648338317871094
1998-11-27,3100,18.125,18.1875,18.1875,18.125,15.178886413574219
1998-11-25,26600,18.8125,18.25,18.8125,18.25,15.231050491333008
1998-11-24,14500,19.625,18.8125,19.625,18.75,15.700501441955566
1998-11-23,36800,20.5,19.5,20.5,19.5,16.27427101135254
1998-11-20,21000,19.625,20.5,20.5,19.625,17.108848571777344
1998-11-19,33500,19.75,19.9375,20.25,19.625,16.63939666748047
1998-11-18,13800,19.75,19.875,20.0,19.4375,16.587234497070312
1998-11-17,112700,18.25,19.625,19.6875,18.25,16.378591537475586
1998-11-16,45700,17.875,18.25,18.3125,17.875,15.231050491333008
1998-11-13,10200,18.125,17.875,18.125,17.875,14.91808795928955
1998-11-12,41100,18.625,18.0,18.6875,18.0,15.022408485412598
1998-11-11,20200,18.375,18.625,18.625,18.375,15.544018745422363
1998-11-10,21400,18.5625,18.375,18.5625,18.0625,15.335370063781738
1998-11-09,16000,19.0,18.5,19.125,18.5,15.439695358276367
1998-11-06,35000,18.875,18.9375,19.1875,18.875,15.804826736450195
1998-11-05,47700,19.375,18.9375,19.375,18.75,15.804826736450195
1998-11-04,72600,19.125,19.25,19.25,18.3125,16.06563377380371
1998-11-03,38100,19.3125,19.125,19.375,19.0625,15.961304664611816
1998-11-02,57300,19.125,19.3125,20.0,19.125,16.117782592773438
1998-10-30,24000,17.375,19.0,19.0,17.375,15.856986045837402
1998-10-29,45900,16.875,17.375,17.375,16.875,14.5007963180542
1998-10-28,32100,17.0625,16.875,17.0625,16.75,14.083505630493164
1998-10-27,92400,16.9375,17.0,17.25,16.9375,14.187828063964844
1998-10-26,45900,17.625,16.9375,17.625,16.8125,14.13566780090332
1998-10-23,21700,16.625,17.5,17.5,16.625,14.605116844177246
1998-10-22,23000,16.0,16.6875,16.75,16.0,13.927018165588379
1998-10-21,29600,16.0,15.9375,16.0625,15.875,13.301093101501465
1998-10-20,28200,16.1875,16.0625,16.25,16.0,13.405410766601562
1998-10-19,77900,16.125,16.156200408935547,16.25,16.093700408935547,13.483613967895508
1998-10-16,21500,15.5,16.1875,16.3125,15.5,13.509730339050293
1998-10-15,38500,14.4375,15.25,15.25,14.1875,12.727314949035645
1998-10-14,82700,15.25,14.3125,15.25,14.3125,11.944902420043945
1998-10-13,35800,15.25,15.25,15.625,15.1875,12.727314949035645
1998-10-12,518900,16.125,15.125,16.125,15.0,12.622993469238281
1998-10-09,45900,16.5,16.125,16.5,16.0625,13.457569122314453
1998-10-08,55400,16.625,16.5,16.625,16.25,13.770541191101074
1998-10-07,16800,16.875,16.625,16.875,15.9375,13.874859809875488
1998-10-06,13800,17.125,16.8125,17.375,16.6875,14.03134536743164
1998-10-05,22900,18.375,17.5,18.375,17.5,14.605116844177246
1998-10-02,33200,19.0625,18.375,19.0625,18.25,15.335370063781738
1998-10-01,54900,20.125,19.0,20.125,18.9375,15.856986045837402
1998-09-30,67800,18.625,20.125,20.125,18.625,16.795886993408203
1998-09-29,40600,18.25,18.625,18.75,18.1875,15.544018745422363
1998-09-28,75500,18.625,18.0625,18.75,18.0625,15.074566841125488
1998-09-25,55300,17.75,18.6875,19.0,17.625,15.596177101135254
1998-09-24,12800,17.9375,17.625,17.9375,17.375,14.709443092346191
1998-09-23,163700,16.75,18.0625,18.5,16.75,15.074566841125488
1998-09-22,36500,15.875,16.6875,16.6875,15.625,13.927018165588379
1998-09-21,35500,15.9375,15.875,16.0,15.625,13.248926162719727
1998-09-18,72500,16.0,15.9375,16.0,15.625,13.301093101501465
1998-09-17,48700,15.875,15.6875,15.875,15.5625,13.092443466186523
1998-09-16,14900,16.4375,16.125,16.4375,16.0,13.457569122314453
1998-09-15,21300,16.0,16.1875,16.1875,15.75,13.509730339050293
1998-09-14,20100,16.6875,16.25,16.75,16.25,13.56189250946045
1998-09-11,112000,15.25,16.5625,16.5625,15.25,13.822702407836914
1998-09-10,20700,16.375,15.3125,16.5,15.3125,12.779476165771484
1998-09-09,19800,17.9375,16.3125,17.9375,16.3125,13.614057540893555
1998-09-08,36900,17.875,17.9375,18.0,17.875,14.970246315002441
1998-09-04,58500,18.0,17.5,18.0625,17.3125,14.605116844177246
1998-09-03,6900,18.8125,18.5,18.875,18.5,15.439695358276367
1998-09-02,16000,19.1875,18.9375,19.1875,18.9375,15.804826736450195
1998-09-01,137800,17.75,19.0625,19.0625,17.75,15.90914249420166
1998-08-31,43500,19.125,17.875,19.125,17.8125,14.91808795928955
1998-08-28,16800,19.6875,19.25,19.75,19.1875,16.06563377380371
1998-08-27,99600,20.0,19.6875,20.0625,19.625,16.43075942993164
1998-08-26,28000,20.625,20.0625,20.6875,20.0,16.74372673034668
1998-08-25,22300,20.25,20.75,21.25,20.25,17.317502975463867
1998-08-24,44500,19.875,20.125,20.125,19.875,16.795886993408203
1998-08-21,18100,20.125,19.8125,20.125,19.5,16.53507423400879
1998-08-20,9800,20.5625,20.0625,20.5625,20.0625,16.74372673034668
1998-08-19,12600,21.375,20.5,21.375,20.5,17.108848571777344
1998-08-18,72700,20.5,21.5,21.8125,20.5,17.943429946899414
1998-08-17,16700,20.3125,20.5,20.5,20.25,17.108848571777344
1998-08-14,33100,20.25,20.4375,20.625,20.25,17.056686401367188
1998-08-13,60000,20.8125,20.25,20.8125,20.25,16.900205612182617
1998-08-12,163500,19.6875,20.8125,20.8125,19.6875,17.369653701782227
1998-08-11,25400,20.125,19.625,20.125,19.5,16.378591537475586
1998-08-10,18100,19.625,20.25,20.25,19.625,16.900205612182617
1998-08-07,138500,19.9375,19.625,20.25,19.5625,16.378591537475586
1998-08-06,180100,20.0,19.9375,20.625,19.875,16.63939666748047
1998-08-05,70800,20.625,19.9375,20.75,19.875,16.63939666748047
1998-08-04,50300,21.875,20.625,21.875,19.875,17.213165283203125
1998-08-03,26900,22.125,21.875,22.1875,21.5625,18.256397247314453
1998-07-31,21500,22.5,22.3125,22.625,22.3125,18.621524810791016
1998-07-30,26500,22.625,22.5,22.6875,22.25,18.778005599975586
1998-07-29,31700,22.5,22.625,22.8125,22.5,18.8823299407959
1998-07-28,29200,23.0,22.375,23.0,22.25,18.673681259155273
1998-07-27,22200,23.875,23.125,23.875,22.9375,19.299617767333984
1998-07-24,29100,24.125,23.875,24.25,23.75,19.92555046081543
1998-07-23,16300,24.3125,24.25,24.5625,24.125,20.23851776123047
1998-07-22,36100,24.6875,24.3125,24.6875,24.25,20.290681838989258
1998-07-21,19900,24.75,24.6875,25.0,24.625,20.603647232055664
1998-07-20,5300,24.875,24.75,24.875,24.5625,20.655813217163086
1998-07-17,11400,24.8125,24.75,24.875,24.5,20.655813217163086
1998-07-16,37900,25.0625,24.5625,25.0625,24.5,20.499330520629883
1998-07-15,21700,25.5,25.125,25.5,25.0625,20.968772888183594
1998-07-14,82400,26.1875,25.875,26.25,25.875,21.594707489013672
1998-07-13,141200,25.625,26.1875,26.625,25.625,21.855518341064453
1998-07-10,48700,25.25,25.625,25.625,25.0625,21.386064529418945
1998-07-09,117000,24.125,25.125,25.25,24.0,20.968772888183594
1998-07-08,59500,24.25,24.0625,24.25,23.875,20.082035064697266
1998-07-07,29300,24.0,24.5,24.5,23.75,20.447160720825195
1998-07-06,51600,23.9375,24.125,24.5,23.75,20.13420295715332
1998-07-02,35600,23.5625,23.4375,23.625,23.375,19.5604248046875
1998-07-01,81000,23.5,23.6875,23.75,23.375,19.769071578979492
1998-06-30,158200,23.0625,23.375,23.375,23.0,19.50826072692871
1998-06-29,119000,23.0,23.0625,23.1875,22.875,19.247451782226562
1998-06-26,176500,21.0,23.5,23.75,21.0,19.612585067749023
1998-06-25,19400,20.625,20.875,20.875,20.625,17.421817779541016
1998-06-24,51600,20.125,20.625,21.0,20.0625,17.213165283203125
1998-06-23,31000,20.375,20.125,20.625,20.0625,16.795886993408203
1998-06-22,87200,20.25,20.625,20.75,20.0,17.213165283203125
1998-06-19,44500,20.125,20.25,20.375,20.125,16.900205612182617
1998-06-18,49800,20.125,20.125,20.25,20.0625,16.795886993408203
1998-06-17,817800,19.75,20.1875,20.4375,19.6875,16.848041534423828
1998-06-16,1381700,19.75,19.6875,19.9375,19.125,16.43075942993164
1998-06-15,102300,20.5625,20.125,20.75,19.75,16.795886993408203
1998-06-12,24800,21.0625,20.8125,21.125,20.8125,17.369653701782227
1998-06-11,26700,21.625,21.1875,21.625,21.1875,17.68262481689453
1998-06-10,12100,21.875,21.625,22.0,21.625,18.047748565673828
1998-06-09,21400,22.6875,22.0,22.6875,22.0,18.360719680786133
1998-06-08,32800,22.875,22.9375,22.9375,22.875,19.143138885498047
1998-06-05,9000,22.8125,23.0,23.0,22.6875,19.19529914855957
1998-06-04,64200,22.6875,22.6875,22.75,22.5,18.934490203857422
1998-06-03,20700,22.625,22.6875,22.9375,22.625,18.934490203857422
1998-06-02,106300,22.625,22.75,23.0,22.375,18.98665428161621
1998-06-01,50300,22.0,22.5,22.875,22.0,18.778005599975586
1998-05-29,39000,21.375,22.0,22.0,21.375,18.360719680786133
1998-05-28,28700,20.875,21.25,21.375,20.875,17.734783172607422
1998-05-27,45100,21.0,20.8125,21.0,20.75,17.369653701782227
1998-05-26,19900,21.125,21.0625,21.25,21.0625,17.578298568725586
1998-05-22,6100,21.25,21.9375,21.9375,21.25,18.308555603027344
1998-05-21,28500,21.0,21.125,21.1875,20.9375,17.630464553833008
1998-05-20,10300,21.0,21.0,21.0,20.875,17.526142120361328
1998-05-19,15100,20.875,21.0,21.0,20.875,17.526142120361328
1998-05-18,35200,21.375,20.875,21.375,20.875,17.421817779541016
1998-05-15,46800,22.875,21.4375,22.875,21.375,17.891265869140625
1998-05-14,11500,23.0,23.0625,23.125,23.0,19.247451782226562
1998-05-13,9400,23.5,23.125,23.5,23.0,19.299617767333984
1998-05-12,10300,23.5625,23.25,23.625,23.25,19.403940200805664
1998-05-11,20300,23.625,23.5625,23.625,23.5,19.664749145507812
1998-05-08,29400,23.1875,23.625,23.875,23.1875,19.71690559387207
1998-05-07,12300,23.125,23.4375,23.5625,23.125,19.5604248046875
1998-05-06,5700,23.0,23.0625,23.0625,22.875,19.247451782226562
1998-05-05,3500,22.5,22.875,22.875,22.375,19.090974807739258
1998-05-04,15400,22.875,22.625,22.875,22.375,18.8823299407959
1998-05-01,4200,23.375,23.0,23.375,23.0,19.19529914855957
1998-04-30,5200,23.25,23.375,23.375,23.125,19.50826072692871
1998-04-29,18600,23.0625,23.125,23.25,22.875,19.299617767333984
1998-04-28,30100,23.125,23.0625,23.25,23.0,19.247451782226562
1998-04-27,34200,23.1875,23.0625,23.25,22.9375,19.247451782226562
1998-04-24,59700,23.375,23.25,23.375,23.1875,19.403940200805664
1998-04-23,38600,24.125,23.5,24.4375,23.5,19.612585067749023
1998-04-22,44100,23.9375,24.125,24.75,23.9375,20.13420295715332
1998-04-21,39800,23.875,24.0,24.125,23.6875,20.029882431030273
1998-04-20,15000,23.625,23.875,24.0,23.625,19.92555046081543
1998-04-17,23300,23.0,23.625,23.625,23.0,19.71690559387207
1998-04-16,59700,23.1875,23.0,23.375,22.625,19.19529914855957
1998-04-15,33600,22.0,22.625,22.625,21.875,18.8823299407959
1998-04-14,28800,22.0625,22.0625,22.1875,22.0625,18.41287612915039
1998-04-13,35200,22.0,22.0625,22.1875,21.875,18.41287612915039
1998-04-09,24200,22.5,22.0,22.5,21.875,18.360719680786133
1998-04-08,28000,21.375,22.5,22.5,21.375,18.778005599975586
1998-04-07,4400,21.375,21.4375,21.4375,21.25,17.891265869140625
1998-04-06,5100,21.3125,21.4375,21.4375,21.3125,17.891265869140625
1998-04-03,5600,21.5,21.25,21.5,21.25,17.734783172607422
1998-04-02,7400,21.5,21.5,21.5625,21.4375,17.943429946899414
1998-04-01,6500,21.625,21.625,21.75,21.375,18.047748565673828
1998-03-31,21500,21.25,21.625,21.625,21.1875,18.047748565673828
1998-03-30,83700,21.0,21.125,22.25,21.0,17.630464553833008
1998-03-27,23400,20.9375,20.875,20.9375,20.875,17.421817779541016
1998-03-26,4600,20.5,20.875,20.875,20.5,17.421817779541016
1998-03-25,18000,20.5625,20.5,20.75,20.5,17.108848571777344
1998-03-24,30100,20.4375,20.625,20.875,20.4375,17.213165283203125
1998-03-23,29500,20.25,20.5,20.5,20.25,17.108848571777344
1998-03-20,21300,19.75,20.125,20.125,19.75,16.795886993408203
1998-03-19,4500,19.625,19.5,19.625,19.5,16.27427101135254
1998-03-18,16900,19.4375,19.75,19.75,19.375,16.482921600341797
1998-03-17,2300,19.25,19.4375,19.4375,19.25,16.222110748291016
1998-03-16,3500,19.0,19.25,19.25,19.0,16.06563377380371
1998-03-13,36000,19.0,19.0,19.25,18.875,15.856986045837402
1998-03-12,4000,19.5,19.0,19.5,19.0,15.856986045837402
1998-03-11,2200,19.125,19.4375,19.4375,19.125,16.222110748291016
1998-03-10,13500,19.3125,19.0,19.375,19.0,15.856986045837402
1998-03-09,12200,19.375,19.1875,19.5,19.125,16.013473510742188
1998-03-06,4700,19.5,19.5,19.5,19.4375,16.27427101135254
1998-03-05,37800,19.1875,19.625,19.625,18.875,16.378591537475586
1998-03-04,2200,19.4375,19.3125,19.4375,19.3125,16.117782592773438
1998-03-03,4100,19.25,19.375,19.375,19.125,16.169950485229492
1998-03-02,140900,19.3125,19.5,19.5,18.9375,16.27427101135254
1998-02-27,20600,19.875,19.375,19.875,19.3125,16.169950485229492
1998-02-26,66000,19.875,19.75,20.375,19.75,16.482921600341797
1998-02-25,6600,19.75,19.5,19.875,19.375,16.27427101135254
1998-02-24,16800,19.875,19.6875,19.875,19.625,16.43075942993164
1998-02-23,21700,20.0,20.0,20.25,19.9375,16.691560745239258
1998-02-20,19600,20.0,20.125,20.125,20.0,16.795886993408203
1998-02-19,30700,20.125,20.0625,20.25,20.0625,16.74372673034668
1998-02-18,59900,19.5,20.0625,20.125,19.5,16.74372673034668
1998-02-17,23600,19.125,19.375,19.375,19.125,16.169950485229492
1998-02-13,18000,19.0,19.0,19.125,18.8125,15.856986045837402
1998-02-12,16600,19.0,18.875,19.125,18.8125,15.752662658691406
1998-02-11,17300,19.5,18.875,19.5,18.875,15.752662658691406
1998-02-10,17300,19.3125,19.5,19.75,19.1875,16.27427101135254
1998-02-09,11100,19.4375,19.25,19.625,19.25,16.06563377380371
1998-02-06,14600,19.5,19.3125,19.5,19.125,16.117782592773438
1998-02-05,10900,19.625,19.5,19.625,19.25,16.27427101135254
1998-02-04,38100,19.5,19.5625,19.75,19.375,16.326438903808594
1998-02-03,57900,19.625,19.625,19.625,19.4375,16.378591537475586
1998-02-02,15700,19.1875,19.6875,19.75,19.1875,16.43075942993164
1998-01-30,49000,19.125,19.3125,19.3125,19.0,16.117782592773438
1998-01-29,22400,19.0625,19.0625,19.125,19.0,15.90914249420166
1998-01-28,15300,18.9375,19.0625,19.0625,18.875,15.90914249420166
1998-01-27,106500,18.8125,18.9375,18.9375,18.75,15.804826736450195
1998-01-26,83300,18.8125,18.875,19.0,18.8125,15.752662658691406
1998-01-23,12900,18.8125,18.8125,18.8125,18.8125,15.700501441955566
1998-01-22,20800,18.8125,18.875,19.0,18.75,15.752662658691406
1998-01-21,43700,18.875,18.875,19.25,18.875,15.752662658691406
1998-01-20,12700,18.875,19.0,19.0,18.75,15.856986045837402
1998-01-16,20300,18.875,18.75,19.0,18.75,15.648338317871094
1998-01-15,17900,18.875,18.875,19.125,18.875,15.752662658691406
1998-01-14,27400,18.75,18.875,19.125,18.75,15.752662658691406
1998-01-13,38300,18.1875,18.75,18.75,18.1875,15.648338317871094
1998-01-12,9100,18.125,18.1875,18.25,18.125,15.178886413574219
1998-01-09,9200,18.25,18.25,18.25,18.125,15.231050491333008
1998-01-08,32000,18.625,18.25,18.625,18.25,15.231050491333008
1998-01-07,9300,19.0,18.75,19.125,18.75,15.648338317871094
1998-01-06,15200,19.0625,19.0625,19.0625,18.75,15.90914249420166
1998-01-05,240300,19.0,19.0,19.093700408935547,18.625,15.856986045837402
1998-01-02,15600,19.625,19.1875,19.6875,19.125,16.013473510742188
1997-12-31,134200,19.5,19.75,20.0,19.5,16.482921600341797
1997-12-30,29000,19.25,19.5,19.5,19.1875,16.27427101135254
1997-12-29,10300,19.0625,19.25,19.375,19.0,16.06563377380371
1997-12-26,1400,19.0625,19.0625,19.1875,19.0625,15.90914249420166
1997-12-24,4100,19.5,19.0625,19.5,19.0625,15.90914249420166
1997-12-23,19000,19.0,19.375,19.375,18.9375,16.169950485229492
1997-12-22,7400,19.25,19.0,19.25,19.0,15.856986045837402
1997-12-19,30600,19.0,19.25,19.25,18.875,16.06563377380371
1997-12-18,46600,18.875,19.0625,19.25,18.875,15.90914249420166
1997-12-17,107100,18.0625,19.0,19.125,18.0625,15.856986045837402
1997-12-16,43200,18.0,18.125,18.5,17.75,15.126730918884277
1997-12-15,27400,17.625,17.875,17.875,17.5625,14.91808795928955
1997-12-12,3400,17.875,17.75,18.0,17.75,14.813758850097656
1997-12-11,71100,17.625,17.8125,17.875,17.625,14.865924835205078
1997-12-10,168100,17.125,17.625,18.0,17.0,14.709443092346191
1997-12-09,40100,16.875,17.125,17.125,16.8125,14.292152404785156
1997-12-08,53500,17.25,16.9375,17.25,16.75,14.13566780090332
1997-12-05,47600,16.5,17.25,17.25,16.4375,14.396466255187988
1997-12-04,23900,16.4375,16.5,16.5625,16.375,13.770541191101074
1997-12-03,9900,16.6875,16.4375,16.6875,16.3125,13.718379974365234
1997-12-02,49900,16.875,16.625,17.0,16.625,13.874859809875488
1997-12-01,10100,17.0625,17.0,17.125,17.0,14.187828063964844
1997-11-28,21000,17.0625,17.0,17.25,17.0,14.187828063964844
1997-11-26,36900,17.0,16.9375,17.0625,16.9375,14.13566780090332
1997-11-25,43700,16.8125,16.9375,17.125,16.8125,14.13566780090332
1997-11-24,28400,17.4375,16.9375,17.4375,16.875,14.13566780090332
1997-11-21,26300,16.875,17.3125,17.3125,16.875,14.448633193969727
1997-11-20,47800,16.625,16.75,16.875,16.3125,13.979188919067383
1997-11-19,61400,15.1875,16.375,16.375,15.1875,13.666217803955078
1997-11-18,52000,15.0,15.3125,15.375,15.0,12.779476165771484
1997-11-17,68400,15.625,15.5625,15.6875,15.5,12.988117218017578
1997-11-14,125400,16.0625,15.5,16.0625,15.5,12.935959815979004
1997-11-13,250100,15.9375,16.0,16.0,15.625,13.353250503540039
1997-11-12,17300,16.375,15.75,16.375,15.75,13.144603729248047
1997-11-11,25900,16.5,16.5,16.75,16.375,13.770541191101074
1997-11-10,11100,16.5,16.625,16.6875,16.5,13.874859809875488
1997-11-07,58700,16.125,16.375,17.125,16.125,13.666217803955078
1997-11-06,8700,16.875,16.5,16.9375,16.5,13.770541191101074
1997-11-05,13400,16.8125,16.75,16.875,16.625,13.979188919067383
1997-11-04,5000,17.0,16.9375,17.0,16.875,14.13566780090332
1997-11-03,43100,16.875,17.0625,17.125,16.875,14.23998737335205
1997-10-31,119600,17.0,17.0,17.0,16.5625,14.187828063964844
1997-10-30,58000,15.875,16.75,16.8125,15.875,13.979188919067383
1997-10-29,157600,16.25,15.9375,16.25,15.75,13.301093101501465
1997-10-28,122200,15.25,16.25,16.25,15.0,13.56189250946045
1997-10-27,58500,16.9375,15.875,16.9375,15.5,13.248926162719727
1997-10-24,64000,17.875,17.0625,18.0,17.0,14.23998737335205
1997-10-23,15100,17.625,17.75,17.75,17.5,14.813758850097656
1997-10-22,51800,17.875,17.75,18.0625,17.5625,14.813758850097656
1997-10-21,57800,18.4375,17.75,18.625,17.375,14.813758850097656
1997-10-20,29400,17.9375,18.5625,18.625,17.9375,15.49185562133789
1997-10-17,22100,18.0,17.8125,18.0,17.75,14.865924835205078
1997-10-16,24500,18.5,18.125,18.75,18.0,15.126730918884277
1997-10-15,168900,18.25,18.4375,18.75,18.0,15.387539863586426
1997-10-14,33900,18.6875,18.3125,18.75,18.125,15.283208847045898
1997-10-13,109100,18.8125,18.6875,19.0,18.625,15.596177101135254
1997-10-10,55700,19.4375,18.75,19.5,18.75,15.648338317871094
1997-10-09,47200,19.125,19.625,20.0625,19.0,16.378591537475586
1997-10-08,29600,18.75,19.0625,19.125,18.6875,15.90914249420166
1997-10-07,58300,18.75,18.625,19.0,18.625,15.544018745422363
1997-10-06,77400,18.9375,18.8125,18.9375,18.625,15.700501441955566
1997-10-03,59600,18.5,18.8125,18.9375,18.5,15.700501441955566
1997-10-02,67600,18.9375,18.375,18.9375,18.375,15.335370063781738
1997-10-01,43200,19.3125,18.8125,19.3125,18.5,15.700501441955566
1997-09-30,300000,18.5,19.125,19.25,18.5,15.961304664611816
1997-09-29,127900,19.25,18.4375,19.3125,18.0625,15.387539863586426
1997-09-26,28200,20.25,19.1875,20.25,19.1875,16.013473510742188
1997-09-25,38700,21.3125,20.375,21.375,20.375,17.004531860351562
1997-09-24,115700,21.3125,21.3125,21.5625,21.125,17.786937713623047
1997-09-23,156600,21.0,20.9375,21.4375,20.875,17.473970413208008
1997-09-22,27300,20.5,20.875,21.0,20.5,17.421817779541016
1997-09-19,14700,20.625,20.5625,20.8125,20.5,17.1610164642334
1997-09-18,57600,20.5,20.6875,20.875,20.5,17.26534080505371
1997-09-17,24400,20.125,20.5,20.5625,19.875,17.108848571777344
1997-09-16,4600,19.875,20.0625,20.125,19.875,16.74372673034668
1997-09-15,10000,20.0625,19.875,20.0625,19.875,16.587234497070312
1997-09-12,48100,20.0,20.0,20.1875,19.875,16.691560745239258
1997-09-11,2200,20.0,19.875,20.0,19.8125,16.587234497070312
1997-09-10,57100,19.9375,20.0,20.0625,19.75,16.691560745239258
1997-09-09,61400,20.0,19.9375,20.0,19.5,16.63939666748047
1997-09-08,33900,19.9375,20.0,20.0,19.75,16.691560745239258
1997-09-05,46300,19.5,20.0,20.0,19.375,16.691560745239258
1997-09-04,91100,18.625,19.375,19.875,18.625,16.169950485229492
1997-09-03,63100,18.25,18.5,18.5,18.0,15.439695358276367
1997-09-02,46700,17.9375,18.125,18.25,17.875,15.126730918884277
1997-08-29,41300,17.75,17.8125,17.8125,17.6875,14.865924835205078
1997-08-28,39700,17.625,17.75,17.9375,17.5,14.813758850097656
1997-08-27,20600,17.6875,17.625,17.6875,17.375,14.709443092346191
1997-08-26,19000,18.3125,17.625,18.3125,17.5,14.709443092346191
1997-08-25,65300,18.875,18.3125,18.9375,18.0,15.283208847045898
1997-08-22,14300,18.5625,19.0,19.0,18.375,15.856986045837402
1997-08-21,43000,18.1875,18.6875,18.875,18.1875,15.596177101135254
1997-08-20,16000,18.1875,18.125,18.4375,18.125,15.126730918884277
1997-08-19,16400,18.125,18.3125,18.3125,17.625,15.283208847045898
1997-08-18,23100,17.375,17.875,17.875,17.25,14.91808795928955
1997-08-15,39000,17.8125,17.5,17.875,17.375,14.605116844177246
1997-08-14,71200,17.9375,17.75,18.25,17.0,14.813758850097656
1997-08-13,51600,18.75,18.0,18.875,17.75,15.022408485412598
1997-08-12,50100,19.0,18.875,19.5,18.75,15.752662658691406
1997-08-11,35400,19.125,18.875,19.125,18.5,15.752662658691406
1997-08-08,91600,19.5625,19.0625,19.5625,18.9375,15.90914249420166
1997-08-07,222200,19.5,19.6875,19.6875,19.0,16.43075942993164
1997-08-06,48700,19.75,19.4375,20.0,19.1875,16.222110748291016
1997-08-05,76800,18.125,19.625,19.625,18.0625,16.378591537475586
1997-08-04,77200,18.0,18.0,18.0625,17.875,15.022408485412598
1997-08-01,66800,17.8125,18.125,18.125,17.5,15.126730918884277
1997-07-31,71000,18.125,17.875,18.125,17.625,14.91808795928955
1997-07-30,76200,17.5625,18.0,18.125,17.5625,15.022408485412598
1997-07-29,68000,17.8125,17.625,18.0,17.625,14.709443092346191
1997-07-28,46800,18.125,17.75,18.25,17.625,14.813758850097656
1997-07-25,150600,18.125,18.25,18.625,18.125,15.231050491333008
1997-07-24,46300,17.875,17.9375,18.0625,17.8125,14.970246315002441
1997-07-23,92400,18.0,17.875,18.0,17.375,14.91808795928955
1997-07-22,64700,17.625,17.625,17.875,17.625,14.709443092346191
1997-07-21,79100,18.0,17.625,18.0,17.5,14.709443092346191
1997-07-18,179700,18.25,18.0,18.3125,17.625,15.022408485412598
1997-07-17,185800,17.9375,18.0,18.25,17.9375,15.022408485412598
1997-07-16,144200,17.4375,17.875,17.875,17.4375,14.91808795928955
1997-07-15,53100,17.5,17.375,17.75,17.0625,14.5007963180542
1997-07-14,124700,17.0,17.5625,17.625,16.875,14.65727710723877
1997-07-11,145000,16.75,16.75,17.125,16.625,13.979188919067383
1997-07-10,79900,16.5625,16.75,16.75,16.5,13.979188919067383
1997-07-09,96300,17.0,16.75,17.0625,16.625,13.979188919067383
1997-07-08,167700,17.125,17.0,17.375,17.0,14.187828063964844
1997-07-07,45500,16.5,17.0,17.0,16.125,14.187828063964844
1997-07-03,131800,16.0,16.375,16.5,15.875,13.666217803955078
1997-07-02,327200,16.4375,15.875,16.4375,15.625,13.248926162719727
1997-07-01,530900,15.75,16.3125,16.5,15.5,13.614057540893555
1997-06-30,498600,16.0,15.625,16.0,15.5625,13.04028034210205
1997-06-27,2807400,16.0,16.0,16.125,15.75,13.353250503540039
