date,volume,open,close,high,low,adjclose
2019-04-18,138900,1.090000033378601,1.090000033378601,1.090000033378601,0.9700000286102295,1.090000033378601
2019-04-17,6300,1.1100000143051147,1.0800000429153442,1.1299999952316284,1.0800000429153442,1.0800000429153442
2019-04-16,16700,1.1200000047683716,1.1399999856948853,1.1399999856948853,1.0800000429153442,1.1399999856948853
2019-04-15,9800,1.1299999952316284,1.1200000047683716,1.149999976158142,1.1100000143051147,1.1200000047683716
2019-04-12,36200,1.1100000143051147,1.1299999952316284,1.1299999952316284,1.100000023841858,1.1299999952316284
2019-04-11,13500,1.090000033378601,1.1100000143051147,1.1299999952316284,1.0800000429153442,1.1100000143051147
2019-04-10,8200,1.0700000524520874,1.0800000429153442,1.1399999856948853,1.0700000524520874,1.0800000429153442
2019-04-09,57000,1.0700000524520874,1.0700000524520874,1.1200000047683716,1.0700000524520874,1.0700000524520874
2019-04-08,31500,1.1200000047683716,1.1399999856948853,1.1399999856948853,1.100000023841858,1.1399999856948853
2019-04-05,84900,1.1299999952316284,1.1200000047683716,1.159999966621399,1.090000033378601,1.1200000047683716
2019-04-04,194700,1.2000000476837158,1.1399999856948853,1.2000000476837158,1.0800000429153442,1.1399999856948853
2019-04-03,15500,1.1399999856948853,1.1799999475479126,1.1799999475479126,1.1399999856948853,1.1799999475479126
2019-04-02,169200,1.1699999570846558,1.1399999856948853,1.1799999475479126,1.090000033378601,1.1399999856948853
2019-04-01,141900,1.1699999570846558,1.1699999570846558,1.2000000476837158,1.1399999856948853,1.1699999570846558
2019-03-29,5148500,1.1399999856948853,1.149999976158142,1.190000057220459,1.0800000429153442,1.149999976158142
2019-03-28,128000,1.100000023841858,1.149999976158142,1.149999976158142,1.100000023841858,1.149999976158142
2019-03-27,97400,1.0199999809265137,1.100000023841858,1.100000023841858,1.0099999904632568,1.100000023841858
2019-03-26,24000,1.059999942779541,1.0199999809265137,1.0700000524520874,1.0199999809265137,1.0199999809265137
2019-03-25,30700,1.0199999809265137,1.0399999618530273,1.0700000524520874,1.0199999809265137,1.0399999618530273
2019-03-22,490300,1.0399999618530273,1.0299999713897705,1.0499999523162842,1.0,1.0299999713897705
2019-03-21,371800,1.0099999904632568,1.0399999618530273,1.059999942779541,1.0,1.0399999618530273
2019-03-20,36700,1.0199999809265137,1.0,1.0199999809265137,1.0,1.0
2019-03-19,50000,1.0,1.0099999904632568,1.0199999809265137,1.0,1.0099999904632568
2019-03-18,120700,0.9900000095367432,1.0,1.0199999809265137,0.9900000095367432,1.0
2019-03-15,1111000,0.9399999976158142,0.9800000190734863,0.9900000095367432,0.9300000071525574,0.9800000190734863
2019-03-14,63800,0.9599999785423279,0.9399999976158142,0.9599999785423279,0.9300000071525574,0.9399999976158142
2019-03-13,21500,0.9700000286102295,0.949999988079071,0.9700000286102295,0.949999988079071,0.949999988079071
2019-03-12,78800,0.949999988079071,0.949999988079071,0.9700000286102295,0.949999988079071,0.949999988079071
2019-03-11,74200,0.9800000190734863,0.949999988079071,0.9800000190734863,0.949999988079071,0.949999988079071
2019-03-08,47000,0.9700000286102295,0.9800000190734863,0.9800000190734863,0.9599999785423279,0.9800000190734863
2019-03-07,30400,1.0,0.9800000190734863,1.0099999904632568,0.9700000286102295,0.9800000190734863
2019-03-06,21700,1.0,1.0,1.0099999904632568,1.0,1.0
2019-03-05,39600,1.0099999904632568,1.0,1.0099999904632568,1.0,1.0
2019-03-04,51200,1.0399999618530273,1.0,1.0399999618530273,1.0,1.0
2019-03-01,745000,1.0,1.0099999904632568,1.0399999618530273,0.9900000095367432,1.0099999904632568
2019-02-28,427100,1.0199999809265137,1.0,1.0199999809265137,0.9900000095367432,1.0
2019-02-27,770800,1.0199999809265137,1.0199999809265137,1.0299999713897705,0.9800000190734863,1.0199999809265137
2019-02-26,60100,1.0700000524520874,1.0199999809265137,1.090000033378601,1.0099999904632568,1.0199999809265137
2019-02-25,39500,1.0800000429153442,1.0700000524520874,1.090000033378601,1.0399999618530273,1.0700000524520874
2019-02-22,224200,1.100000023841858,1.0499999523162842,1.100000023841858,1.0299999713897705,1.0499999523162842
2019-02-21,32200,1.059999942779541,1.0800000429153442,1.100000023841858,1.0499999523162842,1.0800000429153442
2019-02-20,136400,1.1200000047683716,1.0700000524520874,1.1200000047683716,1.0499999523162842,1.0700000524520874
2019-02-19,10600,1.1200000047683716,1.1299999952316284,1.1299999952316284,1.100000023841858,1.1299999952316284
2019-02-15,59300,1.1399999856948853,1.1200000047683716,1.159999966621399,1.0700000524520874,1.1200000047683716
2019-02-14,484500,1.159999966621399,1.1200000047683716,1.159999966621399,1.1200000047683716,1.1200000047683716
2019-02-13,28800,1.159999966621399,1.159999966621399,1.1799999475479126,1.1200000047683716,1.159999966621399
2019-02-12,23000,1.1399999856948853,1.1799999475479126,1.190000057220459,1.1399999856948853,1.1799999475479126
2019-02-11,71000,1.1699999570846558,1.1399999856948853,1.190000057220459,1.1200000047683716,1.1399999856948853
2019-02-08,87600,1.1799999475479126,1.159999966621399,1.2000000476837158,1.1200000047683716,1.159999966621399
2019-02-07,42300,1.2200000286102295,1.1699999570846558,1.2200000286102295,1.1699999570846558,1.1699999570846558
2019-02-06,19200,1.1799999475479126,1.25,1.25,1.1399999856948853,1.25
2019-02-05,9600,1.2100000381469727,1.1699999570846558,1.2100000381469727,1.1699999570846558,1.1699999570846558
2019-02-04,6000,1.1399999856948853,1.2000000476837158,1.2000000476837158,1.1399999856948853,1.2000000476837158
2019-02-01,44500,1.190000057220459,1.1200000047683716,1.190000057220459,1.1200000047683716,1.1200000047683716
2019-01-31,39900,1.1100000143051147,1.190000057220459,1.190000057220459,1.1100000143051147,1.190000057220459
2019-01-30,17700,1.149999976158142,1.1699999570846558,1.1699999570846558,1.1100000143051147,1.1699999570846558
2019-01-29,4600,1.159999966621399,1.1399999856948853,1.1699999570846558,1.100000023841858,1.1399999856948853
2019-01-28,13500,1.159999966621399,1.1699999570846558,1.190000057220459,1.1299999952316284,1.1699999570846558
2019-01-25,41700,1.1699999570846558,1.1699999570846558,1.2000000476837158,1.1399999856948853,1.1699999570846558
2019-01-24,27300,1.1299999952316284,1.1699999570846558,1.1699999570846558,1.1200000047683716,1.1699999570846558
2019-01-23,35800,1.149999976158142,1.1200000047683716,1.1799999475479126,1.1200000047683716,1.1200000047683716
2019-01-22,25400,1.1399999856948853,1.149999976158142,1.1799999475479126,1.1399999856948853,1.149999976158142
2019-01-18,38500,1.1399999856948853,1.1200000047683716,1.1699999570846558,1.1200000047683716,1.1200000047683716
2019-01-17,195200,1.149999976158142,1.1200000047683716,1.190000057220459,1.0700000524520874,1.1200000047683716
2019-01-16,23600,1.1699999570846558,1.1699999570846558,1.2000000476837158,1.149999976158142,1.1699999570846558
2019-01-15,7200,1.149999976158142,1.1699999570846558,1.2000000476837158,1.149999976158142,1.1699999570846558
2019-01-14,50800,1.1699999570846558,1.159999966621399,1.190000057220459,1.1200000047683716,1.159999966621399
2019-01-11,40700,1.1799999475479126,1.190000057220459,1.2000000476837158,1.1200000047683716,1.190000057220459
2019-01-10,22900,1.190000057220459,1.159999966621399,1.190000057220459,1.149999976158142,1.159999966621399
2019-01-09,24000,1.1699999570846558,1.2000000476837158,1.2000000476837158,1.1399999856948853,1.2000000476837158
2019-01-08,68000,1.2000000476837158,1.149999976158142,1.2000000476837158,1.1299999952316284,1.149999976158142
2019-01-07,320600,1.1100000143051147,1.2000000476837158,1.2000000476837158,1.0700000524520874,1.2000000476837158
2019-01-04,205400,1.090000033378601,1.100000023841858,1.1399999856948853,1.0199999809265137,1.100000023841858
2019-01-03,14700,1.0,1.059999942779541,1.090000033378601,1.0,1.059999942779541
2019-01-02,394600,1.0,1.0800000429153442,1.0800000429153442,0.9900000095367432,1.0800000429153442
2018-12-31,168200,1.0199999809265137,1.0099999904632568,1.0299999713897705,0.9200000166893005,1.0099999904632568
2018-12-28,101100,0.9900000095367432,1.0099999904632568,1.0499999523162842,0.949999988079071,1.0099999904632568
2018-12-27,32800,0.9399999976158142,0.9399999976158142,0.9900000095367432,0.9399999976158142,0.9399999976158142
2018-12-26,41500,0.9399999976158142,0.9399999976158142,0.949999988079071,0.9300000071525574,0.9399999976158142
2018-12-24,38100,0.9300000071525574,0.9200000166893005,0.9599999785423279,0.8999999761581421,0.9200000166893005
2018-12-21,121700,0.9700000286102295,0.8999999761581421,0.9700000286102295,0.8999999761581421,0.8999999761581421
2018-12-20,320000,0.9300000071525574,0.9300000071525574,0.9800000190734863,0.8999999761581421,0.9300000071525574
2018-12-19,294400,0.9900000095367432,0.9300000071525574,1.0,0.9100000262260437,0.9300000071525574
2018-12-18,258900,0.9700000286102295,0.9700000286102295,1.0199999809265137,0.949999988079071,0.9700000286102295
2018-12-17,239100,0.949999988079071,0.9599999785423279,1.0399999618530273,0.949999988079071,0.9599999785423279
2018-12-14,228200,0.949999988079071,0.9900000095367432,0.9900000095367432,0.9300000071525574,0.9900000095367432
2018-12-13,408000,0.9900000095367432,1.100000023841858,1.100000023841858,0.949999988079071,1.100000023841858
2018-12-12,98500,0.9700000286102295,0.9900000095367432,1.0,0.9399999976158142,0.9900000095367432
2018-12-11,11300,1.0,0.949999988079071,1.0,0.9399999976158142,0.949999988079071
2018-12-10,50700,0.9399999976158142,0.9399999976158142,1.0,0.9300000071525574,0.9399999976158142
2018-12-07,86600,0.949999988079071,0.9300000071525574,0.949999988079071,0.9300000071525574,0.9300000071525574
2018-12-06,355100,0.8999999761581421,0.9300000071525574,0.949999988079071,0.8999999761581421,0.9300000071525574
2018-12-04,43200,0.949999988079071,0.949999988079071,0.949999988079071,0.9399999976158142,0.949999988079071
2018-12-03,98800,0.949999988079071,0.949999988079071,0.9700000286102295,0.9300000071525574,0.949999988079071
2018-11-30,105000,0.9300000071525574,0.9300000071525574,0.9900000095367432,0.9300000071525574,0.9300000071525574
2018-11-29,211300,0.9599999785423279,0.949999988079071,0.9900000095367432,0.9300000071525574,0.949999988079071
2018-11-28,337000,0.9399999976158142,0.9599999785423279,1.0,0.9399999976158142,0.9599999785423279
2018-11-27,943800,0.949999988079071,0.9300000071525574,0.9599999785423279,0.9300000071525574,0.9300000071525574
2018-11-26,125600,0.9100000262260437,0.9300000071525574,0.9399999976158142,0.8999999761581421,0.9300000071525574
2018-11-23,19500,0.9200000166893005,0.9100000262260437,0.9399999976158142,0.9100000262260437,0.9100000262260437
2018-11-21,122600,0.9200000166893005,0.9399999976158142,0.9599999785423279,0.9100000262260437,0.9399999976158142
2018-11-20,78300,0.9200000166893005,0.9300000071525574,0.9599999785423279,0.9100000262260437,0.9300000071525574
2018-11-19,99600,0.9200000166893005,0.9300000071525574,0.9700000286102295,0.9100000262260437,0.9300000071525574
2018-11-16,69200,0.9100000262260437,0.9300000071525574,0.9800000190734863,0.9100000262260437,0.9300000071525574
2018-11-15,125800,0.9100000262260437,0.9300000071525574,0.9399999976158142,0.9100000262260437,0.9300000071525574
2018-11-14,208300,0.9300000071525574,0.9200000166893005,0.9800000190734863,0.9100000262260437,0.9200000166893005
2018-11-13,87200,0.949999988079071,0.949999988079071,0.9700000286102295,0.9399999976158142,0.949999988079071
2018-11-12,187100,0.9599999785423279,0.949999988079071,1.0,0.9399999976158142,0.949999988079071
2018-11-09,992000,1.0,0.9300000071525574,1.100000023841858,0.8999999761581421,0.9300000071525574
2018-11-08,167300,1.0700000524520874,1.2000000476837158,1.2000000476837158,1.0700000524520874,1.2000000476837158
2018-11-07,214400,1.0399999618530273,1.090000033378601,1.2000000476837158,0.9599999785423279,1.090000033378601
2018-11-06,93500,0.9300000071525574,0.8999999761581421,0.9399999976158142,0.8799999952316284,0.8999999761581421
2018-11-05,41700,0.9599999785423279,0.8999999761581421,0.9700000286102295,0.8999999761581421,0.8999999761581421
2018-11-02,2800,0.9700000286102295,0.9300000071525574,0.9700000286102295,0.9300000071525574,0.9300000071525574
2018-11-01,30700,0.9300000071525574,0.949999988079071,0.9700000286102295,0.9100000262260437,0.949999988079071
2018-10-31,23700,0.9399999976158142,0.949999988079071,1.0,0.9100000262260437,0.949999988079071
2018-10-30,29200,0.9200000166893005,0.949999988079071,0.9700000286102295,0.9100000262260437,0.949999988079071
2018-10-29,29700,1.0299999713897705,0.9700000286102295,1.0299999713897705,0.9100000262260437,0.9700000286102295
2018-10-26,18100,0.9800000190734863,1.0199999809265137,1.100000023841858,0.9599999785423279,1.0199999809265137
2018-10-25,71800,0.9800000190734863,0.9900000095367432,1.0,0.9700000286102295,0.9900000095367432
2018-10-24,24900,0.9800000190734863,0.9800000190734863,0.9900000095367432,0.949999988079071,0.9800000190734863
2018-10-23,81100,0.9200000166893005,0.9399999976158142,0.9800000190734863,0.8999999761581421,0.9399999976158142
2018-10-22,101900,1.0,0.9300000071525574,1.0199999809265137,0.9300000071525574,0.9300000071525574
2018-10-19,77000,1.0099999904632568,1.0,1.0199999809265137,0.9800000190734863,1.0
2018-10-18,133700,1.0299999713897705,1.0299999713897705,1.090000033378601,0.9800000190734863,1.0299999713897705
2018-10-17,93400,1.0700000524520874,1.0299999713897705,1.0800000429153442,1.0099999904632568,1.0299999713897705
2018-10-16,62700,1.149999976158142,1.0800000429153442,1.149999976158142,1.0499999523162842,1.0800000429153442
2018-10-15,9400,1.1799999475479126,1.1299999952316284,1.190000057220459,1.1299999952316284,1.1299999952316284
2018-10-12,20900,1.2000000476837158,1.1799999475479126,1.2300000190734863,1.1399999856948853,1.1799999475479126
2018-10-11,43200,1.149999976158142,1.190000057220459,1.2400000095367432,1.149999976158142,1.190000057220459
2018-10-10,30500,1.190000057220459,1.149999976158142,1.2300000190734863,1.149999976158142,1.149999976158142
2018-10-09,5300,1.2000000476837158,1.1799999475479126,1.2200000286102295,1.1799999475479126,1.1799999475479126
2018-10-08,5200,1.2200000286102295,1.2300000190734863,1.25,1.190000057220459,1.2300000190734863
2018-10-05,60600,1.190000057220459,1.2400000095367432,1.25,1.1799999475479126,1.2400000095367432
2018-10-04,29000,1.2200000286102295,1.159999966621399,1.2400000095367432,1.159999966621399,1.159999966621399
2018-10-03,44400,1.2400000095367432,1.2300000190734863,1.25,1.2100000381469727,1.2300000190734863
2018-10-02,30800,1.2200000286102295,1.25,1.25,1.190000057220459,1.25
2018-10-01,102100,1.1799999475479126,1.2300000190734863,1.25,1.1200000047683716,1.2300000190734863
2018-09-28,81300,1.159999966621399,1.1699999570846558,1.190000057220459,1.1399999856948853,1.1699999570846558
2018-09-27,36700,1.100000023841858,1.1699999570846558,1.1699999570846558,1.100000023841858,1.1699999570846558
2018-09-26,354200,1.1699999570846558,1.090000033378601,1.1799999475479126,0.9700000286102295,1.090000033378601
2018-09-25,48000,1.190000057220459,1.159999966621399,1.2000000476837158,1.149999976158142,1.159999966621399
2018-09-24,79800,1.190000057220459,1.2000000476837158,1.2100000381469727,1.1699999570846558,1.2000000476837158
2018-09-21,19100,1.1799999475479126,1.2000000476837158,1.2000000476837158,1.1699999570846558,1.2000000476837158
2018-09-20,22400,1.1799999475479126,1.190000057220459,1.190000057220459,1.1799999475479126,1.190000057220459
2018-09-19,12100,1.190000057220459,1.1699999570846558,1.2000000476837158,1.1699999570846558,1.1699999570846558
2018-09-18,81200,1.2000000476837158,1.190000057220459,1.2100000381469727,1.1699999570846558,1.190000057220459
2018-09-17,6200,1.2200000286102295,1.2000000476837158,1.2300000190734863,1.2000000476837158,1.2000000476837158
2018-09-14,22700,1.2899999618530273,1.2300000190734863,1.2899999618530273,1.1699999570846558,1.2300000190734863
2018-09-13,245700,1.2400000095367432,1.2799999713897705,1.2799999713897705,1.149999976158142,1.2799999713897705
2018-09-12,17000,1.2599999904632568,1.25,1.2699999809265137,1.2300000190734863,1.25
2018-09-11,29900,1.309999942779541,1.25,1.3300000429153442,1.25,1.25
2018-09-10,16000,1.3600000143051147,1.309999942779541,1.3600000143051147,1.309999942779541,1.309999942779541
2018-09-07,31200,1.2799999713897705,1.3799999952316284,1.3799999952316284,1.25,1.3799999952316284
2018-09-06,36000,1.25,1.2699999809265137,1.2999999523162842,1.2100000381469727,1.2699999809265137
2018-09-05,50900,1.2999999523162842,1.2599999904632568,1.3200000524520874,1.2100000381469727,1.2599999904632568
2018-09-04,21200,1.350000023841858,1.2899999618530273,1.3700000047683716,1.2799999713897705,1.2899999618530273
2018-08-31,28200,1.340000033378601,1.350000023841858,1.3700000047683716,1.309999942779541,1.350000023841858
2018-08-30,27800,1.2799999713897705,1.3300000429153442,1.350000023841858,1.2799999713897705,1.3300000429153442
2018-08-29,130600,1.3700000047683716,1.2999999523162842,1.3700000047683716,1.2100000381469727,1.2999999523162842
2018-08-28,33200,1.3700000047683716,1.3799999952316284,1.409999966621399,1.2999999523162842,1.3799999952316284
2018-08-27,36600,1.409999966621399,1.3600000143051147,1.409999966621399,1.350000023841858,1.3600000143051147
2018-08-24,54900,1.3600000143051147,1.399999976158142,1.4199999570846558,1.3300000429153442,1.399999976158142
2018-08-23,342600,1.3600000143051147,1.3700000047683716,1.3799999952316284,1.2300000190734863,1.3700000047683716
2018-08-22,23600,1.3700000047683716,1.3700000047683716,1.3799999952316284,1.3200000524520874,1.3700000047683716
2018-08-21,58000,1.309999942779541,1.3700000047683716,1.3899999856948853,1.309999942779541,1.3700000047683716
2018-08-20,84400,1.3300000429153442,1.309999942779541,1.3899999856948853,1.2999999523162842,1.309999942779541
2018-08-17,76700,1.3300000429153442,1.350000023841858,1.3700000047683716,1.309999942779541,1.350000023841858
2018-08-16,39300,1.3700000047683716,1.340000033378601,1.3700000047683716,1.2999999523162842,1.340000033378601
2018-08-15,82600,1.3200000524520874,1.350000023841858,1.3799999952316284,1.2899999618530273,1.350000023841858
2018-08-14,91300,1.4199999570846558,1.309999942779541,1.4199999570846558,1.2999999523162842,1.309999942779541
2018-08-13,619600,1.25,1.399999976158142,1.399999976158142,1.25,1.399999976158142
2018-08-10,36900,1.2100000381469727,1.2300000190734863,1.2699999809265137,1.1799999475479126,1.2300000190734863
2018-08-09,91200,1.2100000381469727,1.1799999475479126,1.2200000286102295,1.1799999475479126,1.1799999475479126
2018-08-08,159800,1.25,1.2200000286102295,1.2899999618530273,1.1699999570846558,1.2200000286102295
2018-08-07,356300,1.3899999856948853,1.25,1.3899999856948853,1.2200000286102295,1.25
2018-08-06,56100,1.4299999475479126,1.4900000095367432,1.5199999809265137,1.399999976158142,1.4900000095367432
2018-08-03,22700,1.440000057220459,1.409999966621399,1.4800000190734863,1.409999966621399,1.409999966621399
2018-08-02,60800,1.5499999523162842,1.4500000476837158,1.5499999523162842,1.4299999475479126,1.4500000476837158
2018-08-01,61200,1.5700000524520874,1.5700000524520874,1.6100000143051147,1.4900000095367432,1.5700000524520874
2018-07-31,43900,1.649999976158142,1.5499999523162842,1.6699999570846558,1.5499999523162842,1.5499999523162842
2018-07-30,33100,1.6100000143051147,1.6399999856948853,1.659999966621399,1.600000023841858,1.6399999856948853
2018-07-27,12800,1.6200000047683716,1.6100000143051147,1.649999976158142,1.6100000143051147,1.6100000143051147
2018-07-26,50200,1.5700000524520874,1.6100000143051147,1.649999976158142,1.5,1.6100000143051147
2018-07-25,37400,1.6200000047683716,1.5700000524520874,1.6699999570846558,1.559999942779541,1.5700000524520874
2018-07-24,5700,1.649999976158142,1.6100000143051147,1.6799999475479126,1.6100000143051147,1.6100000143051147
2018-07-23,56600,1.6299999952316284,1.659999966621399,1.7000000476837158,1.6100000143051147,1.659999966621399
2018-07-20,68700,1.559999942779541,1.6100000143051147,1.690000057220459,1.559999942779541,1.6100000143051147
2018-07-19,78300,1.6100000143051147,1.6100000143051147,1.6299999952316284,1.5099999904632568,1.6100000143051147
2018-07-18,76400,1.6399999856948853,1.6299999952316284,1.6399999856948853,1.559999942779541,1.6299999952316284
2018-07-17,69900,1.7000000476837158,1.6399999856948853,1.7400000095367432,1.5700000524520874,1.6399999856948853
2018-07-16,94900,1.7699999809265137,1.7000000476837158,1.7999999523162842,1.649999976158142,1.7000000476837158
2018-07-13,28700,1.7699999809265137,1.7599999904632568,1.7999999523162842,1.7599999904632568,1.7599999904632568
2018-07-12,41800,1.8300000429153442,1.7799999713897705,1.8300000429153442,1.7599999904632568,1.7799999713897705
2018-07-11,51600,1.909999966621399,1.840000033378601,1.909999966621399,1.7999999523162842,1.840000033378601
2018-07-10,47800,1.8799999952316284,1.899999976158142,1.9299999475479126,1.8600000143051147,1.899999976158142
2018-07-09,102500,1.9600000381469727,1.8799999952316284,1.9800000190734863,1.7999999523162842,1.8799999952316284
2018-07-06,228000,1.7699999809265137,1.9500000476837158,1.9500000476837158,1.7699999809265137,1.9500000476837158
2018-07-05,50700,1.6799999475479126,1.7799999713897705,1.7999999523162842,1.659999966621399,1.7799999713897705
2018-07-03,46300,1.7400000095367432,1.6799999475479126,1.75,1.659999966621399,1.6799999475479126
2018-07-02,106700,1.6799999475479126,1.75,1.75,1.6699999570846558,1.75
2018-06-29,13300,1.6399999856948853,1.6699999570846558,1.6699999570846558,1.590000033378601,1.6699999570846558
2018-06-28,37700,1.6399999856948853,1.6399999856948853,1.6799999475479126,1.590000033378601,1.6399999856948853
2018-06-27,37200,1.649999976158142,1.6100000143051147,1.659999966621399,1.5800000429153442,1.6100000143051147
2018-06-26,47700,1.6399999856948853,1.649999976158142,1.6799999475479126,1.5800000429153442,1.649999976158142
2018-06-25,67000,1.6699999570846558,1.6299999952316284,1.7000000476837158,1.559999942779541,1.6299999952316284
2018-06-22,386700,1.6200000047683716,1.6699999570846558,1.6699999570846558,1.5099999904632568,1.6699999570846558
2018-06-21,127500,1.600000023841858,1.6100000143051147,1.6299999952316284,1.5299999713897705,1.6100000143051147
2018-06-20,31300,1.5800000429153442,1.600000023841858,1.6100000143051147,1.5099999904632568,1.600000023841858
2018-06-19,72500,1.6100000143051147,1.559999942779541,1.6299999952316284,1.5,1.559999942779541
2018-06-18,73900,1.559999942779541,1.590000033378601,1.600000023841858,1.5,1.590000033378601
2018-06-15,89600,1.5499999523162842,1.5499999523162842,1.649999976158142,1.5499999523162842,1.5499999523162842
2018-06-14,392800,1.5499999523162842,1.5499999523162842,1.6200000047683716,1.5,1.5499999523162842
2018-06-13,85000,1.5,1.5399999618530273,1.600000023841858,1.4500000476837158,1.5399999618530273
2018-06-12,109800,1.4700000286102295,1.5,1.5299999713897705,1.4199999570846558,1.5
2018-06-11,22900,1.440000057220459,1.4700000286102295,1.4900000095367432,1.399999976158142,1.4700000286102295
2018-06-08,88900,1.4900000095367432,1.4500000476837158,1.5,1.3899999856948853,1.4500000476837158
2018-06-07,58900,1.4299999475479126,1.4600000381469727,1.4900000095367432,1.3799999952316284,1.4600000381469727
2018-06-06,654000,1.3899999856948853,1.409999966621399,1.4900000095367432,1.350000023841858,1.409999966621399
2018-06-05,5100,1.3600000143051147,1.399999976158142,1.399999976158142,1.340000033378601,1.399999976158142
2018-06-04,23100,1.4299999475479126,1.340000033378601,1.4500000476837158,1.3300000429153442,1.340000033378601
2018-06-01,63100,1.4199999570846558,1.399999976158142,1.440000057220459,1.3600000143051147,1.399999976158142
2018-05-31,11900,1.3700000047683716,1.4299999475479126,1.4299999475479126,1.3600000143051147,1.4299999475479126
2018-05-30,8800,1.399999976158142,1.3600000143051147,1.4299999475479126,1.3600000143051147,1.3600000143051147
2018-05-29,36200,1.4600000381469727,1.409999966621399,1.4600000381469727,1.350000023841858,1.409999966621399
2018-05-25,7600,1.3600000143051147,1.440000057220459,1.4800000190734863,1.350000023841858,1.440000057220459
2018-05-24,607500,1.3799999952316284,1.3899999856948853,1.399999976158142,1.350000023841858,1.3899999856948853
2018-05-23,13200,1.3899999856948853,1.3600000143051147,1.4500000476837158,1.3300000429153442,1.3600000143051147
2018-05-22,12000,1.3899999856948853,1.3799999952316284,1.440000057220459,1.3799999952316284,1.3799999952316284
2018-05-21,17400,1.4299999475479126,1.3899999856948853,1.4500000476837158,1.3600000143051147,1.3899999856948853
2018-05-18,11900,1.409999966621399,1.440000057220459,1.4700000286102295,1.399999976158142,1.440000057220459
2018-05-17,12500,1.3600000143051147,1.399999976158142,1.409999966621399,1.3600000143051147,1.399999976158142
2018-05-16,59000,1.2999999523162842,1.3700000047683716,1.399999976158142,1.2999999523162842,1.3700000047683716
2018-05-15,128500,1.2699999809265137,1.340000033378601,1.3700000047683716,1.2699999809265137,1.340000033378601
2018-05-14,32700,1.2799999713897705,1.2799999713897705,1.2999999523162842,1.25,1.2799999713897705
2018-05-11,118000,1.2100000381469727,1.2699999809265137,1.2999999523162842,1.2000000476837158,1.2699999809265137
2018-05-10,38900,1.2000000476837158,1.2000000476837158,1.2300000190734863,1.2000000476837158,1.2000000476837158
2018-05-09,96200,1.2000000476837158,1.2000000476837158,1.2100000381469727,1.1799999475479126,1.2000000476837158
2018-05-08,45900,1.1799999475479126,1.1799999475479126,1.2200000286102295,1.1399999856948853,1.1799999475479126
2018-05-07,17600,1.2200000286102295,1.1799999475479126,1.25,1.1799999475479126,1.1799999475479126
2018-05-04,15300,1.2100000381469727,1.2300000190734863,1.2400000095367432,1.2100000381469727,1.2300000190734863
2018-05-03,12200,1.149999976158142,1.2100000381469727,1.2400000095367432,1.149999976158142,1.2100000381469727
2018-05-02,9600,1.2200000286102295,1.2200000286102295,1.2300000190734863,1.2100000381469727,1.2200000286102295
2018-05-01,12300,1.2000000476837158,1.2200000286102295,1.2200000286102295,1.190000057220459,1.2200000286102295
2018-04-30,10100,1.190000057220459,1.190000057220459,1.2300000190734863,1.190000057220459,1.190000057220459
2018-04-27,16600,1.1799999475479126,1.2000000476837158,1.2100000381469727,1.1399999856948853,1.2000000476837158
2018-04-26,139500,1.2000000476837158,1.1799999475479126,1.2000000476837158,1.1799999475479126,1.1799999475479126
2018-04-25,39500,1.2599999904632568,1.2200000286102295,1.2599999904632568,1.2200000286102295,1.2200000286102295
2018-04-24,24100,1.309999942779541,1.2699999809265137,1.309999942779541,1.25,1.2699999809265137
2018-04-23,5000,1.2699999809265137,1.3200000524520874,1.3200000524520874,1.2599999904632568,1.3200000524520874
2018-04-20,11900,1.2999999523162842,1.2599999904632568,1.350000023841858,1.25,1.2599999904632568
2018-04-19,12700,1.2799999713897705,1.309999942779541,1.309999942779541,1.25,1.309999942779541
2018-04-18,5100,1.2699999809265137,1.2699999809265137,1.340000033378601,1.25,1.2699999809265137
2018-04-17,13200,1.2200000286102295,1.2599999904632568,1.2999999523162842,1.2100000381469727,1.2599999904632568
2018-04-16,25200,1.2000000476837158,1.2100000381469727,1.2300000190734863,1.2000000476837158,1.2100000381469727
2018-04-13,70100,1.2100000381469727,1.2000000476837158,1.2300000190734863,1.100000023841858,1.2000000476837158
2018-04-12,10800,1.2200000286102295,1.2200000286102295,1.2300000190734863,1.1799999475479126,1.2200000286102295
2018-04-11,10700,1.2400000095367432,1.2200000286102295,1.2400000095367432,1.1699999570846558,1.2200000286102295
2018-04-10,1700,1.2300000190734863,1.2699999809265137,1.2699999809265137,1.1699999570846558,1.2699999809265137
2018-04-09,2700,1.2300000190734863,1.2400000095367432,1.25,1.2000000476837158,1.2400000095367432
2018-04-06,5300,1.2100000381469727,1.2300000190734863,1.2400000095367432,1.2000000476837158,1.2300000190734863
2018-04-05,31900,1.2799999713897705,1.2200000286102295,1.2899999618530273,1.1699999570846558,1.2200000286102295
2018-04-04,96300,1.25,1.2599999904632568,1.2999999523162842,1.1699999570846558,1.2599999904632568
2018-04-03,12800,1.2899999618530273,1.2799999713897705,1.309999942779541,1.25,1.2799999713897705
2018-04-02,19100,1.2999999523162842,1.2799999713897705,1.3700000047683716,1.2799999713897705,1.2799999713897705
2018-03-29,51600,1.4299999475479126,1.309999942779541,1.4299999475479126,1.2999999523162842,1.309999942779541
2018-03-28,4800,1.399999976158142,1.4299999475479126,1.4299999475479126,1.3300000429153442,1.4299999475479126
2018-03-27,20500,1.3799999952316284,1.3899999856948853,1.4700000286102295,1.3799999952316284,1.3899999856948853
2018-03-26,5000,1.3799999952316284,1.4600000381469727,1.4600000381469727,1.3700000047683716,1.4600000381469727
2018-03-23,39400,1.4500000476837158,1.4199999570846558,1.4500000476837158,1.3799999952316284,1.4199999570846558
2018-03-22,8800,1.4600000381469727,1.4299999475479126,1.4800000190734863,1.409999966621399,1.4299999475479126
2018-03-21,4100,1.4299999475479126,1.4800000190734863,1.4800000190734863,1.3600000143051147,1.4800000190734863
2018-03-20,17500,1.4900000095367432,1.409999966621399,1.4900000095367432,1.2999999523162842,1.409999966621399
2018-03-19,7600,1.4700000286102295,1.5,1.5,1.4500000476837158,1.5
2018-03-16,14600,1.4700000286102295,1.4700000286102295,1.4900000095367432,1.4299999475479126,1.4700000286102295
2018-03-15,11300,1.409999966621399,1.440000057220459,1.5,1.409999966621399,1.440000057220459
2018-03-14,20200,1.4199999570846558,1.4800000190734863,1.5,1.409999966621399,1.4800000190734863
2018-03-13,20400,1.5,1.4800000190734863,1.5099999904632568,1.4299999475479126,1.4800000190734863
2018-03-12,15300,1.5,1.4800000190734863,1.5099999904632568,1.440000057220459,1.4800000190734863
2018-03-09,45300,1.4700000286102295,1.4900000095367432,1.590000033378601,1.3700000047683716,1.4900000095367432
2018-03-08,34600,1.3600000143051147,1.4600000381469727,1.4900000095367432,1.340000033378601,1.4600000381469727
2018-03-07,23800,1.3899999856948853,1.409999966621399,1.4299999475479126,1.3300000429153442,1.409999966621399
2018-03-06,16300,1.409999966621399,1.3899999856948853,1.4600000381469727,1.3899999856948853,1.3899999856948853
2018-03-05,18800,1.4700000286102295,1.3899999856948853,1.4700000286102295,1.3799999952316284,1.3899999856948853
2018-03-02,7400,1.3600000143051147,1.4700000286102295,1.4700000286102295,1.3600000143051147,1.4700000286102295
2018-03-01,74100,1.4500000476837158,1.4700000286102295,1.4700000286102295,1.3700000047683716,1.4700000286102295
2018-02-28,18400,1.4500000476837158,1.4500000476837158,1.4900000095367432,1.4500000476837158,1.4500000476837158
2018-02-27,800,1.4500000476837158,1.4800000190734863,1.4900000095367432,1.4500000476837158,1.4800000190734863
2018-02-26,38100,1.5,1.4500000476837158,1.5,1.4500000476837158,1.4500000476837158
2018-02-23,7700,1.440000057220459,1.5,1.5,1.440000057220459,1.5
2018-02-22,22100,1.440000057220459,1.4600000381469727,1.5,1.4199999570846558,1.4600000381469727
2018-02-21,34800,1.409999966621399,1.4500000476837158,1.4700000286102295,1.409999966621399,1.4500000476837158
2018-02-20,14400,1.3799999952316284,1.409999966621399,1.440000057220459,1.3600000143051147,1.409999966621399
2018-02-16,7000,1.350000023841858,1.3799999952316284,1.4500000476837158,1.350000023841858,1.3799999952316284
2018-02-15,180400,1.3799999952316284,1.350000023841858,1.3899999856948853,1.2999999523162842,1.350000023841858
2018-02-14,43200,1.2799999713897705,1.3799999952316284,1.399999976158142,1.25,1.3799999952316284
2018-02-13,48400,1.25,1.2400000095367432,1.2899999618530273,1.2300000190734863,1.2400000095367432
2018-02-12,5000,1.2200000286102295,1.25,1.2799999713897705,1.2200000286102295,1.25
2018-02-09,25000,1.2899999618530273,1.2200000286102295,1.2999999523162842,1.2000000476837158,1.2200000286102295
2018-02-08,54100,1.2300000190734863,1.2599999904632568,1.340000033378601,1.2000000476837158,1.2599999904632568
2018-02-07,281600,1.2799999713897705,1.2300000190734863,1.2999999523162842,1.2000000476837158,1.2300000190734863
2018-02-06,26600,1.3200000524520874,1.2899999618530273,1.340000033378601,1.2899999618530273,1.2899999618530273
2018-02-05,39100,1.440000057220459,1.350000023841858,1.4600000381469727,1.2699999809265137,1.350000023841858
2018-02-02,30000,1.440000057220459,1.4500000476837158,1.4900000095367432,1.4199999570846558,1.4500000476837158
2018-02-01,20800,1.4600000381469727,1.4500000476837158,1.4900000095367432,1.4299999475479126,1.4500000476837158
2018-01-31,33000,1.4600000381469727,1.4600000381469727,1.5,1.399999976158142,1.4600000381469727
2018-01-30,21500,1.4600000381469727,1.4500000476837158,1.5,1.440000057220459,1.4500000476837158
2018-01-29,22900,1.5700000524520874,1.4600000381469727,1.5700000524520874,1.4600000381469727,1.4600000381469727
2018-01-26,13100,1.350000023841858,1.5800000429153442,1.590000033378601,1.3300000429153442,1.5800000429153442
2018-01-25,43200,1.590000033378601,1.5800000429153442,1.600000023841858,1.5299999713897705,1.5800000429153442
2018-01-24,196500,1.600000023841858,1.590000033378601,1.600000023841858,1.4700000286102295,1.590000033378601
2018-01-23,325800,1.600000023841858,1.590000033378601,1.6200000047683716,1.5,1.590000033378601
2018-01-22,154200,1.4700000286102295,1.6100000143051147,1.6100000143051147,1.440000057220459,1.6100000143051147
2018-01-19,56600,1.4299999475479126,1.4700000286102295,1.4800000190734863,1.4299999475479126,1.4700000286102295
2018-01-18,96100,1.4500000476837158,1.4199999570846558,1.5199999809265137,1.3799999952316284,1.4199999570846558
2018-01-17,417300,1.3700000047683716,1.4600000381469727,1.5,1.3600000143051147,1.4600000381469727
2018-01-16,79000,1.340000033378601,1.3700000047683716,1.409999966621399,1.3200000524520874,1.3700000047683716
2018-01-12,46900,1.3899999856948853,1.340000033378601,1.3899999856948853,1.3200000524520874,1.340000033378601
2018-01-11,82300,1.3899999856948853,1.3799999952316284,1.399999976158142,1.3600000143051147,1.3799999952316284
2018-01-10,5200,1.399999976158142,1.3799999952316284,1.399999976158142,1.3700000047683716,1.3799999952316284
2018-01-09,52100,1.3899999856948853,1.399999976158142,1.409999966621399,1.3700000047683716,1.399999976158142
2018-01-08,27200,1.3700000047683716,1.3899999856948853,1.409999966621399,1.3700000047683716,1.3899999856948853
2018-01-05,44000,1.409999966621399,1.4199999570846558,1.4299999475479126,1.3899999856948853,1.4199999570846558
2018-01-04,42600,1.399999976158142,1.409999966621399,1.4199999570846558,1.399999976158142,1.409999966621399
2018-01-03,53300,1.3899999856948853,1.399999976158142,1.409999966621399,1.3600000143051147,1.399999976158142
2018-01-02,8500,1.3600000143051147,1.3899999856948853,1.409999966621399,1.3600000143051147,1.3899999856948853
2017-12-29,17200,1.350000023841858,1.3700000047683716,1.4800000190734863,1.3300000429153442,1.3700000047683716
2017-12-28,12000,1.350000023841858,1.399999976158142,1.4500000476837158,1.3300000429153442,1.399999976158142
2017-12-27,24900,1.340000033378601,1.340000033378601,1.3700000047683716,1.3200000524520874,1.340000033378601
2017-12-26,38200,1.340000033378601,1.340000033378601,1.3700000047683716,1.309999942779541,1.340000033378601
2017-12-22,69900,1.3700000047683716,1.340000033378601,1.4299999475479126,1.340000033378601,1.340000033378601
2017-12-21,55800,1.3799999952316284,1.3700000047683716,1.4900000095367432,1.3600000143051147,1.3700000047683716
2017-12-20,130200,1.2999999523162842,1.3899999856948853,1.3899999856948853,1.25,1.3899999856948853
2017-12-19,120400,1.309999942779541,1.2999999523162842,1.350000023841858,1.2999999523162842,1.2999999523162842
2017-12-18,34500,1.2899999618530273,1.2999999523162842,1.3300000429153442,1.2899999618530273,1.2999999523162842
2017-12-15,59000,1.2799999713897705,1.2899999618530273,1.340000033378601,1.2400000095367432,1.2899999618530273
2017-12-14,12500,1.2699999809265137,1.2899999618530273,1.2999999523162842,1.2100000381469727,1.2899999618530273
2017-12-13,20400,1.25,1.2699999809265137,1.2699999809265137,1.2200000286102295,1.2699999809265137
2017-12-12,205600,1.2000000476837158,1.2200000286102295,1.2300000190734863,1.100000023841858,1.2200000286102295
2017-12-11,26900,1.25,1.25,1.309999942779541,1.2100000381469727,1.25
2017-12-08,17100,1.25,1.2599999904632568,1.309999942779541,1.25,1.2599999904632568
2017-12-07,49800,1.309999942779541,1.25,1.309999942779541,1.2200000286102295,1.25
2017-12-06,81800,1.3300000429153442,1.3300000429153442,1.350000023841858,1.2899999618530273,1.3300000429153442
2017-12-05,40400,1.25,1.3300000429153442,1.3899999856948853,1.25,1.3300000429153442
2017-12-04,51000,1.3200000524520874,1.25,1.3200000524520874,1.2000000476837158,1.25
2017-12-01,52300,1.2999999523162842,1.3200000524520874,1.350000023841858,1.2799999713897705,1.3200000524520874
2017-11-30,44400,1.399999976158142,1.350000023841858,1.399999976158142,1.3200000524520874,1.350000023841858
2017-11-29,61400,1.350000023841858,1.399999976158142,1.399999976158142,1.340000033378601,1.399999976158142
2017-11-28,69300,1.340000033378601,1.340000033378601,1.3799999952316284,1.2999999523162842,1.340000033378601
2017-11-27,75300,1.350000023841858,1.350000023841858,1.399999976158142,1.2999999523162842,1.350000023841858
2017-11-24,57200,1.340000033378601,1.350000023841858,1.350000023841858,1.2899999618530273,1.350000023841858
2017-11-22,162800,1.340000033378601,1.2799999713897705,1.350000023841858,1.2599999904632568,1.2799999713897705
2017-11-21,338300,1.4700000286102295,1.3300000429153442,1.649999976158142,1.3300000429153442,1.3300000429153442
2017-11-20,507300,1.2100000381469727,1.309999942779541,1.5,1.2100000381469727,1.309999942779541
2017-11-17,137200,1.1699999570846558,1.2100000381469727,1.2100000381469727,1.1399999856948853,1.2100000381469727
2017-11-16,17100,1.1200000047683716,1.1699999570846558,1.2000000476837158,1.100000023841858,1.1699999570846558
2017-11-15,38300,1.1100000143051147,1.100000023841858,1.1100000143051147,1.0700000524520874,1.100000023841858
2017-11-14,46900,1.2000000476837158,1.1100000143051147,1.2000000476837158,1.0800000429153442,1.1100000143051147
2017-11-13,1400,1.1399999856948853,1.149999976158142,1.149999976158142,1.1399999856948853,1.149999976158142
2017-11-10,27500,1.149999976158142,1.1399999856948853,1.1699999570846558,1.1299999952316284,1.1399999856948853
2017-11-09,10700,1.1399999856948853,1.149999976158142,1.159999966621399,1.1299999952316284,1.149999976158142
2017-11-08,11800,1.159999966621399,1.1699999570846558,1.1699999570846558,1.0499999523162842,1.1699999570846558
2017-11-07,26600,1.149999976158142,1.1699999570846558,1.1699999570846558,1.1100000143051147,1.1699999570846558
2017-11-06,45400,1.1699999570846558,1.159999966621399,1.1699999570846558,1.1299999952316284,1.159999966621399
2017-11-03,61200,1.2000000476837158,1.159999966621399,1.2000000476837158,1.1399999856948853,1.159999966621399
2017-11-02,19700,1.159999966621399,1.1200000047683716,1.1699999570846558,1.1200000047683716,1.1200000047683716
2017-11-01,7800,1.1699999570846558,1.1699999570846558,1.1699999570846558,1.1200000047683716,1.1699999570846558
2017-10-31,17200,1.1699999570846558,1.1699999570846558,1.1699999570846558,1.149999976158142,1.1699999570846558
2017-10-30,9900,1.1699999570846558,1.1699999570846558,1.1699999570846558,1.159999966621399,1.1699999570846558
2017-10-27,45800,1.149999976158142,1.1699999570846558,1.190000057220459,1.1399999856948853,1.1699999570846558
2017-10-26,69800,1.1200000047683716,1.149999976158142,1.149999976158142,1.1200000047683716,1.149999976158142
2017-10-25,32700,1.1299999952316284,1.1299999952316284,1.1299999952316284,1.100000023841858,1.1299999952316284
2017-10-24,17200,1.1299999952316284,1.1299999952316284,1.1299999952316284,1.1100000143051147,1.1299999952316284
2017-10-23,51300,1.0700000524520874,1.1100000143051147,1.149999976158142,1.059999942779541,1.1100000143051147
2017-10-20,22900,1.059999942779541,1.0700000524520874,1.0700000524520874,1.0499999523162842,1.0700000524520874
2017-10-19,16300,1.0499999523162842,1.059999942779541,1.0700000524520874,1.0499999523162842,1.059999942779541
2017-10-18,17600,1.0499999523162842,1.0499999523162842,1.059999942779541,1.0,1.0499999523162842
2017-10-17,14500,1.0499999523162842,1.0700000524520874,1.0700000524520874,1.0399999618530273,1.0700000524520874
2017-10-16,29300,1.0499999523162842,1.0499999523162842,1.0700000524520874,1.0399999618530273,1.0499999523162842
2017-10-13,40100,1.0499999523162842,1.0499999523162842,1.0800000429153442,1.0499999523162842,1.0499999523162842
2017-10-12,9300,1.0800000429153442,1.0700000524520874,1.090000033378601,1.059999942779541,1.0700000524520874
2017-10-11,51400,1.0499999523162842,1.090000033378601,1.090000033378601,1.0399999618530273,1.090000033378601
2017-10-10,24600,1.0399999618530273,1.0499999523162842,1.059999942779541,1.0399999618530273,1.0499999523162842
2017-10-09,48800,1.0800000429153442,1.0299999713897705,1.100000023841858,1.0099999904632568,1.0299999713897705
2017-10-06,11000,1.0700000524520874,1.090000033378601,1.100000023841858,1.0399999618530273,1.090000033378601
2017-10-05,20700,1.0299999713897705,1.059999942779541,1.0800000429153442,1.0299999713897705,1.059999942779541
2017-10-04,81900,1.059999942779541,1.0499999523162842,1.0800000429153442,1.0299999713897705,1.0499999523162842
2017-10-03,16900,1.0399999618530273,1.059999942779541,1.0800000429153442,1.0399999618530273,1.059999942779541
2017-10-02,77400,1.0499999523162842,1.0399999618530273,1.059999942779541,1.0299999713897705,1.0399999618530273
2017-09-29,60200,1.0399999618530273,1.0199999809265137,1.0499999523162842,1.0099999904632568,1.0199999809265137
2017-09-28,48500,1.0499999523162842,1.0499999523162842,1.059999942779541,1.0099999904632568,1.0499999523162842
2017-09-27,48500,1.0499999523162842,1.0299999713897705,1.059999942779541,1.0,1.0299999713897705
2017-09-26,26800,1.0299999713897705,1.0199999809265137,1.059999942779541,1.0,1.0199999809265137
2017-09-25,32400,1.0499999523162842,1.0299999713897705,1.0499999523162842,1.0199999809265137,1.0299999713897705
2017-09-22,38700,1.0399999618530273,1.0499999523162842,1.0499999523162842,1.0,1.0499999523162842
2017-09-21,36300,1.0199999809265137,1.0299999713897705,1.0399999618530273,0.9399999976158142,1.0299999713897705
2017-09-20,37800,1.0099999904632568,1.0199999809265137,1.0299999713897705,0.9900000095367432,1.0199999809265137
2017-09-19,12400,1.0199999809265137,1.0099999904632568,1.0299999713897705,0.9300000071525574,1.0099999904632568
2017-09-18,19700,0.9100000262260437,1.0199999809265137,1.0199999809265137,0.9100000262260437,1.0199999809265137
2017-09-15,61600,0.9200000166893005,0.9700000286102295,1.0,0.8600000143051147,0.9700000286102295
2017-09-14,26500,0.9200000166893005,0.9100000262260437,0.949999988079071,0.8999999761581421,0.9100000262260437
2017-09-13,29400,0.8999999761581421,0.9100000262260437,0.9200000166893005,0.8999999761581421,0.9100000262260437
2017-09-12,48200,0.9200000166893005,0.8799999952316284,0.949999988079071,0.8799999952316284,0.8799999952316284
2017-09-11,18100,0.8899999856948853,0.8999999761581421,0.9200000166893005,0.8899999856948853,0.8999999761581421
2017-09-08,31500,0.9100000262260437,0.8999999761581421,0.9200000166893005,0.8799999952316284,0.8999999761581421
2017-09-07,37400,0.8899999856948853,0.8999999761581421,0.8999999761581421,0.8600000143051147,0.8999999761581421
2017-09-06,57600,0.8700000047683716,0.8700000047683716,0.8799999952316284,0.8600000143051147,0.8700000047683716
2017-09-05,34100,0.8700000047683716,0.8600000143051147,0.8899999856948853,0.8600000143051147,0.8600000143051147
2017-09-01,48000,0.8700000047683716,0.8700000047683716,0.8700000047683716,0.8600000143051147,0.8700000047683716
2017-08-31,27500,0.8999999761581421,0.8600000143051147,0.8999999761581421,0.8600000143051147,0.8600000143051147
2017-08-30,34300,0.9100000262260437,0.8899999856948853,0.9100000262260437,0.8600000143051147,0.8899999856948853
2017-08-29,5300,0.8799999952316284,0.8700000047683716,0.8999999761581421,0.8600000143051147,0.8700000047683716
2017-08-28,41300,0.8899999856948853,0.8700000047683716,0.9100000262260437,0.8600000143051147,0.8700000047683716
2017-08-25,19800,0.8700000047683716,0.8999999761581421,0.9200000166893005,0.8700000047683716,0.8999999761581421
2017-08-24,9500,0.8700000047683716,0.8899999856948853,0.8899999856948853,0.8600000143051147,0.8899999856948853
2017-08-23,6800,0.8600000143051147,0.8700000047683716,0.8999999761581421,0.8600000143051147,0.8700000047683716
2017-08-22,11600,0.8899999856948853,0.8600000143051147,0.8899999856948853,0.8600000143051147,0.8600000143051147
2017-08-21,23500,0.8999999761581421,0.8700000047683716,0.949999988079071,0.8600000143051147,0.8700000047683716
2017-08-18,37400,0.8899999856948853,0.9300000071525574,0.9300000071525574,0.8899999856948853,0.9300000071525574
2017-08-17,1900,0.8999999761581421,0.9100000262260437,0.9300000071525574,0.8999999761581421,0.9100000262260437
2017-08-16,15700,0.9200000166893005,0.9200000166893005,0.949999988079071,0.8999999761581421,0.9200000166893005
2017-08-15,2900,0.8799999952316284,0.9100000262260437,0.9100000262260437,0.8799999952316284,0.9100000262260437
2017-08-14,6000,0.9200000166893005,0.9200000166893005,0.9200000166893005,0.8799999952316284,0.9200000166893005
2017-08-11,50900,0.9100000262260437,0.9200000166893005,0.9399999976158142,0.8799999952316284,0.9200000166893005
2017-08-10,11400,0.9200000166893005,0.9300000071525574,0.949999988079071,0.9100000262260437,0.9300000071525574
2017-08-09,12900,0.9800000190734863,0.9200000166893005,1.0,0.9200000166893005,0.9200000166893005
2017-08-08,16300,0.9399999976158142,0.9399999976158142,1.0,0.9300000071525574,0.9399999976158142
2017-08-07,29900,0.9399999976158142,0.9599999785423279,0.9599999785423279,0.9200000166893005,0.9599999785423279
2017-08-04,59100,0.9200000166893005,0.949999988079071,0.9599999785423279,0.8999999761581421,0.949999988079071
2017-08-03,1700,0.9300000071525574,0.949999988079071,0.949999988079071,0.9300000071525574,0.949999988079071
2017-08-02,7800,0.9200000166893005,0.9399999976158142,0.949999988079071,0.9200000166893005,0.9399999976158142
2017-08-01,5700,0.9399999976158142,0.9300000071525574,0.9599999785423279,0.9200000166893005,0.9300000071525574
2017-07-31,6700,0.9399999976158142,0.9300000071525574,0.9599999785423279,0.9300000071525574,0.9300000071525574
2017-07-28,2500,0.9800000190734863,0.949999988079071,0.9800000190734863,0.9399999976158142,0.949999988079071
2017-07-27,2800,0.9800000190734863,0.949999988079071,0.9800000190734863,0.9300000071525574,0.949999988079071
2017-07-26,8700,0.949999988079071,0.9800000190734863,0.9800000190734863,0.9300000071525574,0.9800000190734863
2017-07-25,15800,0.9800000190734863,0.9599999785423279,1.0099999904632568,0.9599999785423279,0.9599999785423279
2017-07-24,69800,0.9900000095367432,0.9800000190734863,1.0099999904632568,0.9700000286102295,0.9800000190734863
2017-07-21,16400,0.9599999785423279,0.9599999785423279,1.0,0.9599999785423279,0.9599999785423279
2017-07-20,19000,0.9300000071525574,0.9700000286102295,0.9700000286102295,0.9300000071525574,0.9700000286102295
2017-07-19,64900,0.9900000095367432,0.9399999976158142,0.9900000095367432,0.9300000071525574,0.9399999976158142
2017-07-18,13900,0.949999988079071,0.949999988079071,0.949999988079071,0.9200000166893005,0.949999988079071
2017-07-17,30400,0.9900000095367432,0.9700000286102295,0.9900000095367432,0.949999988079071,0.9700000286102295
2017-07-14,30400,0.9100000262260437,0.949999988079071,0.9900000095367432,0.9100000262260437,0.949999988079071
2017-07-13,9100,0.9100000262260437,0.9200000166893005,0.9700000286102295,0.9100000262260437,0.9200000166893005
2017-07-12,24400,1.0,0.949999988079071,1.0,0.8999999761581421,0.949999988079071
2017-07-11,33900,0.949999988079071,0.9599999785423279,1.0199999809265137,0.949999988079071,0.9599999785423279
2017-07-10,2000,0.949999988079071,0.9700000286102295,0.9700000286102295,0.949999988079071,0.9700000286102295
2017-07-07,3800,0.9700000286102295,0.9599999785423279,0.9700000286102295,0.9300000071525574,0.9599999785423279
2017-07-06,1200,0.9599999785423279,0.9700000286102295,0.9700000286102295,0.949999988079071,0.9700000286102295
2017-07-05,11900,0.9900000095367432,0.9700000286102295,0.9900000095367432,0.949999988079071,0.9700000286102295
2017-07-03,27600,0.949999988079071,0.9700000286102295,0.9700000286102295,0.949999988079071,0.9700000286102295
2017-06-30,70000,0.949999988079071,0.8999999761581421,0.9900000095367432,0.8899999856948853,0.8999999761581421
2017-06-29,1400,0.9100000262260437,0.9599999785423279,0.9800000190734863,0.9100000262260437,0.9599999785423279
2017-06-28,1900,0.8999999761581421,0.9700000286102295,0.9700000286102295,0.8999999761581421,0.9700000286102295
2017-06-27,14200,0.9300000071525574,0.9100000262260437,0.9800000190734863,0.8999999761581421,0.9100000262260437
2017-06-26,5300,0.9200000166893005,0.949999988079071,0.9700000286102295,0.9200000166893005,0.949999988079071
2017-06-23,27700,0.9800000190734863,0.949999988079071,0.9900000095367432,0.8799999952316284,0.949999988079071
2017-06-22,117600,0.8799999952316284,0.9700000286102295,0.9800000190734863,0.8799999952316284,0.9700000286102295
2017-06-21,19800,0.8700000047683716,0.8799999952316284,0.8899999856948853,0.8600000143051147,0.8799999952316284
2017-06-20,20600,0.9100000262260437,0.8600000143051147,0.9100000262260437,0.8600000143051147,0.8600000143051147
2017-06-19,6300,0.9599999785423279,0.8899999856948853,0.9599999785423279,0.8799999952316284,0.8899999856948853
2017-06-16,2600,0.8799999952316284,0.9599999785423279,0.9599999785423279,0.8799999952316284,0.9599999785423279
2017-06-15,29700,0.8899999856948853,0.8799999952316284,0.8999999761581421,0.8799999952316284,0.8799999952316284
2017-06-14,1500,0.9399999976158142,0.8899999856948853,0.9399999976158142,0.8899999856948853,0.8899999856948853
2017-06-13,4700,0.9100000262260437,0.8999999761581421,0.9100000262260437,0.8899999856948853,0.8999999761581421
2017-06-12,1000,0.9300000071525574,0.9100000262260437,0.9399999976158142,0.8999999761581421,0.9100000262260437
2017-06-09,55500,0.9200000166893005,0.8999999761581421,0.9200000166893005,0.8999999761581421,0.8999999761581421
2017-06-08,40800,1.0399999618530273,0.9300000071525574,1.0399999618530273,0.9100000262260437,0.9300000071525574
2017-06-07,5800,0.9800000190734863,0.9800000190734863,0.9800000190734863,0.9800000190734863,0.9800000190734863
2017-06-06,27400,0.9800000190734863,0.9800000190734863,0.9800000190734863,0.9599999785423279,0.9800000190734863
2017-06-05,7700,0.9599999785423279,0.9800000190734863,0.9800000190734863,0.9300000071525574,0.9800000190734863
2017-06-02,41000,0.9200000166893005,0.9399999976158142,0.9700000286102295,0.9200000166893005,0.9399999976158142
2017-06-01,31500,0.9100000262260437,0.9399999976158142,0.949999988079071,0.8899999856948853,0.9399999976158142
2017-05-31,7100,0.8999999761581421,0.9100000262260437,0.9100000262260437,0.8899999856948853,0.9100000262260437
2017-05-30,7700,0.8999999761581421,0.8899999856948853,0.9100000262260437,0.8899999856948853,0.8899999856948853
2017-05-26,4700,0.9200000166893005,0.8999999761581421,0.9200000166893005,0.8799999952316284,0.8999999761581421
2017-05-25,43200,0.8500000238418579,0.8799999952316284,0.8999999761581421,0.8500000238418579,0.8799999952316284
2017-05-24,9300,0.8500000238418579,0.8700000047683716,0.8700000047683716,0.8500000238418579,0.8700000047683716
2017-05-23,40900,0.8500000238418579,0.8500000238418579,0.8999999761581421,0.8500000238418579,0.8500000238418579
2017-05-22,39300,0.8700000047683716,0.8500000238418579,0.8899999856948853,0.8500000238418579,0.8500000238418579
2017-05-19,21900,0.8600000143051147,0.8700000047683716,0.8899999856948853,0.8500000238418579,0.8700000047683716
2017-05-18,9300,0.8700000047683716,0.8500000238418579,0.8899999856948853,0.8500000238418579,0.8500000238418579
2017-05-17,15300,0.8500000238418579,0.8500000238418579,0.8600000143051147,0.8500000238418579,0.8500000238418579
2017-05-16,30200,0.8700000047683716,0.8500000238418579,0.8700000047683716,0.8500000238418579,0.8500000238418579
2017-05-15,34700,0.8999999761581421,0.8700000047683716,0.8999999761581421,0.8500000238418579,0.8700000047683716
2017-05-12,14100,0.8500000238418579,0.8500000238418579,0.8899999856948853,0.8500000238418579,0.8500000238418579
2017-05-11,40600,0.8500000238418579,0.8500000238418579,0.8600000143051147,0.8500000238418579,0.8500000238418579
2017-05-10,54800,0.8500000238418579,0.8500000238418579,0.8600000143051147,0.8500000238418579,0.8500000238418579
2017-05-09,59100,0.8500000238418579,0.8500000238418579,0.8700000047683716,0.8500000238418579,0.8500000238418579
2017-05-08,364900,0.8100000023841858,0.8500000238418579,0.9700000286102295,0.8100000023841858,0.8500000238418579
2017-05-05,37500,0.8199999928474426,0.8100000023841858,0.8399999737739563,0.800000011920929,0.8100000023841858
2017-05-04,11100,0.8500000238418579,0.8100000023841858,0.8500000238418579,0.800000011920929,0.8100000023841858
2017-05-03,52500,0.800000011920929,0.8100000023841858,0.8199999928474426,0.800000011920929,0.8100000023841858
2017-05-02,40500,0.8299999833106995,0.800000011920929,0.8299999833106995,0.800000011920929,0.800000011920929
2017-05-01,39200,0.800000011920929,0.800000011920929,0.8299999833106995,0.800000011920929,0.800000011920929
2017-04-28,110900,0.8399999737739563,0.8100000023841858,0.8399999737739563,0.800000011920929,0.8100000023841858
2017-04-27,25000,0.8100000023841858,0.800000011920929,0.8199999928474426,0.800000011920929,0.800000011920929
2017-04-26,400,0.8399999737739563,0.8399999737739563,0.8399999737739563,0.8399999737739563,0.8399999737739563
2017-04-25,6300,0.8500000238418579,0.8299999833106995,0.8600000143051147,0.8199999928474426,0.8299999833106995
2017-04-24,21800,0.8500000238418579,0.800000011920929,0.8600000143051147,0.800000011920929,0.800000011920929
2017-04-21,5000,0.8500000238418579,0.800000011920929,0.8899999856948853,0.800000011920929,0.800000011920929
2017-04-20,34400,0.800000011920929,0.800000011920929,0.8500000238418579,0.800000011920929,0.800000011920929
2017-04-19,24900,0.8500000238418579,0.800000011920929,0.8500000238418579,0.800000011920929,0.800000011920929
2017-04-18,54100,0.9200000166893005,0.8299999833106995,0.9200000166893005,0.8199999928474426,0.8299999833106995
2017-04-17,34100,0.949999988079071,0.8299999833106995,0.949999988079071,0.8199999928474426,0.8299999833106995
2017-04-13,10400,0.8199999928474426,0.8799999952316284,0.8899999856948853,0.8100000023841858,0.8799999952316284
2017-04-12,8100,0.8399999737739563,0.8500000238418579,0.8500000238418579,0.8100000023841858,0.8500000238418579
2017-04-11,17600,0.8399999737739563,0.800000011920929,0.8500000238418579,0.800000011920929,0.800000011920929
2017-04-10,60100,0.8500000238418579,0.8399999737739563,0.9100000262260437,0.800000011920929,0.8399999737739563
2017-04-07,86400,0.9100000262260437,0.8600000143051147,0.9100000262260437,0.8500000238418579,0.8600000143051147
2017-04-06,463900,0.8999999761581421,0.8500000238418579,0.949999988079071,0.8500000238418579,0.8500000238418579
2017-04-05,50900,0.9100000262260437,0.8999999761581421,0.9300000071525574,0.8999999761581421,0.8999999761581421
2017-04-04,9700,0.9599999785423279,0.9100000262260437,0.9599999785423279,0.9100000262260437,0.9100000262260437
2017-04-03,20900,0.9300000071525574,0.9100000262260437,0.9700000286102295,0.9100000262260437,0.9100000262260437
2017-03-31,66000,0.9700000286102295,0.9300000071525574,0.9900000095367432,0.9200000166893005,0.9300000071525574
2017-03-30,18000,0.9800000190734863,0.9700000286102295,0.9900000095367432,0.9599999785423279,0.9700000286102295
2017-03-29,5100,0.9800000190734863,0.9800000190734863,0.9800000190734863,0.9800000190734863,0.9800000190734863
2017-03-28,2100,0.9800000190734863,0.9599999785423279,0.9800000190734863,0.9599999785423279,0.9599999785423279
2017-03-27,10500,0.949999988079071,0.9599999785423279,0.9900000095367432,0.949999988079071,0.9599999785423279
2017-03-24,2200,0.9100000262260437,0.949999988079071,0.9800000190734863,0.9100000262260437,0.949999988079071
2017-03-23,8100,0.9100000262260437,0.9599999785423279,0.9800000190734863,0.9100000262260437,0.9599999785423279
2017-03-22,24800,0.9399999976158142,0.9200000166893005,0.9399999976158142,0.9100000262260437,0.9200000166893005
2017-03-21,37600,0.9700000286102295,0.949999988079071,0.9700000286102295,0.9100000262260437,0.949999988079071
2017-03-20,5000,0.9900000095367432,0.9700000286102295,0.9900000095367432,0.9700000286102295,0.9700000286102295
2017-03-17,83000,1.0,0.9800000190734863,1.0499999523162842,0.8999999761581421,0.9800000190734863
2017-03-16,2200,1.0499999523162842,1.0,1.059999942779541,1.0,1.0
2017-03-15,132500,1.0299999713897705,0.9800000190734863,1.0299999713897705,0.9800000190734863,0.9800000190734863
2017-03-14,112100,1.0199999809265137,1.0199999809265137,1.0299999713897705,1.0099999904632568,1.0199999809265137
2017-03-13,3500,1.059999942779541,1.0499999523162842,1.0700000524520874,1.0499999523162842,1.0499999523162842
2017-03-10,29300,1.0199999809265137,1.0399999618530273,1.0700000524520874,1.0199999809265137,1.0399999618530273
2017-03-09,10800,1.0199999809265137,1.0199999809265137,1.0299999713897705,1.0199999809265137,1.0199999809265137
2017-03-08,4500,1.0199999809265137,1.0199999809265137,1.0299999713897705,1.0199999809265137,1.0199999809265137
2017-03-07,66700,1.0299999713897705,1.0199999809265137,1.0399999618530273,1.0199999809265137,1.0199999809265137
2017-03-06,80600,1.090000033378601,1.0299999713897705,1.090000033378601,1.0199999809265137,1.0299999713897705
2017-03-03,38600,1.0700000524520874,1.0499999523162842,1.0800000429153442,1.0299999713897705,1.0499999523162842
2017-03-02,21300,1.0399999618530273,1.0700000524520874,1.0700000524520874,1.0399999618530273,1.0700000524520874
2017-03-01,55600,1.0199999809265137,1.059999942779541,1.0800000429153442,1.0199999809265137,1.059999942779541
2017-02-28,71100,1.0199999809265137,1.0299999713897705,1.059999942779541,1.0199999809265137,1.0299999713897705
2017-02-27,38600,1.0700000524520874,1.0499999523162842,1.0700000524520874,1.0299999713897705,1.0499999523162842
2017-02-24,63200,1.0499999523162842,1.0499999523162842,1.090000033378601,1.0199999809265137,1.0499999523162842
2017-02-23,66700,1.1100000143051147,1.059999942779541,1.1699999570846558,1.0299999713897705,1.059999942779541
2017-02-22,122700,1.0800000429153442,1.0700000524520874,1.100000023841858,1.0199999809265137,1.0700000524520874
2017-02-21,49200,1.1399999856948853,1.090000033378601,1.149999976158142,1.0800000429153442,1.090000033378601
2017-02-17,63300,1.1100000143051147,1.1200000047683716,1.1200000047683716,1.0499999523162842,1.1200000047683716
2017-02-16,16100,1.100000023841858,1.0800000429153442,1.1100000143051147,1.0700000524520874,1.0800000429153442
2017-02-15,21800,1.1299999952316284,1.0800000429153442,1.1399999856948853,1.0700000524520874,1.0800000429153442
2017-02-14,25000,1.1399999856948853,1.090000033378601,1.149999976158142,1.0700000524520874,1.090000033378601
2017-02-13,63600,1.149999976158142,1.149999976158142,1.159999966621399,1.0700000524520874,1.149999976158142
2017-02-10,163000,1.0499999523162842,1.1100000143051147,1.1299999952316284,1.0099999904632568,1.1100000143051147
2017-02-09,67500,1.059999942779541,1.0399999618530273,1.090000033378601,1.0099999904632568,1.0399999618530273
2017-02-08,67900,1.0700000524520874,1.0299999713897705,1.100000023841858,1.0299999713897705,1.0299999713897705
2017-02-07,114500,1.159999966621399,1.059999942779541,1.1799999475479126,1.059999942779541,1.059999942779541
2017-02-06,149700,1.100000023841858,1.1399999856948853,1.1799999475479126,1.100000023841858,1.1399999856948853
2017-02-03,887400,1.090000033378601,1.100000023841858,1.1299999952316284,1.0700000524520874,1.100000023841858
2017-02-02,3600,1.090000033378601,1.100000023841858,1.100000023841858,1.059999942779541,1.100000023841858
2017-02-01,25500,1.100000023841858,1.100000023841858,1.1299999952316284,1.059999942779541,1.100000023841858
2017-01-31,15400,1.0800000429153442,1.0800000429153442,1.100000023841858,1.0800000429153442,1.0800000429153442
2017-01-30,39700,1.090000033378601,1.100000023841858,1.1299999952316284,1.0800000429153442,1.100000023841858
2017-01-27,14500,1.059999942779541,1.1100000143051147,1.1100000143051147,1.059999942779541,1.1100000143051147
2017-01-26,23800,1.0700000524520874,1.090000033378601,1.1200000047683716,1.0700000524520874,1.090000033378601
2017-01-25,18200,1.0499999523162842,1.1100000143051147,1.1299999952316284,1.0499999523162842,1.1100000143051147
2017-01-24,48500,1.0,1.0700000524520874,1.1399999856948853,0.9800000190734863,1.0700000524520874
2017-01-23,40100,1.1299999952316284,1.0700000524520874,1.149999976158142,1.0499999523162842,1.0700000524520874
2017-01-20,12000,1.0800000429153442,1.1299999952316284,1.149999976158142,1.0499999523162842,1.1299999952316284
2017-01-19,58200,1.1799999475479126,1.1299999952316284,1.1799999475479126,1.090000033378601,1.1299999952316284
2017-01-18,115200,1.059999942779541,1.1399999856948853,1.190000057220459,1.0499999523162842,1.1399999856948853
2017-01-17,29600,1.0700000524520874,1.0800000429153442,1.1100000143051147,1.0499999523162842,1.0800000429153442
2017-01-13,9900,1.059999942779541,1.059999942779541,1.059999942779541,1.0499999523162842,1.059999942779541
2017-01-12,3300,1.0399999618530273,1.0499999523162842,1.0700000524520874,1.0399999618530273,1.0499999523162842
2017-01-11,17700,1.0499999523162842,1.0499999523162842,1.100000023841858,1.0399999618530273,1.0499999523162842
2017-01-10,94000,1.0399999618530273,1.059999942779541,1.059999942779541,0.9700000286102295,1.059999942779541
2017-01-09,19600,1.0499999523162842,1.0199999809265137,1.0499999523162842,1.0099999904632568,1.0199999809265137
2017-01-06,8000,1.0399999618530273,1.0,1.0499999523162842,0.9599999785423279,1.0
2017-01-05,20200,0.9300000071525574,0.9800000190734863,1.0,0.9300000071525574,0.9800000190734863
2017-01-04,7500,1.0199999809265137,0.9800000190734863,1.0399999618530273,0.9599999785423279,0.9800000190734863
2017-01-03,9300,1.0,0.9800000190734863,1.0,0.949999988079071,0.9800000190734863
2016-12-30,983800,1.0299999713897705,0.949999988079071,1.0299999713897705,0.949999988079071,0.949999988079071
2016-12-29,49200,0.9800000190734863,0.9900000095367432,1.0299999713897705,0.9800000190734863,0.9900000095367432
2016-12-28,29300,1.0,0.9800000190734863,1.0099999904632568,0.9800000190734863,0.9800000190734863
2016-12-27,16800,1.0299999713897705,0.9800000190734863,1.0700000524520874,0.9800000190734863,0.9800000190734863
2016-12-23,6700,1.0299999713897705,1.0199999809265137,1.0700000524520874,0.9800000190734863,1.0199999809265137
2016-12-22,84900,1.0499999523162842,1.0199999809265137,1.0700000524520874,0.9800000190734863,1.0199999809265137
2016-12-21,36500,1.100000023841858,1.0299999713897705,1.1100000143051147,1.0199999809265137,1.0299999713897705
2016-12-20,108200,1.2000000476837158,1.100000023841858,1.2000000476837158,1.100000023841858,1.100000023841858
2016-12-19,369500,0.9800000190734863,1.149999976158142,1.1799999475479126,0.9800000190734863,1.149999976158142
2016-12-16,179800,1.0299999713897705,1.0800000429153442,1.0800000429153442,1.0,1.0800000429153442
2016-12-15,122600,1.0,1.0099999904632568,1.0199999809265137,0.949999988079071,1.0099999904632568
2016-12-14,20200,1.0099999904632568,0.9900000095367432,1.0099999904632568,0.949999988079071,0.9900000095367432
2016-12-13,32100,1.0499999523162842,1.0099999904632568,1.0499999523162842,0.9800000190734863,1.0099999904632568
2016-12-12,19600,1.0499999523162842,1.0,1.0499999523162842,1.0,1.0
2016-12-09,13900,1.0199999809265137,1.0099999904632568,1.0499999523162842,1.0099999904632568,1.0099999904632568
2016-12-08,37000,1.0,1.0099999904632568,1.059999942779541,1.0,1.0099999904632568
2016-12-07,4200,1.100000023841858,1.0399999618530273,1.100000023841858,1.0199999809265137,1.0399999618530273
2016-12-06,66700,0.9700000286102295,1.0,1.0399999618530273,0.9700000286102295,1.0
2016-12-05,30700,0.9800000190734863,0.9599999785423279,1.0199999809265137,0.9399999976158142,0.9599999785423279
2016-12-02,27900,1.0399999618530273,0.9800000190734863,1.0399999618530273,0.9700000286102295,0.9800000190734863
2016-12-01,53400,1.0399999618530273,0.9800000190734863,1.0399999618530273,0.9800000190734863,0.9800000190734863
2016-11-30,16600,1.0099999904632568,1.0199999809265137,1.0199999809265137,1.0099999904632568,1.0199999809265137
2016-11-29,18900,1.0099999904632568,1.0099999904632568,1.0199999809265137,1.0,1.0099999904632568
2016-11-28,11300,1.0399999618530273,1.0,1.0399999618530273,0.9800000190734863,1.0
2016-11-25,5000,1.0299999713897705,1.0399999618530273,1.0499999523162842,1.0299999713897705,1.0399999618530273
2016-11-23,20500,1.0199999809265137,1.0299999713897705,1.0299999713897705,1.0099999904632568,1.0299999713897705
2016-11-22,16400,1.059999942779541,1.0,1.0800000429153442,0.9700000286102295,1.0
2016-11-21,34500,1.0800000429153442,1.0499999523162842,1.0800000429153442,1.0299999713897705,1.0499999523162842
2016-11-18,92300,1.0,1.0499999523162842,1.0700000524520874,1.0,1.0499999523162842
2016-11-17,130000,1.0399999618530273,1.0099999904632568,1.0399999618530273,1.0,1.0099999904632568
2016-11-16,144500,1.0499999523162842,1.0399999618530273,1.0499999523162842,1.0199999809265137,1.0399999618530273
2016-11-15,1938200,0.8799999952316284,1.0499999523162842,1.0499999523162842,0.8399999737739563,1.0499999523162842
2016-11-14,32600,0.8799999952316284,0.8799999952316284,0.8799999952316284,0.8500000238418579,0.8799999952316284
2016-11-11,55300,0.8100000023841858,0.8700000047683716,0.8899999856948853,0.800000011920929,0.8700000047683716
2016-11-10,37400,0.7900000214576721,0.8299999833106995,0.8500000238418579,0.7900000214576721,0.8299999833106995
2016-11-09,150000,0.8299999833106995,0.8100000023841858,0.8299999833106995,0.7799999713897705,0.8100000023841858
2016-11-08,63500,0.8799999952316284,0.8399999737739563,0.8799999952316284,0.8199999928474426,0.8399999737739563
2016-11-07,58200,0.8500000238418579,0.8899999856948853,0.9200000166893005,0.8199999928474426,0.8899999856948853
2016-11-04,63600,0.8999999761581421,0.8600000143051147,0.8999999761581421,0.800000011920929,0.8600000143051147
2016-11-03,81200,0.9200000166893005,0.8999999761581421,0.9300000071525574,0.8700000047683716,0.8999999761581421
2016-11-02,111800,0.9399999976158142,0.949999988079071,0.9800000190734863,0.9399999976158142,0.949999988079071
2016-11-01,65200,1.0,0.9700000286102295,1.0,0.9200000166893005,0.9700000286102295
2016-10-31,6600,1.0,0.9800000190734863,1.0099999904632568,0.9700000286102295,0.9800000190734863
2016-10-28,8300,0.9599999785423279,1.0,1.0,0.9599999785423279,1.0
2016-10-27,20400,0.9900000095367432,0.9700000286102295,1.0099999904632568,0.9599999785423279,0.9700000286102295
2016-10-26,31900,1.0,1.0,1.0099999904632568,0.9599999785423279,1.0
2016-10-25,6600,0.9700000286102295,0.9599999785423279,1.0,0.9599999785423279,0.9599999785423279
2016-10-24,10600,0.9599999785423279,0.9800000190734863,1.0099999904632568,0.9599999785423279,0.9800000190734863
2016-10-21,2300,0.9599999785423279,0.9800000190734863,1.0099999904632568,0.9599999785423279,0.9800000190734863
2016-10-20,8400,0.9800000190734863,0.9800000190734863,1.0099999904632568,0.9599999785423279,0.9800000190734863
2016-10-19,78800,1.0099999904632568,1.0,1.0199999809265137,0.9800000190734863,1.0
2016-10-18,75300,0.9599999785423279,1.0099999904632568,1.0199999809265137,0.9599999785423279,1.0099999904632568
2016-10-17,110400,1.0,0.9599999785423279,1.0199999809265137,0.9599999785423279,0.9599999785423279
2016-10-14,33700,0.949999988079071,0.9900000095367432,1.0099999904632568,0.949999988079071,0.9900000095367432
2016-10-13,70300,0.949999988079071,0.9599999785423279,1.0,0.949999988079071,0.9599999785423279
2016-10-12,18800,0.9800000190734863,0.9900000095367432,1.0099999904632568,0.9700000286102295,0.9900000095367432
2016-10-11,36200,0.9900000095367432,0.9800000190734863,1.0,0.9800000190734863,0.9800000190734863
2016-10-10,13300,0.9900000095367432,0.9800000190734863,0.9900000095367432,0.9800000190734863,0.9800000190734863
2016-10-07,18700,1.0,0.9900000095367432,1.0,0.9800000190734863,0.9900000095367432
2016-10-06,54500,1.0,0.9900000095367432,1.0099999904632568,0.9900000095367432,0.9900000095367432
2016-10-05,24400,0.949999988079071,0.9900000095367432,1.0199999809265137,0.9399999976158142,0.9900000095367432
2016-10-04,94000,0.9599999785423279,0.9700000286102295,0.9900000095367432,0.9399999976158142,0.9700000286102295
2016-10-03,53000,0.9800000190734863,0.9399999976158142,1.0399999618530273,0.9300000071525574,0.9399999976158142
2016-09-30,50000,1.0,0.9900000095367432,1.0299999713897705,0.9800000190734863,0.9900000095367432
2016-09-29,50000,1.0199999809265137,0.9900000095367432,1.0199999809265137,0.9900000095367432,0.9900000095367432
2016-09-28,31900,1.0099999904632568,0.9900000095367432,1.0199999809265137,0.9900000095367432,0.9900000095367432
2016-09-27,8500,1.0299999713897705,1.0099999904632568,1.0299999713897705,0.9900000095367432,1.0099999904632568
2016-09-26,2200,1.0299999713897705,0.9900000095367432,1.0299999713897705,0.9900000095367432,0.9900000095367432
2016-09-23,103200,1.0800000429153442,1.0,1.0800000429153442,0.9900000095367432,1.0
2016-09-22,20400,1.0,1.0399999618530273,1.0700000524520874,0.9900000095367432,1.0399999618530273
2016-09-21,71300,1.0,0.9900000095367432,1.059999942779541,0.9900000095367432,0.9900000095367432
2016-09-20,40900,1.0399999618530273,1.0099999904632568,1.0499999523162842,1.0,1.0099999904632568
2016-09-19,68600,1.100000023841858,1.0299999713897705,1.100000023841858,1.0099999904632568,1.0299999713897705
2016-09-16,194200,1.0,1.090000033378601,1.100000023841858,1.0,1.090000033378601
2016-09-15,20800,1.0,1.0,1.0399999618530273,1.0,1.0
2016-09-14,68900,0.9900000095367432,1.0199999809265137,1.0399999618530273,0.9900000095367432,1.0199999809265137
2016-09-13,54500,0.9800000190734863,1.0,1.0099999904632568,0.9800000190734863,1.0
2016-09-12,82200,1.100000023841858,1.0,1.100000023841858,0.9800000190734863,1.0
2016-09-09,84500,1.0299999713897705,1.0099999904632568,1.090000033378601,1.0,1.0099999904632568
2016-09-08,73100,1.0399999618530273,1.0199999809265137,1.0800000429153442,1.0199999809265137,1.0199999809265137
2016-09-07,201000,1.100000023841858,1.0299999713897705,1.100000023841858,1.0299999713897705,1.0299999713897705
2016-09-06,170800,1.0800000429153442,1.090000033378601,1.1299999952316284,1.0499999523162842,1.090000033378601
2016-09-02,21700,1.1299999952316284,1.100000023841858,1.1699999570846558,1.100000023841858,1.100000023841858
2016-09-01,65300,1.159999966621399,1.1100000143051147,1.1799999475479126,1.1100000143051147,1.1100000143051147
2016-08-31,16300,1.159999966621399,1.1699999570846558,1.1799999475479126,1.149999976158142,1.1699999570846558
2016-08-30,6600,1.159999966621399,1.159999966621399,1.1799999475479126,1.149999976158142,1.159999966621399
2016-08-29,13700,1.159999966621399,1.149999976158142,1.190000057220459,1.149999976158142,1.149999976158142
2016-08-26,31900,1.1699999570846558,1.149999976158142,1.1799999475479126,1.149999976158142,1.149999976158142
2016-08-25,31200,1.2000000476837158,1.1799999475479126,1.2000000476837158,1.1699999570846558,1.1799999475479126
2016-08-24,21300,1.2000000476837158,1.159999966621399,1.2100000381469727,1.159999966621399,1.159999966621399
2016-08-23,29200,1.1699999570846558,1.1699999570846558,1.2100000381469727,1.159999966621399,1.1699999570846558
2016-08-22,41200,1.1799999475479126,1.2100000381469727,1.2100000381469727,1.1399999856948853,1.2100000381469727
2016-08-19,37400,1.159999966621399,1.1699999570846558,1.1799999475479126,1.159999966621399,1.1699999570846558
2016-08-18,34800,1.1799999475479126,1.1699999570846558,1.2000000476837158,1.159999966621399,1.1699999570846558
2016-08-17,18100,1.1299999952316284,1.2000000476837158,1.2200000286102295,1.1299999952316284,1.2000000476837158
2016-08-16,104100,1.190000057220459,1.149999976158142,1.190000057220459,1.1299999952316284,1.149999976158142
2016-08-15,110700,1.2400000095367432,1.190000057220459,1.2699999809265137,1.190000057220459,1.190000057220459
2016-08-12,121100,1.2599999904632568,1.2699999809265137,1.2899999618530273,1.1299999952316284,1.2699999809265137
2016-08-11,198600,1.25,1.2599999904632568,1.2999999523162842,1.1799999475479126,1.2599999904632568
2016-08-10,306800,1.149999976158142,1.25,1.2799999713897705,1.0700000524520874,1.25
2016-08-09,2250100,0.9599999785423279,1.1399999856948853,1.149999976158142,0.9599999785423279,1.1399999856948853
2016-08-08,332200,1.0399999618530273,0.9599999785423279,1.0499999523162842,0.9599999785423279,0.9599999785423279
2016-08-05,713600,1.350000023841858,1.0,1.3600000143051147,0.8999999761581421,1.0
2016-08-04,34400,1.440000057220459,1.350000023841858,1.440000057220459,1.350000023841858,1.350000023841858
2016-08-03,39700,1.4199999570846558,1.4199999570846558,1.440000057220459,1.399999976158142,1.4199999570846558
2016-08-02,18500,1.4700000286102295,1.4199999570846558,1.4700000286102295,1.3700000047683716,1.4199999570846558
2016-08-01,12900,1.440000057220459,1.4199999570846558,1.4700000286102295,1.4199999570846558,1.4199999570846558
2016-07-29,13300,1.4600000381469727,1.4199999570846558,1.4700000286102295,1.4199999570846558,1.4199999570846558
2016-07-28,13900,1.4199999570846558,1.4500000476837158,1.4800000190734863,1.4199999570846558,1.4500000476837158
2016-07-27,17200,1.4700000286102295,1.4199999570846558,1.4900000095367432,1.4199999570846558,1.4199999570846558
2016-07-26,36800,1.4600000381469727,1.440000057220459,1.4900000095367432,1.4199999570846558,1.440000057220459
2016-07-25,15600,1.4900000095367432,1.4900000095367432,1.5299999713897705,1.4800000190734863,1.4900000095367432
2016-07-22,8800,1.4700000286102295,1.4800000190734863,1.4800000190734863,1.4299999475479126,1.4800000190734863
2016-07-21,4100,1.4900000095367432,1.4500000476837158,1.5,1.409999966621399,1.4500000476837158
2016-07-20,2700,1.4500000476837158,1.4800000190734863,1.5,1.4500000476837158,1.4800000190734863
2016-07-19,32500,1.5099999904632568,1.4500000476837158,1.5399999618530273,1.4500000476837158,1.4500000476837158
2016-07-18,11800,1.4900000095367432,1.5,1.5299999713897705,1.4700000286102295,1.5
2016-07-15,21400,1.5299999713897705,1.4700000286102295,1.5399999618530273,1.4600000381469727,1.4700000286102295
2016-07-14,18800,1.4800000190734863,1.5199999809265137,1.5399999618530273,1.4500000476837158,1.5199999809265137
2016-07-13,18300,1.5399999618530273,1.4900000095367432,1.5399999618530273,1.4700000286102295,1.4900000095367432
2016-07-12,35500,1.4800000190734863,1.5,1.5299999713897705,1.4800000190734863,1.5
2016-07-11,12900,1.5,1.4900000095367432,1.5499999523162842,1.4700000286102295,1.4900000095367432
2016-07-08,26400,1.5399999618530273,1.5,1.5399999618530273,1.4700000286102295,1.5
2016-07-07,11200,1.4900000095367432,1.5099999904632568,1.5399999618530273,1.4800000190734863,1.5099999904632568
2016-07-06,21900,1.5099999904632568,1.5,1.5399999618530273,1.4600000381469727,1.5
2016-07-05,9800,1.5,1.5299999713897705,1.5399999618530273,1.4600000381469727,1.5299999713897705
2016-07-01,25300,1.4900000095367432,1.5499999523162842,1.5499999523162842,1.4900000095367432,1.5499999523162842
2016-06-30,50700,1.4500000476837158,1.4800000190734863,1.559999942779541,1.4500000476837158,1.4800000190734863
2016-06-29,5200,1.559999942779541,1.5,1.559999942779541,1.4600000381469727,1.5
2016-06-28,17000,1.5099999904632568,1.5199999809265137,1.5299999713897705,1.399999976158142,1.5199999809265137
2016-06-27,35900,1.559999942779541,1.440000057220459,1.559999942779541,1.4199999570846558,1.440000057220459
2016-06-24,114100,1.5399999618530273,1.5099999904632568,1.559999942779541,1.4600000381469727,1.5099999904632568
2016-06-23,43000,1.5800000429153442,1.5499999523162842,1.6200000047683716,1.5499999523162842,1.5499999523162842
2016-06-22,20600,1.6100000143051147,1.5700000524520874,1.6399999856948853,1.559999942779541,1.5700000524520874
2016-06-21,30500,1.659999966621399,1.600000023841858,1.6799999475479126,1.590000033378601,1.600000023841858
2016-06-20,10800,1.649999976158142,1.6399999856948853,1.690000057220459,1.6100000143051147,1.6399999856948853
2016-06-17,34800,1.600000023841858,1.6299999952316284,1.7000000476837158,1.559999942779541,1.6299999952316284
2016-06-16,156900,1.6100000143051147,1.600000023841858,1.6200000047683716,1.5499999523162842,1.600000023841858
2016-06-15,25100,1.590000033378601,1.6100000143051147,1.7100000381469727,1.590000033378601,1.6100000143051147
2016-06-14,25300,1.659999966621399,1.600000023841858,1.6699999570846558,1.590000033378601,1.600000023841858
2016-06-13,134600,1.850000023841858,1.6699999570846558,1.850000023841858,1.590000033378601,1.6699999570846558
2016-06-10,41400,1.8300000429153442,1.809999942779541,1.850000023841858,1.7899999618530273,1.809999942779541
2016-06-09,80900,1.850000023841858,1.840000033378601,1.909999966621399,1.7999999523162842,1.840000033378601
2016-06-08,61300,1.8300000429153442,1.8300000429153442,1.9600000381469727,1.7999999523162842,1.8300000429153442
2016-06-07,24700,1.8600000143051147,1.8200000524520874,1.8799999952316284,1.8200000524520874,1.8200000524520874
2016-06-06,21000,1.8200000524520874,1.850000023841858,1.8899999856948853,1.8200000524520874,1.850000023841858
2016-06-03,19700,1.7999999523162842,1.8200000524520874,1.8200000524520874,1.7899999618530273,1.8200000524520874
2016-06-02,20200,1.7999999523162842,1.7999999523162842,1.8300000429153442,1.7999999523162842,1.7999999523162842
2016-06-01,55400,1.7999999523162842,1.7899999618530273,1.8300000429153442,1.7899999618530273,1.7899999618530273
2016-05-31,27400,1.7999999523162842,1.7999999523162842,1.8600000143051147,1.7999999523162842,1.7999999523162842
2016-05-27,38300,1.850000023841858,1.8200000524520874,1.8600000143051147,1.7999999523162842,1.8200000524520874
2016-05-26,38400,1.840000033378601,1.7799999713897705,1.8600000143051147,1.7799999713897705,1.7799999713897705
2016-05-25,42000,1.8300000429153442,1.850000023841858,1.850000023841858,1.8200000524520874,1.850000023841858
2016-05-24,38500,1.8600000143051147,1.8300000429153442,1.8700000047683716,1.8300000429153442,1.8300000429153442
2016-05-23,56800,1.8899999856948853,1.850000023841858,1.940000057220459,1.850000023841858,1.850000023841858
2016-05-20,60200,1.8700000047683716,1.8700000047683716,1.899999976158142,1.8700000047683716,1.8700000047683716
2016-05-19,63500,1.850000023841858,1.850000023841858,1.8799999952316284,1.8200000524520874,1.850000023841858
2016-05-18,39700,1.9199999570846558,1.8799999952316284,1.9199999570846558,1.8799999952316284,1.8799999952316284
2016-05-17,143500,1.940000057220459,1.940000057220459,1.940000057220459,1.840000033378601,1.940000057220459
2016-05-16,81400,1.940000057220459,1.899999976158142,1.9800000190734863,1.899999976158142,1.899999976158142
2016-05-13,22800,2.0299999713897705,1.9800000190734863,2.0299999713897705,1.9500000476837158,1.9800000190734863
2016-05-12,14100,2.0299999713897705,1.9900000095367432,2.0299999713897705,1.9900000095367432,1.9900000095367432
2016-05-11,41300,2.009999990463257,2.0,2.0299999713897705,1.9900000095367432,2.0
2016-05-10,46500,2.009999990463257,1.9900000095367432,2.0399999618530273,1.9700000286102295,1.9900000095367432
2016-05-09,71000,2.0299999713897705,2.0,2.0399999618530273,1.9500000476837158,2.0
2016-05-06,85400,2.380000114440918,1.9700000286102295,2.380000114440918,1.9600000381469727,1.9700000286102295
2016-05-05,63300,2.299999952316284,2.2699999809265137,2.380000114440918,2.25,2.2699999809265137
2016-05-04,65000,2.430000066757202,2.259999990463257,2.440000057220459,2.2200000286102295,2.259999990463257
2016-05-03,14100,2.3499999046325684,2.4700000286102295,2.4700000286102295,2.319999933242798,2.4700000286102295
2016-05-02,10200,2.4000000953674316,2.4000000953674316,2.490000009536743,2.369999885559082,2.4000000953674316
2016-04-29,38200,2.5,2.4200000762939453,2.509999990463257,2.4000000953674316,2.4200000762939453
2016-04-28,17400,2.450000047683716,2.5,2.5199999809265137,2.450000047683716,2.5
2016-04-27,15700,2.430000066757202,2.509999990463257,2.5199999809265137,2.430000066757202,2.509999990463257
2016-04-26,28700,2.390000104904175,2.509999990463257,2.509999990463257,2.390000104904175,2.509999990463257
2016-04-25,17800,2.5199999809265137,2.4600000381469727,2.5199999809265137,2.4000000953674316,2.4600000381469727
2016-04-22,58600,2.369999885559082,2.4600000381469727,2.490000009536743,2.309999942779541,2.4600000381469727
2016-04-21,17300,2.390000104904175,2.4100000858306885,2.5,2.390000104904175,2.4100000858306885
2016-04-20,59900,2.430000066757202,2.4100000858306885,2.569999933242798,2.2799999713897705,2.4100000858306885
2016-04-19,43700,2.369999885559082,2.430000066757202,2.4800000190734863,2.359999895095825,2.430000066757202
2016-04-18,41200,2.369999885559082,2.390000104904175,2.440000057220459,2.369999885559082,2.390000104904175
2016-04-15,29900,2.380000114440918,2.3499999046325684,2.4600000381469727,2.3499999046325684,2.3499999046325684
2016-04-14,19700,2.369999885559082,2.4000000953674316,2.4200000762939453,2.3499999046325684,2.4000000953674316
2016-04-13,16800,2.4200000762939453,2.359999895095825,2.4200000762939453,2.359999895095825,2.359999895095825
2016-04-12,24300,2.3499999046325684,2.390000104904175,2.4000000953674316,2.319999933242798,2.390000104904175
2016-04-11,12000,2.4000000953674316,2.3499999046325684,2.4100000858306885,2.3499999046325684,2.3499999046325684
2016-04-08,18600,2.369999885559082,2.380000114440918,2.4000000953674316,2.2799999713897705,2.380000114440918
2016-04-07,10800,2.4000000953674316,2.359999895095825,2.4700000286102295,2.319999933242798,2.359999895095825
2016-04-06,82600,2.430000066757202,2.4000000953674316,2.4600000381469727,2.299999952316284,2.4000000953674316
2016-04-05,32500,2.490000009536743,2.4800000190734863,2.5199999809265137,2.4200000762939453,2.4800000190734863
2016-04-04,15100,2.559999942779541,2.4800000190734863,2.559999942779541,2.4600000381469727,2.4800000190734863
2016-04-01,23100,2.549999952316284,2.5199999809265137,2.619999885559082,2.5199999809265137,2.5199999809265137
2016-03-31,42100,2.7300000190734863,2.5299999713897705,2.7300000190734863,2.5299999713897705,2.5299999713897705
2016-03-30,19200,2.640000104904175,2.6700000762939453,2.700000047683716,2.5899999141693115,2.6700000762939453
2016-03-29,30200,2.6600000858306885,2.6600000858306885,2.740000009536743,2.609999895095825,2.6600000858306885
2016-03-28,25000,2.6500000953674316,2.680000066757202,2.7100000381469727,2.5399999618530273,2.680000066757202
2016-03-24,16200,2.6500000953674316,2.6500000953674316,2.7799999713897705,2.559999942779541,2.6500000953674316
2016-03-23,33700,2.7799999713897705,2.6600000858306885,2.7799999713897705,2.6500000953674316,2.6600000858306885
2016-03-22,45200,2.5999999046325684,2.7799999713897705,2.799999952316284,2.549999952316284,2.7799999713897705
2016-03-21,25500,2.640000104904175,2.690000057220459,2.7899999618530273,2.640000104904175,2.690000057220459
2016-03-18,63300,2.6500000953674316,2.7200000286102295,2.8399999141693115,2.6500000953674316,2.7200000286102295
2016-03-17,27500,2.7899999618530273,2.680000066757202,2.8499999046325684,2.6600000858306885,2.680000066757202
2016-03-16,50300,2.7200000286102295,2.759999990463257,2.859999895095825,2.7200000286102295,2.759999990463257
2016-03-15,106300,2.75,2.8299999237060547,2.9200000762939453,2.700000047683716,2.8299999237060547
2016-03-14,70500,2.490000009536743,2.7200000286102295,2.799999952316284,2.490000009536743,2.7200000286102295
2016-03-11,53700,2.4800000190734863,2.5199999809265137,2.5399999618530273,2.3499999046325684,2.5199999809265137
2016-03-10,11100,2.5199999809265137,2.4700000286102295,2.5399999618530273,2.450000047683716,2.4700000286102295
2016-03-09,100000,2.5399999618530273,2.5,2.5899999141693115,2.309999942779541,2.5
2016-03-08,145400,2.490000009536743,2.5199999809265137,2.5799999237060547,2.450000047683716,2.5199999809265137
2016-03-07,130500,2.3499999046325684,2.5299999713897705,2.5899999141693115,2.2899999618530273,2.5299999713897705
2016-03-04,205100,2.130000114440918,2.3399999141693115,2.359999895095825,2.130000114440918,2.3399999141693115
2016-03-03,70700,2.2200000286102295,2.1600000858306885,2.2300000190734863,2.1600000858306885,2.1600000858306885
2016-03-02,44500,2.1700000762939453,2.240000009536743,2.25,2.119999885559082,2.240000009536743
2016-03-01,98700,2.0999999046325684,2.190000057220459,2.240000009536743,2.0999999046325684,2.190000057220459
2016-02-29,19700,2.180000066757202,2.180000066757202,2.2300000190734863,2.1700000762939453,2.180000066757202
2016-02-26,25200,2.1600000858306885,2.190000057220459,2.200000047683716,2.1600000858306885,2.190000057220459
2016-02-25,8500,2.140000104904175,2.1600000858306885,2.200000047683716,2.109999895095825,2.1600000858306885
2016-02-24,64700,2.1700000762939453,2.119999885559082,2.200000047683716,2.0799999237060547,2.119999885559082
2016-02-23,17000,2.1500000953674316,2.1600000858306885,2.2200000286102295,2.119999885559082,2.1600000858306885
2016-02-22,67000,2.2200000286102295,2.1700000762939453,2.2300000190734863,2.109999895095825,2.1700000762939453
2016-02-19,68900,2.200000047683716,2.200000047683716,2.2300000190734863,2.109999895095825,2.200000047683716
2016-02-18,89200,2.180000066757202,2.200000047683716,2.200000047683716,2.0799999237060547,2.200000047683716
2016-02-17,42600,2.1700000762939453,2.180000066757202,2.180000066757202,2.049999952316284,2.180000066757202
2016-02-16,41200,2.109999895095825,2.1500000953674316,2.180000066757202,2.109999895095825,2.1500000953674316
2016-02-12,29300,2.1500000953674316,2.130000114440918,2.1600000858306885,2.049999952316284,2.130000114440918
2016-02-11,9400,2.109999895095825,2.130000114440918,2.1500000953674316,2.0899999141693115,2.130000114440918
2016-02-10,71600,2.0999999046325684,2.1500000953674316,2.1600000858306885,2.0399999618530273,2.1500000953674316
2016-02-09,53500,2.1500000953674316,2.1600000858306885,2.259999990463257,2.0999999046325684,2.1600000858306885
2016-02-08,31600,2.049999952316284,2.1700000762939453,2.2300000190734863,2.0299999713897705,2.1700000762939453
2016-02-05,194700,1.899999976158142,2.0199999809265137,2.0999999046325684,1.899999976158142,2.0199999809265137
2016-02-04,84700,1.840000033378601,1.8600000143051147,1.8700000047683716,1.809999942779541,1.8600000143051147
2016-02-03,16500,1.8300000429153442,1.8300000429153442,1.8700000047683716,1.8200000524520874,1.8300000429153442
2016-02-02,37100,1.850000023841858,1.8300000429153442,1.8799999952316284,1.809999942779541,1.8300000429153442
2016-02-01,128200,1.9199999570846558,1.850000023841858,1.9199999570846558,1.8200000524520874,1.850000023841858
2016-01-29,89600,1.8899999856948853,1.909999966621399,1.9800000190734863,1.7300000190734863,1.909999966621399
2016-01-28,56600,1.899999976158142,1.8899999856948853,1.909999966621399,1.850000023841858,1.8899999856948853
2016-01-27,18400,1.9500000476837158,1.899999976158142,1.9500000476837158,1.8899999856948853,1.899999976158142
2016-01-26,37300,1.9800000190734863,1.940000057220459,1.9800000190734863,1.9299999475479126,1.940000057220459
2016-01-25,23800,2.0199999809265137,1.9700000286102295,2.0199999809265137,1.899999976158142,1.9700000286102295
2016-01-22,52200,1.9900000095367432,2.0,2.0,1.899999976158142,2.0
2016-01-21,28100,2.0,1.9900000095367432,2.009999990463257,1.899999976158142,1.9900000095367432
2016-01-20,17200,2.0,2.0,2.009999990463257,1.9500000476837158,2.0
2016-01-19,62900,2.0299999713897705,2.009999990463257,2.0399999618530273,1.9900000095367432,2.009999990463257
2016-01-15,36300,2.0899999141693115,2.0299999713897705,2.0899999141693115,2.0,2.0299999713897705
2016-01-14,34000,2.119999885559082,2.119999885559082,2.140000104904175,2.0999999046325684,2.119999885559082
2016-01-13,17500,2.190000057220459,2.0799999237060547,2.190000057220459,2.0799999237060547,2.0799999237060547
2016-01-12,78200,2.200000047683716,2.119999885559082,2.200000047683716,2.0899999141693115,2.119999885559082
2016-01-11,11400,2.2799999713897705,2.140000104904175,2.2799999713897705,2.109999895095825,2.140000104904175
2016-01-08,32700,2.309999942779541,2.259999990463257,2.319999933242798,2.25,2.259999990463257
2016-01-07,47600,2.2200000286102295,2.2799999713897705,2.299999952316284,2.1600000858306885,2.2799999713897705
2016-01-06,25500,2.200000047683716,2.190000057220459,2.200000047683716,2.1600000858306885,2.190000057220459
2016-01-05,17900,2.130000114440918,2.200000047683716,2.200000047683716,2.130000114440918,2.200000047683716
2016-01-04,34400,2.240000009536743,2.1600000858306885,2.240000009536743,2.109999895095825,2.1600000858306885
2015-12-31,46100,2.309999942779541,2.319999933242798,2.3499999046325684,2.2799999713897705,2.319999933242798
2015-12-30,55000,2.3499999046325684,2.309999942779541,2.3499999046325684,2.25,2.309999942779541
2015-12-29,91000,2.069999933242798,2.299999952316284,2.3299999237060547,2.069999933242798,2.299999952316284
2015-12-28,65500,2.0999999046325684,2.130000114440918,2.1500000953674316,2.0999999046325684,2.130000114440918
2015-12-24,1300,2.130000114440918,2.109999895095825,2.140000104904175,2.059999942779541,2.109999895095825
2015-12-23,40000,2.130000114440918,2.130000114440918,2.1500000953674316,2.069999933242798,2.130000114440918
2015-12-22,20600,2.1500000953674316,2.1600000858306885,2.180000066757202,2.069999933242798,2.1600000858306885
2015-12-21,3500,2.1500000953674316,2.1700000762939453,2.1700000762939453,2.119999885559082,2.1700000762939453
2015-12-18,18600,2.140000104904175,2.1500000953674316,2.1500000953674316,2.109999895095825,2.1500000953674316
2015-12-17,24100,2.059999942779541,2.1700000762939453,2.190000057220459,2.059999942779541,2.1700000762939453
2015-12-16,12700,2.109999895095825,2.109999895095825,2.130000114440918,2.0899999141693115,2.109999895095825
2015-12-15,4200,2.0399999618530273,2.0999999046325684,2.119999885559082,2.0399999618530273,2.0999999046325684
2015-12-14,17000,2.0799999237060547,2.119999885559082,2.1600000858306885,2.069999933242798,2.119999885559082
2015-12-11,11700,2.259999990463257,2.1500000953674316,2.259999990463257,2.130000114440918,2.1500000953674316
2015-12-10,78300,2.130000114440918,2.259999990463257,2.2699999809265137,2.0899999141693115,2.259999990463257
2015-12-09,224300,2.1600000858306885,2.1500000953674316,2.1600000858306885,2.049999952316284,2.1500000953674316
2015-12-08,122800,2.0299999713897705,2.1700000762939453,2.190000057220459,2.0299999713897705,2.1700000762939453
2015-12-07,21700,2.180000066757202,2.059999942779541,2.2200000286102295,2.0299999713897705,2.059999942779541
2015-12-04,17100,2.140000104904175,2.2200000286102295,2.2699999809265137,2.109999895095825,2.2200000286102295
2015-12-03,19700,2.059999942779541,2.190000057220459,2.200000047683716,2.0299999713897705,2.190000057220459
2015-12-02,7500,2.140000104904175,2.0799999237060547,2.2100000381469727,2.059999942779541,2.0799999237060547
2015-12-01,36700,2.2200000286102295,2.180000066757202,2.2699999809265137,2.140000104904175,2.180000066757202
2015-11-30,60500,2.240000009536743,2.2699999809265137,2.2799999713897705,2.130000114440918,2.2699999809265137
2015-11-27,11300,2.2100000381469727,2.1500000953674316,2.25,2.1500000953674316,2.1500000953674316
2015-11-25,42000,2.200000047683716,2.2100000381469727,2.25,2.049999952316284,2.2100000381469727
2015-11-24,38000,2.200000047683716,2.200000047683716,2.309999942779541,2.049999952316284,2.200000047683716
2015-11-23,37900,2.1700000762939453,2.190000057220459,2.25,2.059999942779541,2.190000057220459
2015-11-20,50300,2.130000114440918,2.25,2.25,2.0799999237060547,2.25
2015-11-19,10900,2.1500000953674316,2.049999952316284,2.1500000953674316,2.049999952316284,2.049999952316284
2015-11-18,27800,2.059999942779541,2.140000104904175,2.1600000858306885,2.059999942779541,2.140000104904175
2015-11-17,11300,2.0899999141693115,2.049999952316284,2.0999999046325684,2.0,2.049999952316284
2015-11-16,95400,2.0,2.049999952316284,2.059999942779541,1.9900000095367432,2.049999952316284
2015-11-13,33800,2.0,2.0399999618530273,2.049999952316284,2.0,2.0399999618530273
2015-11-12,11200,2.0,1.9900000095367432,2.0,1.9500000476837158,1.9900000095367432
2015-11-11,34700,2.1600000858306885,2.009999990463257,2.200000047683716,2.009999990463257,2.009999990463257
2015-11-10,50600,2.1500000953674316,2.200000047683716,2.200000047683716,2.109999895095825,2.200000047683716
2015-11-09,33000,2.200000047683716,2.200000047683716,2.2100000381469727,2.1500000953674316,2.200000047683716
2015-11-06,28600,2.059999942779541,2.200000047683716,2.200000047683716,2.0,2.200000047683716
2015-11-05,23900,2.190000057220459,2.109999895095825,2.190000057220459,2.0899999141693115,2.109999895095825
2015-11-04,24500,2.109999895095825,2.1600000858306885,2.180000066757202,2.0199999809265137,2.1600000858306885
2015-11-03,17500,2.0799999237060547,2.0399999618530273,2.130000114440918,2.0399999618530273,2.0399999618530273
2015-11-02,18500,2.009999990463257,2.049999952316284,2.119999885559082,1.909999966621399,2.049999952316284
2015-10-30,26800,2.009999990463257,2.0299999713897705,2.0999999046325684,2.0,2.0299999713897705
2015-10-29,12900,2.109999895095825,2.0199999809265137,2.140000104904175,1.9299999475479126,2.0199999809265137
2015-10-28,48400,2.1700000762939453,2.1500000953674316,2.190000057220459,1.9700000286102295,2.1500000953674316
2015-10-27,41800,2.130000114440918,2.130000114440918,2.190000057220459,2.049999952316284,2.130000114440918
2015-10-26,44600,2.119999885559082,2.1500000953674316,2.2100000381469727,1.909999966621399,2.1500000953674316
2015-10-23,41800,2.0399999618530273,2.069999933242798,2.119999885559082,1.9900000095367432,2.069999933242798
2015-10-22,25200,1.9299999475479126,2.0399999618530273,2.049999952316284,1.9299999475479126,2.0399999618530273
2015-10-21,28500,1.9600000381469727,1.940000057220459,1.9600000381469727,1.9299999475479126,1.940000057220459
2015-10-20,61000,2.0399999618530273,1.9600000381469727,2.049999952316284,1.940000057220459,1.9600000381469727
2015-10-19,67400,2.069999933242798,1.9900000095367432,2.069999933242798,1.9900000095367432,1.9900000095367432
2015-10-16,30200,1.9700000286102295,2.069999933242798,2.069999933242798,1.9700000286102295,2.069999933242798
2015-10-15,65000,1.899999976158142,1.9500000476837158,1.9700000286102295,1.8899999856948853,1.9500000476837158
2015-10-14,73900,1.9199999570846558,1.899999976158142,1.9700000286102295,1.8899999856948853,1.899999976158142
2015-10-13,115900,1.9700000286102295,1.9800000190734863,1.9900000095367432,1.8700000047683716,1.9800000190734863
2015-10-12,55900,1.9500000476837158,1.9500000476837158,1.9600000381469727,1.8600000143051147,1.9500000476837158
2015-10-09,175900,1.9500000476837158,1.9900000095367432,1.9900000095367432,1.9299999475479126,1.9900000095367432
2015-10-08,179200,1.9500000476837158,1.9800000190734863,1.9800000190734863,1.8600000143051147,1.9800000190734863
2015-10-07,232000,1.7899999618530273,1.8600000143051147,1.9199999570846558,1.7899999618530273,1.8600000143051147
2015-10-06,16200,1.8700000047683716,1.8300000429153442,1.8700000047683716,1.7999999523162842,1.8300000429153442
2015-10-05,27400,1.7999999523162842,1.8600000143051147,1.899999976158142,1.7999999523162842,1.8600000143051147
2015-10-02,35800,1.8700000047683716,1.8899999856948853,1.8899999856948853,1.840000033378601,1.8899999856948853
2015-10-01,10200,1.899999976158142,1.8799999952316284,1.899999976158142,1.8600000143051147,1.8799999952316284
2015-09-30,12100,1.8799999952316284,1.8899999856948853,1.899999976158142,1.8700000047683716,1.8899999856948853
2015-09-29,28700,1.899999976158142,1.8600000143051147,1.9900000095367432,1.850000023841858,1.8600000143051147
2015-09-28,23700,1.9199999570846558,1.850000023841858,1.940000057220459,1.8200000524520874,1.850000023841858
2015-09-25,38500,1.809999942779541,1.8899999856948853,1.9299999475479126,1.7999999523162842,1.8899999856948853
2015-09-24,7700,1.840000033378601,1.8799999952316284,1.899999976158142,1.7999999523162842,1.8799999952316284
2015-09-23,528100,1.8799999952316284,1.8799999952316284,1.8799999952316284,1.7200000286102295,1.8799999952316284
2015-09-22,54700,1.899999976158142,1.840000033378601,1.899999976158142,1.840000033378601,1.840000033378601
2015-09-21,12000,1.9700000286102295,1.9199999570846558,1.9700000286102295,1.899999976158142,1.9199999570846558
2015-09-18,93500,2.009999990463257,1.909999966621399,2.069999933242798,1.899999976158142,1.909999966621399
2015-09-17,40500,2.0299999713897705,2.049999952316284,2.119999885559082,2.0299999713897705,2.049999952316284
2015-09-16,22400,2.049999952316284,2.0799999237060547,2.0899999141693115,2.0,2.0799999237060547
2015-09-15,16800,2.059999942779541,1.9900000095367432,2.059999942779541,1.9500000476837158,1.9900000095367432
2015-09-14,114800,2.0199999809265137,1.9800000190734863,2.049999952316284,1.940000057220459,1.9800000190734863
2015-09-11,40200,2.0799999237060547,2.0199999809265137,2.0899999141693115,2.0199999809265137,2.0199999809265137
2015-09-10,35700,2.0899999141693115,2.0399999618530273,2.0999999046325684,2.0,2.0399999618530273
2015-09-09,34600,2.0299999713897705,2.069999933242798,2.0799999237060547,1.9299999475479126,2.069999933242798
2015-09-08,42400,2.0399999618530273,2.0,2.049999952316284,1.9500000476837158,2.0
2015-09-04,17400,1.9900000095367432,1.9800000190734863,2.0,1.909999966621399,1.9800000190734863
2015-09-03,5500,2.049999952316284,2.0299999713897705,2.049999952316284,2.009999990463257,2.0299999713897705
2015-09-02,30300,1.9900000095367432,2.0,2.0299999713897705,1.9900000095367432,2.0
2015-09-01,49500,2.0199999809265137,2.0399999618530273,2.0899999141693115,2.0,2.0399999618530273
2015-08-31,61300,2.1600000858306885,2.140000104904175,2.2100000381469727,2.0199999809265137,2.140000104904175
2015-08-28,21900,2.0899999141693115,2.130000114440918,2.190000057220459,2.0899999141693115,2.130000114440918
2015-08-27,91000,1.9900000095367432,2.0999999046325684,2.0999999046325684,1.9900000095367432,2.0999999046325684
2015-08-26,111200,2.0799999237060547,2.049999952316284,2.0799999237060547,1.909999966621399,2.049999952316284
2015-08-25,40000,1.9900000095367432,2.0199999809265137,2.049999952316284,1.9800000190734863,2.0199999809265137
2015-08-24,27100,1.899999976158142,1.9600000381469727,1.9700000286102295,1.899999976158142,1.9600000381469727
2015-08-21,22300,2.0,2.130000114440918,2.130000114440918,1.909999966621399,2.130000114440918
2015-08-20,19500,2.0,1.9800000190734863,2.0,1.9600000381469727,1.9800000190734863
2015-08-19,16200,2.0399999618530273,1.9900000095367432,2.0799999237060547,1.9900000095367432,1.9900000095367432
2015-08-18,700,2.0899999141693115,2.069999933242798,2.0899999141693115,2.069999933242798,2.069999933242798
2015-08-17,16600,2.0799999237060547,2.0799999237060547,2.109999895095825,2.069999933242798,2.0799999237060547
2015-08-14,31300,1.9700000286102295,2.0399999618530273,2.0399999618530273,1.9600000381469727,2.0399999618530273
2015-08-13,26100,2.0299999713897705,1.9900000095367432,2.059999942779541,1.9800000190734863,1.9900000095367432
2015-08-12,174000,2.1700000762939453,2.059999942779541,2.200000047683716,2.059999942779541,2.059999942779541
2015-08-11,109800,2.1600000858306885,2.119999885559082,2.25,2.0999999046325684,2.119999885559082
2015-08-10,18900,2.2100000381469727,2.109999895095825,2.2100000381469727,2.0999999046325684,2.109999895095825
2015-08-07,5400,2.25,2.180000066757202,2.2699999809265137,2.180000066757202,2.180000066757202
2015-08-06,39100,2.0999999046325684,2.2799999713897705,2.3299999237060547,2.0999999046325684,2.2799999713897705
2015-08-05,4300,2.0999999046325684,2.0999999046325684,2.119999885559082,2.0999999046325684,2.0999999046325684
2015-08-04,11200,2.0999999046325684,2.0999999046325684,2.119999885559082,2.0999999046325684,2.0999999046325684
2015-08-03,38200,2.1500000953674316,2.109999895095825,2.1600000858306885,2.0999999046325684,2.109999895095825
2015-07-31,6100,2.1500000953674316,2.200000047683716,2.2100000381469727,2.1500000953674316,2.200000047683716
2015-07-30,16500,2.1500000953674316,2.1600000858306885,2.200000047683716,2.1500000953674316,2.1600000858306885
2015-07-29,37800,2.190000057220459,2.1500000953674316,2.2200000286102295,2.1500000953674316,2.1500000953674316
2015-07-28,40700,2.319999933242798,2.240000009536743,2.319999933242798,2.1700000762939453,2.240000009536743
2015-07-27,27700,2.1500000953674316,2.2200000286102295,2.4000000953674316,2.1500000953674316,2.2200000286102295
2015-07-24,10000,2.259999990463257,2.200000047683716,2.2699999809265137,2.1500000953674316,2.200000047683716
2015-07-23,33900,2.2699999809265137,2.2899999618530273,2.359999895095825,2.119999885559082,2.2899999618530273
2015-07-22,21800,2.2100000381469727,2.2899999618530273,2.390000104904175,2.1500000953674316,2.2899999618530273
2015-07-21,40900,2.2699999809265137,2.309999942779541,2.4000000953674316,2.190000057220459,2.309999942779541
2015-07-20,19800,2.259999990463257,2.2799999713897705,2.3499999046325684,2.180000066757202,2.2799999713897705
2015-07-17,22800,2.259999990463257,2.25,2.299999952316284,2.140000104904175,2.25
2015-07-16,17400,2.2799999713897705,2.259999990463257,2.299999952316284,2.1600000858306885,2.259999990463257
2015-07-15,55200,2.2300000190734863,2.2799999713897705,2.2899999618530273,2.0999999046325684,2.2799999713897705
2015-07-14,28900,2.309999942779541,2.200000047683716,2.3299999237060547,2.180000066757202,2.200000047683716
2015-07-13,54100,2.4100000858306885,2.3499999046325684,2.440000057220459,2.1700000762939453,2.3499999046325684
2015-07-10,47700,2.2699999809265137,2.369999885559082,2.380000114440918,2.180000066757202,2.369999885559082
2015-07-09,16700,2.180000066757202,2.25,2.25,2.0999999046325684,2.25
2015-07-08,22300,2.109999895095825,2.1500000953674316,2.2200000286102295,2.0999999046325684,2.1500000953674316
2015-07-07,6500,2.109999895095825,2.1600000858306885,2.180000066757202,2.0999999046325684,2.1600000858306885
2015-07-06,21300,2.0999999046325684,2.0999999046325684,2.190000057220459,2.0999999046325684,2.0999999046325684
2015-07-02,34800,2.0999999046325684,2.1600000858306885,2.190000057220459,2.0,2.1600000858306885
2015-07-01,47500,1.9700000286102295,2.0999999046325684,2.130000114440918,1.9199999570846558,2.0999999046325684
2015-06-30,9200,1.9299999475479126,1.9700000286102295,2.1600000858306885,1.9299999475479126,1.9700000286102295
2015-06-29,26400,2.059999942779541,1.8799999952316284,2.069999933242798,1.8799999952316284,1.8799999952316284
2015-06-26,218600,2.109999895095825,2.1500000953674316,2.25,2.0399999618530273,2.1500000953674316
2015-06-25,80500,2.0199999809265137,2.130000114440918,2.1500000953674316,1.9800000190734863,2.130000114440918
2015-06-24,1584800,1.9199999570846558,1.9700000286102295,2.0199999809265137,1.7999999523162842,1.9700000286102295
2015-06-23,49000,1.8899999856948853,1.9199999570846558,1.9500000476837158,1.8899999856948853,1.9199999570846558
2015-06-22,13700,1.9600000381469727,1.9199999570846558,1.9600000381469727,1.9199999570846558,1.9199999570846558
2015-06-19,78200,1.9800000190734863,1.8899999856948853,2.0299999713897705,1.8899999856948853,1.8899999856948853
2015-06-18,15400,1.9900000095367432,2.009999990463257,2.059999942779541,1.9900000095367432,2.009999990463257
2015-06-17,22400,2.0399999618530273,2.009999990463257,2.0999999046325684,2.009999990463257,2.009999990463257
2015-06-16,569600,2.049999952316284,2.069999933242798,2.119999885559082,1.9299999475479126,2.069999933242798
2015-06-15,29700,2.1500000953674316,2.0799999237060547,2.1500000953674316,2.049999952316284,2.0799999237060547
2015-06-12,31900,2.1700000762939453,2.1500000953674316,2.1700000762939453,2.0,2.1500000953674316
2015-06-11,30600,2.0999999046325684,2.1500000953674316,2.1700000762939453,2.0899999141693115,2.1500000953674316
2015-06-10,43100,2.0,2.0799999237060547,2.0899999141693115,2.0,2.0799999237060547
2015-06-09,65300,1.899999976158142,1.9900000095367432,2.0,1.8899999856948853,1.9900000095367432
2015-06-08,27100,1.899999976158142,1.899999976158142,1.940000057220459,1.8799999952316284,1.899999976158142
2015-06-05,34200,1.850000023841858,1.899999976158142,1.9199999570846558,1.850000023841858,1.899999976158142
2015-06-04,57200,1.899999976158142,1.8799999952316284,1.909999966621399,1.850000023841858,1.8799999952316284
2015-06-03,234600,1.850000023841858,1.899999976158142,1.9299999475479126,1.809999942779541,1.899999976158142
2015-06-02,68900,1.8799999952316284,1.8899999856948853,1.899999976158142,1.850000023841858,1.8899999856948853
2015-06-01,29800,1.899999976158142,1.899999976158142,1.899999976158142,1.8300000429153442,1.899999976158142
2015-05-29,25000,1.850000023841858,1.899999976158142,1.909999966621399,1.850000023841858,1.899999976158142
2015-05-28,307700,1.8700000047683716,1.8200000524520874,1.8700000047683716,1.7999999523162842,1.8200000524520874
2015-05-27,12400,1.850000023841858,1.8200000524520874,1.899999976158142,1.809999942779541,1.8200000524520874
2015-05-26,41800,1.899999976158142,1.840000033378601,1.899999976158142,1.7799999713897705,1.840000033378601
2015-05-22,29700,1.8799999952316284,1.9199999570846558,1.9500000476837158,1.8799999952316284,1.9199999570846558
2015-05-21,33200,1.7999999523162842,1.8300000429153442,1.8700000047683716,1.7999999523162842,1.8300000429153442
2015-05-20,110400,1.850000023841858,1.7899999618530273,1.850000023841858,1.7699999809265137,1.7899999618530273
2015-05-19,43900,1.8600000143051147,1.8200000524520874,1.8600000143051147,1.7999999523162842,1.8200000524520874
2015-05-18,13100,1.840000033378601,1.840000033378601,1.850000023841858,1.8300000429153442,1.840000033378601
2015-05-15,26000,1.8899999856948853,1.8600000143051147,1.9199999570846558,1.8300000429153442,1.8600000143051147
2015-05-14,38200,1.7799999713897705,1.8600000143051147,1.899999976158142,1.7799999713897705,1.8600000143051147
2015-05-13,126800,1.7999999523162842,1.899999976158142,1.909999966621399,1.7999999523162842,1.899999976158142
2015-05-12,71700,1.75,1.8200000524520874,1.8600000143051147,1.75,1.8200000524520874
2015-05-11,22100,1.7599999904632568,1.8300000429153442,1.8300000429153442,1.7599999904632568,1.8300000429153442
2015-05-08,273700,1.6699999570846558,1.809999942779541,1.8300000429153442,1.6699999570846558,1.809999942779541
2015-05-07,18900,1.690000057220459,1.690000057220459,1.7200000286102295,1.6699999570846558,1.690000057220459
2015-05-06,14700,1.7200000286102295,1.7200000286102295,1.7300000190734863,1.7200000286102295,1.7200000286102295
2015-05-05,7800,1.649999976158142,1.7000000476837158,1.7200000286102295,1.649999976158142,1.7000000476837158
2015-05-04,13800,1.6699999570846558,1.6799999475479126,1.7200000286102295,1.6699999570846558,1.6799999475479126
2015-05-01,67300,1.7599999904632568,1.7000000476837158,1.7899999618530273,1.7000000476837158,1.7000000476837158
2015-04-30,7800,1.809999942779541,1.75,1.809999942779541,1.75,1.75
2015-04-29,11800,1.7200000286102295,1.75,1.7799999713897705,1.7200000286102295,1.75
2015-04-28,28300,1.7899999618530273,1.7400000095367432,1.7999999523162842,1.7300000190734863,1.7400000095367432
2015-04-27,42200,1.75,1.7300000190734863,1.7899999618530273,1.7300000190734863,1.7300000190734863
2015-04-24,12700,1.7100000381469727,1.7200000286102295,1.7300000190734863,1.7100000381469727,1.7200000286102295
2015-04-23,89600,1.7200000286102295,1.7100000381469727,1.7599999904632568,1.659999966621399,1.7100000381469727
2015-04-22,7700,1.7400000095367432,1.7100000381469727,1.7400000095367432,1.7100000381469727,1.7100000381469727
2015-04-21,59300,1.6799999475479126,1.7100000381469727,1.7599999904632568,1.6799999475479126,1.7100000381469727
2015-04-20,31100,1.7000000476837158,1.690000057220459,1.7000000476837158,1.6200000047683716,1.690000057220459
2015-04-17,160900,1.7300000190734863,1.7000000476837158,1.7699999809265137,1.649999976158142,1.7000000476837158
2015-04-16,51500,1.8600000143051147,1.8300000429153442,1.8600000143051147,1.809999942779541,1.8300000429153442
2015-04-15,47500,1.840000033378601,1.8200000524520874,1.8600000143051147,1.7999999523162842,1.8200000524520874
2015-04-14,102700,1.8700000047683716,1.8300000429153442,1.8700000047683716,1.7699999809265137,1.8300000429153442
2015-04-13,46900,1.809999942779541,1.8600000143051147,1.8600000143051147,1.7000000476837158,1.8600000143051147
2015-04-10,35600,1.7699999809265137,1.840000033378601,1.850000023841858,1.7599999904632568,1.840000033378601
2015-04-09,24600,1.7599999904632568,1.7699999809265137,1.7699999809265137,1.7300000190734863,1.7699999809265137
2015-04-08,38100,1.690000057220459,1.7300000190734863,1.7699999809265137,1.690000057220459,1.7300000190734863
2015-04-07,15600,1.659999966621399,1.690000057220459,1.690000057220459,1.6299999952316284,1.690000057220459
2015-04-06,53800,1.649999976158142,1.659999966621399,1.690000057220459,1.649999976158142,1.659999966621399
2015-04-02,29700,1.649999976158142,1.659999966621399,1.6699999570846558,1.6399999856948853,1.659999966621399
2015-04-01,13000,1.659999966621399,1.649999976158142,1.6699999570846558,1.6399999856948853,1.649999976158142
2015-03-31,21300,1.6799999475479126,1.6399999856948853,1.6799999475479126,1.6399999856948853,1.6399999856948853
2015-03-30,5400,1.6100000143051147,1.6799999475479126,1.6799999475479126,1.600000023841858,1.6799999475479126
2015-03-27,115000,1.6100000143051147,1.6699999570846558,1.6699999570846558,1.6100000143051147,1.6699999570846558
2015-03-26,18300,1.649999976158142,1.6399999856948853,1.649999976158142,1.6200000047683716,1.6399999856948853
2015-03-25,25100,1.6299999952316284,1.659999966621399,1.659999966621399,1.6100000143051147,1.659999966621399
2015-03-24,24400,1.649999976158142,1.6299999952316284,1.659999966621399,1.6299999952316284,1.6299999952316284
2015-03-23,57000,1.6100000143051147,1.659999966621399,1.6699999570846558,1.6100000143051147,1.659999966621399
2015-03-20,92400,1.7000000476837158,1.6100000143051147,1.7000000476837158,1.6100000143051147,1.6100000143051147
2015-03-19,27100,1.6299999952316284,1.6799999475479126,1.690000057220459,1.600000023841858,1.6799999475479126
2015-03-18,103800,1.5800000429153442,1.600000023841858,1.7000000476837158,1.5800000429153442,1.600000023841858
2015-03-17,293300,1.559999942779541,1.559999942779541,1.600000023841858,1.5499999523162842,1.559999942779541
2015-03-16,1092200,1.6699999570846558,1.590000033378601,1.6699999570846558,1.559999942779541,1.590000033378601
2015-03-13,69100,1.6200000047683716,1.6699999570846558,1.6699999570846558,1.600000023841858,1.6699999570846558
2015-03-12,21700,1.6299999952316284,1.600000023841858,1.6299999952316284,1.600000023841858,1.600000023841858
2015-03-11,42500,1.600000023841858,1.600000023841858,1.6399999856948853,1.600000023841858,1.600000023841858
2015-03-10,269700,1.600000023841858,1.6100000143051147,1.649999976158142,1.600000023841858,1.6100000143051147
2015-03-09,72000,1.6100000143051147,1.600000023841858,1.6200000047683716,1.600000023841858,1.600000023841858
2015-03-06,49700,1.659999966621399,1.6399999856948853,1.6799999475479126,1.600000023841858,1.6399999856948853
2015-03-05,18600,1.649999976158142,1.649999976158142,1.690000057220459,1.6100000143051147,1.649999976158142
2015-03-04,35200,1.659999966621399,1.6200000047683716,1.7000000476837158,1.6100000143051147,1.6200000047683716
2015-03-03,53700,1.7599999904632568,1.7000000476837158,1.7599999904632568,1.6699999570846558,1.7000000476837158
2015-03-02,89500,1.7999999523162842,1.7200000286102295,1.7999999523162842,1.7200000286102295,1.7200000286102295
2015-02-27,76000,1.75,1.7899999618530273,1.7999999523162842,1.7200000286102295,1.7899999618530273
2015-02-26,158300,1.7400000095367432,1.7300000190734863,1.75,1.649999976158142,1.7300000190734863
2015-02-25,273400,1.6699999570846558,1.7400000095367432,1.7400000095367432,1.559999942779541,1.7400000095367432
2015-02-24,20700,1.6200000047683716,1.6699999570846558,1.7000000476837158,1.6200000047683716,1.6699999570846558
2015-02-23,259100,1.690000057220459,1.649999976158142,1.7400000095367432,1.5499999523162842,1.649999976158142
2015-02-20,34700,1.7999999523162842,1.7300000190734863,1.8200000524520874,1.690000057220459,1.7300000190734863
2015-02-19,42200,1.7999999523162842,1.809999942779541,1.840000033378601,1.7200000286102295,1.809999942779541
2015-02-18,189200,1.7999999523162842,1.850000023841858,1.8799999952316284,1.7200000286102295,1.850000023841858
2015-02-17,276900,1.7400000095367432,1.7699999809265137,1.7699999809265137,1.6200000047683716,1.7699999809265137
2015-02-13,806900,1.7999999523162842,1.7000000476837158,1.7999999523162842,1.6100000143051147,1.7000000476837158
2015-02-12,51800,1.7999999523162842,1.899999976158142,1.899999976158142,1.6799999475479126,1.899999976158142
2015-02-11,57700,1.7599999904632568,1.7999999523162842,1.7999999523162842,1.6699999570846558,1.7999999523162842
2015-02-10,5278600,1.600000023841858,1.7599999904632568,1.7599999904632568,1.5800000429153442,1.7599999904632568
2015-02-09,5400,1.6399999856948853,1.6299999952316284,1.6399999856948853,1.5499999523162842,1.6299999952316284
2015-02-06,11600,1.5499999523162842,1.6299999952316284,1.659999966621399,1.5499999523162842,1.6299999952316284
2015-02-05,22100,1.6200000047683716,1.5700000524520874,1.6299999952316284,1.5700000524520874,1.5700000524520874
2015-02-04,15400,1.649999976158142,1.590000033378601,1.7400000095367432,1.590000033378601,1.590000033378601
2015-02-03,13700,1.6399999856948853,1.649999976158142,1.649999976158142,1.5800000429153442,1.649999976158142
2015-02-02,6500,1.690000057220459,1.600000023841858,1.690000057220459,1.600000023841858,1.600000023841858
2015-01-30,11500,1.6399999856948853,1.6299999952316284,1.659999966621399,1.6100000143051147,1.6299999952316284
2015-01-29,34500,1.659999966621399,1.6699999570846558,1.7200000286102295,1.6100000143051147,1.6699999570846558
2015-01-28,20500,1.6200000047683716,1.690000057220459,1.7000000476837158,1.6200000047683716,1.690000057220459
2015-01-27,23200,1.6399999856948853,1.7000000476837158,1.7300000190734863,1.6399999856948853,1.7000000476837158
2015-01-26,79300,1.649999976158142,1.6100000143051147,1.7100000381469727,1.600000023841858,1.6100000143051147
2015-01-23,15900,1.7000000476837158,1.649999976158142,1.7100000381469727,1.649999976158142,1.649999976158142
2015-01-22,398000,1.7400000095367432,1.7100000381469727,1.7400000095367432,1.6799999475479126,1.7100000381469727
2015-01-21,51800,1.7599999904632568,1.7100000381469727,1.7599999904632568,1.7000000476837158,1.7100000381469727
2015-01-20,61200,1.7799999713897705,1.7599999904632568,1.840000033378601,1.75,1.7599999904632568
2015-01-16,69000,1.7699999809265137,1.75,1.7999999523162842,1.75,1.75
2015-01-15,15000,1.7599999904632568,1.7699999809265137,1.8799999952316284,1.75,1.7699999809265137
2015-01-14,19200,1.850000023841858,1.8600000143051147,1.8600000143051147,1.75,1.8600000143051147
2015-01-13,140500,1.7799999713897705,1.850000023841858,1.899999976158142,1.7799999713897705,1.850000023841858
2015-01-12,40100,1.8200000524520874,1.7799999713897705,1.899999976158142,1.7599999904632568,1.7799999713897705
2015-01-09,72700,1.940000057220459,1.7999999523162842,1.940000057220459,1.7899999618530273,1.7999999523162842
2015-01-08,113600,1.9600000381469727,1.809999942779541,1.9600000381469727,1.7999999523162842,1.809999942779541
2015-01-07,145100,1.909999966621399,1.850000023841858,1.9199999570846558,1.809999942779541,1.850000023841858
2015-01-06,49000,1.9199999570846558,1.9299999475479126,1.9299999475479126,1.850000023841858,1.9299999475479126
2015-01-05,5000,1.9900000095367432,1.9299999475479126,1.9900000095367432,1.909999966621399,1.9299999475479126
2015-01-02,13600,1.9299999475479126,1.9600000381469727,1.9600000381469727,1.909999966621399,1.9600000381469727
2014-12-31,54500,1.9299999475479126,1.9299999475479126,1.940000057220459,1.909999966621399,1.9299999475479126
2014-12-30,15600,1.9900000095367432,1.9299999475479126,2.0,1.909999966621399,1.9299999475479126
2014-12-29,44800,1.9500000476837158,1.9299999475479126,1.9700000286102295,1.909999966621399,1.9299999475479126
2014-12-26,103400,1.9299999475479126,1.9800000190734863,2.0,1.909999966621399,1.9800000190734863
2014-12-24,19900,1.9500000476837158,1.9800000190734863,2.0,1.9299999475479126,1.9800000190734863
2014-12-23,125400,1.9800000190734863,2.0,2.0,1.9299999475479126,2.0
2014-12-22,23200,1.9500000476837158,1.9900000095367432,2.0,1.9500000476837158,1.9900000095367432
2014-12-19,27500,1.9500000476837158,2.0,2.0,1.909999966621399,2.0
2014-12-18,87900,1.9500000476837158,2.0,2.0899999141693115,1.899999976158142,2.0
2014-12-17,86800,1.940000057220459,1.909999966621399,1.9500000476837158,1.909999966621399,1.909999966621399
2014-12-16,25500,1.9500000476837158,1.9700000286102295,1.9800000190734863,1.9199999570846558,1.9700000286102295
2014-12-15,14800,1.9600000381469727,1.9900000095367432,1.9900000095367432,1.909999966621399,1.9900000095367432
2014-12-12,12400,1.9900000095367432,1.9500000476837158,1.9900000095367432,1.9199999570846558,1.9500000476837158
2014-12-11,5000,2.0,1.9700000286102295,2.0,1.9600000381469727,1.9700000286102295
2014-12-10,4600,2.0,1.940000057220459,2.0,1.940000057220459,1.940000057220459
2014-12-09,12600,1.899999976158142,2.0,2.0,1.899999976158142,2.0
2014-12-08,18400,1.8899999856948853,1.940000057220459,1.9800000190734863,1.8899999856948853,1.940000057220459
2014-12-05,101600,1.9500000476837158,1.8799999952316284,2.0299999713897705,1.8200000524520874,1.8799999952316284
2014-12-04,135500,2.119999885559082,1.9700000286102295,2.119999885559082,1.909999966621399,1.9700000286102295
2014-12-03,59400,2.0299999713897705,2.049999952316284,2.0899999141693115,2.0299999713897705,2.049999952316284
2014-12-02,73900,2.0999999046325684,2.0899999141693115,2.119999885559082,2.0,2.0899999141693115
2014-12-01,53600,2.1600000858306885,2.119999885559082,2.1600000858306885,2.0799999237060547,2.119999885559082
2014-11-28,44000,2.2899999618530273,2.1600000858306885,2.2899999618530273,2.1600000858306885,2.1600000858306885
2014-11-26,14400,2.2100000381469727,2.319999933242798,2.319999933242798,2.180000066757202,2.319999933242798
2014-11-25,2100,2.25,2.2200000286102295,2.25,2.200000047683716,2.2200000286102295
2014-11-24,62800,2.25,2.2799999713897705,2.2799999713897705,2.1700000762939453,2.2799999713897705
2014-11-21,4400,2.2699999809265137,2.2699999809265137,2.2799999713897705,2.25,2.2699999809265137
2014-11-20,32800,2.240000009536743,2.2300000190734863,2.2799999713897705,2.2300000190734863,2.2300000190734863
2014-11-19,25900,2.2799999713897705,2.2799999713897705,2.2799999713897705,2.25,2.2799999713897705
2014-11-18,10000,2.2799999713897705,2.2799999713897705,2.309999942779541,2.2699999809265137,2.2799999713897705
2014-11-17,15800,2.3299999237060547,2.259999990463257,2.3299999237060547,2.2300000190734863,2.259999990463257
2014-11-14,29200,2.1500000953674316,2.299999952316284,2.309999942779541,2.109999895095825,2.299999952316284
2014-11-13,186800,2.180000066757202,2.1700000762939453,2.180000066757202,2.130000114440918,2.1700000762939453
2014-11-12,25600,2.2300000190734863,2.200000047683716,2.25,2.1700000762939453,2.200000047683716
2014-11-11,121400,2.2200000286102295,2.180000066757202,2.259999990463257,2.1500000953674316,2.180000066757202
2014-11-10,80200,2.200000047683716,2.2200000286102295,2.259999990463257,2.1700000762939453,2.2200000286102295
2014-11-07,53600,2.200000047683716,2.200000047683716,2.200000047683716,2.1700000762939453,2.200000047683716
2014-11-06,54600,2.2300000190734863,2.180000066757202,2.240000009536743,2.1600000858306885,2.180000066757202
2014-11-05,54700,2.1700000762939453,2.1600000858306885,2.1700000762939453,2.1600000858306885,2.1600000858306885
2014-11-04,415600,2.25,2.190000057220459,2.2699999809265137,2.180000066757202,2.190000057220459
2014-11-03,64300,2.319999933242798,2.299999952316284,2.4000000953674316,2.299999952316284,2.299999952316284
2014-10-31,130900,2.299999952316284,2.3399999141693115,2.4200000762939453,2.25,2.3399999141693115
2014-10-30,11800,2.259999990463257,2.2300000190734863,2.2699999809265137,2.1500000953674316,2.2300000190734863
2014-10-29,3400,2.259999990463257,2.1700000762939453,2.259999990463257,2.1700000762939453,2.1700000762939453
2014-10-28,586300,1.9700000286102295,2.240000009536743,2.299999952316284,1.9299999475479126,2.240000009536743
2014-10-27,57700,2.009999990463257,1.9600000381469727,2.0199999809265137,1.9299999475479126,1.9600000381469727
2014-10-24,59600,2.069999933242798,2.009999990463257,2.0999999046325684,1.9800000190734863,2.009999990463257
2014-10-23,56400,2.0999999046325684,2.059999942779541,2.0999999046325684,2.0,2.059999942779541
2014-10-22,39900,2.0799999237060547,2.0799999237060547,2.0899999141693115,2.009999990463257,2.0799999237060547
2014-10-21,75400,2.0799999237060547,2.0999999046325684,2.109999895095825,1.9900000095367432,2.0999999046325684
2014-10-20,35400,2.069999933242798,2.069999933242798,2.119999885559082,2.0199999809265137,2.069999933242798
2014-10-17,235500,2.119999885559082,2.059999942779541,2.200000047683716,2.059999942779541,2.059999942779541
2014-10-16,159600,2.109999895095825,2.140000104904175,2.2100000381469727,2.049999952316284,2.140000104904175
2014-10-15,12500,2.109999895095825,2.140000104904175,2.1500000953674316,2.109999895095825,2.140000104904175
2014-10-14,178700,2.0799999237060547,2.109999895095825,2.200000047683716,1.9700000286102295,2.109999895095825
2014-10-13,208100,2.2799999713897705,2.069999933242798,2.2799999713897705,2.049999952316284,2.069999933242798
2014-10-10,57400,2.2899999618530273,2.25,2.2899999618530273,2.240000009536743,2.25
2014-10-09,58200,2.3399999141693115,2.2899999618530273,2.3399999141693115,2.2799999713897705,2.2899999618530273
2014-10-08,37800,2.299999952316284,2.309999942779541,2.3299999237060547,2.2699999809265137,2.309999942779541
2014-10-07,49500,2.2799999713897705,2.299999952316284,2.319999933242798,2.25,2.299999952316284
2014-10-06,16700,2.299999952316284,2.299999952316284,2.3299999237060547,2.2799999713897705,2.299999952316284
2014-10-03,13700,2.3499999046325684,2.309999942779541,2.3499999046325684,2.2699999809265137,2.309999942779541
2014-10-02,16800,2.2699999809265137,2.3399999141693115,2.3399999141693115,2.259999990463257,2.3399999141693115
2014-10-01,62100,2.299999952316284,2.2699999809265137,2.309999942779541,2.2699999809265137,2.2699999809265137
2014-09-30,45200,2.369999885559082,2.319999933242798,2.4200000762939453,2.309999942779541,2.319999933242798
2014-09-29,8800,2.359999895095825,2.359999895095825,2.359999895095825,2.2899999618530273,2.359999895095825
2014-09-26,52500,2.2799999713897705,2.359999895095825,2.4000000953674316,2.25,2.359999895095825
2014-09-25,27100,2.259999990463257,2.259999990463257,2.2699999809265137,2.240000009536743,2.259999990463257
2014-09-24,15600,2.259999990463257,2.25,2.2699999809265137,2.2100000381469727,2.25
2014-09-23,48900,2.2100000381469727,2.2699999809265137,2.2699999809265137,2.2100000381469727,2.2699999809265137
2014-09-22,54200,2.200000047683716,2.240000009536743,2.2799999713897705,2.200000047683716,2.240000009536743
2014-09-19,74900,2.2799999713897705,2.2100000381469727,2.2899999618530273,2.2100000381469727,2.2100000381469727
2014-09-18,54000,2.3299999237060547,2.2899999618530273,2.3399999141693115,2.259999990463257,2.2899999618530273
2014-09-17,25600,2.2699999809265137,2.3499999046325684,2.450000047683716,2.2699999809265137,2.3499999046325684
2014-09-16,35100,2.25,2.2899999618530273,2.309999942779541,2.240000009536743,2.2899999618530273
2014-09-15,39000,2.3399999141693115,2.259999990463257,2.3399999141693115,2.2200000286102295,2.259999990463257
2014-09-12,20300,2.390000104904175,2.3399999141693115,2.390000104904175,2.309999942779541,2.3399999141693115
2014-09-11,31300,2.369999885559082,2.369999885559082,2.430000066757202,2.3299999237060547,2.369999885559082
2014-09-10,60200,2.3499999046325684,2.369999885559082,2.369999885559082,2.3299999237060547,2.369999885559082
2014-09-09,20100,2.4200000762939453,2.3499999046325684,2.4200000762939453,2.319999933242798,2.3499999046325684
2014-09-08,31200,2.4600000381469727,2.4200000762939453,2.4700000286102295,2.4200000762939453,2.4200000762939453
2014-09-05,95300,2.4200000762939453,2.440000057220459,2.440000057220459,2.3299999237060547,2.440000057220459
2014-09-04,282700,2.3499999046325684,2.4200000762939453,2.490000009536743,2.3399999141693115,2.4200000762939453
2014-09-03,935600,2.319999933242798,2.3299999237060547,2.4000000953674316,2.1500000953674316,2.3299999237060547
2014-09-02,39600,2.2300000190734863,2.299999952316284,2.3299999237060547,2.2100000381469727,2.299999952316284
2014-08-29,35700,2.2200000286102295,2.2200000286102295,2.240000009536743,2.190000057220459,2.2200000286102295
2014-08-28,149100,2.1600000858306885,2.1700000762939453,2.2100000381469727,2.1500000953674316,2.1700000762939453
2014-08-27,17500,2.240000009536743,2.1700000762939453,2.240000009536743,2.1500000953674316,2.1700000762939453
2014-08-26,38000,2.2200000286102295,2.200000047683716,2.240000009536743,2.180000066757202,2.200000047683716
2014-08-25,94400,2.2200000286102295,2.2200000286102295,2.3399999141693115,2.200000047683716,2.2200000286102295
2014-08-22,58300,2.240000009536743,2.180000066757202,2.2699999809265137,2.180000066757202,2.180000066757202
2014-08-21,30000,2.190000057220459,2.2300000190734863,2.240000009536743,2.1600000858306885,2.2300000190734863
2014-08-20,33100,2.190000057220459,2.240000009536743,2.2799999713897705,2.190000057220459,2.240000009536743
2014-08-19,14200,2.25,2.25,2.2799999713897705,2.2200000286102295,2.25
2014-08-18,21500,2.299999952316284,2.240000009536743,2.309999942779541,2.2200000286102295,2.240000009536743
2014-08-15,165100,2.2100000381469727,2.299999952316284,2.319999933242798,2.140000104904175,2.299999952316284
2014-08-14,36800,2.1700000762939453,2.200000047683716,2.2300000190734863,2.130000114440918,2.200000047683716
2014-08-13,35900,2.180000066757202,2.190000057220459,2.2699999809265137,2.119999885559082,2.190000057220459
2014-08-12,12200,2.200000047683716,2.240000009536743,2.25,2.200000047683716,2.240000009536743
2014-08-11,32200,2.240000009536743,2.200000047683716,2.3299999237060547,2.1600000858306885,2.200000047683716
2014-08-08,136700,2.25,2.2200000286102295,2.25,2.0999999046325684,2.2200000286102295
2014-08-07,21100,2.2300000190734863,2.2300000190734863,2.2899999618530273,2.2300000190734863,2.2300000190734863
2014-08-06,16000,2.240000009536743,2.240000009536743,2.299999952316284,2.2300000190734863,2.240000009536743
2014-08-05,20400,2.2699999809265137,2.2300000190734863,2.2899999618530273,2.2200000286102295,2.2300000190734863
2014-08-04,67900,2.25,2.2899999618530273,2.319999933242798,2.2100000381469727,2.2899999618530273
2014-08-01,62900,2.3299999237060547,2.25,2.3299999237060547,2.2200000286102295,2.25
2014-07-31,36800,2.299999952316284,2.2300000190734863,2.319999933242798,2.2200000286102295,2.2300000190734863
2014-07-30,46700,2.259999990463257,2.299999952316284,2.3299999237060547,2.240000009536743,2.299999952316284
2014-07-29,23200,2.240000009536743,2.25,2.2899999618530273,2.2300000190734863,2.25
2014-07-28,27300,2.259999990463257,2.2100000381469727,2.2699999809265137,2.2100000381469727,2.2100000381469727
2014-07-25,56700,2.299999952316284,2.25,2.309999942779541,2.240000009536743,2.25
2014-07-24,46700,2.25,2.319999933242798,2.3399999141693115,2.25,2.319999933242798
2014-07-23,99300,2.3499999046325684,2.25,2.450000047683716,2.200000047683716,2.25
2014-07-22,56700,2.25,2.319999933242798,2.450000047683716,2.25,2.319999933242798
2014-07-21,60300,2.25,2.3399999141693115,2.3499999046325684,2.240000009536743,2.3399999141693115
2014-07-18,16300,2.299999952316284,2.259999990463257,2.299999952316284,2.25,2.259999990463257
2014-07-17,26100,2.3299999237060547,2.2799999713897705,2.3399999141693115,2.259999990463257,2.2799999713897705
2014-07-16,40800,2.2799999713897705,2.2799999713897705,2.299999952316284,2.25,2.2799999713897705
2014-07-15,129500,2.2899999618530273,2.2799999713897705,2.319999933242798,2.2799999713897705,2.2799999713897705
2014-07-14,51900,2.2799999713897705,2.2799999713897705,2.440000057220459,2.2799999713897705,2.2799999713897705
2014-07-11,19800,2.2899999618530273,2.2899999618530273,2.319999933242798,2.2799999713897705,2.2899999618530273
2014-07-10,65700,2.2799999713897705,2.2799999713897705,2.3299999237060547,2.240000009536743,2.2799999713897705
2014-07-09,52200,2.390000104904175,2.3399999141693115,2.4600000381469727,2.3399999141693115,2.3399999141693115
2014-07-08,141600,2.380000114440918,2.380000114440918,2.440000057220459,2.2699999809265137,2.380000114440918
2014-07-07,172000,2.5999999046325684,2.390000104904175,2.5999999046325684,2.380000114440918,2.390000104904175
2014-07-03,75200,2.549999952316284,2.5999999046325684,2.609999895095825,2.5299999713897705,2.5999999046325684
2014-07-02,105300,2.4100000858306885,2.509999990463257,2.640000104904175,2.4000000953674316,2.509999990463257
2014-07-01,93600,2.3499999046325684,2.430000066757202,2.430000066757202,2.3299999237060547,2.430000066757202
2014-06-30,210900,2.1700000762939453,2.3299999237060547,2.369999885559082,2.119999885559082,2.3299999237060547
2014-06-27,2478600,2.1700000762939453,2.509999990463257,2.740000009536743,2.1700000762939453,2.509999990463257
2014-06-26,60000,2.25,2.200000047683716,2.2699999809265137,2.190000057220459,2.200000047683716
2014-06-25,172100,2.200000047683716,2.240000009536743,2.259999990463257,2.1700000762939453,2.240000009536743
2014-06-24,110900,2.2300000190734863,2.200000047683716,2.299999952316284,2.200000047683716,2.200000047683716
2014-06-23,123300,2.240000009536743,2.2200000286102295,2.25,2.200000047683716,2.2200000286102295
2014-06-20,194700,2.3399999141693115,2.25,2.4000000953674316,2.2300000190734863,2.25
2014-06-19,63100,2.380000114440918,2.319999933242798,2.390000104904175,2.2799999713897705,2.319999933242798
2014-06-18,51800,2.440000057220459,2.369999885559082,2.4600000381469727,2.3399999141693115,2.369999885559082
2014-06-17,337300,2.3499999046325684,2.4100000858306885,2.490000009536743,2.3299999237060547,2.4100000858306885
2014-06-16,85400,2.3399999141693115,2.369999885559082,2.4000000953674316,2.2799999713897705,2.369999885559082
2014-06-13,70400,2.3399999141693115,2.2899999618530273,2.3399999141693115,2.2799999713897705,2.2899999618530273
2014-06-12,76600,2.319999933242798,2.319999933242798,2.4000000953674316,2.309999942779541,2.319999933242798
2014-06-11,112500,2.390000104904175,2.3399999141693115,2.4100000858306885,2.259999990463257,2.3399999141693115
2014-06-10,108500,2.299999952316284,2.390000104904175,2.390000104904175,2.25,2.390000104904175
2014-06-09,167400,2.3299999237060547,2.309999942779541,2.4200000762939453,2.259999990463257,2.309999942779541
2014-06-06,109400,2.380000114440918,2.319999933242798,2.4200000762939453,2.299999952316284,2.319999933242798
2014-06-05,205100,2.200000047683716,2.3499999046325684,2.380000114440918,2.200000047683716,2.3499999046325684
2014-06-04,110300,2.25,2.2100000381469727,2.259999990463257,2.200000047683716,2.2100000381469727
2014-06-03,252900,2.309999942779541,2.259999990463257,2.3399999141693115,2.25,2.259999990463257
2014-06-02,160900,2.430000066757202,2.380000114440918,2.490000009536743,2.3499999046325684,2.380000114440918
2014-05-30,326700,2.5199999809265137,2.440000057220459,2.5199999809265137,2.4100000858306885,2.440000057220459
2014-05-29,144900,2.5899999141693115,2.5,2.630000114440918,2.4700000286102295,2.5
2014-05-28,328200,2.5,2.5899999141693115,2.6600000858306885,2.5,2.5899999141693115
2014-05-27,438500,2.450000047683716,2.5199999809265137,2.5999999046325684,2.4100000858306885,2.5199999809265137
2014-05-23,365500,2.4100000858306885,2.4600000381469727,2.609999895095825,2.4100000858306885,2.4600000381469727
2014-05-22,768000,2.6600000858306885,2.4200000762939453,2.740000009536743,2.369999885559082,2.4200000762939453
2014-05-21,524400,2.869999885559082,2.6500000953674316,2.880000114440918,2.5999999046325684,2.6500000953674316
2014-05-20,1723200,2.8499999046325684,2.8399999141693115,3.069999933242798,2.7699999809265137,2.8399999141693115
2014-05-19,9883900,2.549999952316284,3.1600000858306885,3.450000047683716,2.549999952316284,3.1600000858306885
2014-05-16,109400,2.180000066757202,2.2699999809265137,2.2899999618530273,2.180000066757202,2.2699999809265137
2014-05-15,121000,2.130000114440918,2.1700000762939453,2.190000057220459,2.0999999046325684,2.1700000762939453
2014-05-14,69300,2.200000047683716,2.1500000953674316,2.200000047683716,2.140000104904175,2.1500000953674316
2014-05-13,251900,2.2899999618530273,2.2100000381469727,2.319999933242798,2.180000066757202,2.2100000381469727
2014-05-12,107100,2.2300000190734863,2.2799999713897705,2.4200000762939453,2.2200000286102295,2.2799999713897705
2014-05-09,83900,2.180000066757202,2.2100000381469727,2.2300000190734863,2.1500000953674316,2.2100000381469727
2014-05-08,476800,2.25,2.200000047683716,2.309999942779541,2.190000057220459,2.200000047683716
2014-05-07,300900,2.619999885559082,2.319999933242798,2.619999885559082,2.309999942779541,2.319999933242798
2014-05-06,128200,2.680000066757202,2.700000047683716,2.7100000381469727,2.630000114440918,2.700000047683716
2014-05-05,191900,2.7100000381469727,2.700000047683716,2.7300000190734863,2.690000057220459,2.700000047683716
2014-05-02,235500,2.7100000381469727,2.680000066757202,2.7200000286102295,2.6500000953674316,2.680000066757202
2014-05-01,87300,2.700000047683716,2.7200000286102295,2.75,2.6700000762939453,2.7200000286102295
2014-04-30,61200,2.619999885559082,2.7200000286102295,2.7300000190734863,2.619999885559082,2.7200000286102295
2014-04-29,859700,2.5299999713897705,2.640000104904175,2.680000066757202,2.5199999809265137,2.640000104904175
2014-04-28,468800,2.5899999141693115,2.5299999713897705,2.5999999046325684,2.5,2.5299999713897705
2014-04-25,80700,2.630000114440918,2.559999942779541,2.640000104904175,2.559999942779541,2.559999942779541
2014-04-24,59600,2.640000104904175,2.6500000953674316,2.700000047683716,2.640000104904175,2.6500000953674316
2014-04-23,59700,2.680000066757202,2.630000114440918,2.690000057220459,2.609999895095825,2.630000114440918
2014-04-22,87100,2.700000047683716,2.6700000762939453,2.740000009536743,2.6500000953674316,2.6700000762939453
2014-04-21,71100,2.700000047683716,2.7100000381469727,2.7300000190734863,2.6500000953674316,2.7100000381469727
2014-04-17,282700,2.619999885559082,2.7100000381469727,2.740000009536743,2.569999933242798,2.7100000381469727
2014-04-16,199400,2.5799999237060547,2.609999895095825,2.6500000953674316,2.549999952316284,2.609999895095825
2014-04-15,157600,2.619999885559082,2.569999933242798,2.640000104904175,2.559999942779541,2.569999933242798
2014-04-14,259600,2.740000009536743,2.609999895095825,2.740000009536743,2.5899999141693115,2.609999895095825
2014-04-11,126100,2.7300000190734863,2.7100000381469727,2.7799999713897705,2.700000047683716,2.7100000381469727
2014-04-10,202000,2.8499999046325684,2.759999990463257,2.8499999046325684,2.7200000286102295,2.759999990463257
2014-04-09,181000,2.7799999713897705,2.859999895095825,2.890000104904175,2.7799999713897705,2.859999895095825
2014-04-08,240800,2.75,2.7699999809265137,2.809999942779541,2.700000047683716,2.7699999809265137
2014-04-07,161300,2.7799999713897705,2.759999990463257,2.7899999618530273,2.7100000381469727,2.759999990463257
2014-04-04,207700,2.799999952316284,2.799999952316284,2.8499999046325684,2.740000009536743,2.799999952316284
2014-04-03,183000,2.759999990463257,2.7699999809265137,2.7799999713897705,2.7200000286102295,2.7699999809265137
2014-04-02,114600,2.799999952316284,2.759999990463257,2.809999942779541,2.740000009536743,2.759999990463257
2014-04-01,117400,2.819999933242798,2.809999942779541,2.869999885559082,2.7799999713897705,2.809999942779541
2014-03-31,236500,2.9600000381469727,2.799999952316284,2.9600000381469727,2.700000047683716,2.799999952316284
2014-03-28,260400,2.930000066757202,2.950000047683716,2.9800000190734863,2.880000114440918,2.950000047683716
2014-03-27,659200,2.859999895095825,2.9100000858306885,2.9800000190734863,2.8299999237060547,2.9100000858306885
2014-03-26,274100,2.8499999046325684,2.8499999046325684,2.890000104904175,2.7699999809265137,2.8499999046325684
2014-03-25,250700,2.8399999141693115,2.8299999237060547,2.869999885559082,2.7100000381469727,2.8299999237060547
2014-03-24,201800,2.8299999237060547,2.799999952316284,2.880000114440918,2.7100000381469727,2.799999952316284
2014-03-21,352300,2.859999895095825,2.809999942779541,2.930000066757202,2.799999952316284,2.809999942779541
2014-03-20,587000,2.809999942779541,2.869999885559082,2.950000047683716,2.809999942779541,2.869999885559082
2014-03-19,126800,2.8499999046325684,2.8299999237060547,2.9000000953674316,2.819999933242798,2.8299999237060547
2014-03-18,219200,2.740000009536743,2.859999895095825,2.880000114440918,2.7200000286102295,2.859999895095825
2014-03-17,187500,2.7100000381469727,2.740000009536743,2.859999895095825,2.7100000381469727,2.740000009536743
2014-03-14,128800,2.7100000381469727,2.7300000190734863,2.8499999046325684,2.700000047683716,2.7300000190734863
2014-03-13,153000,2.8299999237060547,2.7300000190734863,2.859999895095825,2.6700000762939453,2.7300000190734863
2014-03-12,170600,2.759999990463257,2.8299999237060547,2.9200000762939453,2.7200000286102295,2.8299999237060547
2014-03-11,207300,2.7100000381469727,2.759999990463257,2.859999895095825,2.700000047683716,2.759999990463257
2014-03-10,122000,2.7699999809265137,2.7100000381469727,2.819999933242798,2.700000047683716,2.7100000381469727
2014-03-07,120800,2.799999952316284,2.7799999713897705,2.8399999141693115,2.700000047683716,2.7799999713897705
2014-03-06,225200,2.819999933242798,2.7899999618530273,2.859999895095825,2.75,2.7899999618530273
2014-03-05,126900,2.880000114440918,2.8299999237060547,2.890000104904175,2.75,2.8299999237060547
2014-03-04,269800,2.809999942779541,2.869999885559082,2.9000000953674316,2.740000009536743,2.869999885559082
2014-03-03,1768100,2.6500000953674316,2.759999990463257,2.809999942779541,2.549999952316284,2.759999990463257
2014-02-28,6475900,3.25,2.6500000953674316,3.25,2.630000114440918,2.6500000953674316
2014-02-27,81900,3.8299999237060547,3.8499999046325684,3.890000104904175,3.809999942779541,3.8499999046325684
2014-02-26,30200,3.869999885559082,3.8499999046325684,3.9000000953674316,3.8499999046325684,3.8499999046325684
2014-02-25,114500,3.880000114440918,3.8499999046325684,3.880000114440918,3.819999933242798,3.8499999046325684
2014-02-24,110600,3.890000104904175,3.869999885559082,3.9200000762939453,3.859999895095825,3.869999885559082
2014-02-21,63400,3.950000047683716,3.890000104904175,3.950000047683716,3.880000114440918,3.890000104904175
2014-02-20,53800,3.880000114440918,3.930000066757202,3.990000009536743,3.880000114440918,3.930000066757202
2014-02-19,67900,3.9000000953674316,3.869999885559082,3.9000000953674316,3.8499999046325684,3.869999885559082
2014-02-18,186000,3.819999933242798,3.9000000953674316,3.930000066757202,3.819999933242798,3.9000000953674316
2014-02-14,186500,3.8299999237060547,3.8299999237060547,3.8399999141693115,3.740000009536743,3.8299999237060547
2014-02-13,139000,3.799999952316284,3.799999952316284,3.819999933242798,3.7699999809265137,3.799999952316284
2014-02-12,101600,3.799999952316284,3.7699999809265137,3.859999895095825,3.7300000190734863,3.7699999809265137
2014-02-11,313000,3.5399999618530273,3.799999952316284,3.8499999046325684,3.5399999618530273,3.799999952316284
2014-02-10,185200,3.690000057220459,3.799999952316284,3.869999885559082,3.680000066757202,3.799999952316284
2014-02-07,440900,3.940000057220459,3.680000066757202,3.940000057220459,3.6700000762939453,3.680000066757202
2014-02-06,92200,4.050000190734863,4.019999980926514,4.110000133514404,3.950000047683716,4.019999980926514
2014-02-05,55600,4.0,4.019999980926514,4.070000171661377,3.940000057220459,4.019999980926514
2014-02-04,92600,4.099999904632568,4.03000020980835,4.150000095367432,4.03000020980835,4.03000020980835
2014-02-03,108000,4.019999980926514,4.070000171661377,4.110000133514404,3.990000009536743,4.070000171661377
2014-01-31,43600,4.059999942779541,4.03000020980835,4.090000152587891,4.019999980926514,4.03000020980835
2014-01-30,70300,4.099999904632568,4.090000152587891,4.179999828338623,4.059999942779541,4.090000152587891
2014-01-29,78000,4.119999885559082,4.079999923706055,4.170000076293945,4.050000190734863,4.079999923706055
2014-01-28,125200,4.099999904632568,4.150000095367432,4.159999847412109,4.050000190734863,4.150000095367432
2014-01-27,55800,4.159999847412109,4.110000133514404,4.199999809265137,4.099999904632568,4.110000133514404
2014-01-24,806300,4.230000019073486,4.159999847412109,4.25,4.019999980926514,4.159999847412109
2014-01-23,73800,4.320000171661377,4.260000228881836,4.320000171661377,4.21999979019165,4.260000228881836
2014-01-22,49300,4.289999961853027,4.320000171661377,4.360000133514404,4.289999961853027,4.320000171661377
2014-01-21,143800,4.28000020980835,4.300000190734863,4.340000152587891,4.260000228881836,4.300000190734863
2014-01-17,317800,4.400000095367432,4.269999980926514,4.409999847412109,4.239999771118164,4.269999980926514
2014-01-16,1000700,4.420000076293945,4.400000095367432,4.460000038146973,4.389999866485596,4.400000095367432
2014-01-15,427300,4.289999961853027,4.449999809265137,4.489999771118164,4.269999980926514,4.449999809265137
2014-01-14,82300,4.170000076293945,4.300000190734863,4.329999923706055,4.170000076293945,4.300000190734863
2014-01-13,115100,4.199999809265137,4.170000076293945,4.329999923706055,4.139999866485596,4.170000076293945
2014-01-10,107400,4.380000114440918,4.230000019073486,4.380000114440918,4.190000057220459,4.230000019073486
2014-01-09,362900,4.340000152587891,4.360000133514404,4.460000038146973,4.300000190734863,4.360000133514404
2014-01-08,91000,4.349999904632568,4.340000152587891,4.369999885559082,4.28000020980835,4.340000152587891
2014-01-07,136400,4.380000114440918,4.400000095367432,4.489999771118164,4.300000190734863,4.400000095367432
2014-01-06,814300,4.78000020980835,4.380000114440918,4.820000171661377,4.300000190734863,4.380000114440918
2014-01-03,67400,4.869999885559082,4.880000114440918,4.929999828338623,4.829999923706055,4.880000114440918
2014-01-02,124300,4.920000076293945,4.880000114440918,5.03000020980835,4.809999942779541,4.880000114440918
2013-12-31,305500,5.400000095367432,4.920000076293945,5.400000095367432,4.860000133514404,4.920000076293945
2013-12-30,44800,5.480000019073486,5.46999979019165,5.590000152587891,5.440000057220459,5.46999979019165
2013-12-27,35300,5.489999771118164,5.510000228881836,5.579999923706055,5.449999809265137,5.510000228881836
2013-12-26,44400,5.539999961853027,5.5,5.619999885559082,5.460000038146973,5.5
2013-12-24,75000,5.53000020980835,5.519999980926514,5.550000190734863,5.409999847412109,5.519999980926514
2013-12-23,57600,5.440000057220459,5.539999961853027,5.599999904632568,5.440000057220459,5.539999961853027
2013-12-20,371800,5.460000038146973,5.400000095367432,5.510000228881836,5.349999904632568,5.400000095367432
2013-12-19,96300,5.320000171661377,5.460000038146973,5.739999771118164,5.300000190734863,5.460000038146973
2013-12-18,68700,5.179999828338623,5.340000152587891,5.349999904632568,5.159999847412109,5.340000152587891
2013-12-17,272000,5.150000095367432,5.190000057220459,5.21999979019165,5.150000095367432,5.190000057220459
2013-12-16,76100,5.159999847412109,5.170000076293945,5.230000019073486,5.139999866485596,5.170000076293945
2013-12-13,78800,5.110000133514404,5.150000095367432,5.21999979019165,5.099999904632568,5.150000095367432
2013-12-12,53000,5.21999979019165,5.110000133514404,5.349999904632568,5.099999904632568,5.110000133514404
2013-12-11,77500,5.309999942779541,5.230000019073486,5.360000133514404,5.119999885559082,5.230000019073486
2013-12-10,774200,5.360000133514404,5.309999942779541,5.360000133514404,5.0,5.309999942779541
2013-12-09,151700,5.489999771118164,5.360000133514404,5.5,5.340000152587891,5.360000133514404
2013-12-06,60700,5.550000190734863,5.449999809265137,5.550000190734863,5.440000057220459,5.449999809265137
2013-12-05,56900,5.510000228881836,5.5,5.579999923706055,5.489999771118164,5.5
2013-12-04,110600,5.510000228881836,5.46999979019165,5.53000020980835,5.429999828338623,5.46999979019165
2013-12-03,77700,5.53000020980835,5.539999961853027,5.559999942779541,5.429999828338623,5.539999961853027
2013-12-02,101800,5.679999828338623,5.550000190734863,5.679999828338623,5.510000228881836,5.550000190734863
2013-11-29,43700,5.739999771118164,5.699999809265137,5.769999980926514,5.650000095367432,5.699999809265137
2013-11-27,28500,5.670000076293945,5.699999809265137,5.78000020980835,5.559999942779541,5.699999809265137
2013-11-26,141500,5.690000057220459,5.679999828338623,5.75,5.570000171661377,5.679999828338623
2013-11-25,48100,5.760000228881836,5.650000095367432,5.800000190734863,5.650000095367432,5.650000095367432
2013-11-22,89400,5.769999980926514,5.760000228881836,5.800000190734863,5.670000076293945,5.760000228881836
2013-11-21,32800,5.550000190734863,5.75,5.75,5.480000019073486,5.75
2013-11-20,28300,5.510000228881836,5.5,5.550000190734863,5.46999979019165,5.5
2013-11-19,28000,5.599999904632568,5.5,5.639999866485596,5.5,5.5
2013-11-18,41400,5.610000133514404,5.610000133514404,5.75,5.559999942779541,5.610000133514404
2013-11-15,164300,5.650000095367432,5.610000133514404,5.670000076293945,5.53000020980835,5.610000133514404
2013-11-14,117600,5.679999828338623,5.659999847412109,5.730000019073486,5.559999942779541,5.659999847412109
2013-11-13,128400,5.489999771118164,5.679999828338623,5.679999828338623,5.409999847412109,5.679999828338623
2013-11-12,22800,5.510000228881836,5.539999961853027,5.570000171661377,5.409999847412109,5.539999961853027
2013-11-11,34000,5.489999771118164,5.539999961853027,5.579999923706055,5.440000057220459,5.539999961853027
2013-11-08,144000,5.559999942779541,5.519999980926514,5.659999847412109,5.429999828338623,5.519999980926514
2013-11-07,60500,5.71999979019165,5.559999942779541,5.71999979019165,5.539999961853027,5.559999942779541
2013-11-06,65600,5.710000038146973,5.710000038146973,5.789999961853027,5.46999979019165,5.710000038146973
2013-11-05,108000,5.659999847412109,5.690000057220459,5.75,5.579999923706055,5.690000057220459
2013-11-04,90300,5.730000019073486,5.699999809265137,5.75,5.550000190734863,5.699999809265137
2013-11-01,200600,5.78000020980835,5.679999828338623,5.809999942779541,5.679999828338623,5.679999828338623
2013-10-31,76800,5.860000133514404,5.800000190734863,5.929999828338623,5.75,5.800000190734863
2013-10-30,61400,6.0,5.840000152587891,6.050000190734863,5.809999942779541,5.840000152587891
2013-10-29,56800,6.039999961853027,6.010000228881836,6.159999847412109,5.880000114440918,6.010000228881836
2013-10-28,113300,6.03000020980835,6.039999961853027,6.039999961853027,5.809999942779541,6.039999961853027
2013-10-25,137500,6.199999809265137,6.050000190734863,6.199999809265137,5.929999828338623,6.050000190734863
2013-10-24,89800,6.119999885559082,6.150000095367432,6.199999809265137,6.050000190734863,6.150000095367432
2013-10-23,128600,6.329999923706055,6.150000095367432,6.409999847412109,6.070000171661377,6.150000095367432
2013-10-22,101900,6.25,6.329999923706055,6.400000095367432,6.25,6.329999923706055
2013-10-21,234000,6.150000095367432,6.210000038146973,6.269999980926514,6.059999942779541,6.210000038146973
2013-10-18,177600,5.849999904632568,6.119999885559082,6.25,5.75,6.119999885559082
2013-10-17,45100,5.909999847412109,5.800000190734863,5.949999809265137,5.800000190734863,5.800000190734863
2013-10-16,80100,5.869999885559082,5.909999847412109,6.0,5.820000171661377,5.909999847412109
2013-10-15,75700,5.800000190734863,5.840000152587891,5.900000095367432,5.800000190734863,5.840000152587891
2013-10-14,97800,5.800000190734863,5.829999923706055,5.869999885559082,5.75,5.829999923706055
2013-10-11,151800,5.849999904632568,5.840000152587891,5.940000057220459,5.75,5.840000152587891
2013-10-10,65100,5.760000228881836,5.849999904632568,5.880000114440918,5.760000228881836,5.849999904632568
2013-10-09,122800,5.730000019073486,5.710000038146973,5.760000228881836,5.670000076293945,5.710000038146973
2013-10-08,109400,5.800000190734863,5.739999771118164,5.820000171661377,5.679999828338623,5.739999771118164
2013-10-07,59600,5.820000171661377,5.78000020980835,5.900000095367432,5.690000057220459,5.78000020980835
2013-10-04,95500,5.699999809265137,5.860000133514404,5.900000095367432,5.670000076293945,5.860000133514404
2013-10-03,227000,5.730000019073486,5.71999979019165,5.75,5.659999847412109,5.71999979019165
2013-10-02,151000,5.539999961853027,5.71999979019165,5.71999979019165,5.409999847412109,5.71999979019165
2013-10-01,155900,5.53000020980835,5.570000171661377,5.599999904632568,5.5,5.570000171661377
2013-09-30,69300,5.650000095367432,5.510000228881836,5.739999771118164,5.489999771118164,5.510000228881836
2013-09-27,33200,5.710000038146973,5.690000057220459,5.809999942779541,5.679999828338623,5.690000057220459
2013-09-26,82000,5.840000152587891,5.739999771118164,5.840000152587891,5.650000095367432,5.739999771118164
2013-09-25,59600,5.920000076293945,5.849999904632568,5.949999809265137,5.820000171661377,5.849999904632568
2013-09-24,79700,5.869999885559082,5.889999866485596,5.980000019073486,5.849999904632568,5.889999866485596
2013-09-23,165700,5.809999942779541,5.860000133514404,5.860000133514404,5.75,5.860000133514404
2013-09-20,63600,5.809999942779541,5.809999942779541,5.880000114440918,5.800000190734863,5.809999942779541
2013-09-19,40700,5.909999847412109,5.840000152587891,5.909999847412109,5.769999980926514,5.840000152587891
2013-09-18,49400,5.900000095367432,5.880000114440918,5.989999771118164,5.78000020980835,5.880000114440918
2013-09-17,55300,5.78000020980835,5.849999904632568,5.900000095367432,5.78000020980835,5.849999904632568
2013-09-16,90500,5.730000019073486,5.78000020980835,5.869999885559082,5.690000057220459,5.78000020980835
2013-09-13,49200,5.670000076293945,5.679999828338623,5.829999923706055,5.559999942779541,5.679999828338623
2013-09-12,32300,5.650000095367432,5.639999866485596,5.659999847412109,5.579999923706055,5.639999866485596
2013-09-11,71000,5.659999847412109,5.639999866485596,5.829999923706055,5.579999923706055,5.639999866485596
2013-09-10,529700,5.699999809265137,5.670000076293945,5.739999771118164,5.460000038146973,5.670000076293945
2013-09-09,441900,5.900000095367432,5.820000171661377,5.909999847412109,5.679999828338623,5.820000171661377
2013-09-06,92700,6.019999980926514,5.920000076293945,6.070000171661377,5.900000095367432,5.920000076293945
2013-09-05,74400,5.989999771118164,6.010000228881836,6.03000020980835,5.96999979019165,6.010000228881836
2013-09-04,57100,5.900000095367432,6.0,6.059999942779541,5.900000095367432,6.0
2013-09-03,98600,6.03000020980835,5.929999828338623,6.03000020980835,5.900000095367432,5.929999828338623
2013-08-30,40500,6.019999980926514,5.989999771118164,6.039999961853027,5.96999979019165,5.989999771118164
2013-08-29,42900,5.980000019073486,6.039999961853027,6.050000190734863,5.96999979019165,6.039999961853027
2013-08-28,56700,6.019999980926514,5.989999771118164,6.03000020980835,5.900000095367432,5.989999771118164
2013-08-27,60200,6.0,6.03000020980835,6.070000171661377,5.929999828338623,6.03000020980835
2013-08-26,84200,6.190000057220459,6.070000171661377,6.230000019073486,5.960000038146973,6.070000171661377
2013-08-23,92700,6.050000190734863,6.190000057220459,6.239999771118164,6.010000228881836,6.190000057220459
2013-08-22,20400,5.940000057220459,6.059999942779541,6.110000133514404,5.900000095367432,6.059999942779541
2013-08-21,49000,5.929999828338623,5.920000076293945,6.070000171661377,5.900000095367432,5.920000076293945
2013-08-20,26300,5.820000171661377,5.940000057220459,5.980000019073486,5.820000171661377,5.940000057220459
2013-08-19,104100,5.889999866485596,5.820000171661377,5.900000095367432,5.800000190734863,5.820000171661377
2013-08-16,104600,5.929999828338623,5.860000133514404,5.949999809265137,5.849999904632568,5.860000133514404
2013-08-15,51600,5.989999771118164,5.949999809265137,6.070000171661377,5.909999847412109,5.949999809265137
2013-08-14,34800,6.0,6.039999961853027,6.050000190734863,5.980000019073486,6.039999961853027
2013-08-13,127900,6.099999904632568,6.019999980926514,6.099999904632568,5.949999809265137,6.019999980926514
2013-08-12,99200,6.139999866485596,6.110000133514404,6.21999979019165,6.03000020980835,6.110000133514404
2013-08-09,62800,6.230000019073486,6.190000057220459,6.28000020980835,6.110000133514404,6.190000057220459
2013-08-08,48600,6.179999828338623,6.260000228881836,6.28000020980835,6.099999904632568,6.260000228881836
2013-08-07,73200,6.329999923706055,6.150000095367432,6.349999904632568,6.059999942779541,6.150000095367432
2013-08-06,92000,6.199999809265137,6.199999809265137,6.269999980926514,6.079999923706055,6.199999809265137
2013-08-05,129500,6.380000114440918,6.25,6.380000114440918,6.090000152587891,6.25
2013-08-02,60200,6.309999942779541,6.269999980926514,6.320000171661377,6.190000057220459,6.269999980926514
2013-08-01,128600,6.349999904632568,6.349999904632568,6.349999904632568,6.21999979019165,6.349999904632568
2013-07-31,73800,6.289999961853027,6.320000171661377,6.429999828338623,6.230000019073486,6.320000171661377
2013-07-30,202700,6.150000095367432,6.230000019073486,6.329999923706055,5.96999979019165,6.230000019073486
2013-07-29,148700,6.309999942779541,6.099999904632568,6.329999923706055,6.010000228881836,6.099999904632568
2013-07-26,90300,6.659999847412109,6.300000190734863,6.789999961853027,6.28000020980835,6.300000190734863
2013-07-25,142300,6.71999979019165,6.630000114440918,6.739999771118164,6.539999961853027,6.630000114440918
2013-07-24,87100,6.889999866485596,6.760000228881836,6.889999866485596,6.730000019073486,6.760000228881836
2013-07-23,223900,6.800000190734863,6.900000095367432,6.949999809265137,6.699999809265137,6.900000095367432
2013-07-22,91600,6.960000038146973,6.800000190734863,6.960000038146973,6.679999828338623,6.800000190734863
2013-07-19,54700,7.039999961853027,6.96999979019165,7.090000152587891,6.849999904632568,6.96999979019165
2013-07-18,92400,6.989999771118164,7.039999961853027,7.110000133514404,6.880000114440918,7.039999961853027
2013-07-17,41900,7.059999942779541,6.96999979019165,7.230000019073486,6.960000038146973,6.96999979019165
2013-07-16,181600,6.949999809265137,7.019999980926514,7.070000171661377,6.840000152587891,7.019999980926514
2013-07-15,56400,7.239999771118164,7.019999980926514,7.260000228881836,7.010000228881836,7.019999980926514
2013-07-12,75900,7.28000020980835,7.150000095367432,7.28000020980835,7.130000114440918,7.150000095367432
2013-07-11,391300,7.340000152587891,7.309999942779541,7.380000114440918,7.25,7.309999942779541
2013-07-10,115300,7.179999828338623,7.230000019073486,7.230000019073486,6.900000095367432,7.230000019073486
2013-07-09,111900,7.480000019073486,7.400000095367432,7.480000019073486,7.289999961853027,7.400000095367432
2013-07-08,206000,7.130000114440918,7.289999961853027,7.380000114440918,7.110000133514404,7.289999961853027
2013-07-05,36400,7.380000114440918,7.429999828338623,7.539999961853027,7.070000171661377,7.429999828338623
2013-07-03,19600,7.199999809265137,7.25,7.28000020980835,7.039999961853027,7.25
2013-07-02,140200,7.21999979019165,7.21999979019165,7.25,7.170000076293945,7.21999979019165
2013-07-01,148300,7.289999961853027,7.230000019073486,7.449999809265137,7.210000038146973,7.230000019073486
2013-06-28,389600,7.289999961853027,7.269999980926514,7.300000190734863,7.179999828338623,7.269999980926514
2013-06-27,118200,7.25,7.349999904632568,7.349999904632568,7.199999809265137,7.349999904632568
2013-06-26,100300,7.230000019073486,7.230000019073486,7.28000020980835,7.170000076293945,7.230000019073486
2013-06-25,197200,7.110000133514404,7.239999771118164,7.349999904632568,7.0,7.239999771118164
2013-06-24,115000,7.340000152587891,7.110000133514404,7.340000152587891,7.099999904632568,7.110000133514404
2013-06-21,138900,7.659999847412109,7.440000057220459,7.730000019073486,7.340000152587891,7.440000057220459
2013-06-20,45000,7.630000114440918,7.619999885559082,7.730000019073486,7.579999923706055,7.619999885559082
2013-06-19,299500,7.630000114440918,7.75,7.889999866485596,7.590000152587891,7.75
2013-06-18,214300,7.329999923706055,7.659999847412109,7.730000019073486,7.21999979019165,7.659999847412109
2013-06-17,106200,7.300000190734863,7.329999923706055,7.409999847412109,7.070000171661377,7.329999923706055
2013-06-14,262100,7.590000152587891,7.25,7.78000020980835,7.199999809265137,7.25
2013-06-13,78100,7.25,7.650000095367432,7.679999828338623,7.210000038146973,7.650000095367432
2013-06-12,225000,7.809999942779541,7.28000020980835,7.809999942779541,7.170000076293945,7.28000020980835
2013-06-11,147200,7.840000152587891,7.78000020980835,7.940000057220459,7.75,7.78000020980835
2013-06-10,226600,8.100000381469727,7.920000076293945,8.100000381469727,7.630000114440918,7.920000076293945
2013-06-07,107100,8.239999771118164,8.239999771118164,8.279999732971191,8.100000381469727,8.239999771118164
2013-06-06,53700,8.359999656677246,8.210000038146973,8.359999656677246,8.15999984741211,8.210000038146973
2013-06-05,16400,8.380000114440918,8.350000381469727,8.489999771118164,8.210000038146973,8.350000381469727
2013-06-04,46100,8.579999923706055,8.369999885559082,8.59000015258789,8.300000190734863,8.369999885559082
2013-06-03,172300,8.59000015258789,8.59000015258789,8.65999984741211,8.119999885559082,8.59000015258789
2013-05-31,92000,8.489999771118164,8.539999961853027,8.670000076293945,8.210000038146973,8.539999961853027
2013-05-30,47500,8.239999771118164,8.59000015258789,8.600000381469727,8.140000343322754,8.59000015258789
2013-05-29,18000,8.1899995803833,8.210000038146973,8.289999961853027,8.1899995803833,8.210000038146973
2013-05-28,85500,8.34000015258789,8.270000457763672,8.489999771118164,8.199999809265137,8.270000457763672
2013-05-24,144900,8.260000228881836,8.199999809265137,8.319999694824219,8.069999694824219,8.199999809265137
2013-05-23,256200,8.300000190734863,8.289999961853027,8.380000114440918,8.199999809265137,8.289999961853027
2013-05-22,69100,8.489999771118164,8.350000381469727,8.569999694824219,8.119999885559082,8.350000381469727
2013-05-21,106900,8.630000114440918,8.510000228881836,8.65999984741211,8.4399995803833,8.510000228881836
2013-05-20,109500,8.75,8.649999618530273,8.800000190734863,8.529999732971191,8.649999618530273
2013-05-17,76500,8.670000076293945,8.739999771118164,8.829999923706055,8.550000190734863,8.739999771118164
2013-05-16,118400,8.640000343322754,8.600000381469727,8.970000267028809,8.510000228881836,8.600000381469727
2013-05-15,181100,8.300000190734863,8.640000343322754,8.90999984741211,8.270000457763672,8.640000343322754
2013-05-14,456300,8.270000457763672,8.300000190734863,8.329999923706055,8.180000305175781,8.300000190734863
2013-05-13,122800,8.319999694824219,8.229999542236328,8.380000114440918,8.0,8.229999542236328
2013-05-10,92400,8.239999771118164,8.300000190734863,8.5600004196167,8.239999771118164,8.300000190734863
2013-05-09,414600,8.210000038146973,8.239999771118164,8.479999542236328,8.15999984741211,8.239999771118164
2013-05-08,369200,8.079999923706055,8.149999618530273,8.260000228881836,8.0,8.149999618530273
2013-05-07,76300,8.079999923706055,8.09000015258789,8.100000381469727,7.789999961853027,8.09000015258789
2013-05-06,87700,8.420000076293945,8.079999923706055,8.470000267028809,8.0,8.079999923706055
2013-05-03,57900,8.4399995803833,8.420000076293945,8.489999771118164,8.390000343322754,8.420000076293945
2013-05-02,107100,8.180000305175781,8.329999923706055,8.390000343322754,7.820000171661377,8.329999923706055
2013-05-01,197200,8.649999618530273,8.15999984741211,8.649999618530273,8.140000343322754,8.15999984741211
2013-04-30,123600,8.779999732971191,8.710000038146973,8.829999923706055,8.5,8.710000038146973
2013-04-29,114700,9.039999961853027,8.8100004196167,9.180000305175781,8.5,8.8100004196167
2013-04-26,105400,9.359999656677246,8.9399995803833,9.5,8.850000381469727,8.9399995803833
2013-04-25,62400,9.720000267028809,9.4399995803833,9.720000267028809,9.260000228881836,9.4399995803833
2013-04-24,45000,9.84000015258789,9.720000267028809,9.930000305175781,9.5600004196167,9.720000267028809
2013-04-23,47900,9.649999618530273,9.65999984741211,9.680000305175781,9.5,9.65999984741211
2013-04-22,93900,9.859999656677246,9.609999656677246,9.859999656677246,9.25,9.609999656677246
2013-04-19,53100,10.109999656677246,9.710000038146973,10.109999656677246,9.65999984741211,9.710000038146973
2013-04-18,88100,10.0,10.029999732971191,10.170000076293945,9.920000076293945,10.029999732971191
2013-04-17,197100,8.800000190734863,9.949999809265137,10.180000305175781,8.800000190734863,9.949999809265137
2013-04-16,95100,8.84000015258789,8.829999923706055,9.079999923706055,8.720000267028809,8.829999923706055
2013-04-15,101700,9.319999694824219,8.789999961853027,9.529999732971191,8.75,8.789999961853027
2013-04-12,25200,9.430000305175781,9.329999923706055,9.5,9.270000457763672,9.329999923706055
2013-04-11,30000,9.890000343322754,9.510000228881836,9.899999618530273,9.420000076293945,9.510000228881836
2013-04-10,48700,9.5,9.869999885559082,9.989999771118164,9.5,9.869999885559082
2013-04-09,57900,9.130000114440918,9.449999809265137,9.5,9.100000381469727,9.449999809265137
2013-04-08,147600,9.180000305175781,9.079999923706055,9.1899995803833,8.789999961853027,9.079999923706055
2013-04-05,85400,9.270000457763672,9.170000076293945,9.34000015258789,9.020000457763672,9.170000076293945
2013-04-04,55300,9.579999923706055,9.329999923706055,9.579999923706055,9.140000343322754,9.329999923706055
2013-04-03,44600,9.739999771118164,9.609999656677246,9.779999732971191,9.59000015258789,9.609999656677246
2013-04-02,57900,10.0,9.739999771118164,10.130000114440918,9.6899995803833,9.739999771118164
2013-04-01,50000,10.199999809265137,9.90999984741211,10.199999809265137,9.760000228881836,9.90999984741211
2013-03-28,26000,10.119999885559082,10.199999809265137,10.239999771118164,10.079999923706055,10.199999809265137
2013-03-27,16700,9.84000015258789,10.09000015258789,10.25,9.75,10.09000015258789
2013-03-26,63500,9.600000381469727,9.869999885559082,9.880000114440918,9.449999809265137,9.869999885559082
2013-03-25,91800,9.579999923706055,9.579999923706055,9.619999885559082,9.25,9.579999923706055
2013-03-22,14900,9.640000343322754,9.630000114440918,9.699999809265137,9.569999694824219,9.630000114440918
2013-03-21,58400,9.850000381469727,9.630000114440918,9.859999656677246,9.430000305175781,9.630000114440918
2013-03-20,13900,9.829999923706055,9.9399995803833,9.9399995803833,9.65999984741211,9.9399995803833
2013-03-19,49900,9.899999618530273,9.800000190734863,10.0,9.75,9.800000190734863
2013-03-18,63100,10.09000015258789,9.819999694824219,10.239999771118164,9.760000228881836,9.819999694824219
2013-03-15,71300,10.520000457763672,10.220000267028809,10.640000343322754,10.020000457763672,10.220000267028809
2013-03-14,60000,10.279999732971191,10.5,10.680000305175781,10.210000038146973,10.5
2013-03-13,58200,10.229999542236328,10.199999809265137,10.25,10.119999885559082,10.199999809265137
2013-03-12,27000,10.1899995803833,10.119999885559082,10.420000076293945,10.020000457763672,10.119999885559082
2013-03-11,125100,10.369999885559082,10.1899995803833,10.6899995803833,9.880000114440918,10.1899995803833
2013-03-08,105500,9.90999984741211,10.390000343322754,10.600000381469727,9.670000076293945,10.390000343322754
2013-03-07,28300,9.65999984741211,9.819999694824219,9.850000381469727,9.65999984741211,9.819999694824219
2013-03-06,302800,9.680000305175781,9.680000305175781,9.760000228881836,9.550000190734863,9.680000305175781
2013-03-05,105200,9.649999618530273,9.680000305175781,9.75,9.600000381469727,9.680000305175781
2013-03-04,32800,9.6899995803833,9.619999885559082,9.789999961853027,9.529999732971191,9.619999885559082
2013-03-01,41900,9.5600004196167,9.680000305175781,9.770000457763672,9.25,9.680000305175781
2013-02-28,89000,9.649999618530273,9.670000076293945,9.84000015258789,9.510000228881836,9.670000076293945
2013-02-27,58500,9.670000076293945,9.65999984741211,9.739999771118164,9.600000381469727,9.65999984741211
2013-02-26,104300,9.520000457763672,9.680000305175781,9.779999732971191,9.350000381469727,9.680000305175781
2013-02-25,70200,9.430000305175781,9.520000457763672,9.649999618530273,9.1899995803833,9.520000457763672
2013-02-22,42800,9.4399995803833,9.430000305175781,9.4399995803833,9.229999542236328,9.430000305175781
2013-02-21,62300,9.819999694824219,9.390000343322754,9.84000015258789,9.210000038146973,9.390000343322754
2013-02-20,51400,9.800000190734863,9.859999656677246,9.979999542236328,9.699999809265137,9.859999656677246
2013-02-19,65100,10.0,9.819999694824219,10.15999984741211,9.8100004196167,9.819999694824219
2013-02-15,112700,9.75,9.970000267028809,10.069999694824219,9.680000305175781,9.970000267028809
2013-02-14,112600,9.34000015258789,9.5600004196167,9.829999923706055,9.34000015258789,9.5600004196167
2013-02-13,40300,9.489999771118164,9.329999923706055,9.729999542236328,9.119999885559082,9.329999923706055
2013-02-12,27100,9.359999656677246,9.40999984741211,9.550000190734863,9.300000190734863,9.40999984741211
2013-02-11,22100,9.270000457763672,9.449999809265137,9.460000038146973,9.149999618530273,9.449999809265137
2013-02-08,34600,9.140000343322754,9.300000190734863,9.5,9.069999694824219,9.300000190734863
2013-02-07,50700,9.3100004196167,9.260000228881836,9.5600004196167,9.079999923706055,9.260000228881836
2013-02-06,178300,9.600000381469727,9.34000015258789,9.600000381469727,9.300000190734863,9.34000015258789
2013-02-05,57100,9.819999694824219,9.699999809265137,9.829999923706055,9.640000343322754,9.699999809265137
2013-02-04,81600,9.140000343322754,9.710000038146973,9.880000114440918,9.069999694824219,9.710000038146973
2013-02-01,49500,9.4399995803833,9.5,9.630000114440918,9.270000457763672,9.5
2013-01-31,38800,9.199999809265137,9.380000114440918,9.449999809265137,9.069999694824219,9.380000114440918
2013-01-30,60900,9.550000190734863,9.1899995803833,9.550000190734863,9.0600004196167,9.1899995803833
2013-01-29,20700,9.65999984741211,9.59000015258789,9.65999984741211,9.40999984741211,9.59000015258789
2013-01-28,47100,9.5,9.699999809265137,9.890000343322754,9.369999885559082,9.699999809265137
2013-01-25,54900,9.399999618530273,9.460000038146973,9.600000381469727,9.350000381469727,9.460000038146973
2013-01-24,37800,9.430000305175781,9.350000381469727,9.579999923706055,9.15999984741211,9.350000381469727
2013-01-23,15900,9.460000038146973,9.4399995803833,9.579999923706055,9.40999984741211,9.4399995803833
2013-01-22,39100,9.579999923706055,9.510000228881836,9.640000343322754,9.40999984741211,9.510000228881836
2013-01-18,80600,9.680000305175781,9.609999656677246,9.699999809265137,9.5,9.609999656677246
2013-01-17,233300,8.979999542236328,9.649999618530273,9.710000038146973,8.979999542236328,9.649999618530273
2013-01-16,113500,8.510000228881836,8.960000038146973,9.039999961853027,8.40999984741211,8.960000038146973
2013-01-15,49600,8.489999771118164,8.609999656677246,9.0,8.489999771118164,8.609999656677246
2013-01-14,49500,8.4399995803833,8.600000381469727,8.619999885559082,8.40999984741211,8.600000381469727
2013-01-11,13600,8.5,8.449999809265137,8.529999732971191,8.319999694824219,8.449999809265137
2013-01-10,24100,8.479999542236328,8.470000267028809,8.5,8.3100004196167,8.470000267028809
2013-01-09,46400,8.460000038146973,8.470000267028809,8.510000228881836,8.300000190734863,8.470000267028809
2013-01-08,81700,8.5,8.460000038146973,8.5,8.279999732971191,8.460000038146973
2013-01-07,43000,8.699999809265137,8.5,8.699999809265137,8.25,8.5
2013-01-04,39600,8.770000457763672,8.779999732971191,8.930000305175781,8.670000076293945,8.779999732971191
2013-01-03,68900,8.989999771118164,8.710000038146973,8.989999771118164,8.350000381469727,8.710000038146973
2013-01-02,180000,9.119999885559082,8.960000038146973,9.119999885559082,8.670000076293945,8.960000038146973
2012-12-31,95300,8.5,8.899999618530273,9.279999732971191,8.430000305175781,8.899999618530273
2012-12-28,32600,8.350000381469727,8.420000076293945,8.489999771118164,8.15999984741211,8.420000076293945
2012-12-27,29800,8.600000381469727,8.369999885559082,8.850000381469727,8.3100004196167,8.369999885559082
2012-12-26,25500,8.210000038146973,8.600000381469727,8.630000114440918,8.109999656677246,8.600000381469727
2012-12-24,16900,8.239999771118164,8.25,8.350000381469727,7.809999942779541,8.25
2012-12-21,79700,8.079999923706055,8.270000457763672,8.279999732971191,7.849999904632568,8.270000457763672
2012-12-20,29500,7.880000114440918,8.079999923706055,8.149999618530273,7.690000057220459,8.079999923706055
2012-12-19,16600,7.78000020980835,7.900000095367432,7.900000095367432,7.650000095367432,7.900000095367432
2012-12-18,45300,8.010000228881836,7.940000057220459,8.029999732971191,7.699999809265137,7.940000057220459
2012-12-17,85000,7.360000133514404,8.029999732971191,8.069999694824219,7.360000133514404,8.029999732971191
2012-12-14,137500,7.119999885559082,7.5,7.570000171661377,7.119999885559082,7.5
2012-12-13,9800,7.28000020980835,7.159999847412109,7.28000020980835,6.940000057220459,7.159999847412109
2012-12-12,28700,7.300000190734863,7.25,7.300000190734863,7.090000152587891,7.25
2012-12-11,44700,7.230000019073486,7.300000190734863,7.300000190734863,7.070000171661377,7.300000190734863
2012-12-10,28900,7.070000171661377,7.239999771118164,7.239999771118164,6.949999809265137,7.239999771118164
2012-12-07,43400,7.059999942779541,7.070000171661377,7.090000152587891,6.909999847412109,7.070000171661377
2012-12-06,43200,7.019999980926514,7.039999961853027,7.070000171661377,6.889999866485596,7.039999961853027
2012-12-05,43800,7.210000038146973,7.059999942779541,7.239999771118164,7.059999942779541,7.059999942779541
2012-12-04,22400,7.059999942779541,7.199999809265137,7.239999771118164,7.059999942779541,7.199999809265137
2012-12-03,37000,7.039999961853027,7.03000020980835,7.079999923706055,6.900000095367432,7.03000020980835
2012-11-30,65200,7.21999979019165,7.0,7.25,6.789999961853027,7.0
2012-11-29,48900,6.920000076293945,7.190000057220459,7.190000057220459,6.920000076293945,7.190000057220459
2012-11-28,47700,6.820000171661377,6.840000152587891,6.920000076293945,6.699999809265137,6.840000152587891
2012-11-27,34700,7.050000190734863,6.889999866485596,7.070000171661377,6.840000152587891,6.889999866485596
2012-11-26,22200,7.039999961853027,7.099999904632568,7.150000095367432,7.010000228881836,7.099999904632568
2012-11-23,12300,7.03000020980835,7.039999961853027,7.050000190734863,6.980000019073486,7.039999961853027
2012-11-21,48400,7.010000228881836,7.019999980926514,7.050000190734863,6.610000133514404,7.019999980926514
2012-11-20,103300,7.340000152587891,7.019999980926514,7.400000095367432,6.929999828338623,7.019999980926514
2012-11-19,42500,6.989999771118164,7.380000114440918,7.400000095367432,6.989999771118164,7.380000114440918
2012-11-16,51900,6.96999979019165,6.889999866485596,6.980000019073486,6.880000114440918,6.889999866485596
2012-11-15,96400,7.099999904632568,6.949999809265137,7.179999828338623,6.849999904632568,6.949999809265137
2012-11-14,29200,6.960000038146973,7.0,7.079999923706055,6.949999809265137,7.0
2012-11-13,14100,6.949999809265137,6.96999979019165,7.019999980926514,6.75,6.96999979019165
2012-11-12,49100,6.940000057220459,7.039999961853027,7.070000171661377,6.900000095367432,7.039999961853027
2012-11-09,17000,6.880000114440918,6.929999828338623,6.989999771118164,6.800000190734863,6.929999828338623
2012-11-08,25800,7.050000190734863,6.940000057220459,7.050000190734863,6.78000020980835,6.940000057220459
2012-11-07,71800,7.050000190734863,7.059999942779541,7.119999885559082,7.010000228881836,7.059999942779541
2012-11-06,60400,7.099999904632568,7.119999885559082,7.139999866485596,7.079999923706055,7.119999885559082
2012-11-05,104100,7.019999980926514,7.099999904632568,7.150000095367432,6.960000038146973,7.099999904632568
2012-11-02,74500,7.079999923706055,7.03000020980835,7.150000095367432,7.0,7.03000020980835
2012-11-01,93400,6.989999771118164,7.119999885559082,7.179999828338623,6.610000133514404,7.119999885559082
2012-10-31,60500,6.960000038146973,7.010000228881836,7.090000152587891,6.940000057220459,7.010000228881836
2012-10-26,167800,6.800000190734863,6.980000019073486,7.03000020980835,6.619999885559082,6.980000019073486
2012-10-25,11600,6.599999904632568,6.539999961853027,6.849999904632568,6.429999828338623,6.539999961853027
2012-10-24,21700,6.579999923706055,6.559999942779541,6.619999885559082,6.309999942779541,6.559999942779541
2012-10-23,24900,6.690000057220459,6.570000171661377,6.690000057220459,6.539999961853027,6.570000171661377
2012-10-22,33000,7.03000020980835,6.739999771118164,7.03000020980835,6.730000019073486,6.739999771118164
2012-10-19,131900,7.039999961853027,7.070000171661377,7.090000152587891,6.829999923706055,7.070000171661377
2012-10-18,15600,7.079999923706055,7.110000133514404,7.130000114440918,6.96999979019165,7.110000133514404
2012-10-17,27100,7.010000228881836,7.079999923706055,7.090000152587891,6.980000019073486,7.079999923706055
2012-10-16,89400,6.929999828338623,7.039999961853027,7.039999961853027,6.820000171661377,7.039999961853027
2012-10-15,49700,6.510000228881836,6.929999828338623,6.940000057220459,6.510000228881836,6.929999828338623
2012-10-12,4000,6.789999961853027,6.679999828338623,6.820000171661377,6.679999828338623,6.679999828338623
2012-10-11,71600,6.880000114440918,6.769999980926514,6.960000038146973,6.699999809265137,6.769999980926514
2012-10-10,18500,6.840000152587891,6.820000171661377,6.880000114440918,6.670000076293945,6.820000171661377
2012-10-09,37200,6.940000057220459,6.849999904632568,7.03000020980835,6.690000057220459,6.849999904632568
2012-10-08,25800,7.099999904632568,6.949999809265137,7.099999904632568,6.900000095367432,6.949999809265137
2012-10-05,22500,7.300000190734863,7.150000095367432,7.349999904632568,7.119999885559082,7.150000095367432
2012-10-04,54900,7.369999885559082,7.289999961853027,7.369999885559082,7.25,7.289999961853027
2012-10-03,46600,7.380000114440918,7.360000133514404,7.449999809265137,7.190000057220459,7.360000133514404
2012-10-02,57200,7.110000133514404,7.360000133514404,7.400000095367432,6.989999771118164,7.360000133514404
2012-10-01,25300,7.110000133514404,7.059999942779541,7.110000133514404,6.980000019073486,7.059999942779541
2012-09-28,19700,7.130000114440918,7.099999904632568,7.170000076293945,7.019999980926514,7.099999904632568
2012-09-27,66800,7.139999866485596,7.170000076293945,7.199999809265137,6.909999847412109,7.170000076293945
2012-09-26,42600,6.860000133514404,7.099999904632568,7.119999885559082,6.860000133514404,7.099999904632568
2012-09-25,71000,7.150000095367432,6.889999866485596,7.260000228881836,6.869999885559082,6.889999866485596
2012-09-24,26400,7.03000020980835,7.099999904632568,7.139999866485596,7.0,7.099999904632568
2012-09-21,124900,7.170000076293945,7.03000020980835,7.340000152587891,6.989999771118164,7.03000020980835
2012-09-20,61500,7.489999771118164,7.170000076293945,7.489999771118164,7.159999847412109,7.170000076293945
2012-09-19,64200,7.46999979019165,7.550000190734863,7.550000190734863,7.050000190734863,7.550000190734863
2012-09-18,62700,7.289999961853027,7.460000038146973,7.46999979019165,7.289999961853027,7.460000038146973
2012-09-17,24400,7.239999771118164,7.389999866485596,7.400000095367432,7.119999885559082,7.389999866485596
2012-09-14,68400,7.28000020980835,7.369999885559082,7.369999885559082,6.900000095367432,7.369999885559082
2012-09-13,60300,6.920000076293945,7.230000019073486,7.25,6.800000190734863,7.230000019073486
2012-09-12,198900,6.559999942779541,6.949999809265137,6.949999809265137,6.550000190734863,6.949999809265137
2012-09-11,727600,6.570000171661377,6.480000019073486,6.579999923706055,6.400000095367432,6.480000019073486
2012-09-10,48900,6.739999771118164,6.579999923706055,6.739999771118164,6.400000095367432,6.579999923706055
2012-09-07,157400,7.139999866485596,6.760000228881836,7.139999866485596,6.739999771118164,6.760000228881836
2012-09-06,307600,7.150000095367432,7.159999847412109,7.25,7.03000020980835,7.159999847412109
2012-09-05,110000,7.119999885559082,7.139999866485596,7.429999828338623,7.039999961853027,7.139999866485596
2012-09-04,50200,7.400000095367432,7.159999847412109,7.400000095367432,7.079999923706055,7.159999847412109
2012-08-31,23300,7.480000019073486,7.400000095367432,7.480000019073486,7.110000133514404,7.400000095367432
2012-08-30,11900,7.46999979019165,7.429999828338623,7.46999979019165,7.25,7.429999828338623
2012-08-29,30600,7.139999866485596,7.53000020980835,7.53000020980835,7.130000114440918,7.53000020980835
2012-08-28,25400,7.210000038146973,7.28000020980835,7.289999961853027,7.099999904632568,7.28000020980835
2012-08-27,14600,7.21999979019165,7.199999809265137,7.289999961853027,7.090000152587891,7.199999809265137
2012-08-24,14100,7.099999904632568,7.21999979019165,7.260000228881836,7.010000228881836,7.21999979019165
2012-08-23,20600,7.239999771118164,7.130000114440918,7.239999771118164,6.920000076293945,7.130000114440918
2012-08-22,21000,7.230000019073486,7.260000228881836,7.28000020980835,7.230000019073486,7.260000228881836
2012-08-21,12800,7.5,7.380000114440918,7.53000020980835,7.309999942779541,7.380000114440918
2012-08-20,21300,7.099999904632568,7.53000020980835,7.539999961853027,6.980000019073486,7.53000020980835
2012-08-17,76200,7.460000038146973,7.53000020980835,7.53000020980835,7.03000020980835,7.53000020980835
2012-08-16,60800,7.519999980926514,7.5,7.519999980926514,7.110000133514404,7.5
2012-08-15,83200,7.539999961853027,7.519999980926514,7.539999961853027,7.289999961853027,7.519999980926514
2012-08-14,80600,7.590000152587891,7.53000020980835,7.599999904632568,7.199999809265137,7.53000020980835
2012-08-13,64800,7.239999771118164,7.590000152587891,7.659999847412109,7.239999771118164,7.590000152587891
2012-08-10,17900,6.960000038146973,7.300000190734863,7.300000190734863,6.960000038146973,7.300000190734863
2012-08-09,44200,6.869999885559082,7.010000228881836,7.039999961853027,6.869999885559082,7.010000228881836
2012-08-08,90100,7.039999961853027,6.909999847412109,7.130000114440918,6.840000152587891,6.909999847412109
2012-08-07,35600,6.929999828338623,7.079999923706055,7.090000152587891,6.920000076293945,7.079999923706055
2012-08-06,22000,6.760000228881836,6.909999847412109,6.929999828338623,6.730000019073486,6.909999847412109
2012-08-03,94500,6.699999809265137,6.760000228881836,6.900000095367432,6.679999828338623,6.760000228881836
2012-08-02,115000,6.610000133514404,6.710000038146973,6.789999961853027,6.610000133514404,6.710000038146973
2012-08-01,151200,6.670000076293945,6.650000095367432,6.75,6.510000228881836,6.650000095367432
2012-07-31,77500,7.039999961853027,6.659999847412109,7.039999961853027,6.650000095367432,6.659999847412109
2012-07-30,39700,7.090000152587891,7.039999961853027,7.150000095367432,6.849999904632568,7.039999961853027
2012-07-27,86800,6.619999885559082,7.099999904632568,7.449999809265137,6.619999885559082,7.099999904632568
2012-07-26,33200,6.880000114440918,6.909999847412109,6.980000019073486,6.659999847412109,6.909999847412109
2012-07-25,53900,6.690000057220459,6.760000228881836,6.900000095367432,6.519999980926514,6.760000228881836
2012-07-24,20100,6.789999961853027,6.650000095367432,6.840000152587891,6.619999885559082,6.650000095367432
2012-07-23,28000,6.860000133514404,6.75,6.880000114440918,6.71999979019165,6.75
2012-07-20,52400,7.260000228881836,6.929999828338623,7.289999961853027,6.889999866485596,6.929999828338623
2012-07-19,13700,7.550000190734863,7.309999942779541,7.550000190734863,7.309999942779541,7.309999942779541
2012-07-18,13500,7.25,7.510000228881836,7.519999980926514,7.150000095367432,7.510000228881836
2012-07-17,34200,7.400000095367432,7.28000020980835,7.400000095367432,7.090000152587891,7.28000020980835
2012-07-16,77200,7.449999809265137,7.329999923706055,7.5,7.079999923706055,7.329999923706055
2012-07-13,48000,7.619999885559082,7.5,7.639999866485596,7.239999771118164,7.5
2012-07-12,43200,7.46999979019165,7.559999942779541,7.590000152587891,7.25,7.559999942779541
2012-07-11,56100,7.5,7.510000228881836,7.550000190734863,7.25,7.510000228881836
2012-07-10,74400,7.579999923706055,7.519999980926514,7.690000057220459,7.429999828338623,7.519999980926514
2012-07-09,54200,7.679999828338623,7.559999942779541,7.699999809265137,7.5,7.559999942779541
2012-07-06,39900,7.929999828338623,7.699999809265137,7.929999828338623,7.619999885559082,7.699999809265137
2012-07-05,63600,7.800000190734863,8.0,8.0,7.800000190734863,8.0
2012-07-03,60000,7.650000095367432,7.829999923706055,7.96999979019165,7.53000020980835,7.829999923706055
2012-07-02,155200,7.800000190734863,7.599999904632568,7.940000057220459,7.449999809265137,7.599999904632568
2012-06-29,116400,7.099999904632568,7.75,7.75,6.989999771118164,7.75
2012-06-28,65400,6.980000019073486,7.019999980926514,7.050000190734863,6.730000019073486,7.019999980926514
2012-06-27,91900,6.909999847412109,7.039999961853027,7.039999961853027,6.820000171661377,7.039999961853027
2012-06-26,50800,6.789999961853027,6.929999828338623,6.940000057220459,6.760000228881836,6.929999828338623
2012-06-25,61700,6.769999980926514,6.75,6.769999980926514,6.519999980926514,6.75
2012-06-22,649100,6.889999866485596,6.909999847412109,6.960000038146973,6.820000171661377,6.909999847412109
2012-06-21,51600,6.869999885559082,6.820000171661377,6.960000038146973,6.760000228881836,6.820000171661377
2012-06-20,53000,6.800000190734863,6.909999847412109,6.929999828338623,6.650000095367432,6.909999847412109
2012-06-19,56400,6.849999904632568,6.800000190734863,6.920000076293945,6.409999847412109,6.800000190734863
2012-06-18,97300,6.75,6.800000190734863,6.900000095367432,6.639999866485596,6.800000190734863
2012-06-15,111600,6.46999979019165,6.75,6.920000076293945,6.409999847412109,6.75
2012-06-14,96100,6.539999961853027,6.460000038146973,6.71999979019165,6.340000152587891,6.460000038146973
2012-06-13,117800,6.75,6.570000171661377,6.820000171661377,6.539999961853027,6.570000171661377
2012-06-12,139800,6.800000190734863,6.75,6.849999904632568,6.650000095367432,6.75
2012-06-11,239000,6.480000019073486,6.760000228881836,6.789999961853027,6.480000019073486,6.760000228881836
2012-06-08,117300,6.670000076293945,6.429999828338623,6.670000076293945,5.869999885559082,6.429999828338623
2012-06-07,101500,6.75,6.690000057220459,6.760000228881836,6.420000076293945,6.690000057220459
2012-06-06,73000,6.360000133514404,6.739999771118164,6.75,6.260000228881836,6.739999771118164
2012-06-05,62600,6.349999904632568,6.349999904632568,6.489999771118164,6.210000038146973,6.349999904632568
2012-06-04,78900,6.429999828338623,6.369999885559082,6.579999923706055,6.199999809265137,6.369999885559082
2012-06-01,169600,6.369999885559082,6.429999828338623,6.489999771118164,6.150000095367432,6.429999828338623
2012-05-31,856300,6.639999866485596,6.480000019073486,6.75,6.46999979019165,6.480000019073486
2012-05-30,208500,6.619999885559082,6.619999885559082,6.769999980926514,6.510000228881836,6.619999885559082
2012-05-29,210000,6.5,6.730000019073486,6.75,6.340000152587891,6.730000019073486
2012-05-25,183200,6.699999809265137,6.510000228881836,6.699999809265137,6.349999904632568,6.510000228881836
2012-05-24,209600,6.800000190734863,7.0,7.139999866485596,6.650000095367432,7.0
2012-05-23,86600,6.639999866485596,6.820000171661377,6.889999866485596,6.5,6.820000171661377
2012-05-22,264800,6.869999885559082,6.699999809265137,6.949999809265137,6.46999979019165,6.699999809265137
2012-05-21,224200,6.739999771118164,6.980000019073486,7.0,6.389999866485596,6.980000019073486
2012-05-18,181000,6.980000019073486,6.739999771118164,7.050000190734863,6.449999809265137,6.739999771118164
2012-05-17,142000,6.539999961853027,6.940000057220459,7.0,6.539999961853027,6.940000057220459
2012-05-16,775300,6.46999979019165,6.929999828338623,7.010000228881836,6.139999866485596,6.929999828338623
2012-05-15,137200,6.920000076293945,7.099999904632568,7.489999771118164,6.920000076293945,7.099999904632568
2012-05-14,22000,6.920000076293945,6.920000076293945,7.019999980926514,6.389999866485596,6.920000076293945
2012-05-11,62900,6.880000114440918,7.0,7.039999961853027,6.800000190734863,7.0
2012-05-10,79000,6.909999847412109,6.96999979019165,7.0,6.75,6.96999979019165
2012-05-09,89000,6.849999904632568,6.889999866485596,6.909999847412109,6.329999923706055,6.889999866485596
2012-05-08,162000,6.840000152587891,6.900000095367432,6.96999979019165,6.559999942779541,6.900000095367432
2012-05-07,113700,6.699999809265137,6.880000114440918,7.0,6.25,6.880000114440918
2012-05-04,246900,6.610000133514404,6.599999904632568,6.820000171661377,6.25,6.599999904632568
2012-05-03,117800,6.809999942779541,6.650000095367432,6.900000095367432,6.599999904632568,6.650000095367432
2012-05-02,175000,6.929999828338623,6.829999923706055,7.03000020980835,6.710000038146973,6.829999923706055
2012-05-01,139000,6.650000095367432,6.949999809265137,7.099999904632568,6.599999904632568,6.949999809265137
2012-04-30,110700,6.550000190734863,6.670000076293945,6.849999904632568,6.400000095367432,6.670000076293945
2012-04-27,296700,7.369999885559082,6.550000190734863,7.369999885559082,6.369999885559082,6.550000190734863
2012-04-26,117500,6.940000057220459,7.059999942779541,7.400000095367432,6.920000076293945,7.059999942779541
2012-04-25,372800,7.079999923706055,6.96999979019165,7.130000114440918,6.860000133514404,6.96999979019165
2012-04-24,204200,6.920000076293945,6.980000019073486,7.179999828338623,6.840000152587891,6.980000019073486
2012-04-23,106000,6.760000228881836,6.889999866485596,7.119999885559082,6.53000020980835,6.889999866485596
2012-04-20,67200,6.909999847412109,6.889999866485596,6.980000019073486,6.639999866485596,6.889999866485596
2012-04-19,58700,6.820000171661377,6.800000190734863,6.980000019073486,6.659999847412109,6.800000190734863
2012-04-18,32400,6.78000020980835,6.809999942779541,6.820000171661377,6.519999980926514,6.809999942779541
2012-04-17,318100,6.800000190734863,6.820000171661377,6.909999847412109,6.75,6.820000171661377
2012-04-16,151700,6.789999961853027,6.769999980926514,6.809999942779541,6.539999961853027,6.769999980926514
2012-04-13,68600,6.630000114440918,6.679999828338623,6.739999771118164,6.53000020980835,6.679999828338623
2012-04-12,54300,6.539999961853027,6.679999828338623,6.949999809265137,6.53000020980835,6.679999828338623
2012-04-11,111100,6.510000228881836,6.53000020980835,6.539999961853027,6.349999904632568,6.53000020980835
2012-04-10,300900,6.610000133514404,6.449999809265137,6.610000133514404,6.289999961853027,6.449999809265137
2012-04-09,61300,6.329999923706055,6.599999904632568,6.670000076293945,6.210000038146973,6.599999904632568
2012-04-05,27000,6.230000019073486,6.420000076293945,6.480000019073486,6.230000019073486,6.420000076293945
2012-04-04,151800,6.0,6.21999979019165,6.28000020980835,5.909999847412109,6.21999979019165
2012-04-03,81900,6.190000057220459,6.039999961853027,6.320000171661377,6.0,6.039999961853027
2012-04-02,107600,6.260000228881836,6.190000057220459,6.260000228881836,6.0,6.190000057220459
2012-03-30,185800,6.239999771118164,6.210000038146973,6.400000095367432,6.050000190734863,6.210000038146973
2012-03-29,248000,6.230000019073486,6.190000057220459,6.460000038146973,6.079999923706055,6.190000057220459
2012-03-28,100700,6.460000038146973,6.190000057220459,6.5,5.889999866485596,6.190000057220459
2012-03-27,158900,6.630000114440918,6.46999979019165,6.630000114440918,6.349999904632568,6.46999979019165
2012-03-26,78900,6.210000038146973,6.489999771118164,6.630000114440918,6.179999828338623,6.489999771118164
2012-03-23,71900,6.210000038146973,6.150000095367432,6.269999980926514,5.96999979019165,6.150000095367432
2012-03-22,149100,6.050000190734863,6.150000095367432,6.380000114440918,5.849999904632568,6.150000095367432
2012-03-21,530900,5.460000038146973,6.119999885559082,6.28000020980835,5.400000095367432,6.119999885559082
2012-03-20,404700,5.380000114440918,5.449999809265137,5.550000190734863,5.349999904632568,5.449999809265137
2012-03-19,442700,5.300000190734863,5.409999847412109,5.449999809265137,5.289999961853027,5.409999847412109
2012-03-16,273100,5.340000152587891,5.269999980926514,5.420000076293945,5.190000057220459,5.269999980926514
2012-03-15,71900,5.340000152587891,5.289999961853027,5.340000152587891,5.21999979019165,5.289999961853027
2012-03-14,190100,5.349999904632568,5.340000152587891,5.489999771118164,5.139999866485596,5.340000152587891
2012-03-13,195800,5.059999942779541,5.360000133514404,5.420000076293945,5.03000020980835,5.360000133514404
2012-03-12,120100,5.170000076293945,5.039999961853027,5.230000019073486,5.010000228881836,5.039999961853027
2012-03-09,291000,5.389999866485596,5.179999828338623,5.429999828338623,5.170000076293945,5.179999828338623
2012-03-08,115500,5.5,5.400000095367432,5.510000228881836,5.329999923706055,5.400000095367432
2012-03-07,126300,5.46999979019165,5.489999771118164,5.650000095367432,5.349999904632568,5.489999771118164
2012-03-06,182600,5.820000171661377,5.489999771118164,5.869999885559082,5.309999942779541,5.489999771118164
2012-03-05,270000,6.090000152587891,5.909999847412109,6.239999771118164,5.860000133514404,5.909999847412109
2012-03-02,168100,6.230000019073486,6.119999885559082,6.449999809265137,5.900000095367432,6.119999885559082
2012-03-01,63300,6.309999942779541,6.25,6.340000152587891,6.239999771118164,6.25
2012-02-29,178700,6.300000190734863,6.28000020980835,6.380000114440918,6.230000019073486,6.28000020980835
2012-02-28,130900,6.309999942779541,6.269999980926514,6.420000076293945,6.110000133514404,6.269999980926514
2012-02-27,458800,7.349999904632568,6.329999923706055,7.349999904632568,6.019999980926514,6.329999923706055
2012-02-24,83500,7.480000019073486,7.440000057220459,7.690000057220459,6.989999771118164,7.440000057220459
2012-02-23,22200,7.53000020980835,7.5,7.53000020980835,7.449999809265137,7.5
2012-02-22,31900,7.659999847412109,7.53000020980835,8.0,7.5,7.53000020980835
2012-02-21,16800,8.140000343322754,7.96999979019165,8.140000343322754,7.940000057220459,7.96999979019165
2012-02-17,264000,8.149999618530273,8.09000015258789,8.210000038146973,8.0,8.09000015258789
2012-02-16,77400,8.130000114440918,8.100000381469727,8.140000343322754,7.639999866485596,8.100000381469727
2012-02-15,165400,8.609999656677246,7.710000038146973,8.65999984741211,7.599999904632568,7.710000038146973
2012-02-14,54400,8.989999771118164,8.609999656677246,9.079999923706055,8.539999961853027,8.609999656677246
2012-02-13,54700,8.920000076293945,9.020000457763672,9.069999694824219,8.710000038146973,9.020000457763672
2012-02-10,14200,8.579999923706055,8.819999694824219,8.920000076293945,8.579999923706055,8.819999694824219
2012-02-09,54400,9.449999809265137,8.65999984741211,9.539999961853027,8.609999656677246,8.65999984741211
2012-02-08,84100,9.109999656677246,9.460000038146973,9.550000190734863,9.069999694824219,9.460000038146973
2012-02-07,69100,9.170000076293945,9.010000228881836,9.300000190734863,8.9399995803833,9.010000228881836
2012-02-06,69400,9.010000228881836,9.119999885559082,9.25,8.760000228881836,9.119999885559082
2012-02-03,159200,8.609999656677246,9.100000381469727,9.34000015258789,8.510000228881836,9.100000381469727
2012-02-02,79000,8.4399995803833,8.59000015258789,8.720000267028809,8.220000267028809,8.59000015258789
2012-02-01,47000,8.449999809265137,8.449999809265137,8.600000381469727,8.1899995803833,8.449999809265137
2012-01-31,66300,8.279999732971191,8.420000076293945,8.539999961853027,7.96999979019165,8.420000076293945
2012-01-30,23400,8.520000457763672,8.229999542236328,8.520000457763672,8.1899995803833,8.229999542236328
2012-01-27,75100,8.489999771118164,8.569999694824219,8.619999885559082,8.279999732971191,8.569999694824219
2012-01-26,388000,7.96999979019165,8.529999732971191,8.729999542236328,7.96999979019165,8.529999732971191
2012-01-25,100400,8.239999771118164,7.900000095367432,8.329999923706055,7.760000228881836,7.900000095367432
2012-01-24,136400,8.800000190734863,8.210000038146973,8.800000190734863,8.170000076293945,8.210000038146973
2012-01-23,58200,8.479999542236328,8.84000015258789,8.979999542236328,8.479999542236328,8.84000015258789
2012-01-20,284900,8.180000305175781,8.510000228881836,8.59000015258789,7.840000152587891,8.510000228881836
2012-01-19,202100,8.460000038146973,8.15999984741211,9.0,8.140000343322754,8.15999984741211
2012-01-18,281600,8.380000114440918,8.470000267028809,8.619999885559082,8.300000190734863,8.470000267028809
2012-01-17,38900,8.460000038146973,8.40999984741211,8.460000038146973,8.270000457763672,8.40999984741211
2012-01-13,34300,8.609999656677246,8.399999618530273,8.609999656677246,8.369999885559082,8.399999618530273
2012-01-12,48300,8.9399995803833,8.720000267028809,9.119999885559082,8.619999885559082,8.720000267028809
2012-01-11,255100,8.859999656677246,8.890000343322754,9.079999923706055,8.739999771118164,8.890000343322754
2012-01-10,169100,8.949999809265137,8.859999656677246,9.0,8.680000305175781,8.859999656677246
2012-01-09,83200,8.84000015258789,8.859999656677246,8.989999771118164,8.729999542236328,8.859999656677246
2012-01-06,156800,9.010000228881836,8.819999694824219,9.010000228881836,8.800000190734863,8.819999694824219
2012-01-05,46300,8.869999885559082,8.800000190734863,8.899999618530273,8.6899995803833,8.800000190734863
2012-01-04,136300,9.3100004196167,8.899999618530273,9.3100004196167,8.819999694824219,8.899999618530273
2012-01-03,57000,8.75,8.819999694824219,8.9399995803833,8.489999771118164,8.819999694824219
2011-12-30,131100,8.529999732971191,8.579999923706055,8.649999618530273,8.0600004196167,8.579999923706055
2011-12-29,45500,8.649999618530273,8.5600004196167,8.75,8.539999961853027,8.5600004196167
2011-12-28,198200,9.300000190734863,8.649999618530273,9.470000267028809,8.649999618530273,8.649999618530273
2011-12-27,62800,9.600000381469727,9.239999771118164,9.65999984741211,9.079999923706055,9.239999771118164
2011-12-23,51900,9.710000038146973,9.600000381469727,9.710000038146973,9.25,9.600000381469727
2011-12-22,41300,9.329999923706055,9.600000381469727,9.680000305175781,9.0,9.600000381469727
2011-12-21,57800,9.40999984741211,9.59000015258789,9.75,9.149999618530273,9.59000015258789
2011-12-20,163100,9.079999923706055,9.619999885559082,9.720000267028809,8.539999961853027,9.619999885559082
2011-12-19,65900,9.050000190734863,8.920000076293945,9.1899995803833,8.510000228881836,8.920000076293945
2011-12-16,1189000,9.1899995803833,9.069999694824219,9.1899995803833,8.800000190734863,9.069999694824219
2011-12-15,94700,8.5600004196167,8.90999984741211,8.960000038146973,8.520000457763672,8.90999984741211
2011-12-14,103400,9.09000015258789,8.890000343322754,9.1899995803833,8.789999961853027,8.890000343322754
2011-12-13,72000,9.15999984741211,9.239999771118164,9.25,8.59000015258789,9.239999771118164
2011-12-12,85200,8.789999961853027,9.220000267028809,9.4399995803833,8.5,9.220000267028809
2011-12-09,53900,8.760000228881836,8.899999618530273,9.300000190734863,8.569999694824219,8.899999618530273
2011-12-08,74100,8.5,8.739999771118164,9.050000190734863,8.420000076293945,8.739999771118164
2011-12-07,72400,8.819999694824219,9.119999885559082,9.489999771118164,8.520000457763672,9.119999885559082
2011-12-06,139600,8.9399995803833,9.100000381469727,9.460000038146973,8.680000305175781,9.100000381469727
2011-12-05,83100,9.069999694824219,8.880000114440918,9.100000381469727,8.510000228881836,8.880000114440918
2011-12-02,75000,8.8100004196167,9.050000190734863,9.140000343322754,8.489999771118164,9.050000190734863
2011-12-01,72800,9.229999542236328,8.579999923706055,9.229999542236328,8.449999809265137,8.579999923706055
2011-11-30,171000,8.539999961853027,8.829999923706055,9.319999694824219,8.5,8.829999923706055
2011-11-29,422000,8.399999618530273,8.449999809265137,8.739999771118164,8.0,8.449999809265137
2011-11-28,381300,9.569999694824219,8.770000457763672,9.569999694824219,8.649999618530273,8.770000457763672
2011-11-25,67300,9.069999694824219,9.390000343322754,9.399999618530273,8.600000381469727,9.390000343322754
2011-11-23,135000,9.640000343322754,9.3100004196167,9.800000190734863,9.170000076293945,9.3100004196167
2011-11-22,85400,9.449999809265137,9.569999694824219,9.649999618530273,9.449999809265137,9.569999694824219
2011-11-21,165300,9.5,10.0,10.0,9.020000457763672,10.0
2011-11-18,2664100,10.0,9.5,10.010000228881836,9.199999809265137,9.5
