date,volume,open,close,high,low,adjclose
2019-04-18,61000,30.299999237060547,30.020000457763672,30.299999237060547,29.68000030517578,30.020000457763672
2019-04-17,101100,30.920000076293945,30.290000915527344,30.920000076293945,30.209999084472656,30.290000915527344
2019-04-16,60800,30.90999984741211,30.690000534057617,31.0,30.600000381469727,30.690000534057617
2019-04-15,31900,31.079999923706055,30.81999969482422,31.079999923706055,30.719999313354492,30.81999969482422
2019-04-12,18600,31.0,31.059999465942383,31.06999969482422,30.8799991607666,31.059999465942383
2019-04-11,10400,30.979999542236328,30.850000381469727,31.030000686645508,30.799999237060547,30.850000381469727
2019-04-10,18000,30.739999771118164,30.889999389648438,30.940000534057617,30.700000762939453,30.889999389648438
2019-04-09,92100,30.760000228881836,30.68000030517578,30.790000915527344,30.559999465942383,30.68000030517578
2019-04-08,27500,31.0,30.760000228881836,31.0,30.440000534057617,30.760000228881836
2019-04-05,21700,30.959999084472656,30.899999618530273,30.989999771118164,30.790000915527344,30.899999618530273
2019-04-04,25100,31.440000534057617,30.770000457763672,31.440000534057617,30.399999618530273,30.770000457763672
2019-04-03,38000,31.15999984741211,31.200000762939453,31.469999313354492,31.139999389648438,31.200000762939453
2019-04-02,24200,30.920000076293945,31.049999237060547,31.1200008392334,30.700000762939453,31.049999237060547
2019-04-01,47600,30.8700008392334,31.0,31.34000015258789,30.6200008392334,31.0
2019-03-29,106900,30.790000915527344,30.510000228881836,30.790000915527344,30.3799991607666,30.510000228881836
2019-03-28,73100,30.260000228881836,30.3799991607666,30.399999618530273,30.049999237060547,30.3799991607666
2019-03-27,85500,30.520000457763672,30.079999923706055,30.739999771118164,29.809999465942383,30.079999923706055
2019-03-26,107800,30.600000381469727,30.450000762939453,30.760000228881836,30.299999237060547,30.450000762939453
2019-03-25,75500,30.3700008392334,30.350000381469727,30.559999465942383,29.760000228881836,30.350000381469727
2019-03-22,77900,31.209999084472656,30.34000015258789,31.3700008392334,30.219999313354492,30.34000015258789
2019-03-21,70600,31.010000228881836,31.420000076293945,31.5,30.899999618530273,31.420000076293945
2019-03-20,49500,31.110000610351562,30.899999618530273,31.170000076293945,30.5,30.899999618530273
2019-03-19,25000,31.0,31.1200008392334,31.200000762939453,31.0,31.1200008392334
2019-03-18,39300,30.799999237060547,30.610000610351562,30.950000762939453,30.3700008392334,30.610000610351562
2019-03-15,10300,30.559999465942383,30.510000228881836,30.719999313354492,30.479999542236328,30.510000228881836
2019-03-14,11400,30.40999984741211,30.549999237060547,30.6200008392334,30.40999984741211,30.487998962402344
2019-03-13,28500,30.360000610351562,30.25,30.739999771118164,30.25,30.188608169555664
2019-03-12,11700,30.139999389648438,30.309999465942383,30.489999771118164,30.139999389648438,30.248485565185547
2019-03-11,20300,29.65999984741211,30.299999237060547,30.420000076293945,29.65999984741211,30.238506317138672
2019-03-08,20800,29.200000762939453,29.34000015258789,29.469999313354492,28.979999542236328,29.280454635620117
2019-03-07,18300,30.149999618530273,29.6299991607666,30.149999618530273,29.350000381469727,29.569866180419922
2019-03-06,83900,30.530000686645508,30.229999542236328,30.549999237060547,29.93000030517578,30.16864776611328
2019-03-05,13700,30.309999465942383,30.56999969482422,30.68000030517578,30.209999084472656,30.507959365844727
2019-03-04,22700,30.850000381469727,30.5,30.889999389648438,29.959999084472656,30.438100814819336
2019-03-01,15100,30.479999542236328,30.829999923706055,30.829999923706055,30.479999542236328,30.767431259155273
2019-02-28,8200,30.40999984741211,30.329999923706055,30.450000762939453,30.030000686645508,30.26844596862793
2019-02-27,4800,30.09000015258789,30.649999618530273,30.65999984741211,30.09000015258789,30.58779525756836
2019-02-26,7800,30.020000457763672,30.020000457763672,30.219999313354492,29.989999771118164,29.959075927734375
2019-02-25,18500,30.290000915527344,30.18000030517578,30.40999984741211,30.059999465942383,30.118751525878906
2019-02-22,15100,29.34000015258789,29.850000381469727,29.969999313354492,29.34000015258789,29.78942108154297
2019-02-21,18200,29.65999984741211,29.219999313354492,29.65999984741211,29.149999618530273,29.16069793701172
2019-02-20,13100,29.260000228881836,29.700000762939453,29.700000762939453,29.260000228881836,29.639724731445312
2019-02-19,7100,28.84000015258789,29.3799991607666,29.56999969482422,28.84000015258789,29.32037353515625
2019-02-15,2900,29.049999237060547,28.920000076293945,29.1200008392334,28.899999618530273,28.86130714416504
2019-02-14,5500,28.790000915527344,28.8799991607666,29.0,28.59000015258789,28.821388244628906
2019-02-13,8200,28.68000030517578,28.780000686645508,28.850000381469727,28.639999389648438,28.72159194946289
2019-02-12,30200,28.270000457763672,28.489999771118164,28.559999465942383,28.270000457763672,28.432180404663086
2019-02-11,2400,28.0,28.020000457763672,28.100000381469727,27.979999542236328,27.963134765625
2019-02-08,3800,27.350000381469727,27.940000534057617,27.969999313354492,27.350000381469727,27.883296966552734
2019-02-07,4200,27.920000076293945,27.75,27.920000076293945,27.3799991607666,27.693681716918945
2019-02-06,11600,28.25,28.049999237060547,28.25,27.940000534057617,27.993072509765625
2019-02-05,24700,27.959999084472656,28.1200008392334,28.18000030517578,27.850000381469727,28.062931060791016
2019-02-04,20900,27.510000228881836,27.84000015258789,27.899999618530273,27.510000228881836,27.783498764038086
2019-02-01,5800,27.389999389648438,27.510000228881836,27.510000228881836,27.389999389648438,27.45417022705078
2019-01-31,6000,27.030000686645508,27.440000534057617,27.489999771118164,27.030000686645508,27.38431167602539
2019-01-30,7600,26.860000610351562,26.959999084472656,27.0,26.700000762939453,26.905284881591797
2019-01-29,2400,26.799999237060547,26.690000534057617,26.809999465942383,26.65999984741211,26.635833740234375
2019-01-28,400,26.729999542236328,26.799999237060547,26.799999237060547,26.719999313354492,26.745609283447266
2019-01-25,10600,26.700000762939453,26.979999542236328,26.979999542236328,26.68000030517578,26.925243377685547
2019-01-24,1500,26.209999084472656,26.3799991607666,26.3799991607666,26.190000534057617,26.326461791992188
2019-01-23,7900,26.299999237060547,26.010000228881836,26.34000015258789,25.860000610351562,25.95721435546875
2019-01-22,2300,26.329999923706055,25.979999542236328,26.329999923706055,25.979999542236328,25.92727279663086
2019-01-18,4300,26.239999771118164,26.520000457763672,26.530000686645508,26.200000762939453,26.46617889404297
2019-01-17,4600,25.690000534057617,26.020000457763672,26.139999389648438,25.690000534057617,25.967193603515625
2019-01-16,1400,25.579999923706055,25.520000457763672,25.649999618530273,25.489999771118164,25.46820831298828
2019-01-15,5700,25.309999465942383,25.420000076293945,25.489999771118164,25.299999237060547,25.368410110473633
2019-01-14,6200,25.229999542236328,25.200000762939453,25.260000228881836,25.100000381469727,25.14885711669922
2019-01-11,8600,25.299999237060547,25.309999465942383,25.40999984741211,25.190000534057617,25.25863265991211
2019-01-10,9100,24.950000762939453,25.329999923706055,25.34000015258789,24.950000762939453,25.278593063354492
2019-01-09,3500,24.950000762939453,25.209999084472656,25.25,24.920000076293945,25.158836364746094
2019-01-08,2600,24.860000610351562,24.940000534057617,24.940000534057617,24.520000457763672,24.889385223388672
2019-01-07,500,24.209999084472656,24.559999465942383,24.559999465942383,24.209999084472656,24.510154724121094
2019-01-04,1300,23.59000015258789,23.809999465942383,24.0,23.59000015258789,23.761676788330078
2019-01-03,600,22.8799991607666,22.90999984741211,22.950000762939453,22.8799991607666,22.86350440979004
2019-01-02,2000,23.0,23.290000915527344,23.420000076293945,23.0,23.242734909057617
2018-12-31,18800,23.139999389648438,23.260000228881836,23.260000228881836,22.989999771118164,23.21279525756836
2018-12-28,2000,23.040000915527344,22.979999542236328,23.299999237060547,22.799999237060547,22.93336296081543
2018-12-27,8000,22.43000030517578,22.8700008392334,23.0,22.190000534057617,22.82358741760254
2018-12-26,4000,21.739999771118164,22.8799991607666,22.8799991607666,21.68000030517578,22.83356475830078
2018-12-24,8900,21.65999984741211,21.700000762939453,21.8799991607666,21.6299991607666,21.655961990356445
2018-12-21,2900,22.510000228881836,21.969999313354492,22.799999237060547,21.969999313354492,21.925411224365234
2018-12-20,15800,23.229999542236328,22.81999969482422,23.299999237060547,22.489999771118164,22.7736873626709
2018-12-19,1400,23.799999237060547,23.350000381469727,24.040000915527344,23.350000381469727,23.3026123046875
2018-12-18,2400,23.68000030517578,23.780000686645508,24.0,23.68000030517578,23.731739044189453
2018-12-17,2800,24.190000534057617,23.56999969482422,24.31999969482422,23.56999969482422,23.522165298461914
2018-12-14,4900,24.5,24.520000457763672,24.93000030517578,24.5,24.470237731933594
2018-12-13,1000,25.15999984741211,24.959999084472656,25.15999984741211,24.93000030517578,24.909343719482422
2018-12-12,5800,25.139999389648438,25.15999984741211,25.5,25.139999389648438,25.108938217163086
2018-12-11,2800,25.299999237060547,24.969999313354492,25.329999923706055,24.799999237060547,24.919322967529297
2018-12-10,3100,25.200000762939453,24.969999313354492,25.200000762939453,24.799999237060547,24.919322967529297
2018-12-07,5900,25.920000076293945,25.110000610351562,25.920000076293945,24.969999313354492,25.059040069580078
2018-12-06,5000,25.0,25.739999771118164,25.739999771118164,24.68000030517578,25.687761306762695
2018-12-04,2200,26.75,25.75,26.75,25.729999542236328,25.69774055480957
2018-12-03,2700,26.860000610351562,26.59000015258789,26.93000030517578,26.510000228881836,26.536035537719727
2018-11-30,4500,26.229999542236328,26.329999923706055,26.329999923706055,26.149999618530273,26.27656364440918
2018-11-29,5700,26.229999542236328,26.479999542236328,26.479999542236328,26.170000076293945,26.426258087158203
2018-11-28,600,25.950000762939453,25.739999771118164,25.950000762939453,25.739999771118164,25.687761306762695
2018-11-27,1100,25.670000076293945,25.700000762939453,25.700000762939453,25.56999969482422,25.647842407226562
2018-11-26,800,25.670000076293945,25.799999237060547,25.799999237060547,25.670000076293945,25.747638702392578
2018-11-23,100,25.510000228881836,25.510000228881836,25.510000228881836,25.510000228881836,25.458229064941406
2018-11-21,2000,25.3700008392334,25.510000228881836,25.549999237060547,25.3700008392334,25.458229064941406
2018-11-20,2200,24.56999969482422,24.790000915527344,24.84000015258789,24.420000076293945,24.73969078063965
2018-11-19,1600,25.75,25.200000762939453,25.75,25.200000762939453,25.14885711669922
2018-11-16,2800,26.190000534057617,26.239999771118164,26.239999771118164,26.049999237060547,26.18674659729004
2018-11-15,900,25.899999618530273,26.350000381469727,26.43000030517578,25.899999618530273,26.296524047851562
2018-11-14,1500,26.030000686645508,26.0,26.229999542236328,25.809999465942383,25.947233200073242
2018-11-13,500,25.959999084472656,26.040000915527344,26.040000915527344,25.959999084472656,25.987154006958008
2018-11-12,2300,26.579999923706055,26.010000228881836,26.579999923706055,26.010000228881836,25.95721435546875
2018-11-09,200,26.979999542236328,26.860000610351562,26.979999542236328,26.860000610351562,26.80548858642578
2018-11-08,1000,27.440000534057617,27.350000381469727,27.5,27.350000381469727,27.29449462890625
2018-11-07,2000,27.280000686645508,27.469999313354492,27.479999542236328,27.239999771118164,27.414249420166016
2018-11-06,1400,26.600000381469727,26.68000030517578,26.75,26.600000381469727,26.6258544921875
2018-11-05,700,26.420000076293945,26.489999771118164,26.489999771118164,26.420000076293945,26.43623924255371
2018-11-02,2500,26.950000762939453,26.6299991607666,27.1299991607666,26.420000076293945,26.57595443725586
2018-11-01,2100,26.540000915527344,26.81999969482422,26.8799991607666,26.540000915527344,26.76556968688965
2018-10-31,3200,26.280000686645508,26.440000534057617,26.489999771118164,26.190000534057617,26.386341094970703
2018-10-30,3100,25.059999465942383,25.700000762939453,25.700000762939453,25.059999465942383,25.647842407226562
2018-10-29,1800,25.989999771118164,24.809999465942383,25.989999771118164,24.809999465942383,24.759647369384766
2018-10-26,5600,25.329999923706055,25.43000030517578,25.81999969482422,25.1200008392334,25.37839126586914
2018-10-25,4200,25.6299991607666,25.950000762939453,26.030000686645508,25.6299991607666,25.897335052490234
2018-10-24,5300,26.209999084472656,25.40999984741211,26.280000686645508,25.40999984741211,25.358430862426758
2018-10-23,4600,26.18000030517578,26.600000381469727,26.600000381469727,25.989999771118164,26.546016693115234
2018-10-22,4400,26.829999923706055,26.700000762939453,26.850000381469727,26.68000030517578,26.64581298828125
2018-10-19,4900,27.200000762939453,26.600000381469727,27.200000762939453,26.600000381469727,26.546016693115234
2018-10-18,11200,27.6299991607666,27.1200008392334,27.639999389648438,27.09000015258789,27.064960479736328
2018-10-17,1500,28.309999465942383,27.760000228881836,28.31999969482422,27.649999618530273,27.70366096496582
2018-10-16,3500,27.65999984741211,27.950000762939453,27.950000762939453,27.520000457763672,27.89327621459961
2018-10-15,5900,27.200000762939453,27.469999313354492,27.5,27.200000762939453,27.414249420166016
2018-10-12,4500,27.15999984741211,27.299999237060547,27.299999237060547,26.90999984741211,27.24459457397461
2018-10-11,11800,26.829999923706055,26.610000610351562,27.1200008392334,26.549999237060547,26.55599594116211
2018-10-10,15400,27.989999771118164,26.84000015258789,28.049999237060547,26.84000015258789,26.7855281829834
2018-10-09,5800,28.309999465942383,28.25,28.40999984741211,28.170000076293945,28.19266700744629
2018-10-08,4700,28.280000686645508,28.3799991607666,28.549999237060547,28.100000381469727,28.322402954101562
2018-10-05,5300,29.149999618530273,28.530000686645508,29.149999618530273,28.5,28.47209930419922
2018-10-04,3300,29.209999084472656,28.989999771118164,29.209999084472656,28.84000015258789,28.93116569519043
2018-10-03,14000,29.6299991607666,29.6299991607666,29.690000534057617,29.6200008392334,29.569866180419922
2018-10-02,16100,29.84000015258789,29.360000610351562,29.84000015258789,29.360000610351562,29.3004150390625
2018-10-01,1800,30.520000457763672,30.059999465942383,30.520000457763672,30.059999465942383,29.998992919921875
2018-09-28,4500,30.260000228881836,30.280000686645508,30.31999969482422,30.229999542236328,30.218547821044922
2018-09-27,2600,30.149999618530273,30.25,30.469999313354492,30.149999618530273,30.188608169555664
2018-09-26,1500,30.34000015258789,30.31999969482422,30.40999984741211,30.31999969482422,30.258466720581055
2018-09-25,900,30.3700008392334,30.34000015258789,30.40999984741211,30.34000015258789,30.278425216674805
2018-09-24,2900,30.389999389648438,30.229999542236328,30.389999389648438,30.190000534057617,30.16864776611328
2018-09-21,2800,30.760000228881836,30.510000228881836,30.860000610351562,30.510000228881836,30.44808006286621
2018-09-20,4300,30.440000534057617,30.719999313354492,30.719999313354492,30.31999969482422,30.65765380859375
2018-09-19,2100,30.149999618530273,30.239999771118164,30.280000686645508,30.149999618530273,30.17862892150879
2018-09-18,900,30.350000381469727,30.3700008392334,30.389999389648438,30.270000457763672,30.308364868164062
2018-09-17,3300,30.420000076293945,30.059999465942383,30.420000076293945,30.059999465942383,29.998992919921875
2018-09-14,900,30.799999237060547,30.709999084472656,30.799999237060547,30.559999465942383,30.647674560546875
2018-09-13,500,30.75,30.75,30.75,30.75,30.67062759399414
2018-09-12,700,30.079999923706055,30.440000534057617,30.440000534057617,30.079999923706055,30.36142921447754
2018-09-11,400,30.440000534057617,30.440000534057617,30.440000534057617,30.440000534057617,30.36142921447754
2018-09-10,4200,30.1299991607666,30.299999237060547,30.3799991607666,30.1299991607666,30.221790313720703
2018-09-07,3100,29.739999771118164,30.110000610351562,30.420000076293945,29.739999771118164,30.03228187561035
2018-09-06,600,29.610000610351562,29.860000610351562,29.860000610351562,29.610000610351562,29.782926559448242
2018-09-05,2900,30.979999542236328,30.110000610351562,30.979999542236328,29.850000381469727,30.03228187561035
2018-09-04,5400,30.5,30.520000457763672,30.610000610351562,30.469999313354492,30.44122314453125
2018-08-31,1400,30.729999542236328,30.729999542236328,30.75,30.729999542236328,30.650678634643555
2018-08-30,800,31.0,30.670000076293945,31.0,30.65999984741211,30.590835571289062
2018-08-29,1800,31.0,30.989999771118164,31.09000015258789,30.989999771118164,30.910009384155273
2018-08-28,6100,31.100000381469727,30.969999313354492,31.209999084472656,30.940000534057617,30.890060424804688
2018-08-27,1800,30.739999771118164,31.049999237060547,31.09000015258789,30.739999771118164,30.9698543548584
2018-08-24,700,30.600000381469727,30.649999618530273,30.649999618530273,30.600000381469727,30.570884704589844
2018-08-23,2700,30.440000534057617,30.360000610351562,30.5,30.360000610351562,30.281635284423828
2018-08-22,1400,30.3799991607666,30.31999969482422,30.440000534057617,30.280000686645508,30.24173927307129
2018-08-21,1600,30.34000015258789,30.399999618530273,30.399999618530273,30.34000015258789,30.321531295776367
2018-08-20,400,30.0,30.0,30.0,30.0,29.922563552856445
2018-08-17,3700,30.100000381469727,29.989999771118164,30.100000381469727,29.780000686645508,29.91259002685547
2018-08-16,3500,30.040000915527344,30.020000457763672,30.149999618530273,30.020000457763672,29.942514419555664
2018-08-15,1500,30.110000610351562,29.68000030517578,30.110000610351562,29.489999771118164,29.603391647338867
2018-08-14,2200,30.200000762939453,30.25,30.25,30.049999237060547,30.171918869018555
2018-08-13,5900,30.450000762939453,30.200000762939453,30.549999237060547,30.200000762939453,30.122047424316406
2018-08-10,2900,30.6200008392334,30.510000228881836,30.6200008392334,30.440000534057617,30.43124771118164
2018-08-09,3900,30.450000762939453,30.709999084472656,30.75,30.299999237060547,30.6307315826416
2018-08-08,6000,30.139999389648438,29.979999542236328,30.450000762939453,29.979999542236328,29.90261459350586
2018-08-07,2400,30.190000534057617,30.25,30.309999465942383,30.190000534057617,30.171918869018555
2018-08-06,300,29.8700008392334,30.1200008392334,30.1200008392334,29.8700008392334,30.042255401611328
2018-08-03,2000,29.799999237060547,29.639999389648438,29.8799991607666,29.639999389648438,29.563491821289062
2018-08-02,6400,29.350000381469727,29.729999542236328,29.729999542236328,29.350000381469727,29.65325927734375
2018-08-01,1900,29.81999969482422,29.719999313354492,29.81999969482422,29.600000381469727,29.643285751342773
2018-07-31,3400,29.450000762939453,29.540000915527344,29.799999237060547,29.40999984741211,29.46375274658203
2018-07-30,29600,30.40999984741211,29.43000030517578,30.40999984741211,29.389999389648438,29.354036331176758
2018-07-27,700,31.110000610351562,30.700000762939453,31.110000610351562,30.700000762939453,30.620758056640625
2018-07-26,7100,30.940000534057617,30.84000015258789,30.940000534057617,30.790000915527344,30.760395050048828
2018-07-25,3100,30.350000381469727,30.68000030517578,30.690000534057617,30.350000381469727,30.600811004638672
2018-07-24,60500,31.200000762939453,30.399999618530273,31.200000762939453,30.3700008392334,30.321531295776367
2018-07-23,2200,30.8700008392334,30.8700008392334,30.90999984741211,30.850000381469727,30.790319442749023
2018-07-20,1900,30.920000076293945,30.829999923706055,30.920000076293945,30.809999465942383,30.75042152404785
2018-07-19,5600,31.209999084472656,30.81999969482422,31.209999084472656,30.81999969482422,30.740447998046875
2018-07-18,3500,31.049999237060547,31.0,31.40999984741211,30.959999084472656,30.91998291015625
2018-07-17,46600,30.739999771118164,31.030000686645508,31.030000686645508,30.739999771118164,30.949905395507812
2018-07-16,2200,30.860000610351562,30.68000030517578,30.860000610351562,30.68000030517578,30.600811004638672
2018-07-13,3100,30.790000915527344,30.739999771118164,30.790000915527344,30.729999542236328,30.660654067993164
2018-07-12,3500,30.540000915527344,30.860000610351562,30.8799991607666,30.540000915527344,30.780345916748047
2018-07-11,3200,30.190000534057617,30.290000915527344,30.350000381469727,30.190000534057617,30.211814880371094
2018-07-10,4600,30.65999984741211,30.459999084472656,30.670000076293945,30.40999984741211,30.381376266479492
2018-07-09,1100,30.579999923706055,30.559999465942383,30.579999923706055,30.31999969482422,30.481117248535156
2018-07-06,2600,30.100000381469727,30.309999465942383,30.329999923706055,30.100000381469727,30.23176383972168
2018-07-05,12800,29.670000076293945,29.979999542236328,29.979999542236328,29.670000076293945,29.90261459350586
2018-07-03,800,30.75,29.899999618530273,30.75,29.899999618530273,29.82282066345215
2018-07-02,5900,29.489999771118164,29.56999969482422,29.649999618530273,29.450000762939453,29.493675231933594
2018-06-29,11200,30.110000610351562,29.760000228881836,30.110000610351562,29.75,29.683183670043945
2018-06-28,4600,29.540000915527344,29.700000762939453,29.700000762939453,29.290000915527344,29.62333869934082
2018-06-27,4600,30.450000762939453,29.3799991607666,30.450000762939453,29.3799991607666,29.30416488647461
2018-06-26,3300,30.06999969482422,30.1200008392334,30.1200008392334,29.850000381469727,30.042255401611328
2018-06-25,4300,30.3799991607666,29.690000534057617,30.3799991607666,29.510000228881836,29.613365173339844
2018-06-22,3400,31.1299991607666,30.559999465942383,31.1299991607666,30.5,30.481117248535156
2018-06-21,6100,31.219999313354492,30.65999984741211,31.219999313354492,30.65999984741211,30.580860137939453
2018-06-20,9300,31.06999969482422,31.219999313354492,31.229999542236328,31.06999969482422,31.139413833618164
2018-06-19,9300,31.3700008392334,31.030000686645508,31.3700008392334,30.649999618530273,30.949905395507812
2018-06-18,12000,31.450000762939453,31.6200008392334,31.670000076293945,31.299999237060547,31.53838348388672
2018-06-15,7500,31.139999389648438,31.420000076293945,31.440000534057617,31.139999389648438,31.338899612426758
2018-06-14,6200,31.170000076293945,31.43000030517578,31.43000030517578,31.1200008392334,31.281049728393555
2018-06-13,5200,31.100000381469727,30.940000534057617,31.139999389648438,30.940000534057617,30.793371200561523
2018-06-12,11600,30.899999618530273,30.850000381469727,31.010000228881836,30.850000381469727,30.703798294067383
2018-06-11,500,30.68000030517578,30.68000030517578,30.68000030517578,30.68000030517578,30.534603118896484
2018-06-08,400,30.040000915527344,30.040000915527344,30.040000915527344,30.040000915527344,29.89763832092285
2018-06-07,2200,30.360000610351562,30.040000915527344,30.450000762939453,30.040000915527344,29.89763832092285
2018-06-06,2300,30.270000457763672,30.350000381469727,30.350000381469727,30.270000457763672,30.20616912841797
2018-06-05,600,30.139999389648438,30.170000076293945,30.170000076293945,30.139999389648438,30.027021408081055
2018-06-04,2400,29.889999389648438,29.899999618530273,29.90999984741211,29.889999389648438,29.758298873901367
2018-06-01,1900,29.40999984741211,29.6299991607666,29.6299991607666,29.40999984741211,29.489578247070312
2018-05-31,1400,29.299999237060547,29.1200008392334,29.389999389648438,29.1200008392334,28.981996536254883
2018-05-30,2700,28.90999984741211,29.209999084472656,29.229999542236328,28.90999984741211,29.071569442749023
2018-05-29,1700,29.0,28.75,29.0,28.75,28.613750457763672
2018-05-25,1000,28.8700008392334,29.0,29.010000228881836,28.8700008392334,28.862565994262695
2018-05-24,200,28.940000534057617,28.940000534057617,28.940000534057617,28.940000534057617,28.8028507232666
2018-05-23,500,28.75,28.790000915527344,28.81999969482422,28.75,28.653560638427734
2018-05-22,2100,28.950000762939453,29.0,29.020000457763672,28.950000762939453,28.862565994262695
2018-05-21,1400,29.170000076293945,28.8799991607666,29.170000076293945,28.8799991607666,28.743131637573242
2018-05-18,0,28.850000381469727,28.850000381469727,28.850000381469727,28.850000381469727,28.713275909423828
2018-05-17,1400,28.850000381469727,28.850000381469727,28.850000381469727,28.850000381469727,28.713275909423828
2018-05-16,20400,28.670000076293945,28.799999237060547,28.809999465942383,28.649999618530273,28.663511276245117
2018-05-15,300,28.610000610351562,28.610000610351562,28.610000610351562,28.610000610351562,28.47441291809082
2018-05-14,800,29.010000228881836,28.729999542236328,29.030000686645508,28.729999542236328,28.59384536743164
2018-05-11,1600,28.979999542236328,28.850000381469727,28.979999542236328,28.739999771118164,28.713275909423828
2018-05-10,3500,28.68000030517578,28.899999618530273,28.920000076293945,28.68000030517578,28.763038635253906
2018-05-09,4000,28.440000534057617,28.440000534057617,28.469999313354492,28.389999389648438,28.305217742919922
2018-05-08,5300,28.040000915527344,28.049999237060547,28.049999237060547,28.040000915527344,27.91706657409668
2018-05-07,3900,28.020000457763672,28.239999771118164,28.25,28.020000457763672,28.10616683959961
2018-05-04,1200,27.899999618530273,28.15999984741211,28.18000030517578,27.899999618530273,28.026546478271484
2018-05-03,1600,27.8700008392334,28.06999969482422,28.06999969482422,27.8700008392334,27.93697166442871
2018-05-02,1300,28.540000915527344,28.420000076293945,28.540000915527344,28.420000076293945,28.285314559936523
2018-05-01,4400,28.399999618530273,28.690000534057617,28.690000534057617,28.3799991607666,28.554035186767578
2018-04-30,600,28.6200008392334,28.6200008392334,28.6200008392334,28.6200008392334,28.484365463256836
2018-04-27,1100,28.719999313354492,28.59000015258789,28.780000686645508,28.540000915527344,28.45450782775879
2018-04-26,1500,28.610000610351562,28.670000076293945,28.670000076293945,28.610000610351562,28.534128189086914
2018-04-25,1500,28.600000381469727,28.350000381469727,28.600000381469727,28.350000381469727,28.21564483642578
2018-04-24,600,28.979999542236328,28.540000915527344,28.979999542236328,28.540000915527344,28.404747009277344
2018-04-23,1500,28.989999771118164,29.010000228881836,29.15999984741211,28.969999313354492,28.87251853942871
2018-04-20,1700,28.8799991607666,28.90999984741211,29.030000686645508,28.8799991607666,28.772991180419922
2018-04-19,500,29.489999771118164,28.989999771118164,29.489999771118164,28.950000762939453,28.852611541748047
2018-04-18,1700,29.049999237060547,29.18000030517578,29.200000762939453,29.049999237060547,29.04171371459961
2018-04-17,5400,28.56999969482422,28.8799991607666,28.889999389648438,28.56999969482422,28.743131637573242
2018-04-16,500,28.440000534057617,28.530000686645508,28.530000686645508,28.440000534057617,28.394792556762695
2018-04-13,3900,28.3700008392334,28.43000030517578,28.510000228881836,28.31999969482422,28.295265197753906
2018-04-12,4000,28.5,28.549999237060547,28.549999237060547,28.479999542236328,28.414697647094727
2018-04-11,800,28.440000534057617,28.290000915527344,28.440000534057617,28.290000915527344,28.15593147277832
2018-04-10,3200,28.15999984741211,28.399999618530273,28.399999618530273,28.15999984741211,28.265409469604492
2018-04-09,10500,28.1200008392334,28.010000228881836,28.18000030517578,27.969999313354492,27.877256393432617
2018-04-06,600,28.200000762939453,28.209999084472656,28.209999084472656,28.139999389648438,28.076309204101562
2018-04-05,2500,28.649999618530273,28.440000534057617,28.649999618530273,28.360000610351562,28.305217742919922
2018-04-04,2800,27.600000381469727,28.260000228881836,28.260000228881836,27.59000015258789,28.12607192993164
2018-04-03,3700,28.079999923706055,28.190000534057617,28.190000534057617,27.889999389648438,28.056406021118164
2018-04-02,10600,28.690000534057617,28.059999465942383,28.690000534057617,28.010000228881836,27.927019119262695
2018-03-29,1600,27.940000534057617,28.709999084472656,28.75,27.940000534057617,28.573938369750977
2018-03-28,1900,28.360000610351562,28.360000610351562,28.360000610351562,28.260000228881836,28.225597381591797
2018-03-27,4700,29.0,28.6299991607666,29.0,28.6299991607666,28.494319915771484
2018-03-26,13100,28.93000030517578,28.969999313354492,28.969999313354492,28.530000686645508,28.832706451416016
2018-03-23,9900,28.950000762939453,28.559999465942383,29.040000915527344,28.559999465942383,28.424650192260742
2018-03-22,9600,29.18000030517578,29.09000015258789,29.59000015258789,29.09000015258789,28.952138900756836
2018-03-21,8500,29.729999542236328,29.540000915527344,29.729999542236328,29.280000686645508,29.400007247924805
2018-03-20,2800,29.149999618530273,29.229999542236328,29.229999542236328,29.149999618530273,29.091474533081055
2018-03-19,2000,29.5,29.190000534057617,29.5,29.040000915527344,29.051664352416992
2018-03-16,2100,29.56999969482422,29.559999465942383,29.56999969482422,29.5,29.419910430908203
2018-03-15,2100,29.979999542236328,29.579999923706055,29.979999542236328,29.389999389648438,29.40995979309082
2018-03-14,3200,30.040000915527344,29.860000610351562,30.040000915527344,29.780000686645508,29.6883487701416
2018-03-13,2400,30.610000610351562,29.860000610351562,30.610000610351562,29.860000610351562,29.6883487701416
2018-03-12,9300,29.969999313354492,30.059999465942383,30.15999984741211,29.969999313354492,29.8872013092041
2018-03-09,2900,29.920000076293945,29.809999465942383,29.920000076293945,29.760000228881836,29.63863754272461
2018-03-08,2000,29.6299991607666,29.719999313354492,30.0,29.600000381469727,29.54915428161621
2018-03-07,1700,29.450000762939453,29.469999313354492,29.469999313354492,29.420000076293945,29.30059242248535
2018-03-06,2800,29.450000762939453,29.40999984741211,29.450000762939453,29.149999618530273,29.240936279296875
2018-03-05,2200,28.799999237060547,29.040000915527344,29.079999923706055,28.799999237060547,28.873065948486328
2018-03-02,2200,28.469999313354492,28.65999984741211,28.65999984741211,28.469999313354492,28.495248794555664
2018-03-01,3600,28.110000610351562,28.209999084472656,28.209999084472656,28.020000457763672,28.047834396362305
2018-02-28,6100,28.450000762939453,28.399999618530273,28.6200008392334,28.399999618530273,28.23674201965332
2018-02-27,800,28.469999313354492,28.469999313354492,28.469999313354492,28.469999313354492,28.306339263916016
2018-02-26,1500,28.75,28.829999923706055,28.84000015258789,28.739999771118164,28.664270401000977
2018-02-23,3300,28.510000228881836,28.739999771118164,28.739999771118164,28.510000228881836,28.574787139892578
2018-02-22,1000,28.68000030517578,28.520000457763672,28.700000762939453,28.520000457763672,28.35605239868164
2018-02-21,2900,28.6299991607666,28.860000610351562,28.93000030517578,28.6299991607666,28.694101333618164
2018-02-20,1100,29.06999969482422,28.829999923706055,29.06999969482422,28.829999923706055,28.664270401000977
2018-02-16,1600,29.149999618530273,29.149999618530273,29.200000762939453,29.149999618530273,28.982431411743164
2018-02-15,2800,29.059999465942383,28.8700008392334,29.059999465942383,28.479999542236328,28.70404052734375
2018-02-14,1900,27.299999237060547,28.329999923706055,28.389999389648438,27.299999237060547,28.167144775390625
2018-02-13,3700,27.75,27.739999771118164,27.75,27.6200008392334,27.580537796020508
2018-02-12,9400,27.790000915527344,27.75,27.799999237060547,27.469999313354492,27.59048080444336
2018-02-09,18700,27.489999771118164,27.280000686645508,27.559999465942383,26.68000030517578,27.123180389404297
2018-02-08,3800,28.229999542236328,27.6200008392334,28.229999542236328,27.610000610351562,27.461227416992188
2018-02-07,26900,28.100000381469727,28.399999618530273,28.520000457763672,28.100000381469727,28.23674201965332
2018-02-06,22400,26.260000228881836,27.209999084472656,27.280000686645508,26.260000228881836,27.05358123779297
2018-02-05,16200,27.799999237060547,27.1299991607666,27.84000015258789,27.049999237060547,26.974042892456055
2018-02-02,14800,28.610000610351562,27.989999771118164,28.610000610351562,27.899999618530273,27.829097747802734
2018-02-01,26600,28.510000228881836,28.520000457763672,28.639999389648438,28.40999984741211,28.35605239868164
2018-01-31,1900,28.360000610351562,28.329999923706055,28.520000457763672,28.329999923706055,28.167144775390625
2018-01-30,6600,28.549999237060547,28.309999465942383,28.549999237060547,28.190000534057617,28.147260665893555
2018-01-29,2600,28.799999237060547,28.709999084472656,28.799999237060547,28.700000762939453,28.544960021972656
2018-01-26,2000,28.90999984741211,28.829999923706055,28.90999984741211,28.799999237060547,28.664270401000977
2018-01-25,3500,29.190000534057617,28.93000030517578,29.190000534057617,28.860000610351562,28.763694763183594
2018-01-24,13200,29.299999237060547,29.139999389648438,29.350000381469727,29.100000381469727,28.972488403320312
2018-01-23,4900,28.979999542236328,29.18000030517578,29.18000030517578,28.979999542236328,29.012258529663086
2018-01-22,7000,28.65999984741211,28.860000610351562,28.860000610351562,28.639999389648438,28.694101333618164
2018-01-19,5000,28.729999542236328,28.75,28.780000686645508,28.6299991607666,28.58473014831543
2018-01-18,700,28.59000015258789,28.649999618530273,28.649999618530273,28.59000015258789,28.48530387878418
2018-01-17,6200,28.450000762939453,28.56999969482422,28.59000015258789,28.309999465942383,28.405765533447266
2018-01-16,8900,28.520000457763672,28.31999969482422,28.700000762939453,28.31999969482422,28.15719985961914
2018-01-12,6700,28.799999237060547,28.65999984741211,28.799999237060547,28.610000610351562,28.495248794555664
2018-01-11,7700,28.450000762939453,28.700000762939453,28.700000762939453,28.450000762939453,28.535018920898438
2018-01-10,3500,28.469999313354492,28.440000534057617,28.469999313354492,28.25,28.276514053344727
2018-01-09,1400,28.540000915527344,28.479999542236328,28.600000381469727,28.479999542236328,28.316282272338867
2018-01-08,4800,28.59000015258789,28.420000076293945,28.59000015258789,28.25,28.25662612915039
2018-01-05,7400,28.700000762939453,28.520000457763672,28.700000762939453,28.469999313354492,28.35605239868164
2018-01-04,5200,28.770000457763672,28.479999542236328,28.770000457763672,28.450000762939453,28.316282272338867
2018-01-03,3100,28.579999923706055,28.549999237060547,28.579999923706055,28.520000457763672,28.38587760925293
2018-01-02,7600,28.3700008392334,28.40999984741211,28.530000686645508,28.290000915527344,28.246685028076172
2017-12-29,3300,28.299999237060547,28.209999084472656,28.299999237060547,28.190000534057617,28.047834396362305
2017-12-28,4300,28.280000686645508,28.290000915527344,28.299999237060547,28.25,28.12737464904785
2017-12-27,5600,28.440000534057617,28.209999084472656,28.440000534057617,28.209999084472656,28.047834396362305
2017-12-26,2800,28.0,28.270000457763672,28.280000686645508,28.0,28.10749053955078
2017-12-22,1500,28.200000762939453,28.229999542236328,28.239999771118164,28.18000030517578,28.067718505859375
2017-12-21,15600,28.020000457763672,28.200000762939453,28.229999542236328,28.010000228881836,28.037893295288086
2017-12-20,2200,27.90999984741211,27.989999771118164,27.989999771118164,27.899999618530273,27.829097747802734
2017-12-19,2500,28.200000762939453,27.950000762939453,28.200000762939453,27.90999984741211,27.789331436157227
2017-12-18,4000,28.1200008392334,28.1200008392334,28.170000076293945,28.079999923706055,27.958351135253906
2017-12-15,1100,27.860000610351562,27.899999618530273,27.90999984741211,27.860000610351562,27.73961639404297
2017-12-14,1000,27.950000762939453,27.790000915527344,27.950000762939453,27.739999771118164,27.6302490234375
2017-12-13,1400,28.059999465942383,27.899999618530273,28.059999465942383,27.899999618530273,27.73961639404297
2017-12-12,500,28.190000534057617,28.040000915527344,28.190000534057617,28.010000228881836,27.878812789916992
2017-12-11,3100,28.43000030517578,28.09000015258789,28.43000030517578,28.06999969482422,27.928524017333984
2017-12-08,1900,27.860000610351562,27.8700008392334,28.100000381469727,27.860000610351562,27.70979118347168
2017-12-07,1500,27.360000610351562,27.739999771118164,27.8799991607666,27.219999313354492,27.580537796020508
2017-12-06,700,27.559999465942383,27.5,27.559999465942383,27.459999084472656,27.341915130615234
2017-12-05,800,27.729999542236328,27.489999771118164,27.729999542236328,27.489999771118164,27.33197593688965
2017-12-04,8000,28.200000762939453,27.440000534057617,28.200000762939453,27.440000534057617,27.28226089477539
2017-12-01,3100,27.709999084472656,27.600000381469727,27.709999084472656,27.270000457763672,27.441341400146484
2017-11-30,5100,28.079999923706055,27.799999237060547,28.079999923706055,27.489999771118164,27.64019012451172
2017-11-29,6900,28.200000762939453,27.6200008392334,28.200000762939453,27.530000686645508,27.461227416992188
2017-11-28,10100,28.399999618530273,28.239999771118164,28.399999618530273,28.049999237060547,28.077661514282227
2017-11-27,14500,29.030000686645508,28.100000381469727,29.030000686645508,28.049999237060547,27.93846893310547
2017-11-24,8100,28.829999923706055,28.8700008392334,28.920000076293945,28.81999969482422,28.70404052734375
2017-11-22,9000,28.579999923706055,28.68000030517578,28.700000762939453,28.5,28.5151309967041
2017-11-21,7100,28.350000381469727,28.440000534057617,28.510000228881836,28.329999923706055,28.276514053344727
2017-11-20,8800,28.459999084472656,28.15999984741211,28.459999084472656,28.1299991607666,27.99812126159668
2017-11-17,3500,27.799999237060547,27.950000762939453,28.0,27.799999237060547,27.789331436157227
2017-11-16,3700,27.260000228881836,27.670000076293945,27.75,27.260000228881836,27.510940551757812
2017-11-15,1200,27.1299991607666,27.209999084472656,27.34000015258789,27.110000610351562,27.05358123779297
2017-11-14,1500,27.290000915527344,27.209999084472656,27.31999969482422,27.200000762939453,27.05358123779297
2017-11-13,1100,27.399999618530273,27.360000610351562,27.399999618530273,27.360000610351562,27.202722549438477
2017-11-10,12700,27.420000076293945,27.510000228881836,27.540000915527344,27.420000076293945,27.351858139038086
2017-11-09,12700,27.18000030517578,27.34000015258789,27.34000015258789,27.020000457763672,27.182836532592773
2017-11-08,5700,27.43000030517578,27.43000030517578,27.5,27.3799991607666,27.272319793701172
2017-11-07,3100,27.860000610351562,27.520000457763672,27.8700008392334,27.520000457763672,27.36180305480957
2017-11-06,9200,27.90999984741211,27.940000534057617,28.0,27.790000915527344,27.779386520385742
2017-11-03,11700,27.59000015258789,27.780000686645508,27.790000915527344,27.59000015258789,27.62030792236328
2017-11-02,14300,28.030000686645508,27.6200008392334,28.030000686645508,27.59000015258789,27.461227416992188
2017-11-01,3400,28.200000762939453,28.030000686645508,28.200000762939453,28.030000686645508,27.86886978149414
2017-10-31,5600,27.799999237060547,28.040000915527344,28.049999237060547,27.790000915527344,27.878812789916992
2017-10-30,1600,27.809999465942383,27.799999237060547,27.809999465942383,27.760000228881836,27.64019012451172
2017-10-27,1200,27.610000610351562,27.729999542236328,27.760000228881836,27.600000381469727,27.570592880249023
2017-10-26,1100,27.68000030517578,27.59000015258789,27.719999313354492,27.59000015258789,27.431400299072266
2017-10-25,2800,27.719999313354492,27.5,27.719999313354492,27.290000915527344,27.341915130615234
2017-10-24,1400,27.530000686645508,27.700000762939453,27.700000762939453,27.530000686645508,27.540767669677734
2017-10-23,5300,27.93000030517578,27.540000915527344,27.93000030517578,27.540000915527344,27.38168716430664
2017-10-20,3700,27.59000015258789,27.81999969482422,27.81999969482422,27.59000015258789,27.660076141357422
2017-10-19,1400,27.350000381469727,27.229999542236328,27.350000381469727,27.0,27.073469161987305
2017-10-18,1400,27.3799991607666,27.43000030517578,27.469999313354492,27.3799991607666,27.272319793701172
2017-10-17,3600,27.469999313354492,27.3700008392334,27.469999313354492,27.040000915527344,27.212663650512695
2017-10-16,2300,27.56999969482422,27.530000686645508,27.56999969482422,27.489999771118164,27.371742248535156
2017-10-13,3800,27.899999618530273,27.459999084472656,27.899999618530273,27.43000030517578,27.30214500427246
2017-10-12,6200,27.510000228881836,27.510000228881836,27.56999969482422,27.510000228881836,27.351858139038086
2017-10-11,9400,27.860000610351562,27.510000228881836,27.860000610351562,27.399999618530273,27.351858139038086
2017-10-10,3400,27.860000610351562,27.31999969482422,27.860000610351562,27.299999237060547,27.162952423095703
2017-10-09,7700,27.15999984741211,27.139999389648438,27.260000228881836,27.049999237060547,26.983985900878906
2017-10-06,5800,27.18000030517578,27.09000015258789,27.18000030517578,27.0,26.93427276611328
2017-10-05,1000,26.950000762939453,27.1299991607666,27.1299991607666,26.950000762939453,26.974042892456055
2017-10-04,8700,26.799999237060547,26.8799991607666,26.8799991607666,26.729999542236328,26.725481033325195
2017-10-03,1100,26.8700008392334,26.8799991607666,26.90999984741211,26.81999969482422,26.725481033325195
2017-10-02,800,26.959999084472656,26.780000686645508,26.959999084472656,26.700000762939453,26.626054763793945
2017-09-29,300,26.600000381469727,26.600000381469727,26.600000381469727,26.600000381469727,26.44709014892578
2017-09-28,1500,26.5,26.3799991607666,26.5,26.3799991607666,26.228355407714844
2017-09-27,2000,26.469999313354492,26.510000228881836,26.540000915527344,26.3700008392334,26.357606887817383
2017-09-26,2300,26.110000610351562,26.219999313354492,26.360000610351562,26.110000610351562,26.069272994995117
2017-09-25,2000,26.549999237060547,26.1299991607666,26.549999237060547,26.1299991607666,25.97978973388672
2017-09-22,1800,26.489999771118164,26.459999084472656,26.520000457763672,26.459999084472656,26.307893753051758
2017-09-21,3800,26.40999984741211,26.3700008392334,26.40999984741211,26.34000015258789,26.218414306640625
2017-09-20,2100,26.479999542236328,26.34000015258789,26.479999542236328,26.31999969482422,26.188583374023438
2017-09-19,2500,26.43000030517578,26.56999969482422,26.579999923706055,26.43000030517578,26.417261123657227
2017-09-18,8600,26.459999084472656,26.40999984741211,26.459999084472656,26.31999969482422,26.258182525634766
2017-09-15,8500,26.399999618530273,26.200000762939453,26.399999618530273,26.100000381469727,26.04939079284668
2017-09-14,5600,26.270000457763672,26.299999237060547,26.299999237060547,26.100000381469727,26.132905960083008
2017-09-13,1400,26.360000610351562,26.229999542236328,26.360000610351562,26.200000762939453,26.063350677490234
2017-09-12,3700,26.3700008392334,26.40999984741211,26.40999984741211,26.280000686645508,26.24220848083496
2017-09-11,500,26.350000381469727,26.360000610351562,26.360000610351562,26.350000381469727,26.19252586364746
2017-09-08,1900,26.0,26.0,26.0,26.0,25.83481216430664
2017-09-07,700,26.100000381469727,26.200000762939453,26.200000762939453,26.100000381469727,26.033540725708008
2017-09-06,400,26.15999984741211,26.309999465942383,26.309999465942383,26.15999984741211,26.142841339111328
2017-09-05,4700,26.309999465942383,26.1200008392334,26.309999465942383,26.0,25.954051971435547
2017-09-01,2400,26.18000030517578,26.309999465942383,26.309999465942383,26.18000030517578,26.142841339111328
2017-08-31,1100,26.100000381469727,26.100000381469727,26.15999984741211,26.100000381469727,25.934175491333008
2017-08-30,5100,25.899999618530273,26.0,26.0,25.899999618530273,25.83481216430664
2017-08-29,700,25.760000228881836,25.81999969482422,25.81999969482422,25.760000228881836,25.655956268310547
2017-08-28,1200,25.799999237060547,25.829999923706055,25.829999923706055,25.719999313354492,25.665891647338867
2017-08-25,1100,25.75,25.799999237060547,25.889999389648438,25.75,25.636079788208008
2017-08-24,1700,25.75,25.739999771118164,25.899999618530273,25.739999771118164,25.57646369934082
2017-08-23,400,25.649999618530273,25.649999618530273,25.649999618530273,25.649999618530273,25.487035751342773
2017-08-22,800,25.510000228881836,25.559999465942383,25.559999465942383,25.510000228881836,25.39760971069336
2017-08-21,5100,25.399999618530273,25.290000915527344,25.399999618530273,25.229999542236328,25.129322052001953
2017-08-18,400,25.270000457763672,25.399999618530273,25.399999618530273,25.270000457763672,25.238622665405273
2017-08-17,500,25.469999313354492,25.469999313354492,25.469999313354492,25.469999313354492,25.308177947998047
2017-08-16,1800,25.649999618530273,25.559999465942383,25.649999618530273,25.549999237060547,25.39760971069336
2017-08-15,1000,25.56999969482422,25.450000762939453,25.56999969482422,25.440000534057617,25.288305282592773
2017-08-14,4300,25.639999389648438,25.600000381469727,25.639999389648438,25.559999465942383,25.437353134155273
2017-08-11,3700,25.110000610351562,25.360000610351562,25.360000610351562,24.81999969482422,25.19887924194336
2017-08-10,2400,25.479999542236328,25.25,25.479999542236328,25.200000762939453,25.08957862854004
2017-08-09,2300,25.5,25.649999618530273,25.649999618530273,25.5,25.487035751342773
2017-08-08,1000,25.809999465942383,25.709999084472656,25.809999465942383,25.709999084472656,25.546653747558594
2017-08-07,3100,25.709999084472656,25.770000457763672,25.809999465942383,25.709999084472656,25.606273651123047
2017-08-04,0,25.639999389648438,25.639999389648438,25.639999389648438,25.639999389648438,25.47709846496582
2017-08-03,3500,25.520000457763672,25.639999389648438,25.639999389648438,25.520000457763672,25.47709846496582
2017-08-02,2000,25.799999237060547,25.5,25.799999237060547,25.440000534057617,25.337989807128906
2017-08-01,3400,25.969999313354492,25.959999084472656,25.969999313354492,25.860000610351562,25.795063018798828
2017-07-31,3400,25.760000228881836,25.760000228881836,25.799999237060547,25.709999084472656,25.596338272094727
2017-07-28,2000,25.799999237060547,25.809999465942383,25.829999923706055,25.799999237060547,25.646018981933594
2017-07-27,1500,26.040000915527344,25.84000015258789,26.110000610351562,25.81999969482422,25.67582893371582
2017-07-26,1200,26.15999984741211,26.149999618530273,26.15999984741211,26.110000610351562,25.98386001586914
2017-07-25,4000,25.790000915527344,26.1200008392334,26.1200008392334,25.790000915527344,25.954051971435547
2017-07-24,3900,25.700000762939453,25.8700008392334,25.93000030517578,25.700000762939453,25.705636978149414
2017-07-21,2500,25.690000534057617,25.739999771118164,25.829999923706055,25.690000534057617,25.57646369934082
2017-07-20,1800,25.959999084472656,25.829999923706055,25.959999084472656,25.81999969482422,25.665891647338867
2017-07-19,5600,25.670000076293945,25.81999969482422,25.850000381469727,25.670000076293945,25.655956268310547
2017-07-18,2600,25.440000534057617,25.530000686645508,25.56999969482422,25.440000534057617,25.367799758911133
2017-07-17,7000,25.600000381469727,25.56999969482422,25.600000381469727,25.5,25.407543182373047
2017-07-14,7700,25.489999771118164,25.530000686645508,25.56999969482422,25.450000762939453,25.367799758911133
2017-07-13,4100,25.450000762939453,25.280000686645508,25.450000762939453,25.280000686645508,25.119386672973633
2017-07-12,7400,25.280000686645508,25.31999969482422,25.3799991607666,25.209999084472656,25.15913200378418
2017-07-11,2600,24.90999984741211,25.059999465942383,25.059999465942383,24.889999389648438,24.90078353881836
2017-07-10,3000,24.90999984741211,24.93000030517578,24.979999542236328,24.90999984741211,24.771610260009766
2017-07-07,4700,24.59000015258789,24.920000076293945,24.920000076293945,24.59000015258789,24.761674880981445
2017-07-06,1900,24.709999084472656,24.709999084472656,24.899999618530273,24.65999984741211,24.553007125854492
2017-07-05,5700,24.760000228881836,24.940000534057617,24.969999313354492,24.760000228881836,24.781545639038086
2017-07-03,900,25.0,24.8799991607666,25.0,24.8799991607666,24.721925735473633
2017-06-30,4100,25.18000030517578,25.049999237060547,25.18000030517578,25.020000457763672,24.890846252441406
2017-06-29,9300,25.309999465942383,24.940000534057617,25.309999465942383,24.850000381469727,24.781545639038086
2017-06-28,13000,25.139999389648438,25.309999465942383,25.309999465942383,25.010000228881836,25.14919662475586
2017-06-27,16100,25.40999984741211,25.0,25.40999984741211,25.0,24.84116554260254
2017-06-26,6400,25.420000076293945,25.25,25.420000076293945,25.200000762939453,25.08957862854004
2017-06-23,5600,25.079999923706055,25.219999313354492,25.229999542236328,25.079999923706055,25.05976676940918
2017-06-22,600,25.1299991607666,25.229999542236328,25.229999542236328,25.1299991607666,25.069704055786133
2017-06-21,700,25.100000381469727,25.06999969482422,25.100000381469727,25.06999969482422,24.910720825195312
2017-06-20,7600,25.290000915527344,25.110000610351562,25.360000610351562,25.110000610351562,24.950464248657227
2017-06-19,4400,25.329999923706055,25.420000076293945,25.420000076293945,25.329999923706055,25.25849723815918
2017-06-16,2700,24.969999313354492,25.0,25.0,24.8799991607666,24.84116554260254
2017-06-15,8000,24.899999618530273,25.15999984741211,25.15999984741211,24.81999969482422,24.915687561035156
2017-06-14,3600,25.520000457763672,25.270000457763672,25.520000457763672,25.270000457763672,25.024621963500977
2017-06-13,9200,25.329999923706055,25.329999923706055,25.389999389648438,25.209999084472656,25.08403778076172
2017-06-12,1700,25.15999984741211,25.1299991607666,25.15999984741211,25.1299991607666,24.8859806060791
2017-06-09,3800,25.889999389648438,25.440000534057617,25.959999084472656,25.34000015258789,25.192970275878906
2017-06-08,2300,25.729999542236328,25.770000457763672,25.770000457763672,25.690000534057617,25.519765853881836
2017-06-07,1400,25.75,25.729999542236328,25.809999465942383,25.700000762939453,25.480154037475586
2017-06-06,3000,25.729999542236328,25.81999969482422,25.850000381469727,25.729999542236328,25.569278717041016
2017-06-05,7800,25.790000915527344,25.75,25.790000915527344,25.65999984741211,25.499958038330078
2017-06-02,400,25.81999969482422,25.84000015258789,25.84000015258789,25.81999969482422,25.589082717895508
2017-06-01,5100,25.469999313354492,25.670000076293945,25.670000076293945,25.3700008392334,25.420734405517578
2017-05-31,1200,25.0,25.170000076293945,25.170000076293945,25.0,24.92559051513672
2017-05-30,6100,25.3700008392334,25.110000610351562,25.3700008392334,25.100000381469727,24.866172790527344
2017-05-26,9100,25.149999618530273,25.190000534057617,25.25,25.149999618530273,24.945398330688477
2017-05-25,2500,24.979999542236328,25.149999618530273,25.15999984741211,24.979999542236328,24.905784606933594
2017-05-24,5400,24.979999542236328,25.06999969482422,25.06999969482422,24.940000534057617,24.826562881469727
2017-05-23,1000,24.84000015258789,24.860000610351562,24.899999618530273,24.84000015258789,24.618602752685547
2017-05-22,1000,24.739999771118164,24.84000015258789,24.84000015258789,24.739999771118164,24.59879493713379
2017-05-19,5100,24.6299991607666,24.639999389648438,24.719999313354492,24.6200008392334,24.400739669799805
2017-05-18,6300,24.280000686645508,24.540000915527344,24.540000915527344,24.149999618530273,24.301712036132812
2017-05-17,4900,24.68000030517578,24.469999313354492,24.68000030517578,24.459999084472656,24.232389450073242
2017-05-16,5400,25.049999237060547,25.020000457763672,25.049999237060547,24.940000534057617,24.777050018310547
2017-05-15,10100,25.0,25.040000915527344,25.110000610351562,24.959999084472656,24.79685401916504
2017-05-12,3900,24.56999969482422,24.649999618530273,24.719999313354492,24.56999969482422,24.410640716552734
2017-05-11,4900,24.770000457763672,24.600000381469727,24.770000457763672,24.399999618530273,24.361127853393555
2017-05-10,8100,24.81999969482422,24.920000076293945,24.950000762939453,24.729999542236328,24.67801856994629
2017-05-09,2500,24.860000610351562,24.760000228881836,24.860000610351562,24.729999542236328,24.519573211669922
2017-05-08,5500,24.8700008392334,24.649999618530273,24.8700008392334,24.559999465942383,24.410640716552734
2017-05-05,4500,24.329999923706055,24.579999923706055,24.579999923706055,24.329999923706055,24.34132194519043
2017-05-04,2400,24.190000534057617,24.25,24.25,24.15999984741211,24.014524459838867
2017-05-03,6500,24.1200008392334,23.8799991607666,24.1200008392334,23.780000686645508,23.648117065429688
2017-05-02,5300,24.049999237060547,24.149999618530273,24.149999618530273,24.010000228881836,23.915494918823242
2017-05-01,17600,23.860000610351562,23.979999542236328,24.0,23.799999237060547,23.74714469909668
2017-04-28,2200,23.75,23.799999237060547,23.81999969482422,23.75,23.568893432617188
2017-04-27,2800,23.81999969482422,23.809999465942383,23.8799991607666,23.760000228881836,23.57879638671875
2017-04-26,1600,23.6299991607666,23.739999771118164,23.75,23.6299991607666,23.509475708007812
2017-04-25,2800,23.43000030517578,23.649999618530273,23.709999084472656,23.43000030517578,23.420351028442383
2017-04-24,3900,23.5,23.5,23.5,23.389999389648438,23.271808624267578
2017-04-21,2000,23.270000457763672,23.229999542236328,23.270000457763672,23.229999542236328,23.004430770874023
2017-04-20,4200,23.190000534057617,23.270000457763672,23.270000457763672,23.190000534057617,23.04404067993164
2017-04-19,2600,23.0,23.040000915527344,23.100000381469727,23.0,22.816274642944336
2017-04-18,1300,22.860000610351562,22.829999923706055,22.889999389648438,22.760000228881836,22.608312606811523
2017-04-17,3600,22.6299991607666,22.799999237060547,22.799999237060547,22.6200008392334,22.57860565185547
2017-04-13,2600,22.770000457763672,22.600000381469727,22.770000457763672,22.600000381469727,22.38054847717285
2017-04-12,0,22.75,22.75,22.75,22.75,22.529088973999023
2017-04-11,1500,22.700000762939453,22.75,22.790000915527344,22.700000762939453,22.529088973999023
2017-04-10,4400,22.889999389648438,22.829999923706055,22.889999389648438,22.829999923706055,22.608312606811523
2017-04-07,600,22.59000015258789,22.760000228881836,22.760000228881836,22.59000015258789,22.53899383544922
2017-04-06,2400,22.670000076293945,22.719999313354492,22.739999771118164,22.56999969482422,22.499378204345703
2017-04-05,700,22.889999389648438,22.639999389648438,22.889999389648438,22.639999389648438,22.42015838623047
2017-04-04,400,22.93000030517578,22.940000534057617,22.940000534057617,22.93000030517578,22.71724510192871
2017-04-03,11800,23.110000610351562,22.920000076293945,23.139999389648438,22.809999465942383,22.69744110107422
2017-03-31,2500,23.049999237060547,23.1200008392334,23.1200008392334,23.020000457763672,22.89550018310547
2017-03-30,900,23.030000686645508,23.059999465942383,23.059999465942383,23.030000686645508,22.836078643798828
2017-03-29,1000,23.0,23.049999237060547,23.049999237060547,23.0,22.8261775970459
2017-03-28,5700,22.75,22.940000534057617,23.0,22.639999389648438,22.71724510192871
2017-03-27,5200,22.450000762939453,22.770000457763672,22.799999237060547,22.450000762939453,22.548898696899414
2017-03-24,1900,22.6200008392334,22.649999618530273,22.649999618530273,22.610000610351562,22.4300594329834
2017-03-23,1700,22.420000076293945,22.56999969482422,22.579999923706055,22.420000076293945,22.35083770751953
2017-03-22,3300,22.270000457763672,22.34000015258789,22.34000015258789,22.229999542236328,22.123069763183594
2017-03-21,3500,22.360000610351562,22.209999084472656,22.360000610351562,22.209999084472656,21.994333267211914
2017-03-20,2200,22.6299991607666,22.549999237060547,22.6299991607666,22.549999237060547,22.331031799316406
2017-03-17,2300,22.610000610351562,22.649999618530273,22.68000030517578,22.610000610351562,22.4300594329834
2017-03-16,2100,22.690000534057617,22.579999923706055,22.690000534057617,22.579999923706055,22.338953018188477
2017-03-15,2800,22.329999923706055,22.40999984741211,22.469999313354492,22.329999923706055,22.17076873779297
2017-03-14,500,22.299999237060547,22.31999969482422,22.31999969482422,22.299999237060547,22.081729888916016
2017-03-13,600,22.459999084472656,22.479999542236328,22.5,22.459999084472656,22.240020751953125
2017-03-10,3000,22.389999389648438,22.450000762939453,22.479999542236328,22.389999389648438,22.210344314575195
2017-03-09,7900,22.399999618530273,22.31999969482422,22.399999618530273,22.200000762939453,22.081729888916016
2017-03-08,2800,22.34000015258789,22.399999618530273,22.43000030517578,22.34000015258789,22.16087532043457
2017-03-07,3700,22.6299991607666,22.360000610351562,22.6299991607666,22.360000610351562,22.121305465698242
2017-03-06,6300,22.520000457763672,22.479999542236328,22.520000457763672,22.389999389648438,22.240020751953125
2017-03-03,3600,22.700000762939453,22.68000030517578,22.700000762939453,22.549999237060547,22.437889099121094
2017-03-02,23200,22.860000610351562,22.600000381469727,22.860000610351562,22.59000015258789,22.35874366760254
2017-03-01,8900,22.81999969482422,22.84000015258789,22.84000015258789,22.760000228881836,22.596179962158203
2017-02-28,600,22.670000076293945,22.600000381469727,22.670000076293945,22.600000381469727,22.35874366760254
2017-02-27,4200,22.799999237060547,22.81999969482422,22.81999969482422,22.729999542236328,22.576391220092773
2017-02-24,1800,22.68000030517578,22.729999542236328,22.770000457763672,22.68000030517578,22.487354278564453
2017-02-23,1200,22.780000686645508,22.809999465942383,22.809999465942383,22.729999542236328,22.566499710083008
2017-02-22,8000,22.81999969482422,22.780000686645508,22.829999923706055,22.760000228881836,22.536819458007812
2017-02-21,3500,22.700000762939453,22.809999465942383,22.809999465942383,22.700000762939453,22.566499710083008
2017-02-17,4100,22.549999237060547,22.610000610351562,22.610000610351562,22.510000228881836,22.368637084960938
2017-02-16,5100,22.670000076293945,22.510000228881836,22.670000076293945,22.479999542236328,22.269699096679688
2017-02-15,2600,22.469999313354492,22.670000076293945,22.670000076293945,22.469999313354492,22.427993774414062
2017-02-14,3300,22.270000457763672,22.399999618530273,22.40999984741211,22.270000457763672,22.16087532043457
2017-02-13,5000,22.170000076293945,22.200000762939453,22.219999313354492,22.170000076293945,21.963010787963867
2017-02-10,1900,22.049999237060547,22.049999237060547,22.049999237060547,21.969999313354492,21.814611434936523
2017-02-09,600,21.899999618530273,21.899999618530273,21.899999618530273,21.899999618530273,21.666215896606445
2017-02-08,800,21.559999465942383,21.489999771118164,21.559999465942383,21.489999771118164,21.260591506958008
2017-02-07,500,21.6200008392334,21.639999389648438,21.639999389648438,21.6200008392334,21.408987045288086
2017-02-06,1700,21.729999542236328,21.639999389648438,21.729999542236328,21.6299991607666,21.408987045288086
2017-02-03,2400,21.790000915527344,21.799999237060547,21.799999237060547,21.690000534057617,21.567279815673828
2017-02-02,2500,21.440000534057617,21.579999923706055,21.649999618530273,21.440000534057617,21.34963035583496
2017-02-01,600,21.43000030517578,21.43000030517578,21.43000030517578,21.399999618530273,21.20123291015625
2017-01-31,1300,21.469999313354492,21.420000076293945,21.469999313354492,21.40999984741211,21.19133949279785
2017-01-30,4200,21.639999389648438,21.389999389648438,21.639999389648438,21.31999969482422,21.161657333374023
2017-01-27,1300,21.739999771118164,21.700000762939453,21.739999771118164,21.65999984741211,21.468351364135742
2017-01-26,2600,22.059999465942383,21.760000228881836,22.059999465942383,21.75,21.5277099609375
2017-01-25,5100,21.959999084472656,21.969999313354492,21.989999771118164,21.940000534057617,21.735464096069336
2017-01-24,800,21.520000457763672,21.850000381469727,21.8700008392334,21.520000457763672,21.61674690246582
2017-01-23,1700,21.700000762939453,21.56999969482422,21.700000762939453,21.56999969482422,21.339736938476562
2017-01-20,1000,21.690000534057617,21.690000534057617,21.700000762939453,21.690000534057617,21.458457946777344
2017-01-19,700,21.600000381469727,21.549999237060547,21.6299991607666,21.549999237060547,21.319950103759766
2017-01-18,1900,21.510000228881836,21.530000686645508,21.56999969482422,21.510000228881836,21.300161361694336
2017-01-17,2700,21.5,21.43000030517578,21.520000457763672,21.43000030517578,21.20123291015625
2017-01-13,3000,21.479999542236328,21.520000457763672,21.549999237060547,21.479999542236328,21.290273666381836
2017-01-12,3000,21.239999771118164,21.350000381469727,21.3700008392334,21.239999771118164,21.122087478637695
2017-01-11,1000,21.450000762939453,21.40999984741211,21.450000762939453,21.40999984741211,21.18144416809082
2017-01-10,8300,21.399999618530273,21.350000381469727,21.530000686645508,21.350000381469727,21.122087478637695
2017-01-09,7200,21.43000030517578,21.43000030517578,21.520000457763672,21.360000610351562,21.20123291015625
2017-01-06,5700,21.40999984741211,21.360000610351562,21.40999984741211,21.239999771118164,21.13197898864746
2017-01-05,4900,21.290000915527344,21.280000686645508,21.290000915527344,21.149999618530273,21.052833557128906
2017-01-04,600,20.969999313354492,21.200000762939453,21.200000762939453,20.940000534057617,20.973690032958984
2017-01-03,2500,20.81999969482422,20.81999969482422,21.0,20.809999465942383,20.59774398803711
2016-12-30,4400,20.760000228881836,20.670000076293945,20.760000228881836,20.670000076293945,20.449342727661133
2016-12-29,2100,20.780000686645508,20.75,20.780000686645508,20.719999313354492,20.528491973876953
2016-12-28,200,20.809999465942383,20.809999465942383,20.809999465942383,20.809999465942383,20.587848663330078
2016-12-27,400,20.959999084472656,21.0,21.0,20.959999084472656,20.775821685791016
2016-12-23,1500,20.719999313354492,20.799999237060547,20.799999237060547,20.719999313354492,20.577953338623047
2016-12-22,2500,20.81999969482422,20.719999313354492,20.81999969482422,20.719999313354492,20.498811721801758
2016-12-21,1800,20.889999389648438,20.8799991607666,20.889999389648438,20.850000381469727,20.657102584838867
2016-12-20,2500,20.84000015258789,20.8799991607666,20.8799991607666,20.809999465942383,20.657102584838867
2016-12-19,2200,20.649999618530273,20.81999969482422,20.81999969482422,20.649999618530273,20.59774398803711
2016-12-16,2200,20.6200008392334,20.760000228881836,20.81999969482422,20.6200008392334,20.53838539123535
2016-12-15,900,20.700000762939453,20.700000762939453,20.700000762939453,20.700000762939453,20.47902488708496
2016-12-14,100,20.729999542236328,20.729999542236328,20.729999542236328,20.729999542236328,20.508703231811523
2016-12-13,1900,20.81999969482422,20.8799991607666,20.889999389648438,20.81999969482422,20.657102584838867
2016-12-12,5100,21.020000457763672,20.950000762939453,21.18000030517578,20.950000762939453,20.726354598999023
2016-12-09,2500,21.139999389648438,21.139999389648438,21.139999389648438,21.110000610351562,20.914329528808594
2016-12-08,4900,21.059999465942383,21.15999984741211,21.15999984741211,20.950000762939453,20.934110641479492
2016-12-07,3400,20.75,20.899999618530273,20.899999618530273,20.739999771118164,20.676891326904297
2016-12-06,600,20.610000610351562,20.760000228881836,20.760000228881836,20.610000610351562,20.53838539123535
2016-12-05,2200,20.559999465942383,20.56999969482422,20.6299991607666,20.559999465942383,20.350412368774414
2016-12-02,700,20.440000534057617,20.479999542236328,20.479999542236328,20.440000534057617,20.261369705200195
2016-12-01,3000,20.81999969482422,20.670000076293945,20.81999969482422,20.670000076293945,20.449342727661133
2016-11-30,1100,21.0,20.809999465942383,21.0,20.799999237060547,20.587848663330078
2016-11-29,1600,20.719999313354492,20.809999465942383,20.809999465942383,20.719999313354492,20.587848663330078
2016-11-28,1600,20.90999984741211,20.850000381469727,20.920000076293945,20.850000381469727,20.627422332763672
2016-11-25,1000,20.989999771118164,21.020000457763672,21.020000457763672,20.989999771118164,20.795608520507812
2016-11-23,2200,20.81999969482422,20.940000534057617,20.950000762939453,20.81999969482422,20.716459274291992
2016-11-22,0,21.0,21.0,21.0,21.0,20.775821685791016
2016-11-21,9900,20.8799991607666,21.0,21.040000915527344,20.8799991607666,20.775821685791016
2016-11-18,5800,20.979999542236328,20.889999389648438,20.979999542236328,20.84000015258789,20.6669979095459
2016-11-17,8800,20.809999465942383,20.84000015258789,20.84000015258789,20.809999465942383,20.617530822753906
2016-11-16,2200,20.700000762939453,20.719999313354492,20.719999313354492,20.700000762939453,20.498811721801758
2016-11-15,1300,20.459999084472656,20.739999771118164,20.739999771118164,20.450000762939453,20.518596649169922
2016-11-14,900,20.489999771118164,20.5,20.520000457763672,20.479999542236328,20.281160354614258
2016-11-11,200,20.450000762939453,20.450000762939453,20.450000762939453,20.450000762939453,20.231693267822266
2016-11-10,1100,20.530000686645508,20.43000030517578,20.579999923706055,20.43000030517578,20.21190643310547
2016-11-09,2100,19.790000915527344,20.299999237060547,20.329999923706055,19.790000915527344,20.083290100097656
2016-11-08,1800,20.0,20.100000381469727,20.1299991607666,20.0,19.88543128967285
2016-11-07,8800,20.100000381469727,20.1200008392334,20.15999984741211,20.100000381469727,19.90521812438965
2016-11-04,1100,19.719999313354492,19.719999313354492,19.760000228881836,19.719999313354492,19.509489059448242
2016-11-03,4200,19.829999923706055,19.549999237060547,19.829999923706055,19.549999237060547,19.341299057006836
2016-11-02,6900,20.219999313354492,20.010000228881836,20.219999313354492,19.899999618530273,19.796388626098633
2016-11-01,2600,20.239999771118164,20.1299991607666,20.299999237060547,20.1299991607666,19.91510772705078
2016-10-31,0,20.25,20.25,20.25,20.25,20.033824920654297
2016-10-28,3700,20.3700008392334,20.25,20.389999389648438,20.25,20.033824920654297
2016-10-27,300,20.489999771118164,20.489999771118164,20.489999771118164,20.489999771118164,20.27126693725586
2016-10-26,3200,20.719999313354492,20.6299991607666,20.719999313354492,20.6299991607666,20.40976905822754
2016-10-25,600,20.93000030517578,20.8700008392334,20.93000030517578,20.8700008392334,20.64720916748047
2016-10-24,1000,21.010000228881836,21.020000457763672,21.079999923706055,21.010000228881836,20.795608520507812
2016-10-21,700,20.850000381469727,20.889999389648438,20.889999389648438,20.850000381469727,20.6669979095459
2016-10-20,200,20.81999969482422,20.81999969482422,20.81999969482422,20.81999969482422,20.59774398803711
2016-10-19,1600,20.700000762939453,20.770000457763672,20.770000457763672,20.700000762939453,20.548276901245117
2016-10-18,1600,20.610000610351562,20.68000030517578,20.700000762939453,20.610000610351562,20.459238052368164
2016-10-17,700,20.489999771118164,20.489999771118164,20.489999771118164,20.489999771118164,20.27126693725586
2016-10-14,500,20.559999465942383,20.559999465942383,20.559999465942383,20.559999465942383,20.340518951416016
2016-10-13,1300,20.31999969482422,20.520000457763672,20.520000457763672,20.31999969482422,20.300949096679688
2016-10-12,900,20.729999542236328,20.610000610351562,20.790000915527344,20.610000610351562,20.389986038208008
2016-10-11,1500,20.75,20.65999984741211,20.75,20.65999984741211,20.439451217651367
2016-10-10,1600,21.18000030517578,21.06999969482422,21.18000030517578,21.06999969482422,20.845077514648438
2016-10-07,3600,21.110000610351562,20.920000076293945,21.110000610351562,20.860000610351562,20.69667625427246
2016-10-06,5400,21.09000015258789,21.110000610351562,21.209999084472656,21.040000915527344,20.884647369384766
2016-10-05,2900,21.170000076293945,21.15999984741211,21.200000762939453,21.139999389648438,20.934110641479492
2016-10-04,2600,21.1200008392334,21.010000228881836,21.1200008392334,21.010000228881836,20.785715103149414
2016-10-03,7900,21.0,21.049999237060547,21.049999237060547,20.969999313354492,20.825288772583008
2016-09-30,4500,21.110000610351562,21.170000076293945,21.190000534057617,21.110000610351562,20.944007873535156
2016-09-29,900,21.15999984741211,20.989999771118164,21.15999984741211,20.989999771118164,20.765928268432617
2016-09-28,2900,21.270000457763672,21.270000457763672,21.270000457763672,21.1299991607666,21.04294204711914
2016-09-27,1700,21.139999389648438,21.239999771118164,21.260000228881836,21.139999389648438,21.013259887695312
2016-09-26,2900,21.139999389648438,21.040000915527344,21.139999389648438,21.040000915527344,20.815397262573242
2016-09-23,1600,21.25,21.270000457763672,21.280000686645508,21.219999313354492,21.04294204711914
2016-09-22,4400,21.280000686645508,21.270000457763672,21.290000915527344,21.219999313354492,21.04294204711914
2016-09-21,700,20.649999618530273,20.889999389648438,20.940000534057617,20.649999618530273,20.6669979095459
2016-09-20,500,20.780000686645508,20.68000030517578,20.780000686645508,20.68000030517578,20.459238052368164
2016-09-19,0,20.719999313354492,20.719999313354492,20.719999313354492,20.719999313354492,20.498811721801758
2016-09-16,2800,20.770000457763672,20.719999313354492,20.770000457763672,20.719999313354492,20.498811721801758
2016-09-15,2500,20.56999969482422,20.700000762939453,20.719999313354492,20.56999969482422,20.45133399963379
2016-09-14,700,20.510000228881836,20.489999771118164,20.56999969482422,20.489999771118164,20.243854522705078
2016-09-13,4000,20.530000686645508,20.43000030517578,20.530000686645508,20.34000015258789,20.1845760345459
2016-09-12,11600,20.600000381469727,20.84000015258789,20.850000381469727,20.520000457763672,20.589649200439453
2016-09-09,0,21.209999084472656,21.209999084472656,21.209999084472656,21.209999084472656,20.9552059173584
2016-09-08,1400,21.239999771118164,21.209999084472656,21.239999771118164,21.209999084472656,20.9552059173584
2016-09-07,2100,21.229999542236328,21.239999771118164,21.239999771118164,21.1299991607666,20.984844207763672
2016-09-06,1100,21.1200008392334,21.1299991607666,21.139999389648438,21.110000610351562,20.87616539001465
2016-09-02,4400,21.110000610351562,21.09000015258789,21.1299991607666,21.06999969482422,20.836645126342773
2016-09-01,400,20.920000076293945,20.84000015258789,20.920000076293945,20.84000015258789,20.589649200439453
2016-08-31,400,20.780000686645508,20.920000076293945,20.920000076293945,20.780000686645508,20.668689727783203
2016-08-30,3800,20.81999969482422,20.8799991607666,20.8799991607666,20.81999969482422,20.629169464111328
2016-08-29,1200,20.739999771118164,20.81999969482422,20.850000381469727,20.739999771118164,20.56989097595215
2016-08-26,1400,20.809999465942383,20.729999542236328,20.81999969482422,20.639999389648438,20.480972290039062
2016-08-25,2500,20.649999618530273,20.700000762939453,20.719999313354492,20.649999618530273,20.45133399963379
2016-08-24,4000,20.989999771118164,20.799999237060547,21.0,20.799999237060547,20.550128936767578
2016-08-23,5400,20.760000228881836,20.969999313354492,21.040000915527344,20.760000228881836,20.718088150024414
2016-08-22,1800,20.6299991607666,20.739999771118164,20.75,20.6299991607666,20.4908504486084
2016-08-19,800,20.700000762939453,20.75,20.75,20.700000762939453,20.500732421875
2016-08-18,16600,20.690000534057617,20.729999542236328,20.770000457763672,20.68000030517578,20.480972290039062
2016-08-17,100,20.579999923706055,20.579999923706055,20.579999923706055,20.579999923706055,20.332778930664062
2016-08-16,300,20.760000228881836,20.75,20.760000228881836,20.75,20.500732421875
2016-08-15,16900,20.739999771118164,21.020000457763672,21.020000457763672,20.739999771118164,20.767488479614258
2016-08-12,5300,20.600000381469727,20.75,20.75,20.600000381469727,20.500732421875
2016-08-11,800,20.540000915527344,20.579999923706055,20.610000610351562,20.540000915527344,20.332778930664062
2016-08-10,100,20.389999389648438,20.389999389648438,20.389999389648438,20.389999389648438,20.14505386352539
2016-08-09,800,20.520000457763672,20.530000686645508,20.559999465942383,20.520000457763672,20.283374786376953
2016-08-08,2600,20.440000534057617,20.56999969482422,20.56999969482422,20.440000534057617,20.322895050048828
2016-08-05,2600,20.350000381469727,20.459999084472656,20.459999084472656,20.350000381469727,20.214214324951172
2016-08-04,100,20.329999923706055,20.329999923706055,20.329999923706055,20.329999923706055,20.085777282714844
2016-08-03,2400,19.90999984741211,20.15999984741211,20.18000030517578,19.90999984741211,19.917818069458008
2016-08-02,2200,20.100000381469727,19.959999084472656,20.100000381469727,19.959999084472656,19.7202205657959
2016-08-01,1600,20.31999969482422,20.18000030517578,20.31999969482422,20.18000030517578,19.937580108642578
2016-07-29,4500,20.15999984741211,20.25,20.260000228881836,20.15999984741211,20.006736755371094
2016-07-28,1100,20.18000030517578,20.260000228881836,20.260000228881836,20.18000030517578,20.016618728637695
2016-07-27,400,20.15999984741211,20.270000457763672,20.270000457763672,20.15999984741211,20.026498794555664
2016-07-26,800,20.139999389648438,20.200000762939453,20.209999084472656,20.139999389648438,19.95734214782715
2016-07-25,800,20.200000762939453,20.18000030517578,20.200000762939453,20.139999389648438,19.937580108642578
2016-07-22,400,20.25,20.260000228881836,20.260000228881836,20.25,20.016618728637695
2016-07-21,3700,20.25,20.170000076293945,20.25,20.149999618530273,19.92770004272461
2016-07-20,4700,20.09000015258789,20.200000762939453,20.229999542236328,20.09000015258789,19.95734214782715
2016-07-19,800,19.969999313354492,19.989999771118164,19.989999771118164,19.959999084472656,19.749862670898438
2016-07-18,800,20.030000686645508,20.059999465942383,20.079999923706055,20.030000686645508,19.819021224975586
2016-07-15,2400,20.1200008392334,19.920000076293945,20.1200008392334,19.90999984741211,19.680702209472656
2016-07-14,1000,20.110000610351562,19.969999313354492,20.110000610351562,19.969999313354492,19.7301025390625
2016-07-13,1800,20.010000228881836,19.8700008392334,20.010000228881836,19.81999969482422,19.631301879882812
2016-07-12,800,19.950000762939453,19.959999084472656,19.959999084472656,19.950000762939453,19.7202205657959
2016-07-11,2800,19.530000686645508,19.84000015258789,19.860000610351562,19.530000686645508,19.601661682128906
2016-07-08,9200,19.329999923706055,19.5,19.549999237060547,19.329999923706055,19.2657470703125
2016-07-07,2100,19.170000076293945,19.18000030517578,19.18000030517578,19.170000076293945,18.94959259033203
2016-07-06,5400,18.889999389648438,19.059999465942383,19.079999923706055,18.889999389648438,18.83103370666504
2016-07-05,2500,19.100000381469727,19.06999969482422,19.100000381469727,19.0,18.840911865234375
2016-07-01,3800,19.420000076293945,19.270000457763672,19.440000534057617,19.270000457763672,19.038509368896484
2016-06-30,200,19.219999313354492,19.219999313354492,19.219999313354492,19.219999313354492,18.989112854003906
2016-06-29,5800,18.6200008392334,18.940000534057617,18.940000534057617,18.6200008392334,18.71247673034668
2016-06-28,900,18.06999969482422,18.309999465942383,18.31999969482422,18.06999969482422,18.090044021606445
2016-06-27,3000,18.350000381469727,18.09000015258789,18.399999618530273,17.93000030517578,17.8726863861084
2016-06-24,2400,18.59000015258789,18.770000457763672,19.049999237060547,18.59000015258789,18.544519424438477
2016-06-23,1400,19.489999771118164,19.549999237060547,19.549999237060547,19.479999542236328,19.31514549255371
2016-06-22,1100,19.290000915527344,19.239999771118164,19.290000915527344,19.219999313354492,19.008872985839844
2016-06-21,2700,19.260000228881836,19.3700008392334,19.3700008392334,19.260000228881836,19.137311935424805
2016-06-20,200,19.389999389648438,19.389999389648438,19.389999389648438,19.389999389648438,19.157068252563477
2016-06-17,1000,19.0,19.020000457763672,19.049999237060547,19.0,18.791515350341797
2016-06-16,1100,18.780000686645508,18.979999542236328,18.979999542236328,18.780000686645508,18.731691360473633
2016-06-15,1100,19.200000762939453,19.100000381469727,19.260000228881836,19.100000381469727,18.850122451782227
2016-06-14,1700,19.030000686645508,19.059999465942383,19.059999465942383,18.90999984741211,18.810646057128906
2016-06-13,2100,19.459999084472656,19.440000534057617,19.600000381469727,19.43000030517578,19.18567657470703
2016-06-10,1200,19.809999465942383,19.610000610351562,19.809999465942383,19.610000610351562,19.353450775146484
2016-06-09,800,20.09000015258789,20.059999465942383,20.09000015258789,20.049999237060547,19.797561645507812
2016-06-08,1000,20.190000534057617,20.239999771118164,20.299999237060547,20.190000534057617,19.97520637512207
2016-06-07,1300,20.149999618530273,20.270000457763672,20.309999465942383,20.149999618530273,20.00481414794922
2016-06-06,5900,20.040000915527344,20.290000915527344,20.290000915527344,20.040000915527344,20.024553298950195
2016-06-03,500,20.059999465942383,20.040000915527344,20.059999465942383,20.040000915527344,19.777822494506836
2016-06-02,300,20.15999984741211,20.15999984741211,20.15999984741211,20.15999984741211,19.896251678466797
2016-06-01,200,20.15999984741211,20.15999984741211,20.15999984741211,20.15999984741211,19.896251678466797
2016-05-31,4000,20.110000610351562,20.200000762939453,20.200000762939453,20.110000610351562,19.935733795166016
2016-05-27,500,20.0,20.059999465942383,20.059999465942383,20.0,19.797561645507812
2016-05-26,1100,19.850000381469727,19.860000610351562,19.860000610351562,19.850000381469727,19.600181579589844
2016-05-25,2100,19.860000610351562,19.799999237060547,19.860000610351562,19.770000457763672,19.54096221923828
2016-05-24,1300,19.829999923706055,19.8799991607666,19.90999984741211,19.829999923706055,19.619918823242188
2016-05-23,1200,19.6299991607666,19.65999984741211,19.65999984741211,19.6200008392334,19.402795791625977
2016-05-20,500,19.549999237060547,19.600000381469727,19.600000381469727,19.530000686645508,19.34358024597168
2016-05-19,700,19.209999084472656,19.360000610351562,19.360000610351562,19.209999084472656,19.10672378540039
2016-05-18,500,19.389999389648438,19.389999389648438,19.389999389648438,19.389999389648438,19.13632583618164
2016-05-17,2600,19.510000228881836,19.329999923706055,19.510000228881836,19.31999969482422,19.07711410522461
2016-05-16,7500,19.34000015258789,19.420000076293945,19.440000534057617,19.34000015258789,19.165935516357422
2016-05-13,8900,19.239999771118164,19.15999984741211,19.290000915527344,19.15999984741211,18.909337997436523
2016-05-12,5800,19.520000457763672,19.219999313354492,19.520000457763672,19.219999313354492,18.968551635742188
2016-05-11,500,19.579999923706055,19.479999542236328,19.579999923706055,19.479999542236328,19.225149154663086
2016-05-10,800,19.389999389648438,19.6200008392334,19.6200008392334,19.389999389648438,19.363319396972656
2016-05-09,26400,19.299999237060547,19.389999389648438,19.389999389648438,19.229999542236328,19.13632583618164
2016-05-06,400,19.420000076293945,19.420000076293945,19.420000076293945,19.420000076293945,19.165935516357422
2016-05-05,4600,19.520000457763672,19.440000534057617,19.520000457763672,19.350000381469727,19.18567657470703
2016-05-04,4500,19.549999237060547,19.440000534057617,19.549999237060547,19.360000610351562,19.18567657470703
2016-05-03,4500,19.8700008392334,19.670000076293945,19.8700008392334,19.610000610351562,19.41266441345215
2016-05-02,2000,20.010000228881836,20.040000915527344,20.040000915527344,20.010000228881836,19.777822494506836
2016-04-29,1900,19.899999618530273,19.969999313354492,19.969999313354492,19.829999923706055,19.708740234375
2016-04-28,3100,20.25,20.290000915527344,20.290000915527344,20.25,20.024553298950195
2016-04-27,500,20.170000076293945,20.219999313354492,20.219999313354492,20.049999237060547,19.955469131469727
2016-04-26,1000,20.15999984741211,20.110000610351562,20.15999984741211,20.100000381469727,19.846906661987305
2016-04-25,2000,20.309999465942383,20.09000015258789,20.309999465942383,20.079999923706055,19.82716941833496
2016-04-22,1500,20.209999084472656,20.260000228881836,20.260000228881836,20.190000534057617,19.99494743347168
2016-04-21,14300,20.290000915527344,20.209999084472656,20.3799991607666,20.209999084472656,19.945598602294922
2016-04-20,2600,20.139999389648438,20.280000686645508,20.360000610351562,20.1200008392334,20.014684677124023
2016-04-19,3800,20.149999618530273,20.09000015258789,20.149999618530273,20.020000457763672,19.82716941833496
2016-04-18,2400,19.760000228881836,20.010000228881836,20.010000228881836,19.760000228881836,19.74821662902832
2016-04-15,1100,19.950000762939453,19.950000762939453,19.950000762939453,19.950000762939453,19.689002990722656
2016-04-14,5900,19.969999313354492,19.950000762939453,19.969999313354492,19.93000030517578,19.689002990722656
2016-04-13,2700,19.59000015258789,19.8799991607666,19.8799991607666,19.59000015258789,19.619918823242188
2016-04-12,500,19.270000457763672,19.450000762939453,19.450000762939453,19.270000457763672,19.19554328918457
2016-04-11,4200,19.420000076293945,19.360000610351562,19.420000076293945,19.329999923706055,19.10672378540039
2016-04-08,1400,19.299999237060547,19.219999313354492,19.299999237060547,19.219999313354492,18.968551635742188
2016-04-07,1000,19.350000381469727,19.190000534057617,19.350000381469727,19.190000534057617,18.938945770263672
2016-04-06,4400,19.149999618530273,19.399999618530273,19.450000762939453,19.149999618530273,19.146194458007812
2016-04-05,600,19.18000030517578,19.059999465942383,19.18000030517578,19.059999465942383,18.810646057128906
2016-04-04,2100,19.399999618530273,19.3700008392334,19.5,19.3700008392334,19.11659049987793
2016-04-01,2100,19.239999771118164,19.399999618530273,19.399999618530273,19.239999771118164,19.146194458007812
2016-03-31,700,19.309999465942383,19.280000686645508,19.309999465942383,19.280000686645508,19.027767181396484
2016-03-30,3900,19.200000762939453,19.15999984741211,19.219999313354492,19.15999984741211,18.909337997436523
2016-03-29,5200,18.809999465942383,19.06999969482422,19.06999969482422,18.68000030517578,18.820512771606445
2016-03-28,2100,18.760000228881836,18.75,18.780000686645508,18.690000534057617,18.50469970703125
2016-03-24,100,18.639999389648438,18.639999389648438,18.639999389648438,18.639999389648438,18.39613914489746
2016-03-23,2500,19.170000076293945,18.780000686645508,19.170000076293945,18.780000686645508,18.53430938720703
2016-03-22,1000,18.950000762939453,19.1299991607666,19.1299991607666,18.950000762939453,18.879730224609375
2016-03-21,4800,19.1200008392334,19.059999465942383,19.149999618530273,19.020000457763672,18.810646057128906
2016-03-18,700,18.979999542236328,18.940000534057617,19.0,18.940000534057617,18.692216873168945
2016-03-17,6500,18.670000076293945,18.84000015258789,18.84000015258789,18.610000610351562,18.55890655517578
2016-03-16,1100,18.559999465942383,18.670000076293945,18.700000762939453,18.540000915527344,18.391437530517578
2016-03-15,700,18.450000762939453,18.5,18.5,18.450000762939453,18.223976135253906
2016-03-14,2500,18.75,18.799999237060547,18.850000381469727,18.719999313354492,18.519500732421875
2016-03-11,1400,18.790000915527344,18.920000076293945,18.920000076293945,18.790000915527344,18.637710571289062
2016-03-10,600,18.56999969482422,18.43000030517578,18.56999969482422,18.43000030517578,18.155019760131836
2016-03-09,8300,18.469999313354492,18.479999542236328,18.479999542236328,18.309999465942383,18.204273223876953
2016-03-08,4000,18.610000610351562,18.40999984741211,18.610000610351562,18.40999984741211,18.135316848754883
2016-03-07,2200,18.6200008392334,18.829999923706055,18.93000030517578,18.6200008392334,18.54905128479004
2016-03-04,700,18.639999389648438,18.770000457763672,18.84000015258789,18.639999389648438,18.489948272705078
2016-03-03,300,18.549999237060547,18.549999237060547,18.549999237060547,18.549999237060547,18.273231506347656
2016-03-02,900,18.31999969482422,18.56999969482422,18.56999969482422,18.31999969482422,18.292930603027344
2016-03-01,4100,17.989999771118164,18.260000228881836,18.270000457763672,17.989999771118164,17.98755645751953
2016-02-29,2500,18.030000686645508,17.989999771118164,18.030000686645508,17.93000030517578,17.72158432006836
2016-02-26,900,17.719999313354492,17.8799991607666,17.8799991607666,17.719999313354492,17.61322593688965
2016-02-25,800,17.440000534057617,17.559999465942383,17.6200008392334,17.440000534057617,17.297998428344727
2016-02-24,1300,17.25,17.399999618530273,17.399999618530273,17.100000381469727,17.14038848876953
2016-02-23,2700,17.670000076293945,17.5,17.670000076293945,17.5,17.238893508911133
2016-02-22,3300,17.719999313354492,17.81999969482422,17.81999969482422,17.719999313354492,17.554122924804688
2016-02-19,1500,17.270000457763672,17.5,17.5,17.270000457763672,17.238893508911133
2016-02-18,3600,17.56999969482422,17.350000381469727,17.56999969482422,17.31999969482422,17.091135025024414
2016-02-17,900,17.290000915527344,17.489999771118164,17.489999771118164,17.290000915527344,17.229045867919922
2016-02-16,7700,16.540000915527344,16.969999313354492,17.0,16.540000915527344,16.71680450439453
2016-02-12,1300,16.1299991607666,16.260000228881836,16.260000228881836,16.020000457763672,16.017396926879883
2016-02-11,800,15.930000305175781,15.880000114440918,15.930000305175781,15.859999656677246,15.64306640625
2016-02-10,1600,16.329999923706055,16.3700008392334,16.389999389648438,16.309999465942383,16.125755310058594
2016-02-09,8000,16.229999542236328,16.1299991607666,16.229999542236328,15.979999542236328,15.889337539672852
2016-02-08,2300,16.329999923706055,16.09000015258789,16.329999923706055,16.059999465942383,15.849934577941895
2016-02-05,6400,17.25,16.81999969482422,17.25,16.81999969482422,16.569040298461914
2016-02-04,5300,17.06999969482422,17.34000015258789,17.34000015258789,17.06999969482422,17.081281661987305
2016-02-03,400,16.799999237060547,16.8700008392334,16.8700008392334,16.790000915527344,16.618297576904297
2016-02-02,500,17.459999084472656,17.350000381469727,17.459999084472656,17.350000381469727,17.091135025024414
2016-02-01,2700,17.65999984741211,17.670000076293945,17.670000076293945,17.40999984741211,17.406362533569336
2016-01-29,300,17.56999969482422,17.59000015258789,17.59000015258789,17.56999969482422,17.327552795410156
2016-01-28,700,17.469999313354492,17.43000030517578,17.469999313354492,17.43000030517578,17.169939041137695
2016-01-27,1700,17.850000381469727,17.510000228881836,18.0,17.510000228881836,17.248750686645508
2016-01-26,1300,17.829999923706055,17.889999389648438,17.950000762939453,17.729999542236328,17.623075485229492
2016-01-25,7300,18.06999969482422,17.8799991607666,18.06999969482422,17.860000610351562,17.61322593688965
2016-01-22,1900,18.06999969482422,18.1200008392334,18.290000915527344,17.959999084472656,17.849645614624023
2016-01-21,1400,17.75,17.729999542236328,17.770000457763672,17.690000534057617,17.465465545654297
2016-01-20,16500,17.270000457763672,17.700000762939453,17.719999313354492,16.969999313354492,17.4359130859375
2016-01-19,7000,18.149999618530273,17.829999923706055,18.200000762939453,17.610000610351562,17.5639705657959
2016-01-15,9400,17.8700008392334,17.979999542236328,17.979999542236328,17.760000228881836,17.711734771728516
2016-01-14,9900,18.219999313354492,18.40999984741211,18.489999771118164,17.790000915527344,18.135316848754883
2016-01-13,3500,18.739999771118164,18.280000686645508,18.739999771118164,18.25,18.007261276245117
2016-01-12,8700,19.049999237060547,18.790000915527344,19.09000015258789,18.639999389648438,18.5096492767334
2016-01-11,7800,19.010000228881836,18.709999084472656,19.010000228881836,18.510000228881836,18.43084144592285
2016-01-08,1700,19.399999618530273,19.010000228881836,19.399999618530273,19.010000228881836,18.726364135742188
2016-01-07,5200,19.649999618530273,19.25,19.649999618530273,19.209999084472656,18.962783813476562
2016-01-06,2600,19.969999313354492,19.81999969482422,20.059999465942383,19.81999969482422,19.524282455444336
2016-01-05,4000,20.280000686645508,20.229999542236328,20.280000686645508,20.200000762939453,19.92816162109375
2016-01-04,3800,20.600000381469727,20.280000686645508,20.600000381469727,20.170000076293945,19.9774169921875
2015-12-31,15000,20.75,20.889999389648438,20.940000534057617,20.709999084472656,20.57831573486328
2015-12-30,6500,20.920000076293945,20.809999465942383,20.920000076293945,20.809999465942383,20.4995059967041
2015-12-29,2600,20.84000015258789,21.049999237060547,21.049999237060547,20.84000015258789,20.73592758178711
2015-12-28,22800,20.8700008392334,20.780000686645508,20.8700008392334,20.690000534057617,20.469955444335938
2015-12-24,300,20.959999084472656,21.030000686645508,21.030000686645508,20.959999084472656,20.716228485107422
2015-12-23,4600,20.799999237060547,21.0,21.0,20.790000915527344,20.686676025390625
2015-12-22,14200,20.510000228881836,20.670000076293945,20.670000076293945,20.5,20.361597061157227
2015-12-21,6000,20.520000457763672,20.479999542236328,20.520000457763672,20.389999389648438,20.17443084716797
2015-12-18,1200,20.579999923706055,20.450000762939453,20.579999923706055,20.450000762939453,20.144880294799805
2015-12-17,5800,21.15999984741211,20.760000228881836,21.15999984741211,20.719999313354492,20.43860626220703
2015-12-16,3800,20.850000381469727,21.0,21.0,20.719999313354492,20.674884796142578
2015-12-15,2200,20.40999984741211,20.639999389648438,20.639999389648438,20.40999984741211,20.320457458496094
2015-12-14,2300,20.459999084472656,20.360000610351562,20.459999084472656,20.190000534057617,20.04479217529297
2015-12-11,13600,20.799999237060547,20.420000076293945,20.799999237060547,20.420000076293945,20.103866577148438
2015-12-10,1300,20.809999465942383,21.059999465942383,21.1299991607666,20.809999465942383,20.733957290649414
2015-12-09,2900,21.020000457763672,20.8799991607666,21.219999313354492,20.850000381469727,20.556745529174805
2015-12-08,3700,20.84000015258789,21.139999389648438,21.139999389648438,20.84000015258789,20.812719345092773
2015-12-07,11300,21.209999084472656,21.139999389648438,21.25,21.049999237060547,20.812719345092773
2015-12-04,7200,21.280000686645508,21.34000015258789,21.34000015258789,21.200000762939453,21.00962257385254
2015-12-03,1500,21.530000686645508,21.139999389648438,21.530000686645508,21.139999389648438,20.812719345092773
2015-12-02,800,21.649999618530273,21.6299991607666,21.68000030517578,21.6299991607666,21.295135498046875
2015-12-01,2500,21.520000457763672,21.68000030517578,21.690000534057617,21.520000457763672,21.344356536865234
2015-11-30,9400,21.56999969482422,21.530000686645508,21.56999969482422,21.459999084472656,21.19668197631836
2015-11-27,22700,21.43000030517578,21.5,21.510000228881836,21.420000076293945,21.167144775390625
2015-11-25,1200,21.5,21.540000915527344,21.56999969482422,21.5,21.206531524658203
2015-11-24,2100,21.299999237060547,21.40999984741211,21.40999984741211,21.190000534057617,21.078536987304688
2015-11-23,11300,21.290000915527344,21.389999389648438,21.43000030517578,21.290000915527344,21.058847427368164
2015-11-20,4700,21.200000762939453,21.260000228881836,21.360000610351562,21.200000762939453,20.93086814880371
2015-11-19,1400,21.15999984741211,21.149999618530273,21.209999084472656,21.139999389648438,20.82256317138672
2015-11-18,4200,21.0,21.15999984741211,21.170000076293945,20.950000762939453,20.83240509033203
2015-11-17,4000,20.899999618530273,20.899999618530273,21.059999465942383,20.8700008392334,20.576435089111328
2015-11-16,5500,20.709999084472656,20.950000762939453,20.989999771118164,20.709999084472656,20.625661849975586
2015-11-13,3900,20.940000534057617,20.81999969482422,20.950000762939453,20.809999465942383,20.49767303466797
2015-11-12,3500,21.209999084472656,21.1299991607666,21.329999923706055,21.100000381469727,20.802871704101562
2015-11-11,6200,21.579999923706055,21.350000381469727,21.579999923706055,21.34000015258789,21.019468307495117
2015-11-10,1600,21.329999923706055,21.549999237060547,21.559999465942383,21.329999923706055,21.216371536254883
2015-11-09,7900,21.520000457763672,21.600000381469727,21.799999237060547,21.3700008392334,21.26559829711914
2015-11-06,1400,21.90999984741211,21.770000457763672,21.90999984741211,21.709999084472656,21.432966232299805
2015-11-05,1600,21.690000534057617,21.760000228881836,21.790000915527344,21.690000534057617,21.423118591308594
2015-11-04,17500,21.950000762939453,21.979999542236328,22.149999618530273,21.950000762939453,21.63971519470215
2015-11-03,2100,21.780000686645508,21.920000076293945,21.959999084472656,21.770000457763672,21.580646514892578
2015-11-02,16900,21.43000030517578,21.770000457763672,21.780000686645508,21.43000030517578,21.432966232299805
2015-10-30,5700,21.440000534057617,21.469999313354492,21.549999237060547,21.440000534057617,21.137609481811523
2015-10-29,600,21.5,21.479999542236328,21.520000457763672,21.479999542236328,21.1474552154541
2015-10-28,1300,21.440000534057617,21.889999389648438,21.889999389648438,21.440000534057617,21.551111221313477
2015-10-27,1600,21.649999618530273,21.56999969482422,21.690000534057617,21.459999084472656,21.236064910888672
2015-10-26,3500,21.5,21.510000228881836,21.610000610351562,21.5,21.176992416381836
2015-10-23,6900,21.350000381469727,21.530000686645508,21.559999465942383,21.350000381469727,21.19668197631836
2015-10-22,8000,21.09000015258789,21.09000015258789,21.31999969482422,21.09000015258789,20.763490676879883
2015-10-21,5600,21.399999618530273,21.040000915527344,21.399999618530273,21.040000915527344,20.714271545410156
2015-10-20,1400,21.399999618530273,21.40999984741211,21.489999771118164,21.389999389648438,21.078536987304688
2015-10-19,900,21.510000228881836,21.56999969482422,21.56999969482422,21.5,21.236064910888672
2015-10-16,2800,21.489999771118164,21.469999313354492,21.489999771118164,21.399999618530273,21.137609481811523
2015-10-15,5600,21.040000915527344,21.3700008392334,21.3700008392334,21.030000686645508,21.039155960083008
2015-10-14,900,20.90999984741211,21.040000915527344,21.040000915527344,20.899999618530273,20.714271545410156
2015-10-13,23800,21.190000534057617,21.139999389648438,21.350000381469727,21.1200008392334,20.812719345092773
2015-10-12,8100,21.5,21.350000381469727,21.5,21.290000915527344,21.019468307495117
2015-10-09,4300,21.309999465942383,21.399999618530273,21.459999084472656,21.309999465942383,21.068695068359375
2015-10-08,2400,21.030000686645508,21.219999313354492,21.219999313354492,21.010000228881836,20.891481399536133
2015-10-07,7400,20.860000610351562,21.09000015258789,21.09000015258789,20.719999313354492,20.763490676879883
2015-10-06,1900,20.799999237060547,20.6299991607666,20.850000381469727,20.6299991607666,20.31061553955078
2015-10-05,4200,20.6299991607666,20.860000610351562,20.889999389648438,20.6299991607666,20.53705406188965
2015-10-02,13500,19.670000076293945,20.489999771118164,20.489999771118164,19.670000076293945,20.172780990600586
2015-10-01,2700,19.739999771118164,19.829999923706055,19.860000610351562,19.739999771118164,19.523000717163086
2015-09-30,7400,19.729999542236328,19.899999618530273,19.899999618530273,19.719999313354492,19.591915130615234
2015-09-29,2300,19.389999389648438,19.329999923706055,19.540000915527344,19.280000686645508,19.03074073791504
2015-09-28,3400,19.8799991607666,19.360000610351562,19.889999389648438,19.360000610351562,19.060277938842773
2015-09-25,4300,20.549999237060547,20.09000015258789,20.549999237060547,20.049999237060547,19.77897834777832
2015-09-24,2500,20.399999618530273,20.40999984741211,20.40999984741211,20.139999389648438,20.094022750854492
2015-09-23,7600,20.610000610351562,20.5,20.709999084472656,20.5,20.182626724243164
2015-09-22,1700,20.799999237060547,20.59000015258789,20.81999969482422,20.59000015258789,20.271236419677734
2015-09-21,1800,21.43000030517578,21.139999389648438,21.43000030517578,21.139999389648438,20.812719345092773
2015-09-18,8700,21.510000228881836,21.329999923706055,21.510000228881836,21.299999237060547,20.999780654907227
2015-09-17,2800,21.6200008392334,21.729999542236328,21.8799991607666,21.6200008392334,21.39358139038086
2015-09-16,1700,21.31999969482422,21.5,21.559999465942383,21.31999969482422,21.167144775390625
2015-09-15,1600,21.049999237060547,21.229999542236328,21.229999542236328,21.049999237060547,20.90132713317871
2015-09-14,6200,21.15999984741211,21.040000915527344,21.15999984741211,20.989999771118164,20.714271545410156
2015-09-11,3100,20.940000534057617,21.100000381469727,21.100000381469727,20.860000610351562,20.773338317871094
2015-09-10,4100,21.079999923706055,21.110000610351562,21.190000534057617,21.079999923706055,20.783184051513672
2015-09-09,1100,21.489999771118164,21.270000457763672,21.489999771118164,21.270000457763672,20.94070816040039
2015-09-08,5400,21.329999923706055,21.280000686645508,21.479999542236328,21.209999084472656,20.950551986694336
2015-09-04,900,21.139999389648438,21.030000686645508,21.139999389648438,20.969999313354492,20.704423904418945
2015-09-03,6000,21.43000030517578,21.459999084472656,21.639999389648438,21.389999389648438,21.127763748168945
2015-09-02,1900,21.309999465942383,21.299999237060547,21.309999465942383,21.100000381469727,20.970239639282227
2015-09-01,11000,21.290000915527344,21.1299991607666,21.5,21.049999237060547,20.802871704101562
2015-08-31,1700,21.889999389648438,21.809999465942383,21.989999771118164,21.770000457763672,21.47234535217285
2015-08-28,2600,21.899999618530273,21.93000030517578,21.989999771118164,21.8700008392334,21.59049415588379
2015-08-27,5600,21.649999618530273,21.829999923706055,22.010000228881836,21.600000381469727,21.492034912109375
2015-08-26,11100,20.920000076293945,21.260000228881836,21.290000915527344,20.729999542236328,20.93086814880371
2015-08-25,8500,21.1299991607666,20.809999465942383,21.5,20.809999465942383,20.487829208374023
2015-08-24,29500,20.489999771118164,20.850000381469727,21.34000015258789,11.850000381469727,20.527210235595703
2015-08-21,11900,21.790000915527344,21.549999237060547,21.93000030517578,21.489999771118164,21.216371536254883
2015-08-20,17600,22.579999923706055,22.0,22.579999923706055,22.0,21.659408569335938
2015-08-19,2900,22.850000381469727,22.790000915527344,22.850000381469727,22.65999984741211,22.437177658081055
2015-08-18,3200,23.100000381469727,23.06999969482422,23.149999618530273,23.06999969482422,22.71283721923828
2015-08-17,3200,23.020000457763672,23.190000534057617,23.229999542236328,23.020000457763672,22.83098602294922
2015-08-14,6700,22.860000610351562,23.010000228881836,23.010000228881836,22.850000381469727,22.653770446777344
2015-08-13,1600,22.959999084472656,22.920000076293945,23.049999237060547,22.920000076293945,22.565162658691406
2015-08-12,11700,22.799999237060547,22.899999618530273,22.940000534057617,22.5,22.545469284057617
2015-08-11,2800,23.360000610351562,23.09000015258789,23.360000610351562,22.959999084472656,22.732532501220703
2015-08-10,6400,23.3700008392334,23.59000015258789,23.610000610351562,23.3700008392334,23.224790573120117
2015-08-07,5500,23.420000076293945,23.219999313354492,23.420000076293945,23.110000610351562,22.860519409179688
2015-08-06,4600,23.719999313354492,23.389999389648438,23.719999313354492,23.299999237060547,23.027883529663086
2015-08-05,1600,23.989999771118164,23.790000915527344,24.09000015258789,23.790000915527344,23.421693801879883
2015-08-04,800,23.639999389648438,23.799999237060547,23.860000610351562,23.639999389648438,23.431533813476562
2015-08-03,7300,24.010000228881836,23.799999237060547,24.020000457763672,23.799999237060547,23.431533813476562
2015-07-31,3700,23.8700008392334,24.040000915527344,24.1299991607666,23.8700008392334,23.667823791503906
2015-07-30,5500,23.940000534057617,24.049999237060547,24.049999237060547,23.940000534057617,23.677669525146484
2015-07-29,3000,24.010000228881836,24.059999465942383,24.079999923706055,23.8799991607666,23.687511444091797
2015-07-28,8900,23.809999465942383,24.059999465942383,24.110000610351562,23.65999984741211,23.687511444091797
2015-07-27,4000,24.0,23.700000762939453,24.0,23.700000762939453,23.333087921142578
2015-07-24,4200,24.6299991607666,24.209999084472656,24.6299991607666,24.170000076293945,23.835189819335938
2015-07-23,5400,24.600000381469727,24.479999542236328,24.700000762939453,24.479999542236328,24.10101318359375
2015-07-22,3800,24.40999984741211,24.6200008392334,24.6299991607666,24.40999984741211,24.238842010498047
2015-07-21,1100,24.6200008392334,24.530000686645508,24.6200008392334,24.459999084472656,24.150236129760742
2015-07-20,2300,24.68000030517578,24.549999237060547,24.68000030517578,24.459999084472656,24.1699275970459
2015-07-17,2000,24.520000457763672,24.540000915527344,24.6200008392334,24.520000457763672,24.16008186340332
2015-07-16,6800,24.389999389648438,24.5,24.549999237060547,24.389999389648438,24.12070083618164
2015-07-15,3400,24.549999237060547,24.329999923706055,24.549999237060547,24.31999969482422,23.95333480834961
2015-07-14,1300,24.5,24.520000457763672,24.520000457763672,24.479999542236328,24.140392303466797
2015-07-13,3100,24.170000076293945,24.329999923706055,24.34000015258789,24.170000076293945,23.95333480834961
2015-07-10,5500,23.969999313354492,23.979999542236328,24.020000457763672,23.899999618530273,23.60875129699707
2015-07-09,1200,23.84000015258789,23.770000457763672,23.940000534057617,23.770000457763672,23.402000427246094
2015-07-08,3000,23.670000076293945,23.43000030517578,23.700000762939453,23.43000030517578,23.067264556884766
2015-07-07,5000,23.75,23.8799991607666,23.8799991607666,23.270000457763672,23.51030158996582
2015-07-06,12100,23.93000030517578,23.81999969482422,24.030000686645508,23.75,23.451229095458984
2015-07-02,6900,24.209999084472656,24.049999237060547,24.229999542236328,24.049999237060547,23.677669525146484
2015-07-01,8000,24.34000015258789,24.170000076293945,24.34000015258789,24.100000381469727,23.795812606811523
2015-06-30,3000,24.1200008392334,24.149999618530273,24.149999618530273,24.079999923706055,23.7761173248291
2015-06-29,4700,24.190000534057617,23.8799991607666,24.200000762939453,23.8799991607666,23.51030158996582
2015-06-26,8300,24.649999618530273,24.440000534057617,24.649999618530273,24.43000030517578,24.061630249023438
2015-06-25,10700,24.719999313354492,24.690000534057617,24.719999313354492,24.649999618530273,24.307762145996094
2015-06-24,6900,24.809999465942383,24.639999389648438,24.899999618530273,24.639999389648438,24.258535385131836
2015-06-23,28800,24.8799991607666,24.850000381469727,25.010000228881836,24.850000381469727,24.465286254882812
2015-06-22,11300,24.979999542236328,24.899999618530273,25.0,24.899999618530273,24.514507293701172
2015-06-19,23800,25.030000686645508,24.959999084472656,25.030000686645508,24.90999984741211,24.573577880859375
2015-06-18,8200,24.979999542236328,24.969999313354492,25.030000686645508,24.93000030517578,24.58342170715332
2015-06-17,4800,24.8799991607666,24.81999969482422,24.920000076293945,24.729999542236328,24.435747146606445
2015-06-16,2000,24.610000610351562,24.790000915527344,24.790000915527344,24.610000610351562,24.406213760375977
2015-06-15,3200,24.75,24.739999771118164,24.75,24.549999237060547,24.35698699951172
2015-06-12,5900,24.790000915527344,24.809999465942383,24.850000381469727,24.790000915527344,24.425901412963867
2015-06-11,1700,24.8799991607666,24.790000915527344,24.8799991607666,24.790000915527344,24.406213760375977
2015-06-10,16200,24.790000915527344,24.780000686645508,24.81999969482422,24.700000762939453,24.3963680267334
2015-06-09,6600,24.5,24.68000030517578,24.68000030517578,24.5,24.297910690307617
2015-06-08,4800,24.959999084472656,24.690000534057617,24.959999084472656,24.690000534057617,24.307762145996094
2015-06-05,1400,24.860000610351562,24.899999618530273,24.920000076293945,24.860000610351562,24.514507293701172
2015-06-04,2900,24.950000762939453,24.719999313354492,24.950000762939453,24.719999313354492,24.337295532226562
2015-06-03,5400,24.799999237060547,24.90999984741211,24.93000030517578,24.799999237060547,24.52435302734375
2015-06-02,1200,24.81999969482422,24.75,24.84000015258789,24.729999542236328,24.36682891845703
2015-06-01,4200,24.719999313354492,24.799999237060547,24.809999465942383,24.600000381469727,24.416057586669922
2015-05-29,1900,24.709999084472656,24.6299991607666,24.709999084472656,24.6299991607666,24.248687744140625
2015-05-28,2600,24.729999542236328,24.75,24.770000457763672,24.709999084472656,24.36682891845703
2015-05-27,1200,24.719999313354492,24.739999771118164,24.739999771118164,24.700000762939453,24.35698699951172
2015-05-26,3200,24.90999984741211,24.709999084472656,24.90999984741211,24.700000762939453,24.327449798583984
2015-05-22,5500,24.8799991607666,24.950000762939453,24.950000762939453,24.8799991607666,24.56373405456543
2015-05-21,2900,24.760000228881836,24.8700008392334,24.889999389648438,24.760000228881836,24.484975814819336
2015-05-20,4200,24.790000915527344,24.739999771118164,24.790000915527344,24.610000610351562,24.35698699951172
2015-05-19,2900,24.5,24.65999984741211,24.68000030517578,24.5,24.278226852416992
2015-05-18,3600,24.530000686645508,24.540000915527344,24.559999465942383,24.5,24.16008186340332
2015-05-15,5500,24.510000228881836,24.549999237060547,24.549999237060547,24.469999313354492,24.1699275970459
2015-05-14,3000,24.729999542236328,24.540000915527344,24.729999542236328,24.440000534057617,24.16008186340332
2015-05-13,3100,24.420000076293945,24.40999984741211,24.450000762939453,24.34000015258789,24.032094955444336
2015-05-12,5000,24.40999984741211,24.3700008392334,24.40999984741211,24.190000534057617,23.992713928222656
2015-05-11,7700,24.399999618530273,24.3799991607666,24.5,24.3700008392334,24.0025577545166
2015-05-08,11800,24.34000015258789,24.40999984741211,24.479999542236328,24.34000015258789,24.032094955444336
2015-05-07,8000,24.030000686645508,24.1200008392334,24.1299991607666,23.969999313354492,23.746583938598633
2015-05-06,7800,23.8799991607666,23.84000015258789,23.8799991607666,23.790000915527344,23.470918655395508
2015-05-05,3100,24.149999618530273,23.829999923706055,24.149999618530273,23.829999923706055,23.461071014404297
2015-05-04,5200,24.25,24.190000534057617,24.25,24.18000030517578,23.815500259399414
2015-05-01,1100,24.06999969482422,24.149999618530273,24.15999984741211,24.06999969482422,23.7761173248291
2015-04-30,6400,24.389999389648438,24.06999969482422,24.389999389648438,23.920000076293945,23.697359085083008
2015-04-29,30200,24.56999969482422,24.25,24.56999969482422,24.229999542236328,23.87457275390625
2015-04-28,12700,25.260000228881836,24.670000076293945,25.260000228881836,24.600000381469727,24.288070678710938
2015-04-27,5300,25.100000381469727,25.030000686645508,25.3700008392334,25.030000686645508,24.642498016357422
2015-04-24,1300,25.040000915527344,25.110000610351562,25.200000762939453,25.040000915527344,24.72125816345215
2015-04-23,2900,24.93000030517578,25.06999969482422,25.1200008392334,24.93000030517578,24.68187713623047
2015-04-22,9500,24.8700008392334,24.979999542236328,25.020000457763672,24.8700008392334,24.593271255493164
2015-04-21,1800,24.959999084472656,24.93000030517578,24.959999084472656,24.920000076293945,24.544042587280273
2015-04-20,8400,24.899999618530273,24.81999969482422,24.899999618530273,24.75,24.435747146606445
2015-04-17,8500,25.010000228881836,24.670000076293945,25.010000228881836,24.670000076293945,24.288070678710938
2015-04-16,8400,25.1200008392334,25.1200008392334,25.1299991607666,25.0,24.731101989746094
2015-04-15,8700,25.049999237060547,25.059999465942383,25.1200008392334,24.989999771118164,24.67203140258789
2015-04-14,900,24.850000381469727,24.81999969482422,24.850000381469727,24.719999313354492,24.435747146606445
2015-04-13,3700,25.020000457763672,24.889999389648438,25.040000915527344,24.8700008392334,24.504663467407227
2015-04-10,2000,24.8799991607666,24.889999389648438,24.889999389648438,24.84000015258789,24.504663467407227
2015-04-09,5400,24.989999771118164,24.889999389648438,25.0,24.799999237060547,24.504663467407227
2015-04-08,1600,24.8799991607666,24.899999618530273,24.899999618530273,24.809999465942383,24.514507293701172
2015-04-07,10400,24.389999389648438,24.600000381469727,24.719999313354492,24.389999389648438,24.219152450561523
2015-04-06,7000,24.280000686645508,24.459999084472656,24.510000228881836,24.280000686645508,24.081323623657227
2015-04-02,2400,24.270000457763672,24.309999465942383,24.34000015258789,24.270000457763672,23.93364143371582
2015-04-01,2600,24.360000610351562,24.219999313354492,24.3799991607666,24.219999313354492,23.845033645629883
2015-03-31,2800,24.450000762939453,24.420000076293945,24.549999237060547,24.420000076293945,24.041940689086914
2015-03-30,8400,24.489999771118164,24.489999771118164,24.530000686645508,24.3700008392334,24.110858917236328
2015-03-27,5100,24.309999465942383,24.3700008392334,24.3799991607666,24.280000686645508,23.992713928222656
2015-03-26,5900,24.15999984741211,24.229999542236328,24.280000686645508,24.149999618530273,23.85487937927246
2015-03-25,2700,24.510000228881836,24.299999237060547,24.510000228881836,24.219999313354492,23.923799514770508
2015-03-24,5500,24.389999389648438,24.690000534057617,24.690000534057617,24.389999389648438,24.307762145996094
2015-03-23,2400,24.610000610351562,24.56999969482422,24.65999984741211,24.56999969482422,24.189619064331055
2015-03-20,9400,24.700000762939453,24.639999389648438,24.739999771118164,24.639999389648438,24.258535385131836
2015-03-19,11400,24.549999237060547,24.59000015258789,24.600000381469727,24.510000228881836,24.198959350585938
2015-03-18,3300,24.149999618530273,24.520000457763672,24.600000381469727,24.149999618530273,24.13007354736328
2015-03-17,1200,24.190000534057617,24.25,24.25,24.170000076293945,23.86436653137207
2015-03-16,6200,24.030000686645508,24.149999618530273,24.149999618530273,24.030000686645508,23.765954971313477
2015-03-13,2300,24.06999969482422,23.850000381469727,24.06999969482422,23.850000381469727,23.470727920532227
2015-03-12,1700,23.8799991607666,24.049999237060547,24.049999237060547,23.8799991607666,23.667551040649414
2015-03-11,5700,23.709999084472656,23.770000457763672,23.81999969482422,23.709999084472656,23.391996383666992
2015-03-10,15900,23.90999984741211,23.729999542236328,23.90999984741211,23.670000076293945,23.35263442993164
2015-03-09,7100,23.950000762939453,24.010000228881836,24.010000228881836,23.950000762939453,23.628183364868164
2015-03-06,1600,24.049999237060547,23.93000030517578,24.219999313354492,23.93000030517578,23.549457550048828
2015-03-05,2300,24.239999771118164,24.239999771118164,24.309999465942383,24.239999771118164,23.854524612426758
2015-03-04,6600,24.020000457763672,24.18000030517578,24.219999313354492,23.969999313354492,23.79547882080078
2015-03-03,5100,24.149999618530273,24.139999389648438,24.229999542236328,24.09000015258789,23.75611686706543
2015-03-02,14300,24.100000381469727,24.200000762939453,24.200000762939453,24.030000686645508,23.81516456604004
2015-02-27,4200,24.260000228881836,24.100000381469727,24.260000228881836,24.100000381469727,23.71674919128418
2015-02-26,14200,24.18000030517578,24.260000228881836,24.309999465942383,24.18000030517578,23.874208450317383
2015-02-25,6800,24.079999923706055,24.170000076293945,24.209999084472656,24.079999923706055,23.7856388092041
2015-02-24,11600,24.170000076293945,24.09000015258789,24.190000534057617,24.049999237060547,23.7069091796875
2015-02-23,11200,24.219999313354492,24.1200008392334,24.280000686645508,24.1200008392334,23.736433029174805
2015-02-20,7400,24.06999969482422,24.290000915527344,24.329999923706055,24.06999969482422,23.903730392456055
2015-02-19,1500,24.110000610351562,24.229999542236328,24.229999542236328,24.110000610351562,23.844682693481445
2015-02-18,7400,24.030000686645508,24.110000610351562,24.15999984741211,24.030000686645508,23.726594924926758
2015-02-17,4800,24.09000015258789,24.030000686645508,24.09000015258789,24.0,23.647869110107422
2015-02-13,10400,23.959999084472656,24.0,24.030000686645508,23.90999984741211,23.618345260620117
2015-02-12,7700,23.770000457763672,23.90999984741211,23.93000030517578,23.760000228881836,23.529773712158203
2015-02-11,3200,23.56999969482422,23.600000381469727,23.65999984741211,23.56999969482422,23.22470474243164
2015-02-10,2200,23.239999771118164,23.389999389648438,23.389999389648438,23.200000762939453,23.01803970336914
2015-02-09,19700,23.209999084472656,23.170000076293945,23.280000686645508,23.170000076293945,22.801542282104492
2015-02-06,12700,23.260000228881836,23.270000457763672,23.469999313354492,23.260000228881836,22.899951934814453
2015-02-05,8300,22.969999313354492,23.059999465942383,23.110000610351562,22.969999313354492,22.69329071044922
2015-02-04,15600,22.860000610351562,22.8700008392334,22.920000076293945,22.790000915527344,22.506315231323242
2015-02-03,8200,22.469999313354492,22.81999969482422,22.829999923706055,22.469999313354492,22.457107543945312
2015-02-02,2800,22.270000457763672,22.1200008392334,22.31999969482422,22.020000457763672,21.768239974975586
2015-01-30,16700,22.239999771118164,22.170000076293945,22.3700008392334,22.059999465942383,21.81744384765625
2015-01-29,10700,22.450000762939453,22.389999389648438,22.450000762939453,22.079999923706055,22.033946990966797
2015-01-28,2800,22.920000076293945,22.579999923706055,22.940000534057617,22.579999923706055,22.22092628479004
2015-01-27,4000,22.90999984741211,22.979999542236328,23.0,22.760000228881836,22.614561080932617
2015-01-26,6400,22.8799991607666,23.139999389648438,23.139999389648438,22.8799991607666,22.772014617919922
2015-01-23,5600,22.809999465942383,22.899999618530273,22.959999084472656,22.809999465942383,22.53583335876465
2015-01-22,29300,22.649999618530273,22.850000381469727,22.90999984741211,22.530000686645508,22.486631393432617
2015-01-21,17000,22.43000030517578,22.510000228881836,22.649999618530273,22.43000030517578,22.152034759521484
2015-01-20,12100,22.389999389648438,22.40999984741211,22.43000030517578,22.229999542236328,22.053630828857422
2015-01-16,20400,22.010000228881836,22.329999923706055,22.329999923706055,22.010000228881836,21.97490119934082
2015-01-15,13700,22.59000015258789,22.100000381469727,22.59000015258789,22.06999969482422,21.748558044433594
2015-01-14,7700,22.260000228881836,22.59000015258789,22.600000381469727,22.260000228881836,22.23076629638672
2015-01-13,9500,22.899999618530273,22.68000030517578,22.989999771118164,22.510000228881836,22.319334030151367
2015-01-12,3100,23.040000915527344,22.729999542236328,23.040000915527344,22.729999542236328,22.368541717529297
2015-01-09,4700,23.0,23.06999969482422,23.09000015258789,22.860000610351562,22.7031307220459
2015-01-08,11700,22.3700008392334,23.030000686645508,23.030000686645508,22.3700008392334,22.663768768310547
2015-01-07,5100,22.68000030517578,22.559999465942383,22.68000030517578,22.559999465942383,22.20124053955078
2015-01-06,7100,22.399999618530273,22.520000457763672,22.579999923706055,22.190000534057617,22.161876678466797
2015-01-05,14000,22.450000762939453,22.399999618530273,22.75,22.399999618530273,22.043787002563477
2015-01-02,5700,23.06999969482422,22.719999313354492,23.06999969482422,22.670000076293945,22.35869598388672
2014-12-31,34400,23.110000610351562,22.81999969482422,23.110000610351562,22.81999969482422,22.457107543945312
2014-12-30,5900,23.100000381469727,22.93000030517578,23.110000610351562,22.8799991607666,22.565357208251953
2014-12-29,6200,23.239999771118164,23.149999618530273,23.239999771118164,23.100000381469727,22.7818603515625
2014-12-26,4900,23.170000076293945,23.229999542236328,23.309999465942383,23.170000076293945,22.86058807373047
2014-12-24,5700,23.190000534057617,23.229999542236328,23.299999237060547,23.139999389648438,22.86058807373047
2014-12-23,21200,23.15999984741211,23.110000610351562,23.270000457763672,23.06999969482422,22.74249839782715
2014-12-22,6200,23.049999237060547,23.200000762939453,23.200000762939453,22.969999313354492,22.831066131591797
2014-12-19,8200,23.59000015258789,23.040000915527344,23.59000015258789,21.979999542236328,22.67361068725586
2014-12-18,9300,23.229999542236328,23.360000610351562,23.360000610351562,23.229999542236328,22.483253479003906
2014-12-17,4800,22.3799991607666,22.93000030517578,22.93000030517578,22.3799991607666,22.06939125061035
2014-12-16,24600,22.3799991607666,22.399999618530273,22.770000457763672,22.299999237060547,21.559288024902344
2014-12-15,6100,22.829999923706055,22.56999969482422,22.8799991607666,22.559999465942383,21.722904205322266
2014-12-12,14900,22.899999618530273,22.829999923706055,22.920000076293945,22.790000915527344,21.973148345947266
2014-12-11,8300,22.8700008392334,22.899999618530273,23.239999771118164,22.8700008392334,22.040515899658203
2014-12-10,8900,23.059999465942383,22.799999237060547,23.190000534057617,22.790000915527344,21.944276809692383
2014-12-09,5900,22.75,23.239999771118164,23.239999771118164,22.739999771118164,22.367759704589844
2014-12-08,6800,23.280000686645508,23.049999237060547,23.280000686645508,22.920000076293945,22.184890747070312
2014-12-05,7600,23.600000381469727,23.360000610351562,23.600000381469727,23.360000610351562,22.483253479003906
2014-12-04,16000,23.610000610351562,23.43000030517578,23.610000610351562,23.3700008392334,22.550628662109375
2014-12-03,2300,23.520000457763672,23.610000610351562,23.610000610351562,23.520000457763672,22.723875045776367
2014-12-02,5000,23.25,23.469999313354492,23.469999313354492,23.25,22.589126586914062
2014-12-01,10600,23.729999542236328,23.25,23.729999542236328,23.219999313354492,22.37738609313965
2014-11-28,1800,23.889999389648438,23.790000915527344,23.899999618530273,23.780000686645508,22.897117614746094
2014-11-26,2900,23.899999618530273,23.989999771118164,24.0,23.899999618530273,23.089609146118164
2014-11-25,7400,24.139999389648438,23.8700008392334,24.139999389648438,23.850000381469727,22.974111557006836
2014-11-24,12900,23.889999389648438,24.030000686645508,24.030000686645508,23.889999389648438,23.128110885620117
2014-11-21,6400,23.920000076293945,23.850000381469727,23.979999542236328,23.850000381469727,22.954864501953125
2014-11-20,14800,23.450000762939453,23.700000762939453,23.760000228881836,23.440000534057617,22.810497283935547
2014-11-19,9700,23.56999969482422,23.520000457763672,23.649999618530273,23.440000534057617,22.63724708557129
2014-11-18,8000,23.639999389648438,23.780000686645508,23.860000610351562,23.639999389648438,22.887489318847656
2014-11-17,5300,23.899999618530273,23.729999542236328,23.899999618530273,23.639999389648438,22.839365005493164
2014-11-14,3300,23.65999984741211,23.809999465942383,23.81999969482422,23.649999618530273,22.916364669799805
2014-11-13,18800,23.940000534057617,23.600000381469727,23.989999771118164,23.600000381469727,22.714248657226562
2014-11-12,12700,23.520000457763672,23.8700008392334,23.90999984741211,23.520000457763672,22.974111557006836
2014-11-11,20900,23.469999313354492,23.690000534057617,23.690000534057617,23.420000076293945,22.800870895385742
2014-11-10,9300,23.600000381469727,23.56999969482422,23.68000030517578,23.540000915527344,22.685373306274414
2014-11-07,12800,23.5,23.520000457763672,23.600000381469727,23.40999984741211,22.63724708557129
2014-11-06,11900,23.06999969482422,23.399999618530273,23.399999618530273,23.06999969482422,22.521751403808594
2014-11-05,2500,23.299999237060547,23.110000610351562,23.299999237060547,23.110000610351562,22.242639541625977
2014-11-04,5300,23.049999237060547,23.110000610351562,23.149999618530273,22.989999771118164,22.242639541625977
2014-11-03,39300,22.940000534057617,23.06999969482422,23.280000686645508,22.940000534057617,22.20413589477539
2014-10-31,13900,23.030000686645508,22.989999771118164,23.030000686645508,22.920000076293945,22.12714195251465
2014-10-30,9000,22.670000076293945,22.799999237060547,22.8700008392334,22.549999237060547,21.944276809692383
2014-10-29,8500,22.899999618530273,22.649999618530273,22.90999984741211,22.649999618530273,21.79990005493164
2014-10-28,138400,22.68000030517578,22.899999618530273,22.90999984741211,22.479999542236328,22.040515899658203
2014-10-27,5500,22.56999969482422,22.739999771118164,22.780000686645508,22.209999084472656,21.886526107788086
2014-10-24,6500,22.799999237060547,22.799999237060547,22.799999237060547,22.649999618530273,21.944276809692383
2014-10-23,6500,22.56999969482422,22.690000534057617,22.799999237060547,22.549999237060547,21.838401794433594
2014-10-22,8600,22.670000076293945,22.290000915527344,22.770000457763672,22.290000915527344,21.453414916992188
2014-10-21,5600,22.3700008392334,22.6200008392334,22.65999984741211,22.3700008392334,21.771028518676758
2014-10-20,5000,21.84000015258789,22.139999389648438,22.139999389648438,21.84000015258789,21.309040069580078
2014-10-17,10000,21.93000030517578,21.8799991607666,22.09000015258789,21.799999237060547,21.058801651000977
2014-10-16,23800,20.84000015258789,21.59000015258789,21.799999237060547,20.84000015258789,20.779685974121094
2014-10-15,30900,20.979999542236328,21.34000015258789,21.360000610351562,20.6200008392334,20.539066314697266
2014-10-14,13200,21.299999237060547,21.239999771118164,21.479999542236328,21.049999237060547,20.442825317382812
2014-10-13,21800,21.729999542236328,21.190000534057617,21.729999542236328,21.170000076293945,20.39470100402832
2014-10-10,33100,22.389999389648438,21.739999771118164,22.389999389648438,21.739999771118164,20.924053192138672
2014-10-09,6100,22.770000457763672,22.450000762939453,22.84000015258789,22.40999984741211,21.607410430908203
2014-10-08,20900,22.520000457763672,22.81999969482422,22.81999969482422,22.239999771118164,21.96352195739746
2014-10-07,20100,22.719999313354492,22.56999969482422,22.8799991607666,22.56999969482422,21.722904205322266
2014-10-06,7800,22.989999771118164,22.850000381469727,23.100000381469727,22.770000457763672,21.99239730834961
2014-10-03,16200,22.8700008392334,22.969999313354492,23.06999969482422,22.8700008392334,22.107894897460938
2014-10-02,91800,22.469999313354492,22.709999084472656,22.75,22.329999923706055,21.857648849487305
2014-10-01,22100,22.899999618530273,22.459999084472656,23.25,22.440000534057617,21.617033004760742
2014-09-30,13600,23.040000915527344,22.979999542236328,23.09000015258789,22.90999984741211,22.117515563964844
2014-09-29,17700,22.850000381469727,23.079999923706055,23.110000610351562,22.809999465942383,22.213764190673828
2014-09-26,12100,22.979999542236328,22.979999542236328,23.0,22.850000381469727,22.117515563964844
2014-09-25,19200,23.149999618530273,22.809999465942383,23.149999618530273,22.809999465942383,21.953895568847656
2014-09-24,99500,22.93000030517578,23.18000030517578,23.229999542236328,22.93000030517578,22.310012817382812
2014-09-23,38500,23.15999984741211,23.020000457763672,23.219999313354492,22.969999313354492,22.156015396118164
2014-09-22,31700,23.579999923706055,23.15999984741211,23.579999923706055,23.09000015258789,22.290760040283203
2014-09-19,112500,23.649999618530273,23.56999969482422,23.799999237060547,23.34000015258789,22.685373306274414
2014-09-18,151100,23.65999984741211,23.489999771118164,23.65999984741211,23.43000030517578,22.59828758239746
2014-09-17,42100,23.489999771118164,23.459999084472656,23.579999923706055,23.399999618530273,22.569427490234375
2014-09-16,84600,23.059999465942383,23.3700008392334,23.399999618530273,23.049999237060547,22.48284149169922
2014-09-15,33300,23.700000762939453,23.139999389648438,23.700000762939453,23.059999465942383,22.261573791503906
2014-09-12,27400,23.8799991607666,23.6200008392334,23.8799991607666,23.59000015258789,22.72335433959961
2014-09-11,121800,23.719999313354492,23.809999465942383,23.850000381469727,23.690000534057617,22.906143188476562
2014-09-10,11200,23.6299991607666,23.75,23.780000686645508,23.549999237060547,22.848421096801758
2014-09-09,24100,23.829999923706055,23.56999969482422,23.829999923706055,23.520000457763672,22.675251007080078
2014-09-08,51500,23.639999389648438,23.760000228881836,23.81999969482422,23.6200008392334,22.85803985595703
2014-09-05,6300,23.329999923706055,23.56999969482422,23.579999923706055,23.299999237060547,22.675251007080078
2014-09-04,4600,23.579999923706055,23.360000610351562,23.649999618530273,23.309999465942383,22.473224639892578
2014-09-03,9700,23.790000915527344,23.489999771118164,23.790000915527344,23.469999313354492,22.59828758239746
2014-09-02,8800,23.600000381469727,23.639999389648438,23.65999984741211,23.530000686645508,22.74259376525879
2014-08-29,7300,23.489999771118164,23.5,23.530000686645508,23.34000015258789,22.607908248901367
2014-08-28,19100,23.299999237060547,23.290000915527344,23.350000381469727,23.170000076293945,22.405885696411133
2014-08-27,10200,23.270000457763672,23.299999237060547,23.34000015258789,23.219999313354492,22.415502548217773
2014-08-26,7200,23.100000381469727,23.25,23.290000915527344,23.100000381469727,22.367399215698242
2014-08-25,9800,23.040000915527344,23.040000915527344,23.059999465942383,22.979999542236328,22.16537094116211
2014-08-22,11200,22.84000015258789,23.010000228881836,23.010000228881836,22.829999923706055,22.13650894165039
2014-08-21,6600,22.989999771118164,22.8799991607666,22.989999771118164,22.829999923706055,22.011445999145508
2014-08-20,5100,22.799999237060547,22.93000030517578,22.93000030517578,22.799999237060547,22.059551239013672
2014-08-19,2700,22.799999237060547,22.829999923706055,22.829999923706055,22.799999237060547,21.963346481323242
2014-08-18,4100,22.649999618530273,22.670000076293945,22.68000030517578,22.6299991607666,21.809419631958008
2014-08-15,3300,22.579999923706055,22.489999771118164,22.6200008392334,22.399999618530273,21.63625144958496
2014-08-14,2600,22.350000381469727,22.440000534057617,22.479999542236328,22.350000381469727,21.588146209716797
2014-08-13,2700,22.200000762939453,22.31999969482422,22.329999923706055,22.200000762939453,21.472702026367188
2014-08-12,2500,22.270000457763672,22.200000762939453,22.31999969482422,22.149999618530273,21.357255935668945
2014-08-11,3500,22.270000457763672,22.25,22.309999465942383,22.170000076293945,21.40536117553711
2014-08-08,1500,22.06999969482422,22.049999237060547,22.06999969482422,21.959999084472656,21.21295166015625
2014-08-07,8800,22.059999465942383,21.90999984741211,22.1299991607666,21.90999984741211,21.078269958496094
2014-08-06,3000,21.8799991607666,21.950000762939453,22.030000686645508,21.8799991607666,21.11675453186035
2014-08-05,4900,22.200000762939453,22.030000686645508,22.25,22.0,21.193714141845703
2014-08-04,3000,22.1299991607666,22.309999465942383,22.309999465942383,22.1200008392334,21.463085174560547
2014-08-01,11700,22.43000030517578,22.079999923706055,22.43000030517578,21.969999313354492,21.241811752319336
2014-07-31,12800,22.469999313354492,22.350000381469727,22.530000686645508,22.290000915527344,21.50156593322754
2014-07-30,24000,22.829999923706055,22.790000915527344,22.93000030517578,22.75,21.924863815307617
2014-07-29,5900,22.3700008392334,22.329999923706055,22.420000076293945,22.31999969482422,21.48232650756836
2014-07-28,21400,22.309999465942383,22.309999465942383,22.329999923706055,22.15999984741211,21.463085174560547
2014-07-25,8300,22.459999084472656,22.389999389648438,22.489999771118164,22.350000381469727,21.5400447845459
2014-07-24,11900,22.469999313354492,22.510000228881836,22.549999237060547,22.43000030517578,21.655487060546875
2014-07-23,15900,22.34000015258789,22.34000015258789,22.399999618530273,22.309999465942383,21.491945266723633
2014-07-22,9000,22.270000457763672,22.329999923706055,22.43000030517578,22.270000457763672,21.48232650756836
2014-07-21,20100,21.979999542236328,22.209999084472656,22.229999542236328,21.979999542236328,21.366878509521484
2014-07-18,5800,21.809999465942383,22.06999969482422,22.079999923706055,21.809999465942383,21.232192993164062
2014-07-17,6400,22.06999969482422,21.780000686645508,22.079999923706055,21.780000686645508,20.953203201293945
2014-07-16,3900,22.030000686645508,22.09000015258789,22.139999389648438,22.030000686645508,21.251436233520508
2014-07-15,2700,22.34000015258789,22.010000228881836,22.34000015258789,21.979999542236328,21.174470901489258
2014-07-14,5100,22.219999313354492,22.239999771118164,22.34000015258789,22.219999313354492,21.39574432373047
2014-07-11,6800,22.1299991607666,22.149999618530273,22.149999618530273,22.100000381469727,21.309152603149414
2014-07-10,5800,22.0,22.149999618530273,22.209999084472656,21.75,21.309152603149414
2014-07-09,7700,22.309999465942383,22.239999771118164,22.309999465942383,22.139999389648438,21.39574432373047
2014-07-08,19800,22.600000381469727,22.1299991607666,22.600000381469727,22.020000457763672,21.289915084838867
2014-07-07,23800,22.93000030517578,22.670000076293945,22.93000030517578,22.649999618530273,21.809419631958008
2014-07-03,10400,23.06999969482422,23.020000457763672,23.079999923706055,22.940000534057617,22.14613151550293
2014-07-02,5400,23.219999313354492,23.0,23.219999313354492,23.0,22.126888275146484
2014-07-01,10600,22.979999542236328,23.09000015258789,23.200000762939453,22.979999542236328,22.21347427368164
2014-06-30,7800,22.719999313354492,22.899999618530273,22.959999084472656,22.719999313354492,22.030685424804688
2014-06-27,9400,22.84000015258789,22.780000686645508,22.850000381469727,22.780000686645508,21.915239334106445
2014-06-26,9700,22.809999465942383,22.809999465942383,22.809999465942383,22.56999969482422,21.944103240966797
2014-06-25,6500,22.530000686645508,22.639999389648438,22.65999984741211,22.479999542236328,21.780553817749023
2014-06-24,18700,22.760000228881836,22.5,22.770000457763672,22.43000030517578,21.645870208740234
2014-06-23,15700,22.549999237060547,22.719999313354492,22.719999313354492,22.549999237060547,21.85751724243164
2014-06-20,5600,22.479999542236328,22.549999237060547,22.559999465942383,22.440000534057617,21.693971633911133
2014-06-19,6800,22.700000762939453,22.559999465942383,22.700000762939453,22.5,21.677623748779297
2014-06-18,14200,22.420000076293945,22.6200008392334,22.6200008392334,22.40999984741211,21.735271453857422
2014-06-17,7100,22.270000457763672,22.459999084472656,22.489999771118164,22.270000457763672,21.58152961730957
2014-06-16,9300,22.149999618530273,22.260000228881836,22.260000228881836,22.149999618530273,21.389354705810547
2014-06-13,11400,22.049999237060547,22.1299991607666,22.18000030517578,21.950000762939453,21.264436721801758
2014-06-12,8600,22.139999389648438,22.049999237060547,22.190000534057617,22.049999237060547,21.187562942504883
2014-06-11,10700,22.0,22.079999923706055,22.079999923706055,22.0,21.21639060974121
2014-06-10,8200,21.93000030517578,22.06999969482422,22.079999923706055,21.920000076293945,21.206783294677734
2014-06-09,11800,21.84000015258789,21.940000534057617,22.059999465942383,21.84000015258789,21.08186912536621
2014-06-06,14100,21.780000686645508,21.84000015258789,21.850000381469727,21.709999084472656,20.985782623291016
2014-06-05,5200,21.639999389648438,21.719999313354492,21.809999465942383,21.540000915527344,20.87047576904297
2014-06-04,4700,21.290000915527344,21.540000915527344,21.540000915527344,21.280000686645508,20.697513580322266
2014-06-03,7300,21.170000076293945,21.3700008392334,21.3700008392334,21.170000076293945,20.534160614013672
2014-06-02,8100,21.3799991607666,21.309999465942383,21.3799991607666,21.200000762939453,20.47650909423828
2014-05-30,2600,21.479999542236328,21.34000015258789,21.489999771118164,21.290000915527344,20.505332946777344
2014-05-29,3900,21.59000015258789,21.5,21.6299991607666,21.459999084472656,20.65907859802246
2014-05-28,7900,21.5,21.5,21.510000228881836,21.360000610351562,20.65907859802246
2014-05-27,9700,21.299999237060547,21.450000762939453,21.450000762939453,21.299999237060547,20.611032485961914
2014-05-23,7900,21.09000015258789,21.209999084472656,21.209999084472656,21.09000015258789,20.38041877746582
2014-05-22,13000,20.920000076293945,21.09000015258789,21.170000076293945,20.920000076293945,20.265113830566406
2014-05-21,14400,20.979999542236328,20.989999771118164,20.989999771118164,20.8799991607666,20.169025421142578
2014-05-20,4900,20.8799991607666,20.860000610351562,20.979999542236328,20.860000610351562,20.044113159179688
2014-05-19,6500,20.90999984741211,20.979999542236328,21.0,20.889999389648438,20.15941619873047
2014-05-16,8000,20.639999389648438,20.809999465942383,20.81999969482422,20.579999923706055,19.99606704711914
2014-05-15,12800,20.520000457763672,20.670000076293945,20.68000030517578,20.420000076293945,19.861543655395508
2014-05-14,4400,20.989999771118164,20.8799991607666,20.989999771118164,20.829999923706055,20.063325881958008
2014-05-13,12400,21.059999465942383,20.979999542236328,21.149999618530273,20.979999542236328,20.15941619873047
2014-05-12,16600,20.719999313354492,21.110000610351562,21.1299991607666,20.719999313354492,20.284330368041992
2014-05-09,6800,20.709999084472656,20.559999465942383,20.709999084472656,20.489999771118164,19.75584602355957
2014-05-08,11800,20.68000030517578,20.59000015258789,20.989999771118164,20.56999969482422,19.784671783447266
2014-05-07,25700,21.09000015258789,20.700000762939453,21.09000015258789,20.469999313354492,19.89036750793457
2014-05-06,14200,21.290000915527344,21.09000015258789,21.399999618530273,21.09000015258789,20.265113830566406
2014-05-05,11000,21.309999465942383,21.40999984741211,21.420000076293945,21.200000762939453,20.572595596313477
2014-05-02,23200,21.389999389648438,21.440000534057617,21.520000457763672,21.389999389648438,20.601425170898438
2014-05-01,8100,21.360000610351562,21.40999984741211,21.549999237060547,21.360000610351562,20.572595596313477
2014-04-30,11900,21.049999237060547,21.219999313354492,21.219999313354492,20.979999542236328,20.39002799987793
2014-04-29,3700,20.90999984741211,21.209999084472656,21.209999084472656,20.90999984741211,20.38041877746582
2014-04-28,16900,21.190000534057617,20.920000076293945,21.209999084472656,20.59000015258789,20.101764678955078
2014-04-25,21800,21.389999389648438,21.1200008392334,21.40999984741211,21.030000686645508,20.293935775756836
2014-04-24,11200,21.670000076293945,21.549999237060547,21.670000076293945,21.350000381469727,20.707120895385742
2014-04-23,8400,22.059999465942383,21.709999084472656,22.059999465942383,21.68000030517578,20.860862731933594
2014-04-22,6500,21.799999237060547,21.989999771118164,22.079999923706055,21.799999237060547,21.129913330078125
2014-04-21,9200,21.56999969482422,21.6200008392334,21.639999389648438,21.43000030517578,20.774381637573242
2014-04-17,4600,21.389999389648438,21.56999969482422,21.600000381469727,21.389999389648438,20.726343154907227
2014-04-16,11700,21.309999465942383,21.40999984741211,21.43000030517578,21.229999542236328,20.572595596313477
2014-04-15,24900,21.040000915527344,21.170000076293945,21.229999542236328,20.579999923706055,20.341981887817383
2014-04-14,14700,20.799999237060547,21.0,21.200000762939453,20.799999237060547,20.178634643554688
2014-04-11,33600,21.0,20.850000381469727,21.190000534057617,20.81999969482422,20.034500122070312
2014-04-10,17600,21.899999618530273,21.200000762939453,21.920000076293945,21.079999923706055,20.370813369750977
2014-04-09,9300,21.549999237060547,21.899999618530273,21.940000534057617,21.530000686645508,21.043434143066406
2014-04-08,21700,21.239999771118164,21.389999389648438,21.489999771118164,21.190000534057617,20.553377151489258
2014-04-07,50900,21.520000457763672,21.200000762939453,21.639999389648438,21.040000915527344,20.370813369750977
2014-04-04,53500,22.25,21.6200008392334,22.270000457763672,21.559999465942383,20.774381637573242
2014-04-03,20000,22.559999465942383,22.09000015258789,22.559999465942383,22.049999237060547,21.226001739501953
2014-04-02,10500,22.8799991607666,22.670000076293945,22.8799991607666,22.549999237060547,21.783313751220703
2014-04-01,7100,22.420000076293945,22.75,22.75,22.420000076293945,21.860185623168945
2014-03-31,9600,22.270000457763672,22.299999237060547,22.34000015258789,22.25,21.42778778076172
2014-03-28,9900,22.18000030517578,22.170000076293945,22.3700008392334,22.139999389648438,21.302873611450195
2014-03-27,48300,22.049999237060547,22.079999923706055,22.18000030517578,21.84000015258789,21.21639060974121
2014-03-26,87300,22.700000762939453,22.09000015258789,22.700000762939453,22.09000015258789,21.226001739501953
2014-03-25,29400,22.75,22.510000228881836,22.75,22.360000610351562,21.629575729370117
2014-03-24,61400,23.06999969482422,22.469999313354492,23.200000762939453,22.280000686645508,21.591136932373047
2014-03-21,59900,23.25,22.93000030517578,23.25,22.8799991607666,22.03314781188965
2014-03-20,58800,23.110000610351562,23.1200008392334,23.219999313354492,23.010000228881836,22.208885192871094
2014-03-19,27900,23.450000762939453,23.170000076293945,23.450000762939453,23.09000015258789,22.25691795349121
2014-03-18,25800,23.229999542236328,23.280000686645508,23.389999389648438,23.170000076293945,22.362577438354492
2014-03-17,33300,23.100000381469727,23.1299991607666,23.18000030517578,23.010000228881836,22.21848487854004
2014-03-14,15400,22.90999984741211,22.979999542236328,23.040000915527344,22.8799991607666,22.074399948120117
2014-03-13,20200,23.459999084472656,22.969999313354492,23.459999084472656,22.899999618530273,22.064794540405273
2014-03-12,15200,23.270000457763672,23.31999969482422,23.31999969482422,23.040000915527344,22.401004791259766
2014-03-11,32600,23.59000015258789,23.25,23.6299991607666,23.25,22.333763122558594
2014-03-10,12600,23.549999237060547,23.43000030517578,23.549999237060547,23.299999237060547,22.50666618347168
2014-03-07,14200,23.700000762939453,23.479999542236328,23.700000762939453,23.420000076293945,22.5546932220459
2014-03-06,27900,23.729999542236328,23.65999984741211,23.809999465942383,23.610000610351562,22.727602005004883
2014-03-05,23100,23.700000762939453,23.690000534057617,23.700000762939453,23.6200008392334,22.75642204284668
2014-03-04,41800,23.649999618530273,23.6200008392334,23.709999084472656,23.540000915527344,22.689180374145508
2014-03-03,31300,23.600000381469727,23.31999969482422,23.600000381469727,23.15999984741211,22.401004791259766
2014-02-28,83000,23.75,23.559999465942383,23.790000915527344,23.299999237060547,22.631540298461914
2014-02-27,31200,23.40999984741211,23.639999389648438,23.639999389648438,23.3799991607666,22.708393096923828
2014-02-26,20100,23.260000228881836,23.280000686645508,23.40999984741211,23.200000762939453,22.362577438354492
2014-02-25,34100,23.219999313354492,23.1299991607666,23.229999542236328,23.06999969482422,22.21848487854004
2014-02-24,40600,23.09000015258789,23.149999618530273,23.299999237060547,23.079999923706055,22.237703323364258
2014-02-21,19300,23.010000228881836,22.93000030517578,23.010000228881836,22.81999969482422,22.0263729095459
2014-02-20,30400,22.68000030517578,22.920000076293945,22.950000762939453,22.6200008392334,22.016769409179688
2014-02-19,19800,22.84000015258789,22.760000228881836,22.8799991607666,22.709999084472656,21.86307144165039
2014-02-18,41100,22.790000915527344,22.8700008392334,22.90999984741211,22.780000686645508,21.968734741210938
2014-02-14,12300,22.709999084472656,22.75,22.75,22.610000610351562,21.853464126586914
2014-02-13,12600,22.25,22.6299991607666,22.65999984741211,22.200000762939453,21.738191604614258
2014-02-12,11600,22.270000457763672,22.270000457763672,22.329999923706055,22.219999313354492,21.392385482788086
2014-02-11,11300,22.06999969482422,22.170000076293945,22.219999313354492,21.959999084472656,21.296321868896484
2014-02-10,18500,22.1200008392334,22.049999237060547,22.1200008392334,21.959999084472656,21.181047439575195
2014-02-07,8400,21.889999389648438,22.040000915527344,22.040000915527344,21.790000915527344,21.17144203186035
2014-02-06,6400,21.5,21.6200008392334,21.649999618530273,21.5,20.767993927001953
2014-02-05,33000,21.649999618530273,21.56999969482422,21.670000076293945,21.34000015258789,20.719970703125
2014-02-04,4600,21.600000381469727,21.670000076293945,21.690000534057617,21.600000381469727,20.81602668762207
2014-02-03,55500,21.959999084472656,21.440000534057617,21.959999084472656,21.31999969482422,20.595094680786133
2014-01-31,26500,21.760000228881836,21.889999389648438,21.979999542236328,21.670000076293945,21.027355194091797
2014-01-30,11400,21.520000457763672,21.920000076293945,22.059999465942383,21.520000457763672,21.056175231933594
2014-01-29,22900,21.40999984741211,21.25,21.520000457763672,21.209999084472656,20.41257667541504
2014-01-28,14600,21.309999465942383,21.610000610351562,21.610000610351562,21.309999465942383,20.758392333984375
2014-01-27,29400,21.510000228881836,21.329999923706055,21.610000610351562,21.059999465942383,20.489425659179688
2014-01-24,32300,21.959999084472656,21.540000915527344,21.959999084472656,21.530000686645508,20.691150665283203
2014-01-23,18900,22.190000534057617,22.079999923706055,22.190000534057617,21.959999084472656,21.20986557006836
2014-01-22,7300,22.1200008392334,22.229999542236328,22.270000457763672,22.1200008392334,21.353954315185547
2014-01-21,14700,22.149999618530273,22.15999984741211,22.309999465942383,22.049999237060547,21.286712646484375
2014-01-17,13900,22.350000381469727,22.079999923706055,22.360000610351562,22.059999465942383,21.20986557006836
2014-01-16,19900,22.190000534057617,22.280000686645508,22.31999969482422,22.1200008392334,21.401988983154297
2014-01-15,22100,22.100000381469727,22.149999618530273,22.170000076293945,22.020000457763672,21.277109146118164
2014-01-14,5300,21.719999313354492,21.989999771118164,21.989999771118164,21.709999084472656,21.123414993286133
2014-01-13,22100,22.049999237060547,21.639999389648438,22.049999237060547,21.56999969482422,20.787206649780273
2014-01-10,19700,22.030000686645508,22.059999465942383,22.079999923706055,21.899999618530273,21.190656661987305
2014-01-09,10000,22.06999969482422,21.8799991607666,22.100000381469727,21.799999237060547,21.017749786376953
2014-01-08,10200,22.100000381469727,21.950000762939453,22.100000381469727,21.93000030517578,21.084993362426758
2014-01-07,28100,21.850000381469727,22.040000915527344,22.1200008392334,21.850000381469727,21.17144203186035
2014-01-06,17400,21.860000610351562,21.889999389648438,21.889999389648438,21.809999465942383,21.027355194091797
2014-01-03,11400,21.850000381469727,21.860000610351562,21.90999984741211,21.75,20.998538970947266
2014-01-02,12200,21.899999618530273,21.760000228881836,21.899999618530273,21.65999984741211,20.90247917175293
2013-12-31,8300,21.770000457763672,21.860000610351562,21.860000610351562,21.75,20.998538970947266
2013-12-30,23500,21.65999984741211,21.649999618530273,21.739999771118164,21.600000381469727,20.796812057495117
2013-12-27,17000,21.899999618530273,21.780000686645508,21.940000534057617,21.780000686645508,20.921693801879883
2013-12-26,8700,21.989999771118164,21.969999313354492,21.989999771118164,21.850000381469727,21.104202270507812
2013-12-24,9300,21.93000030517578,21.850000381469727,21.93000030517578,21.719999313354492,20.988933563232422
2013-12-23,15600,21.639999389648438,21.790000915527344,21.790000915527344,21.59000015258789,20.931299209594727
2013-12-20,45500,21.350000381469727,21.450000762939453,21.450000762939453,21.31999969482422,20.60469627380371
2013-12-19,52800,21.31999969482422,21.329999923706055,21.440000534057617,21.280000686645508,20.474529266357422
2013-12-18,21000,21.229999542236328,21.5,21.5,21.06999969482422,20.637710571289062
2013-12-17,7000,21.190000534057617,21.219999313354492,21.270000457763672,21.049999237060547,20.368938446044922
2013-12-16,13600,21.030000686645508,21.18000030517578,21.18000030517578,21.030000686645508,20.33053970336914
2013-12-13,49600,20.889999389648438,21.030000686645508,21.030000686645508,20.84000015258789,20.186555862426758
2013-12-12,24200,20.65999984741211,20.81999969482422,20.84000015258789,20.610000610351562,19.9849796295166
2013-12-11,48200,21.0,20.610000610351562,21.0,20.56999969482422,19.783405303955078
2013-12-10,21800,20.790000915527344,20.979999542236328,21.0,20.790000915527344,20.138565063476562
2013-12-09,13600,20.709999084472656,20.790000915527344,20.799999237060547,20.68000030517578,19.95618438720703
2013-12-06,19400,20.709999084472656,20.670000076293945,20.790000915527344,20.6200008392334,19.84099769592285
2013-12-05,18300,20.579999923706055,20.690000534057617,20.75,20.559999465942383,19.86018943786621
2013-12-04,12100,20.489999771118164,20.600000381469727,20.639999389648438,20.389999389648438,19.7738037109375
2013-12-03,20000,20.670000076293945,20.489999771118164,20.670000076293945,20.479999542236328,19.668214797973633
2013-12-02,10100,20.75,20.65999984741211,20.809999465942383,20.65999984741211,19.831398010253906
2013-11-29,6500,20.799999237060547,20.799999237060547,20.84000015258789,20.799999237060547,19.965782165527344
2013-11-27,18800,20.700000762939453,20.790000915527344,20.799999237060547,20.700000762939453,19.95618438720703
2013-11-26,17900,20.5,20.670000076293945,20.75,20.5,19.84099769592285
2013-11-25,48900,20.610000610351562,20.450000762939453,20.610000610351562,20.3700008392334,19.629819869995117
2013-11-22,41600,20.459999084472656,20.610000610351562,20.6299991607666,20.459999084472656,19.783405303955078
2013-11-21,19600,20.260000228881836,20.389999389648438,20.43000030517578,20.229999542236328,19.57222557067871
2013-11-20,20000,20.209999084472656,20.139999389648438,20.299999237060547,20.059999465942383,19.33225440979004
2013-11-19,34200,20.329999923706055,20.190000534057617,20.399999618530273,20.110000610351562,19.3802490234375
2013-11-18,46000,20.81999969482422,20.34000015258789,20.81999969482422,20.31999969482422,19.524232864379883
2013-11-15,32900,20.600000381469727,20.790000915527344,20.790000915527344,20.600000381469727,19.95618438720703
2013-11-14,22600,20.450000762939453,20.600000381469727,20.600000381469727,20.450000762939453,19.7738037109375
2013-11-13,25200,20.059999465942383,20.420000076293945,20.420000076293945,20.059999465942383,19.601022720336914
2013-11-12,17300,20.100000381469727,20.15999984741211,20.209999084472656,20.09000015258789,19.351451873779297
2013-11-11,12000,20.209999084472656,20.149999618530273,20.209999084472656,20.110000610351562,19.34185028076172
2013-11-08,34500,19.90999984741211,20.100000381469727,20.15999984741211,19.90999984741211,19.293855667114258
2013-11-07,75800,20.5,19.8799991607666,20.5,19.8700008392334,19.08268165588379
2013-11-06,102900,20.600000381469727,20.440000534057617,20.6200008392334,20.350000381469727,19.620220184326172
2013-11-05,82300,20.329999923706055,20.479999542236328,20.510000228881836,20.25,19.658615112304688
2013-11-04,35900,20.299999237060547,20.3799991607666,20.3799991607666,20.200000762939453,19.5626277923584
2013-11-01,25000,20.260000228881836,20.15999984741211,20.3700008392334,20.110000610351562,19.351451873779297
2013-10-31,41200,20.299999237060547,20.299999237060547,20.399999618530273,20.049999237060547,19.485830307006836
2013-10-30,81200,20.360000610351562,20.34000015258789,20.459999084472656,20.25,19.524232864379883
2013-10-29,166400,20.559999465942383,20.3799991607666,20.559999465942383,20.299999237060547,19.5626277923584
2013-10-28,53300,20.75,20.450000762939453,20.75,20.350000381469727,19.629819869995117
2013-10-25,37400,20.8799991607666,20.68000030517578,20.8799991607666,20.579999923706055,19.8505916595459
2013-10-24,60200,20.649999618530273,20.75,20.75,20.549999237060547,19.917787551879883
2013-10-23,239700,20.700000762939453,20.5,20.700000762939453,20.420000076293945,19.677818298339844
2013-10-22,122600,20.780000686645508,20.65999984741211,21.100000381469727,20.469999313354492,19.831398010253906
2013-10-21,166700,21.59000015258789,20.6299991607666,21.59000015258789,20.520000457763672,19.802600860595703
2013-10-18,161200,20.649999618530273,20.719999313354492,20.75,20.549999237060547,19.888992309570312
2013-10-17,251900,20.25,20.43000030517578,20.469999313354492,20.209999084472656,19.61062240600586
2013-10-16,837500,20.049999237060547,20.34000015258789,21.450000762939453,20.0,19.524232864379883
