date,volume,open,close,high,low,adjclose
2019-04-18,16800,7.260000228881836,7.480000019073486,7.480000019073486,7.170000076293945,7.480000019073486
2019-04-17,61500,7.800000190734863,7.230000019073486,7.860000133514404,7.010000228881836,7.230000019073486
2019-04-16,38700,7.800000190734863,7.940000057220459,8.0,7.800000190734863,7.940000057220459
2019-04-15,40500,7.599999904632568,7.78000020980835,7.78000020980835,7.420000076293945,7.78000020980835
2019-04-12,38400,7.269999980926514,7.550000190734863,7.559999942779541,7.210000038146973,7.550000190734863
2019-04-11,47300,6.849999904632568,7.21999979019165,7.300000190734863,6.849999904632568,7.21999979019165
2019-04-10,41000,6.699999809265137,6.849999904632568,6.949999809265137,6.610000133514404,6.849999904632568
2019-04-09,17000,6.449999809265137,6.630000114440918,6.760000228881836,6.360000133514404,6.630000114440918
2019-04-08,25000,6.5,6.519999980926514,6.53000020980835,6.400000095367432,6.519999980926514
2019-04-05,24800,6.28000020980835,6.480000019073486,6.53000020980835,6.28000020980835,6.480000019073486
2019-04-04,23100,6.289999961853027,6.429999828338623,6.440000057220459,6.110000133514404,6.429999828338623
2019-04-03,20300,6.070000171661377,6.230000019073486,6.230000019073486,6.050000190734863,6.230000019073486
2019-04-02,22300,6.0,6.039999961853027,6.150000095367432,6.0,6.039999961853027
2019-04-01,63200,6.349999904632568,6.010000228881836,6.349999904632568,6.0,6.010000228881836
2019-03-29,21800,6.449999809265137,6.300000190734863,6.489999771118164,6.300000190734863,6.300000190734863
2019-03-28,45200,6.329999923706055,6.409999847412109,6.489999771118164,6.300000190734863,6.409999847412109
2019-03-27,21000,6.309999942779541,6.329999923706055,6.489999771118164,6.210000038146973,6.329999923706055
2019-03-26,48000,6.179999828338623,6.300000190734863,6.400000095367432,6.159999847412109,6.300000190734863
2019-03-25,29800,6.179999828338623,6.179999828338623,6.360000133514404,6.099999904632568,6.179999828338623
2019-03-22,19800,6.150000095367432,6.190000057220459,6.269999980926514,6.139999866485596,6.190000057220459
2019-03-21,24900,6.329999923706055,6.289999961853027,6.400000095367432,6.25,6.289999961853027
2019-03-20,34000,6.289999961853027,6.329999923706055,6.329999923706055,6.150000095367432,6.329999923706055
2019-03-19,23100,6.139999866485596,6.099999904632568,6.28000020980835,6.059999942779541,6.099999904632568
2019-03-18,37600,6.099999904632568,6.079999923706055,6.420000076293945,6.070000171661377,6.079999923706055
2019-03-15,54300,6.429999828338623,6.079999923706055,6.53000020980835,6.059999942779541,6.079999923706055
2019-03-14,17200,6.610000133514404,6.449999809265137,6.739999771118164,6.429999828338623,6.449999809265137
2019-03-13,26400,6.550000190734863,6.75,6.75,6.46999979019165,6.75
2019-03-12,27400,6.420000076293945,6.480000019073486,6.739999771118164,6.309999942779541,6.480000019073486
2019-03-11,57600,6.059999942779541,6.510000228881836,6.570000171661377,6.050000190734863,6.510000228881836
2019-03-08,30100,6.039999961853027,6.070000171661377,6.110000133514404,5.940000057220459,6.070000171661377
2019-03-07,19800,6.099999904632568,6.039999961853027,6.159999847412109,5.900000095367432,6.039999961853027
2019-03-06,17600,6.179999828338623,6.110000133514404,6.179999828338623,6.019999980926514,6.110000133514404
2019-03-05,40000,5.71999979019165,6.179999828338623,6.239999771118164,5.710000038146973,6.179999828338623
2019-03-04,92800,5.960000038146973,5.710000038146973,6.21999979019165,5.679999828338623,5.710000038146973
2019-03-01,180100,6.730000019073486,5.71999979019165,6.730000019073486,5.650000095367432,5.71999979019165
2019-02-28,159700,7.269999980926514,6.690000057220459,7.269999980926514,6.400000095367432,6.690000057220459
2019-02-27,65700,8.050000190734863,7.380000114440918,8.050000190734863,7.360000133514404,7.380000114440918
2019-02-26,113000,8.0,8.050000190734863,8.390000343322754,7.889999866485596,8.050000190734863
2019-02-25,250200,8.109999656677246,8.34000015258789,8.619999885559082,8.100000381469727,8.039999961853027
2019-02-22,89000,7.679999828338623,8.0,8.010000228881836,7.559999942779541,7.712230205535889
2019-02-21,49200,7.800000190734863,7.679999828338623,7.860000133514404,7.559999942779541,7.403740882873535
2019-02-20,64300,7.369999885559082,7.760000228881836,7.829999923706055,7.369999885559082,7.480863571166992
2019-02-19,78800,7.5,7.380000114440918,7.610000133514404,7.309999942779541,7.114532470703125
2019-02-15,99900,7.46999979019165,7.480000019073486,7.690000057220459,7.360000133514404,7.210935115814209
2019-02-14,56500,7.099999904632568,7.449999809265137,7.449999809265137,7.039999961853027,7.182013988494873
2019-02-13,85400,6.869999885559082,7.110000133514404,7.159999847412109,6.820000171661377,6.854244709014893
2019-02-12,81700,6.21999979019165,6.75,6.829999923706055,6.21999979019165,6.5071940422058105
2019-02-11,209300,5.889999866485596,6.190000057220459,6.340000152587891,5.880000114440918,5.9673380851745605
2019-02-08,21500,5.659999847412109,5.860000133514404,5.860000133514404,5.590000152587891,5.6492085456848145
2019-02-07,74800,5.849999904632568,5.679999828338623,5.860000133514404,5.550000190734863,5.475683212280273
2019-02-06,50400,5.800000190734863,5.769999980926514,5.860000133514404,5.639999866485596,5.562446117401123
2019-02-05,50700,5.559999942779541,5.820000171661377,5.96999979019165,5.559999942779541,5.610647678375244
2019-02-04,31000,5.360000133514404,5.559999942779541,5.559999942779541,5.349999904632568,5.360000133514404
2019-02-01,25200,5.349999904632568,5.360000133514404,5.440000057220459,5.349999904632568,5.167194366455078
2019-01-31,29500,5.46999979019165,5.360000133514404,5.46999979019165,5.349999904632568,5.167194366455078
2019-01-30,21200,5.619999885559082,5.539999961853027,5.619999885559082,5.429999828338623,5.340719223022461
2019-01-29,24900,5.670000076293945,5.519999980926514,5.760000228881836,5.5,5.321438789367676
2019-01-28,49000,5.75,5.730000019073486,5.789999961853027,5.670000076293945,5.5238847732543945
2019-01-25,33500,5.869999885559082,5.78000020980835,5.869999885559082,5.75,5.572086334228516
2019-01-24,17700,5.489999771118164,5.710000038146973,5.75,5.489999771118164,5.504604339599609
2019-01-23,30600,5.619999885559082,5.539999961853027,5.619999885559082,5.5,5.340719223022461
2019-01-22,55600,5.309999942779541,5.519999980926514,5.760000228881836,5.309999942779541,5.321438789367676
2019-01-18,140100,4.949999809265137,5.480000019073486,5.53000020980835,4.920000076293945,5.2828779220581055
2019-01-17,154900,4.980000019073486,4.900000095367432,4.980000019073486,4.849999904632568,4.723741054534912
2019-01-16,24100,5.070000171661377,4.96999979019165,5.159999847412109,4.909999847412109,4.791223049163818
2019-01-15,31800,4.849999904632568,5.050000190734863,5.050000190734863,4.769999980926514,4.868345737457275
2019-01-14,70100,4.980000019073486,4.800000190734863,4.980000019073486,4.760000228881836,4.627338409423828
2019-01-11,73600,5.309999942779541,5.03000020980835,5.309999942779541,4.75,4.849064826965332
2019-01-10,43500,5.25,5.329999923706055,5.349999904632568,5.21999979019165,5.138273239135742
2019-01-09,58800,4.900000095367432,5.28000020980835,5.369999885559082,4.900000095367432,5.090072154998779
2019-01-08,36000,4.650000095367432,4.800000190734863,4.849999904632568,4.599999904632568,4.627338409423828
2019-01-07,75600,4.099999904632568,4.670000076293945,4.809999942779541,4.070000171661377,4.502014636993408
2019-01-04,98100,3.8299999237060547,4.139999866485596,4.25,3.809999942779541,3.991079092025757
2019-01-03,53700,3.759999990463257,3.9600000381469727,4.079999923706055,3.740000009536743,3.817553997039795
2019-01-02,69700,3.25,3.7699999809265137,3.940000057220459,3.200000047683716,3.6343884468078613
2018-12-31,98100,3.25,3.25,3.390000104904175,3.25,3.1330935955047607
2018-12-28,172800,3.0799999237060547,3.299999952316284,3.430000066757202,3.0799999237060547,3.1812949180603027
2018-12-27,213200,3.5,3.0799999237060547,3.5899999141693115,2.9000000953674316,2.9692084789276123
2018-12-26,218000,3.8499999046325684,3.549999952316284,3.8499999046325684,3.359999895095825,3.422302007675171
2018-12-24,54000,4.25,3.950000047683716,4.25,3.950000047683716,3.8079137802124023
2018-12-21,90800,4.590000152587891,4.28000020980835,4.639999866485596,4.199999809265137,4.126043319702148
2018-12-20,160800,5.210000038146973,4.699999809265137,5.340000152587891,4.599999904632568,4.530935287475586
2018-12-19,83900,5.320000171661377,5.360000133514404,5.550000190734863,5.179999828338623,5.167194366455078
2018-12-18,61300,5.380000114440918,5.360000133514404,5.53000020980835,5.340000152587891,5.167194366455078
2018-12-17,121800,5.920000076293945,5.550000190734863,5.940000057220459,5.53000020980835,5.350359916687012
2018-12-14,75600,6.059999942779541,6.019999980926514,6.21999979019165,5.960000038146973,5.80345344543457
2018-12-13,16100,6.460000038146973,6.239999771118164,6.5,6.239999771118164,6.015539169311523
2018-12-12,53200,6.309999942779541,6.449999809265137,6.559999942779541,6.309999942779541,6.2179856300354
2018-12-11,57800,6.400000095367432,6.309999942779541,6.579999923706055,6.260000228881836,6.083021640777588
2018-12-10,37000,6.429999828338623,6.389999866485596,6.670000076293945,6.309999942779541,6.160143852233887
2018-12-07,14200,6.789999961853027,6.699999809265137,6.860000133514404,6.480000019073486,6.4589924812316895
2018-12-06,10400,6.820000171661377,6.760000228881836,7.0,6.710000038146973,6.516834735870361
2018-12-04,9200,7.039999961853027,6.920000076293945,7.090000152587891,6.880000114440918,6.671079158782959
2018-12-03,23000,6.96999979019165,7.179999828338623,7.230000019073486,6.78000020980835,6.921726226806641
2018-11-30,26600,6.960000038146973,6.860000133514404,7.0,6.78000020980835,6.613237380981445
2018-11-29,40200,6.78000020980835,6.909999847412109,6.989999771118164,6.690000057220459,6.661438465118408
2018-11-28,24600,7.199999809265137,6.670000076293945,7.340000152587891,6.670000076293945,6.430071830749512
2018-11-27,39100,6.949999809265137,7.25,7.480000019073486,6.880000114440918,6.989208698272705
2018-11-26,40800,7.110000133514404,7.050000190734863,7.480000019073486,6.980000019073486,6.796402931213379
2018-11-23,49400,7.059999942779541,7.230000019073486,7.489999771118164,6.949999809265137,6.950647830963135
2018-11-21,51100,6.170000076293945,6.599999904632568,6.670000076293945,6.170000076293945,6.34498929977417
2018-11-20,39500,6.179999828338623,6.199999809265137,6.239999771118164,6.150000095367432,5.960444450378418
2018-11-19,115500,6.269999980926514,6.190000057220459,6.28000020980835,6.150000095367432,5.950830936431885
2018-11-16,32300,6.179999828338623,6.269999980926514,6.389999866485596,6.150000095367432,6.027740001678467
2018-11-15,118700,6.0,6.179999828338623,6.650000095367432,5.920000076293945,5.941217422485352
2018-11-14,145700,6.639999866485596,6.199999809265137,8.460000038146973,6.150000095367432,5.960444450378418
2018-11-13,230600,6.4499969482421875,6.4499969482421875,7.049996376037598,6.149996757507324,6.200782299041748
2018-11-12,323400,6.899996757507324,6.599996566772461,7.349996089935303,6.4499969482421875,6.3449859619140625
2018-11-09,455600,7.499996185302734,7.049996376037598,7.499996185302734,6.749996662139893,6.777598857879639
2018-11-08,903300,7.949995994567871,7.649996280670166,7.949995994567871,7.349996089935303,7.3544158935546875
2018-11-07,781500,7.349996089935303,7.949995994567871,8.099995613098145,7.049996376037598,7.642824172973633
2018-11-06,1254500,6.4499969482421875,7.349996089935303,7.499996185302734,6.299996852874756,7.066007137298584
2018-11-05,193700,5.849997043609619,6.299996852874756,6.299996852874756,5.849997043609619,6.056577682495117
2018-11-02,576600,5.999997138977051,6.149996757507324,6.4499969482421875,5.849997043609619,5.9123735427856445
2018-11-01,861800,5.399997234344482,5.999997138977051,6.149996757507324,5.249997138977051,5.768169403076172
2018-10-31,465100,5.6999969482421875,5.249997138977051,5.999997138977051,5.249997138977051,5.047147750854492
2018-10-30,142600,5.999997138977051,5.6999969482421875,5.999997138977051,5.6999969482421875,5.479760646820068
2018-10-29,288500,5.849997043609619,5.849997043609619,5.999997138977051,5.849997043609619,5.623964786529541
2018-10-26,182500,5.999997138977051,5.849997043609619,5.999997138977051,5.6999969482421875,5.623964786529541
2018-10-25,435800,6.149996757507324,5.999997138977051,6.149996757507324,5.849997043609619,5.768169403076172
2018-10-24,209000,5.849997043609619,5.849997043609619,6.149996757507324,5.849997043609619,5.623964786529541
2018-10-23,364500,5.999997138977051,5.849997043609619,6.149996757507324,5.6999969482421875,5.623964786529541
2018-10-22,1125400,6.149996757507324,5.999997138977051,6.599996566772461,5.849997043609619,5.768169403076172
2018-10-19,208500,5.6999969482421875,5.849997043609619,5.999997138977051,5.6999969482421875,5.623964786529541
2018-10-18,218500,6.299996852874756,5.6999969482421875,6.299996852874756,5.6999969482421875,5.479760646820068
2018-10-17,199400,6.299996852874756,6.149996757507324,6.4499969482421875,5.999997138977051,5.9123735427856445
2018-10-16,258400,5.999997138977051,6.149996757507324,6.149996757507324,5.999997138977051,5.9123735427856445
2018-10-15,732200,6.899996757507324,5.849997043609619,6.899996757507324,5.399997234344482,5.623964786529541
2018-10-12,346300,7.349996089935303,6.899996757507324,7.499996185302734,6.899996757507324,6.633394718170166
2018-10-11,336800,7.199996471405029,7.049996376037598,7.349996089935303,7.049996376037598,6.777598857879639
2018-10-10,204900,7.349996089935303,7.199996471405029,7.499996185302734,7.199996471405029,6.9218034744262695
2018-10-09,261500,7.349996089935303,7.349996089935303,7.649996280670166,7.349996089935303,7.066007137298584
2018-10-08,487300,7.349996089935303,7.499996185302734,7.499996185302734,7.199996471405029,7.210211753845215
2018-10-05,336700,7.649996280670166,7.649996280670166,7.949995994567871,7.499996185302734,7.3544158935546875
2018-10-04,91000,7.649996280670166,7.649996280670166,7.7999958992004395,7.649996280670166,7.3544158935546875
2018-10-03,231500,7.649996280670166,7.649996280670166,7.7999958992004395,7.649996280670166,7.3544158935546875
2018-10-02,269400,7.649996280670166,7.649996280670166,7.7999958992004395,7.649996280670166,7.3544158935546875
2018-10-01,260400,7.7999958992004395,7.649996280670166,7.7999958992004395,7.649996280670166,7.3544158935546875
2018-09-28,263200,8.249996185302734,7.649996280670166,8.249996185302734,7.649996280670166,7.3544158935546875
2018-09-27,262900,8.249996185302734,7.949995994567871,8.249996185302734,7.7999958992004395,7.642824172973633
2018-09-26,173400,8.399995803833008,8.099995613098145,8.399995803833008,7.949995994567871,7.7870283126831055
2018-09-25,380700,8.399995803833008,8.249996185302734,8.549995422363281,8.249996185302734,7.931232929229736
2018-09-24,145100,8.699995994567871,8.399995803833008,8.699995994567871,8.249996185302734,8.07543659210205
2018-09-21,266700,8.249996185302734,8.549995422363281,8.699995994567871,8.249996185302734,8.219640731811523
2018-09-20,260700,8.099995613098145,8.549995422363281,8.699995994567871,8.099995613098145,8.219640731811523
2018-09-19,233200,8.699995994567871,8.099995613098145,8.999995231628418,8.099995613098145,7.7870283126831055
2018-09-18,1081300,8.999995231628418,8.999995231628418,9.299995422363281,8.849995613098145,8.633026123046875
2018-09-17,310900,9.149995803833008,8.999995231628418,9.149995803833008,8.849995613098145,8.633026123046875
2018-09-14,183300,9.149995803833008,8.849995613098145,9.149995803833008,8.849995613098145,8.489143371582031
2018-09-13,397700,8.999995231628418,8.849995613098145,9.149995803833008,8.849995613098145,8.489143371582031
2018-09-12,181700,8.699995994567871,8.849995613098145,8.999995231628418,8.699995994567871,8.489143371582031
2018-09-11,257200,8.999995231628418,8.699995994567871,8.999995231628418,8.699995994567871,8.345259666442871
2018-09-10,141600,8.999995231628418,8.849995613098145,9.149995803833008,8.849995613098145,8.489143371582031
2018-09-07,87300,8.849995613098145,8.999995231628418,9.149995803833008,8.849995613098145,8.633026123046875
2018-09-06,58200,8.849995613098145,8.849995613098145,9.149995803833008,8.849995613098145,8.489143371582031
2018-09-05,131600,8.849995613098145,8.849995613098145,9.149995803833008,8.849995613098145,8.489143371582031
2018-09-04,151600,8.999995231628418,8.699995994567871,9.149995803833008,8.699995994567871,8.345259666442871
2018-08-31,160200,8.849995613098145,8.549995422363281,8.849995613098145,8.549995422363281,8.201375007629395
2018-08-30,415400,8.999995231628418,8.699995994567871,9.149995803833008,8.549995422363281,8.345259666442871
2018-08-29,180600,8.999995231628418,9.149995803833008,9.149995803833008,8.999995231628418,8.776910781860352
2018-08-28,178400,8.999995231628418,8.999995231628418,9.149995803833008,8.999995231628418,8.633026123046875
2018-08-27,324400,8.999995231628418,8.999995231628418,9.149995803833008,8.849995613098145,8.633026123046875
2018-08-24,782800,9.149995803833008,8.849995613098145,9.149995803833008,8.699995994567871,8.489143371582031
2018-08-23,667100,8.249996185302734,8.849995613098145,8.999995231628418,8.099995613098145,8.489143371582031
2018-08-22,270200,8.549995422363281,8.249996185302734,8.849995613098145,8.099995613098145,7.913607597351074
2018-08-21,405100,8.099995613098145,8.249996185302734,8.999995231628418,7.949995994567871,7.913607597351074
2018-08-20,189700,7.949995994567871,8.099995613098145,8.549995422363281,7.7999958992004395,7.769723892211914
2018-08-17,144200,7.7999958992004395,7.649996280670166,7.949995994567871,7.499996185302734,7.338072776794434
2018-08-16,231900,7.499996185302734,7.499996185302734,8.099995613098145,7.499996185302734,7.194189071655273
2018-08-15,435200,7.649996280670166,7.349996089935303,8.099995613098145,6.899996757507324,7.050304889678955
2018-08-14,530300,7.7999958992004395,7.649996280670166,8.399995803833008,7.649996280670166,7.338072776794434
2018-08-13,494900,8.399995803833008,7.949995994567871,8.549995422363281,7.949995994567871,7.625840187072754
2018-08-10,134000,8.699995994567871,8.399995803833008,8.699995994567871,8.249996185302734,8.057491302490234
2018-08-09,26100,8.699995994567871,8.699995994567871,8.849995613098145,8.699995994567871,8.345259666442871
2018-08-08,122500,8.999995231628418,8.849995613098145,9.149995803833008,8.849995613098145,8.489143371582031
2018-08-07,41900,8.849995613098145,8.999995231628418,9.149995803833008,8.849995613098145,8.633026123046875
2018-08-06,135800,9.149995803833008,8.849995613098145,9.149995803833008,8.849995613098145,8.489143371582031
2018-08-03,30000,8.849995613098145,8.849995613098145,8.999995231628418,8.699995994567871,8.489143371582031
2018-08-02,162000,8.999995231628418,8.849995613098145,8.999995231628418,8.849995613098145,8.489143371582031
2018-08-01,45900,9.299995422363281,8.849995613098145,9.299995422363281,8.699995994567871,8.489143371582031
2018-07-31,139100,8.549995422363281,9.149995803833008,9.149995803833008,8.549995422363281,8.776910781860352
2018-07-30,51300,8.999995231628418,8.549995422363281,8.999995231628418,8.549995422363281,8.201375007629395
2018-07-27,74600,8.549995422363281,8.699995994567871,9.149995803833008,8.549995422363281,8.345259666442871
2018-07-26,67900,8.849995613098145,8.699995994567871,8.849995613098145,8.549995422363281,8.345259666442871
2018-07-25,191900,8.399995803833008,8.699995994567871,8.849995613098145,8.399995803833008,8.345259666442871
2018-07-24,310800,8.549995422363281,8.249996185302734,8.549995422363281,8.099995613098145,7.913607597351074
2018-07-23,132500,8.849995613098145,8.549995422363281,8.849995613098145,8.549995422363281,8.201375007629395
2018-07-20,176200,8.549995422363281,8.849995613098145,9.149995803833008,8.549995422363281,8.489143371582031
2018-07-19,294900,8.399995803833008,8.549995422363281,8.999995231628418,8.399995803833008,8.201375007629395
2018-07-18,1070300,9.149995803833008,8.399995803833008,9.149995803833008,8.399995803833008,8.057491302490234
2018-07-17,254300,8.399995803833008,9.299995422363281,9.449995040893555,8.399995803833008,8.920795440673828
2018-07-16,274300,8.699995994567871,8.399995803833008,8.849995613098145,8.399995803833008,8.057491302490234
2018-07-13,207300,8.999995231628418,8.699995994567871,9.299995422363281,8.699995994567871,8.345259666442871
2018-07-12,416300,9.299995422363281,8.849995613098145,9.899994850158691,8.699995994567871,8.489143371582031
2018-07-11,590300,9.599995613098145,9.599995613098145,9.899994850158691,9.149995803833008,9.208562850952148
2018-07-10,680500,8.849995613098145,9.449995040893555,9.749995231628418,8.699995994567871,9.064678192138672
2018-07-09,733100,8.399995803833008,8.999995231628418,9.299995422363281,8.399995803833008,8.633026123046875
2018-07-06,326200,8.699995994567871,8.249996185302734,8.699995994567871,8.249996185302734,7.913607597351074
2018-07-05,348200,8.099995613098145,8.699995994567871,9.299995422363281,8.099995613098145,8.345259666442871
2018-07-03,454100,8.549995422363281,7.949995994567871,8.849995613098145,7.949995994567871,7.625840187072754
2018-07-02,350200,9.449995040893555,8.849995613098145,9.449995040893555,8.849995613098145,8.489143371582031
2018-06-29,390000,9.599995613098145,9.149995803833008,9.899994850158691,8.999995231628418,8.776910781860352
2018-06-28,299900,9.299995422363281,9.149995803833008,9.449995040893555,8.999995231628418,8.776910781860352
2018-06-27,520200,9.899994850158691,9.149995803833008,10.049995422363281,8.999995231628418,8.776910781860352
2018-06-26,361300,10.049995422363281,10.049995422363281,10.349994659423828,9.899994850158691,9.640213012695312
2018-06-25,577300,10.199995040893555,10.049995422363281,10.499994277954102,10.049995422363281,9.640213012695312
2018-06-22,8571900,10.499994277954102,9.899994850158691,10.949994087219238,9.899994850158691,9.496328353881836
2018-06-21,598300,10.949994087219238,10.949994087219238,11.249994277954102,10.799994468688965,10.503515243530273
2018-06-20,678900,10.349994659423828,10.949994087219238,11.249994277954102,10.349994659423828,10.503515243530273
2018-06-19,844800,10.799994468688965,10.649994850158691,10.949994087219238,10.649994850158691,10.196563720703125
2018-06-18,629300,10.349994659423828,10.799994468688965,10.949994087219238,10.349994659423828,10.340177536010742
2018-06-15,290900,10.649994850158691,10.499994277954102,10.799994468688965,10.499994277954102,10.052948951721191
2018-06-14,419100,10.649994850158691,10.499994277954102,10.799994468688965,10.349994659423828,10.052948951721191
2018-06-13,173800,10.649994850158691,10.649994850158691,10.649994850158691,10.649994850158691,10.196563720703125
2018-06-12,105600,10.499994277954102,10.649994850158691,10.799994468688965,10.499994277954102,10.196563720703125
2018-06-11,509600,10.649994850158691,10.949994087219238,10.949994087219238,10.349994659423828,10.483790397644043
2018-06-08,163000,10.949994087219238,10.649994850158691,10.949994087219238,10.649994850158691,10.196563720703125
2018-06-07,185400,10.949994087219238,10.949994087219238,11.099994659423828,10.949994087219238,10.483790397644043
2018-06-06,295800,10.949994087219238,10.799994468688965,11.099994659423828,10.799994468688965,10.340177536010742
2018-06-05,180400,11.099994659423828,10.949994087219238,11.249994277954102,10.799994468688965,10.483790397644043
2018-06-04,107100,11.399993896484375,10.949994087219238,11.399993896484375,10.949994087219238,10.483790397644043
2018-06-01,303800,11.399993896484375,11.399993896484375,11.699994087219238,11.099994659423828,10.914630889892578
2018-05-31,231300,11.099994659423828,11.399993896484375,11.549994468688965,10.799994468688965,10.914630889892578
2018-05-30,206500,10.799994468688965,11.249994277954102,11.249994277954102,10.799994468688965,10.771018028259277
2018-05-29,144600,10.799994468688965,10.799994468688965,10.949994087219238,10.799994468688965,10.340177536010742
2018-05-25,80200,10.949994087219238,10.949994087219238,10.949994087219238,10.799994468688965,10.483790397644043
2018-05-24,217300,10.949994087219238,10.949994087219238,11.099994659423828,10.949994087219238,10.483790397644043
2018-05-23,9200,11.25,10.949999809265137,11.25,10.949999809265137,10.483796119689941
2018-05-22,20300,11.100000381469727,11.100000381469727,11.25,11.100000381469727,10.627409934997559
2018-05-21,15900,11.25,11.100000381469727,11.399999618530273,11.100000381469727,10.627409934997559
2018-05-18,12800,11.699999809265137,11.399999618530273,11.699999809265137,11.25,10.91463565826416
2018-05-17,19400,11.399999618530273,11.25,11.550000190734863,11.25,10.771023750305176
2018-05-16,8500,11.550000190734863,11.550000190734863,11.699999809265137,11.399999618530273,11.05825138092041
2018-05-15,11300,11.699999809265137,11.550000190734863,11.699999809265137,11.550000190734863,11.05825138092041
2018-05-14,14800,11.25,11.699999809265137,11.699999809265137,11.25,11.201863288879395
2018-05-11,23600,10.949999809265137,11.399999618530273,11.699999809265137,10.949999809265137,10.91463565826416
2018-05-10,16000,11.100000381469727,10.949999809265137,11.25,10.949999809265137,10.483796119689941
2018-05-09,26300,11.25,11.100000381469727,11.25,10.949999809265137,10.627409934997559
2018-05-08,32000,11.25,10.800000190734863,11.550000190734863,10.649999618530273,10.340182304382324
2018-05-07,14000,11.399999618530273,11.399999618530273,11.399999618530273,11.25,10.91463565826416
2018-05-04,6200,11.100000381469727,11.25,11.550000190734863,11.100000381469727,10.771023750305176
2018-05-03,10800,11.399999618530273,11.25,11.399999618530273,11.25,10.771023750305176
2018-05-02,18700,11.850000381469727,11.399999618530273,11.850000381469727,11.25,10.91463565826416
2018-05-01,15400,11.550000190734863,11.699999809265137,12.0,11.399999618530273,11.201863288879395
2018-04-30,4600,11.850000381469727,11.699999809265137,11.850000381469727,11.550000190734863,11.201863288879395
2018-04-27,20400,11.850000381469727,11.850000381469727,12.149999618530273,11.699999809265137,11.345478057861328
2018-04-26,10000,12.0,12.0,12.149999618530273,11.850000381469727,11.489091873168945
2018-04-25,9000,12.149999618530273,12.0,12.300000190734863,11.850000381469727,11.489091873168945
2018-04-24,10000,12.149999618530273,12.149999618530273,12.300000190734863,12.149999618530273,11.63270378112793
2018-04-23,8300,12.449999809265137,12.300000190734863,12.449999809265137,12.149999618530273,11.77631950378418
2018-04-20,16800,11.850000381469727,12.600000381469727,12.600000381469727,11.850000381469727,12.063546180725098
2018-04-19,27300,12.0,12.449999809265137,12.600000381469727,12.0,11.919931411743164
2018-04-18,23800,11.550000190734863,12.149999618530273,12.300000190734863,11.550000190734863,11.63270378112793
2018-04-17,23400,11.699999809265137,11.550000190734863,11.850000381469727,11.399999618530273,11.05825138092041
2018-04-16,22100,12.300000190734863,11.699999809265137,12.300000190734863,11.699999809265137,11.201863288879395
2018-04-13,11300,12.449999809265137,12.300000190734863,12.449999809265137,12.149999618530273,11.77631950378418
2018-04-12,5900,12.300000190734863,12.449999809265137,12.600000381469727,12.300000190734863,11.919931411743164
2018-04-11,16700,12.449999809265137,12.600000381469727,12.600000381469727,12.149999618530273,12.063546180725098
2018-04-10,21500,12.75,12.600000381469727,12.899999618530273,12.449999809265137,12.063546180725098
2018-04-09,37700,11.850000381469727,12.75,13.050000190734863,11.699999809265137,12.207159042358398
2018-04-06,25900,11.850000381469727,12.0,12.0,11.850000381469727,11.489091873168945
2018-04-05,32500,10.949999809265137,12.0,12.149999618530273,10.949999809265137,11.489091873168945
2018-04-04,20800,11.399999618530273,11.399999618530273,11.550000190734863,10.949999809265137,10.91463565826416
2018-04-03,42500,11.100000381469727,11.550000190734863,11.699999809265137,10.5,11.05825138092041
2018-04-02,24300,12.600000381469727,11.25,12.75,11.25,10.771023750305176
2018-03-29,28200,13.050000190734863,12.600000381469727,13.199999809265137,12.449999809265137,12.063546180725098
2018-03-28,36800,12.600000381469727,13.050000190734863,13.199999809265137,12.600000381469727,12.494386672973633
2018-03-27,25200,12.899999618530273,12.75,13.050000190734863,12.600000381469727,12.207159042358398
2018-03-26,39200,12.899999618530273,12.899999618530273,13.050000190734863,12.600000381469727,12.350772857666016
2018-03-23,35800,12.600000381469727,12.899999618530273,13.199999809265137,12.449999809265137,12.350772857666016
2018-03-22,32100,13.199999809265137,12.600000381469727,13.5,12.449999809265137,12.063546180725098
2018-03-21,47700,12.300000190734863,13.199999809265137,13.649999618530273,12.300000190734863,12.63800048828125
2018-03-20,35000,13.5,13.649999618530273,14.25,13.199999809265137,13.04969310760498
2018-03-19,13800,13.5,13.5,13.800000190734863,13.350000381469727,12.906289100646973
2018-03-16,57500,13.5,13.800000190734863,13.800000190734863,13.050000190734863,13.193096160888672
2018-03-15,46900,13.199999809265137,13.5,13.649999618530273,12.899999618530273,12.906289100646973
2018-03-14,24000,13.050000190734863,13.199999809265137,13.350000381469727,13.050000190734863,12.61948299407959
2018-03-13,29900,13.199999809265137,13.199999809265137,13.350000381469727,13.050000190734863,12.61948299407959
2018-03-12,23800,12.899999618530273,13.350000381469727,13.350000381469727,12.899999618530273,12.762886047363281
2018-03-09,32700,13.050000190734863,12.899999618530273,13.350000381469727,12.75,12.332677841186523
2018-03-08,64200,12.899999618530273,13.050000190734863,13.350000381469727,12.449999809265137,12.476080894470215
2018-03-07,67300,12.899999618530273,13.050000190734863,13.5,12.75,12.476080894470215
2018-03-06,108400,12.449999809265137,12.899999618530273,13.5,12.149999618530273,12.332677841186523
2018-03-05,95300,11.25,12.600000381469727,13.050000190734863,11.25,12.045869827270508
2018-03-02,70600,11.25,11.699999809265137,11.850000381469727,10.949999809265137,11.185450553894043
2018-03-01,83000,11.25,11.25,11.850000381469727,11.100000381469727,10.755241394042969
2018-02-28,94800,11.550000190734863,11.25,12.149999618530273,11.25,10.755241394042969
2018-02-27,103500,11.25,11.550000190734863,12.0,11.25,11.042048454284668
2018-02-26,61000,10.949999809265137,11.25,11.699999809265137,10.949999809265137,10.755241394042969
2018-02-23,78600,11.399999618530273,11.25,11.550000190734863,10.800000190734863,10.755241394042969
2018-02-22,43800,11.25,11.25,11.850000381469727,11.25,10.755241394042969
2018-02-21,81800,11.25,11.100000381469727,12.0,11.100000381469727,10.611838340759277
2018-02-20,56900,11.699999809265137,11.25,12.0,11.25,10.755241394042969
2018-02-16,33100,11.550000190734863,11.850000381469727,12.300000190734863,11.550000190734863,11.328855514526367
2018-02-15,68400,11.699999809265137,11.699999809265137,12.0,11.550000190734863,11.185450553894043
2018-02-14,66200,10.949999809265137,11.550000190734863,12.0,10.800000190734863,11.042048454284668
2018-02-13,88600,11.25,11.100000381469727,11.850000381469727,10.800000190734863,10.611838340759277
2018-02-12,85800,10.350000381469727,11.25,11.699999809265137,10.199999809265137,10.755241394042969
2018-02-09,97000,10.800000190734863,10.199999809265137,10.800000190734863,10.050000190734863,9.751420021057129
2018-02-08,88100,11.25,10.649999618530273,11.699999809265137,10.649999618530273,10.18162727355957
2018-02-07,119300,12.449999809265137,11.399999618530273,12.75,10.800000190734863,10.898643493652344
2018-02-06,123100,11.699999809265137,12.449999809265137,12.75,11.25,11.9024658203125
2018-02-05,65500,11.550000190734863,11.699999809265137,12.75,11.550000190734863,11.185450553894043
2018-02-02,81600,12.600000381469727,11.850000381469727,12.75,11.25,11.328855514526367
2018-02-01,97600,11.550000190734863,12.600000381469727,13.050000190734863,11.25,12.045869827270508
2018-01-31,87900,12.0,11.699999809265137,12.300000190734863,11.399999618530273,11.185450553894043
2018-01-30,55200,12.75,12.149999618530273,12.899999618530273,11.850000381469727,11.615660667419434
2018-01-29,28100,13.050000190734863,12.75,13.199999809265137,12.75,12.1892728805542
2018-01-26,60600,13.199999809265137,13.050000190734863,13.199999809265137,12.75,12.476080894470215
2018-01-25,49500,13.050000190734863,13.199999809265137,13.350000381469727,12.899999618530273,12.61948299407959
2018-01-24,54900,13.350000381469727,13.199999809265137,13.5,12.75,12.61948299407959
2018-01-23,92600,14.25,13.350000381469727,14.25,12.75,12.762886047363281
2018-01-22,23100,14.25,14.100000381469727,14.550000190734863,14.100000381469727,13.479901313781738
2018-01-19,123700,14.550000190734863,14.399999618530273,15.0,13.350000381469727,13.766708374023438
2018-01-18,50000,16.049999237060547,15.300000190734863,16.200000762939453,15.149999618530273,14.627128601074219
2018-01-17,21900,16.350000381469727,16.049999237060547,16.350000381469727,15.899999618530273,15.34414291381836
2018-01-16,15600,16.5,16.200000762939453,16.799999237060547,16.200000762939453,15.487548828125
2018-01-12,21500,16.200000762939453,16.5,16.799999237060547,16.049999237060547,15.774354934692383
2018-01-11,25900,16.200000762939453,16.049999237060547,16.350000381469727,15.899999618530273,15.34414291381836
2018-01-10,24900,16.049999237060547,16.049999237060547,16.200000762939453,16.049999237060547,15.34414291381836
2018-01-09,31000,16.649999618530273,16.200000762939453,16.799999237060547,16.200000762939453,15.487548828125
2018-01-08,17400,17.25,16.649999618530273,17.25,16.649999618530273,15.917757034301758
2018-01-05,42200,17.100000381469727,17.25,17.399999618530273,16.5,16.49136734008789
2018-01-04,39400,16.950000762939453,16.950000762939453,17.25,16.950000762939453,16.20456314086914
2018-01-03,39600,16.950000762939453,16.799999237060547,16.950000762939453,16.649999618530273,16.061161041259766
2018-01-02,21600,16.950000762939453,17.100000381469727,17.100000381469727,16.649999618530273,16.34796905517578
2017-12-29,37300,16.799999237060547,16.649999618530273,16.950000762939453,16.350000381469727,15.917757034301758
2017-12-28,18200,16.799999237060547,16.950000762939453,16.950000762939453,16.649999618530273,16.20456314086914
2017-12-27,23400,16.950000762939453,16.950000762939453,17.25,16.799999237060547,16.20456314086914
2017-12-26,21100,16.950000762939453,16.799999237060547,17.100000381469727,16.799999237060547,16.061161041259766
2017-12-22,16200,17.100000381469727,16.950000762939453,17.100000381469727,16.950000762939453,16.20456314086914
2017-12-21,22300,17.100000381469727,17.100000381469727,17.100000381469727,16.950000762939453,16.34796905517578
2017-12-20,23400,17.25,17.100000381469727,17.25,16.799999237060547,16.34796905517578
2017-12-19,27600,17.25,17.25,17.549999237060547,17.100000381469727,16.49136734008789
2017-12-18,34400,17.549999237060547,17.399999618530273,17.700000762939453,17.25,16.63477325439453
2017-12-15,46200,17.399999618530273,17.700000762939453,17.850000381469727,17.25,16.921581268310547
2017-12-14,24600,17.850000381469727,17.549999237060547,17.850000381469727,17.399999618530273,16.778175354003906
2017-12-13,27200,18.0,17.700000762939453,18.0,17.549999237060547,16.921581268310547
2017-12-12,16300,17.850000381469727,17.700000762939453,18.0,17.700000762939453,16.921581268310547
2017-12-11,13000,17.700000762939453,17.700000762939453,18.0,17.700000762939453,16.921581268310547
2017-12-08,15200,17.850000381469727,17.549999237060547,18.0,17.549999237060547,16.778175354003906
2017-12-07,29800,17.850000381469727,17.700000762939453,17.850000381469727,17.700000762939453,16.921581268310547
2017-12-06,44700,19.350000381469727,18.0,19.350000381469727,17.850000381469727,17.208385467529297
2017-12-05,18500,19.799999237060547,19.350000381469727,19.950000762939453,19.350000381469727,18.49901580810547
2017-12-04,23800,20.25,20.399999618530273,20.399999618530273,20.100000381469727,19.455036163330078
2017-12-01,32800,19.950000762939453,20.25,20.549999237060547,19.5,19.31198501586914
2017-11-30,24500,20.399999618530273,20.100000381469727,20.399999618530273,19.950000762939453,19.16893196105957
2017-11-29,14700,20.399999618530273,20.399999618530273,20.549999237060547,20.100000381469727,19.455036163330078
2017-11-28,9900,20.100000381469727,20.399999618530273,20.399999618530273,19.649999618530273,19.455036163330078
2017-11-27,14700,20.100000381469727,20.25,20.549999237060547,19.950000762939453,19.31198501586914
2017-11-24,8100,19.5,19.950000762939453,19.950000762939453,19.350000381469727,19.025880813598633
2017-11-22,7700,19.5,19.5,19.799999237060547,19.5,18.596725463867188
2017-11-21,34700,19.5,19.649999618530273,20.100000381469727,19.350000381469727,18.739776611328125
2017-11-20,12000,19.5,19.5,19.5,19.049999237060547,18.596725463867188
2017-11-17,16300,18.899999618530273,19.350000381469727,19.350000381469727,18.75,18.45367431640625
2017-11-16,6500,18.899999618530273,19.049999237060547,19.200000762939453,18.899999618530273,18.167570114135742
2017-11-15,27000,19.5,19.049999237060547,19.5,18.75,18.167570114135742
2017-11-14,13400,20.100000381469727,19.649999618530273,20.100000381469727,19.5,18.739776611328125
2017-11-13,11300,20.399999618530273,19.950000762939453,20.399999618530273,19.799999237060547,19.025880813598633
2017-11-10,12800,19.950000762939453,19.950000762939453,20.100000381469727,19.799999237060547,19.025880813598633
2017-11-09,14500,19.950000762939453,20.100000381469727,20.399999618530273,19.5,19.16893196105957
2017-11-08,23300,20.549999237060547,19.950000762939453,20.549999237060547,19.950000762939453,19.025880813598633
2017-11-07,22100,20.850000381469727,20.700000762939453,20.850000381469727,20.25,19.741140365600586
2017-11-06,367500,19.949989318847656,20.099990844726562,20.549989700317383,19.799989700317383,19.16892433166504
2017-11-03,563900,19.949989318847656,19.949989318847656,20.699989318847656,19.799989700317383,19.02587127685547
2017-11-02,989100,18.89999008178711,20.249990463256836,20.39999008178711,18.89999008178711,19.311975479125977
2017-11-01,11100,18.899999618530273,18.75,19.049999237060547,18.75,17.881465911865234
2017-10-31,27700,18.75,18.75,18.899999618530273,18.299999237060547,17.881465911865234
2017-10-30,19200,18.899999618530273,18.75,18.899999618530273,18.450000762939453,17.881465911865234
2017-10-27,22800,18.450000762939453,18.899999618530273,18.899999618530273,18.149999618530273,18.024518966674805
2017-10-26,15900,19.049999237060547,18.299999237060547,19.049999237060547,18.299999237060547,17.45231056213379
2017-10-25,13000,19.200000762939453,19.049999237060547,19.200000762939453,18.899999618530273,18.167570114135742
2017-10-24,22000,19.200000762939453,19.350000381469727,19.350000381469727,18.600000381469727,18.45367431640625
2017-10-23,41500,19.049999237060547,19.200000762939453,19.5,18.600000381469727,18.310623168945312
2017-10-20,22100,19.049999237060547,19.049999237060547,19.049999237060547,18.600000381469727,18.167570114135742
2017-10-19,25400,18.75,19.049999237060547,19.049999237060547,18.299999237060547,18.167570114135742
2017-10-18,8500,18.600000381469727,18.75,18.899999618530273,18.600000381469727,17.881465911865234
2017-10-17,22600,19.049999237060547,18.75,19.049999237060547,18.450000762939453,17.881465911865234
2017-10-16,16600,18.899999618530273,19.049999237060547,19.049999237060547,18.450000762939453,18.167570114135742
2017-10-13,14200,18.75,18.75,19.200000762939453,18.600000381469727,17.881465911865234
2017-10-12,22300,18.75,18.75,18.899999618530273,18.299999237060547,17.881465911865234
2017-10-11,16900,18.75,18.75,18.899999618530273,18.600000381469727,17.881465911865234
2017-10-10,9600,18.600000381469727,18.75,18.899999618530273,18.600000381469727,17.881465911865234
2017-10-09,25900,18.299999237060547,18.600000381469727,18.899999618530273,18.299999237060547,17.738414764404297
2017-10-06,5000,18.600000381469727,18.600000381469727,18.75,18.450000762939453,17.738414764404297
2017-10-05,15800,18.600000381469727,18.600000381469727,18.75,18.299999237060547,17.738414764404297
2017-10-04,16200,18.75,18.450000762939453,19.049999237060547,18.299999237060547,17.595361709594727
2017-10-03,12000,18.899999618530273,18.899999618530273,18.899999618530273,18.75,18.024518966674805
2017-10-02,32600,18.450000762939453,18.899999618530273,18.899999618530273,18.450000762939453,18.024518966674805
2017-09-29,24500,18.149999618530273,18.299999237060547,18.75,18.149999618530273,17.45231056213379
2017-09-28,18500,18.600000381469727,18.299999237060547,18.75,18.149999618530273,17.45231056213379
2017-09-27,20200,18.299999237060547,18.600000381469727,18.75,18.149999618530273,17.738414764404297
2017-09-26,37100,18.299999237060547,18.450000762939453,18.75,18.149999618530273,17.595361709594727
2017-09-25,17400,18.600000381469727,18.299999237060547,18.600000381469727,18.299999237060547,17.45231056213379
2017-09-22,12900,18.600000381469727,18.75,18.75,18.299999237060547,17.881465911865234
2017-09-21,22300,18.899999618530273,18.450000762939453,18.899999618530273,18.149999618530273,17.595361709594727
2017-09-20,19600,18.600000381469727,18.75,18.899999618530273,18.450000762939453,17.881465911865234
2017-09-19,53200,18.149999618530273,18.75,18.899999618530273,18.149999618530273,17.881465911865234
2017-09-18,41600,18.75,18.450000762939453,18.899999618530273,18.149999618530273,17.595361709594727
2017-09-15,39100,18.899999618530273,18.899999618530273,18.899999618530273,18.450000762939453,18.024518966674805
2017-09-14,13300,18.75,18.75,18.899999618530273,18.450000762939453,17.881465911865234
2017-09-13,28700,18.600000381469727,18.75,18.899999618530273,18.0,17.881465911865234
2017-09-12,18400,18.75,18.75,18.75,18.450000762939453,17.881465911865234
2017-09-11,19800,18.450000762939453,18.75,18.75,18.299999237060547,17.881465911865234
2017-09-08,44400,18.600000381469727,18.149999618530273,18.899999618530273,17.850000381469727,17.30925941467285
2017-09-07,44400,18.600000381469727,18.75,18.899999618530273,17.700000762939453,17.881465911865234
2017-09-06,23100,18.299999237060547,18.600000381469727,18.600000381469727,18.149999618530273,17.738414764404297
2017-09-05,51400,18.75,19.049999237060547,19.5,18.600000381469727,18.11988639831543
2017-09-01,31100,18.75,18.899999618530273,19.049999237060547,18.600000381469727,17.977209091186523
2017-08-31,49700,18.899999618530273,18.899999618530273,18.899999618530273,18.149999618530273,17.977209091186523
2017-08-30,26400,18.600000381469727,18.75,18.899999618530273,18.299999237060547,17.83453369140625
2017-08-29,18300,18.899999618530273,18.75,19.049999237060547,18.600000381469727,17.83453369140625
2017-08-28,17300,18.75,19.049999237060547,19.350000381469727,18.600000381469727,18.11988639831543
2017-08-25,20000,18.149999618530273,18.75,18.899999618530273,18.0,17.83453369140625
2017-08-24,12500,18.450000762939453,18.149999618530273,18.450000762939453,18.0,17.26382827758789
2017-08-23,49600,17.549999237060547,18.450000762939453,18.600000381469727,17.549999237060547,17.549179077148438
2017-08-22,65200,16.950000762939453,17.700000762939453,17.850000381469727,16.200000762939453,16.83580207824707
2017-08-21,41500,17.399999618530273,17.100000381469727,17.700000762939453,17.100000381469727,16.265092849731445
2017-08-18,25800,17.700000762939453,17.549999237060547,17.850000381469727,17.399999618530273,16.693124771118164
2017-08-17,22600,18.0,17.700000762939453,18.450000762939453,17.700000762939453,16.83580207824707
2017-08-16,34300,17.700000762939453,17.850000381469727,18.75,17.700000762939453,16.97847557067871
2017-08-15,57600,18.600000381469727,17.700000762939453,18.899999618530273,17.700000762939453,16.83580207824707
2017-08-14,38100,19.5,18.75,19.5,18.75,17.83453369140625
2017-08-11,46300,20.25,19.200000762939453,20.25,19.200000762939453,18.262563705444336
2017-08-10,34500,20.549999237060547,20.399999618530273,21.0,20.399999618530273,19.40397071838379
2017-08-09,24400,20.549999237060547,20.25,20.700000762939453,20.25,19.26129722595215
2017-08-08,22700,20.549999237060547,20.549999237060547,20.700000762939453,20.399999618530273,19.546649932861328
2017-08-07,14200,20.700000762939453,20.549999237060547,20.850000381469727,20.549999237060547,19.546649932861328
2017-08-04,24900,20.850000381469727,20.399999618530273,21.0,20.399999618530273,19.40397071838379
2017-08-03,16300,21.0,20.850000381469727,21.450000762939453,20.850000381469727,19.832002639770508
2017-08-02,22400,21.149999618530273,20.850000381469727,21.600000381469727,20.700000762939453,19.832002639770508
2017-08-01,15500,21.149999618530273,21.299999237060547,21.450000762939453,21.149999618530273,20.260028839111328
2017-07-31,30600,21.149999618530273,21.149999618530273,21.75,20.850000381469727,20.117353439331055
2017-07-28,29700,21.299999237060547,20.850000381469727,21.450000762939453,20.850000381469727,19.832002639770508
2017-07-27,21400,21.75,21.149999618530273,21.75,21.149999618530273,20.117353439331055
2017-07-26,19900,21.450000762939453,21.75,21.75,21.299999237060547,20.688058853149414
2017-07-25,23500,21.450000762939453,21.600000381469727,21.600000381469727,21.149999618530273,20.545381546020508
2017-07-24,21800,21.600000381469727,21.299999237060547,21.75,21.149999618530273,20.260028839111328
2017-07-21,41500,21.75,21.600000381469727,22.049999237060547,21.0,20.545381546020508
2017-07-20,15800,21.299999237060547,21.450000762939453,21.75,21.299999237060547,20.402706146240234
2017-07-19,19900,21.899999618530273,21.899999618530273,22.350000381469727,21.450000762939453,20.83073616027832
2017-07-18,22600,22.950000762939453,21.899999618530273,22.950000762939453,21.75,20.83073616027832
2017-07-17,27800,22.350000381469727,22.350000381469727,22.799999237060547,22.049999237060547,21.258764266967773
2017-07-14,14700,21.299999237060547,22.049999237060547,22.049999237060547,21.299999237060547,20.973411560058594
2017-07-13,14500,21.600000381469727,21.299999237060547,21.75,21.299999237060547,20.260028839111328
2017-07-12,11800,21.299999237060547,21.75,21.899999618530273,21.149999618530273,20.688058853149414
2017-07-11,17000,21.149999618530273,21.299999237060547,21.299999237060547,21.0,20.260028839111328
2017-07-10,10300,21.0,21.149999618530273,21.299999237060547,21.0,20.117353439331055
2017-07-07,19500,21.299999237060547,21.149999618530273,21.450000762939453,21.0,20.117353439331055
2017-07-06,13700,21.299999237060547,21.299999237060547,21.450000762939453,21.299999237060547,20.260028839111328
2017-07-05,14800,21.75,21.450000762939453,21.899999618530273,21.299999237060547,20.402706146240234
2017-07-03,7100,21.899999618530273,21.899999618530273,22.350000381469727,21.75,20.83073616027832
2017-06-30,39000,21.0,22.049999237060547,22.350000381469727,21.0,20.973411560058594
2017-06-29,42900,21.0,21.0,21.450000762939453,21.0,19.97467613220215
2017-06-28,44100,21.450000762939453,21.600000381469727,22.049999237060547,21.450000762939453,20.545381546020508
2017-06-27,33300,21.299999237060547,21.899999618530273,22.649999618530273,21.299999237060547,20.83073616027832
2017-06-26,41300,21.299999237060547,22.049999237060547,22.350000381469727,21.299999237060547,20.973411560058594
2017-06-23,68700,21.75,21.0,22.200000762939453,21.0,19.97467613220215
2017-06-22,11100,21.0,21.75,21.75,21.0,20.688058853149414
2017-06-21,18700,21.299999237060547,21.0,21.450000762939453,21.0,19.97467613220215
2017-06-20,19200,21.899999618530273,21.299999237060547,22.049999237060547,21.299999237060547,20.260028839111328
2017-06-19,10500,22.350000381469727,21.75,22.649999618530273,21.75,20.688058853149414
2017-06-16,22100,22.200000762939453,22.350000381469727,22.649999618530273,21.899999618530273,21.258764266967773
2017-06-15,20500,22.649999618530273,22.649999618530273,23.25,22.5,21.54411506652832
2017-06-14,16000,23.100000381469727,23.100000381469727,23.100000381469727,22.350000381469727,21.972143173217773
2017-06-13,12700,22.5,23.100000381469727,23.25,22.350000381469727,21.972143173217773
2017-06-12,20500,22.649999618530273,22.5,23.100000381469727,22.200000762939453,21.40144157409668
2017-06-09,27300,22.200000762939453,22.5,23.25,21.899999618530273,21.40144157409668
2017-06-08,24500,21.149999618530273,22.200000762939453,22.200000762939453,21.149999618530273,21.116090774536133
2017-06-07,49200,21.899999618530273,21.299999237060547,22.049999237060547,21.149999618530273,20.260028839111328
2017-06-06,35800,22.049999237060547,21.899999618530273,22.200000762939453,21.450000762939453,20.83073616027832
2017-06-05,36400,23.399999618530273,22.350000381469727,23.549999237060547,22.200000762939453,21.258764266967773
2017-06-02,50700,23.850000381469727,24.149999618530273,24.75,23.549999237060547,22.923320770263672
2017-06-01,47600,21.450000762939453,23.700000762939453,23.850000381469727,21.450000762939453,22.496179580688477
2017-05-31,49800,22.649999618530273,21.600000381469727,23.100000381469727,21.450000762939453,20.502845764160156
2017-05-30,39600,23.399999618530273,22.649999618530273,23.700000762939453,22.649999618530273,21.499509811401367
2017-05-26,19800,23.700000762939453,23.25,23.700000762939453,23.100000381469727,22.06903648376465
2017-05-25,26400,23.549999237060547,23.399999618530273,24.600000381469727,23.25,22.211414337158203
2017-05-24,17100,24.149999618530273,23.549999237060547,24.149999618530273,23.399999618530273,22.353797912597656
2017-05-23,12400,24.450000762939453,23.850000381469727,24.450000762939453,23.850000381469727,22.638561248779297
2017-05-22,19300,24.450000762939453,24.149999618530273,24.75,24.0,22.923320770263672
2017-05-19,14300,23.549999237060547,24.149999618530273,24.299999237060547,23.549999237060547,22.923320770263672
2017-05-18,29700,24.299999237060547,23.549999237060547,24.299999237060547,23.25,22.353797912597656
2017-05-17,32600,24.600000381469727,23.850000381469727,24.75,23.850000381469727,22.638561248779297
2017-05-16,27700,25.200000762939453,24.450000762939453,25.200000762939453,24.450000762939453,23.208084106445312
2017-05-15,15500,25.049999237060547,24.75,25.350000381469727,24.600000381469727,23.492843627929688
2017-05-12,10300,24.899999618530273,24.75,25.049999237060547,24.75,23.492843627929688
2017-05-11,11500,25.200000762939453,24.899999618530273,25.5,24.75,23.635223388671875
2017-05-10,12100,24.600000381469727,25.200000762939453,25.350000381469727,24.600000381469727,23.91998863220215
2017-05-09,23800,25.5,24.75,25.5,24.149999618530273,23.492843627929688
2017-05-08,13200,25.049999237060547,25.350000381469727,25.350000381469727,24.899999618530273,24.06237030029297
2017-05-05,7600,25.049999237060547,25.049999237060547,25.5,24.75,23.777605056762695
2017-05-04,25500,25.049999237060547,24.899999618530273,25.049999237060547,24.600000381469727,23.635223388671875
2017-05-03,19200,25.049999237060547,24.899999618530273,25.649999618530273,24.899999618530273,23.635223388671875
2017-05-02,13700,25.049999237060547,25.049999237060547,25.350000381469727,24.899999618530273,23.777605056762695
2017-05-01,18100,25.649999618530273,25.049999237060547,25.649999618530273,25.049999237060547,23.777605056762695
2017-04-28,13800,25.5,25.350000381469727,25.649999618530273,25.350000381469727,24.06237030029297
2017-04-27,13200,25.5,25.200000762939453,25.649999618530273,25.200000762939453,23.91998863220215
2017-04-26,23700,25.200000762939453,25.5,25.649999618530273,25.200000762939453,24.204748153686523
2017-04-25,26300,25.950000762939453,25.049999237060547,26.100000381469727,25.049999237060547,23.777605056762695
2017-04-24,19700,25.950000762939453,25.799999237060547,26.100000381469727,25.5,24.489513397216797
2017-04-21,21600,25.049999237060547,25.649999618530273,25.799999237060547,25.049999237060547,24.34712791442871
2017-04-20,17600,25.049999237060547,25.049999237060547,25.5,24.75,23.777605056762695
2017-04-19,26400,25.649999618530273,24.75,25.649999618530273,24.75,23.492843627929688
2017-04-18,10800,25.649999618530273,25.350000381469727,25.649999618530273,25.200000762939453,24.06237030029297
2017-04-17,18600,25.200000762939453,25.649999618530273,25.649999618530273,24.899999618530273,24.34712791442871
2017-04-13,26700,25.350000381469727,24.899999618530273,25.350000381469727,24.75,23.635223388671875
2017-04-12,11700,26.25,25.350000381469727,26.25,25.350000381469727,24.06237030029297
2017-04-11,28400,25.350000381469727,26.100000381469727,26.25,25.200000762939453,24.774272918701172
2017-04-10,25000,24.899999618530273,25.049999237060547,25.5,24.899999618530273,23.777605056762695
2017-04-07,46000,25.049999237060547,24.75,25.200000762939453,24.600000381469727,23.492843627929688
2017-04-06,36300,25.200000762939453,24.75,25.5,24.75,23.492843627929688
2017-04-05,28300,26.25,24.75,26.25,24.75,23.492843627929688
2017-04-04,18800,25.950000762939453,25.649999618530273,26.100000381469727,25.350000381469727,24.34712791442871
2017-04-03,15400,26.100000381469727,25.950000762939453,26.25,25.799999237060547,24.631895065307617
2017-03-31,20000,26.100000381469727,25.799999237060547,26.399999618530273,25.649999618530273,24.489513397216797
2017-03-30,19600,26.25,26.100000381469727,26.25,25.5,24.774272918701172
2017-03-29,11900,25.5,26.100000381469727,26.100000381469727,25.350000381469727,24.774272918701172
2017-03-28,9700,24.75,25.350000381469727,25.649999618530273,24.600000381469727,24.06237030029297
2017-03-27,14300,25.350000381469727,24.75,25.350000381469727,24.75,23.492843627929688
2017-03-24,12300,25.950000762939453,25.350000381469727,26.25,25.350000381469727,24.06237030029297
2017-03-23,42700,24.299999237060547,26.25,26.25,24.149999618530273,24.916650772094727
2017-03-22,44100,25.350000381469727,24.0,26.399999618530273,24.0,22.780941009521484
2017-03-21,26500,25.649999618530273,25.350000381469727,25.799999237060547,25.350000381469727,24.06237030029297
2017-03-20,14700,25.799999237060547,25.5,26.25,25.5,24.204748153686523
2017-03-17,65900,25.649999618530273,25.799999237060547,26.100000381469727,25.649999618530273,24.489513397216797
2017-03-16,31500,25.950000762939453,25.5,26.25,25.350000381469727,24.204748153686523
2017-03-15,36800,25.950000762939453,25.950000762939453,26.700000762939453,25.350000381469727,24.631895065307617
2017-03-14,32800,25.649999618530273,25.799999237060547,25.950000762939453,24.75,24.489513397216797
2017-03-13,48100,25.049999237060547,24.899999618530273,26.399999618530273,24.75,23.635223388671875
2017-03-10,41400,25.950000762939453,25.049999237060547,25.950000762939453,24.899999618530273,23.777605056762695
2017-03-09,39800,26.549999237060547,25.5,26.700000762939453,25.350000381469727,24.204748153686523
2017-03-08,17500,26.850000381469727,26.700000762939453,27.0,26.700000762939453,25.343795776367188
2017-03-07,11800,27.149999618530273,26.700000762939453,27.299999237060547,26.700000762939453,25.343795776367188
2017-03-06,19000,27.600000381469727,26.850000381469727,27.600000381469727,26.850000381469727,25.486177444458008
2017-03-03,30400,27.75,27.600000381469727,28.049999237060547,27.299999237060547,26.19808006286621
2017-03-02,28500,28.649999618530273,28.350000381469727,28.649999618530273,28.200000762939453,26.862525939941406
2017-03-01,53400,28.049999237060547,28.5,28.649999618530273,27.600000381469727,27.004655838012695
2017-02-28,32100,28.049999237060547,27.600000381469727,28.200000762939453,27.600000381469727,26.15187644958496
2017-02-27,39500,28.5,27.899999618530273,28.5,27.75,26.43613624572754
2017-02-24,51400,28.350000381469727,28.049999237060547,28.799999237060547,27.450000762939453,26.578266143798828
2017-02-23,39500,28.350000381469727,28.5,28.5,27.899999618530273,27.004655838012695
2017-02-22,28400,28.5,28.049999237060547,28.649999618530273,27.899999618530273,26.578266143798828
2017-02-21,31100,28.5,28.350000381469727,28.649999618530273,28.049999237060547,26.862525939941406
2017-02-17,28400,28.5,28.200000762939453,28.799999237060547,27.75,26.720396041870117
2017-02-16,29300,27.899999618530273,28.5,28.649999618530273,27.450000762939453,27.004655838012695
2017-02-15,13800,27.899999618530273,27.75,28.049999237060547,27.149999618530273,26.29400634765625
2017-02-14,45300,27.75,27.75,28.5,26.850000381469727,26.29400634765625
2017-02-13,28200,27.75,27.75,27.75,27.450000762939453,26.29400634765625
2017-02-10,24500,27.450000762939453,27.600000381469727,28.200000762939453,27.0,26.15187644958496
2017-02-09,59200,27.0,27.450000762939453,28.200000762939453,26.100000381469727,26.009750366210938
2017-02-08,50500,26.549999237060547,25.950000762939453,27.0,25.649999618530273,24.58845329284668
2017-02-07,26800,27.299999237060547,26.700000762939453,27.299999237060547,26.549999237060547,25.29909896850586
2017-02-06,29400,27.299999237060547,27.299999237060547,27.600000381469727,26.850000381469727,25.867616653442383
2017-02-03,15700,27.899999618530273,27.149999618530273,27.899999618530273,26.850000381469727,25.72549057006836
2017-02-02,20900,27.75,27.450000762939453,27.75,27.0,26.009750366210938
2017-02-01,19400,28.350000381469727,27.600000381469727,28.5,27.450000762939453,26.15187644958496
2017-01-31,26100,27.450000762939453,27.899999618530273,27.899999618530273,26.700000762939453,26.43613624572754
2017-01-30,37500,28.5,27.299999237060547,28.5,26.399999618530273,25.867616653442383
2017-01-27,21200,28.5,28.200000762939453,28.5,27.75,26.720396041870117
2017-01-26,21700,28.200000762939453,28.049999237060547,28.5,27.899999618530273,26.578266143798828
2017-01-25,31900,28.950000762939453,28.350000381469727,28.950000762939453,28.049999237060547,26.862525939941406
2017-01-24,54700,29.25,28.5,29.25,28.200000762939453,27.004655838012695
2017-01-23,37900,30.0,29.100000381469727,30.0,28.799999237060547,27.57317543029785
2017-01-20,38000,29.700000762939453,30.0,30.299999237060547,29.549999237060547,28.425954818725586
2017-01-19,28000,29.25,29.399999618530273,29.549999237060547,28.5,27.857433319091797
2017-01-18,47500,29.25,28.950000762939453,29.549999237060547,28.200000762939453,27.431045532226562
2017-01-17,84000,31.649999618530273,29.25,31.649999618530273,28.649999618530273,27.71530532836914
2017-01-13,37200,30.600000381469727,31.200000762939453,31.649999618530273,30.600000381469727,29.562992095947266
2017-01-12,45000,30.149999618530273,30.600000381469727,30.75,29.25,28.994474411010742
2017-01-11,56000,30.0,30.0,30.450000762939453,28.649999618530273,28.425954818725586
2017-01-10,38700,28.950000762939453,30.149999618530273,30.149999618530273,28.049999237060547,28.568084716796875
2017-01-09,55900,30.149999618530273,29.399999618530273,30.149999618530273,26.399999618530273,27.857433319091797
2017-01-06,91700,28.350000381469727,30.299999237060547,30.299999237060547,28.049999237060547,28.7102108001709
2017-01-05,39200,28.049999237060547,28.200000762939453,28.350000381469727,27.299999237060547,26.720396041870117
2017-01-04,45000,26.700000762939453,27.899999618530273,27.899999618530273,26.549999237060547,26.43613624572754
2017-01-03,40400,25.799999237060547,26.399999618530273,26.850000381469727,25.649999618530273,25.01483726501465
2016-12-30,22500,25.649999618530273,25.5,25.649999618530273,25.200000762939453,24.162059783935547
2016-12-29,22900,25.649999618530273,25.5,25.649999618530273,25.049999237060547,24.162059783935547
2016-12-28,31100,25.649999618530273,25.649999618530273,25.799999237060547,25.350000381469727,24.304187774658203
2016-12-27,24100,25.649999618530273,25.799999237060547,25.799999237060547,25.049999237060547,24.44632339477539
2016-12-23,25300,25.049999237060547,25.5,25.5,24.899999618530273,24.162059783935547
2016-12-22,36300,24.450000762939453,24.899999618530273,25.049999237060547,24.450000762939453,23.59354019165039
2016-12-21,24600,24.600000381469727,24.600000381469727,24.75,24.149999618530273,23.309282302856445
2016-12-20,25400,24.299999237060547,24.75,24.75,23.850000381469727,23.4514102935791
2016-12-19,37600,23.850000381469727,24.299999237060547,24.299999237060547,23.399999618530273,23.025020599365234
2016-12-16,54800,23.700000762939453,23.700000762939453,23.850000381469727,22.649999618530273,22.456504821777344
2016-12-15,55900,22.649999618530273,23.399999618530273,23.549999237060547,22.049999237060547,22.1722412109375
2016-12-14,93900,24.0,22.200000762939453,24.0,21.899999618530273,21.035207748413086
2016-12-13,66300,24.0,24.149999618530273,24.600000381469727,23.25,22.882892608642578
2016-12-12,73200,25.5,24.0,25.649999618530273,23.549999237060547,22.74076271057129
2016-12-09,69700,25.950000762939453,25.5,26.25,25.350000381469727,24.11468505859375
2016-12-08,62900,24.600000381469727,25.5,25.950000762939453,24.600000381469727,24.11468505859375
2016-12-07,55400,24.75,24.600000381469727,25.350000381469727,24.450000762939453,23.26357650756836
2016-12-06,35500,24.299999237060547,24.600000381469727,24.75,24.149999618530273,23.26357650756836
2016-12-05,31100,24.299999237060547,24.299999237060547,24.450000762939453,24.0,22.979873657226562
2016-12-02,19700,24.450000762939453,24.0,24.450000762939453,23.700000762939453,22.6961727142334
2016-12-01,31200,24.299999237060547,24.299999237060547,24.75,23.399999618530273,22.979873657226562
2016-11-30,25500,24.0,24.0,24.299999237060547,23.850000381469727,22.6961727142334
2016-11-29,42400,24.299999237060547,23.549999237060547,24.299999237060547,23.25,22.270620346069336
2016-11-28,47000,24.75,24.149999618530273,24.75,23.25,22.838022232055664
2016-11-25,9300,24.899999618530273,24.75,24.899999618530273,24.450000762939453,23.405427932739258
2016-11-23,34300,24.899999618530273,24.899999618530273,24.899999618530273,24.0,23.547279357910156
2016-11-22,57700,25.200000762939453,24.899999618530273,25.350000381469727,23.399999618530273,23.547279357910156
2016-11-21,48000,25.649999618530273,25.049999237060547,25.799999237060547,24.299999237060547,23.689130783081055
2016-11-18,58300,24.450000762939453,25.350000381469727,25.649999618530273,23.850000381469727,23.97283363342285
2016-11-17,123600,26.700000762939453,24.450000762939453,29.25,23.399999618530273,23.121726989746094
2016-11-16,215600,25.350000381469727,27.0,28.200000762939453,24.600000381469727,25.53319549560547
2016-11-15,106600,23.399999618530273,24.450000762939453,25.049999237060547,23.399999618530273,23.121726989746094
2016-11-14,64500,22.649999618530273,23.25,23.25,22.049999237060547,21.986919403076172
2016-11-11,101300,21.899999618530273,22.049999237060547,23.100000381469727,21.600000381469727,20.852108001708984
2016-11-10,84100,21.0,21.75,21.899999618530273,20.700000762939453,20.56840705871582
2016-11-09,62200,19.5,20.850000381469727,21.0,19.049999237060547,19.717302322387695
2016-11-08,68400,20.100000381469727,19.950000762939453,20.700000762939453,18.75,18.866191864013672
2016-11-07,35100,19.5,18.75,19.799999237060547,18.450000762939453,17.731386184692383
2016-11-04,32600,18.450000762939453,19.350000381469727,19.5,18.149999618530273,18.29878807067871
2016-11-03,27300,18.299999237060547,18.299999237060547,18.600000381469727,18.0,17.305830001831055
2016-11-02,38600,19.049999237060547,18.450000762939453,19.350000381469727,18.149999618530273,17.447681427001953
2016-11-01,42800,19.350000381469727,19.200000762939453,19.950000762939453,19.049999237060547,18.156938552856445
2016-10-31,44600,19.5,19.049999237060547,19.5,18.899999618530273,18.015087127685547
2016-10-28,77200,20.100000381469727,19.5,20.100000381469727,19.200000762939453,18.440641403198242
2016-10-27,30300,20.549999237060547,20.399999618530273,21.0,19.950000762939453,19.291744232177734
2016-10-26,19200,21.149999618530273,20.25,21.149999618530273,20.25,19.1498966217041
2016-10-25,43400,21.0,21.0,21.299999237060547,20.549999237060547,19.859149932861328
2016-10-24,79500,20.399999618530273,21.0,21.450000762939453,19.649999618530273,19.859149932861328
2016-10-21,46400,20.25,20.100000381469727,20.549999237060547,19.950000762939453,19.00804328918457
2016-10-20,20000,20.700000762939453,20.549999237060547,20.700000762939453,20.100000381469727,19.4335994720459
2016-10-19,30400,20.549999237060547,20.700000762939453,20.700000762939453,20.25,19.575450897216797
2016-10-18,32300,20.100000381469727,20.25,20.549999237060547,20.100000381469727,19.1498966217041
2016-10-17,33200,19.350000381469727,19.799999237060547,20.399999618530273,19.350000381469727,18.72434425354004
2016-10-14,25700,19.200000762939453,19.649999618530273,19.799999237060547,19.049999237060547,18.582490921020508
2016-10-13,20300,19.5,19.350000381469727,19.649999618530273,19.049999237060547,18.29878807067871
2016-10-12,22100,19.5,19.649999618530273,19.799999237060547,19.049999237060547,18.582490921020508
2016-10-11,29400,20.399999618530273,19.350000381469727,20.399999618530273,19.350000381469727,18.29878807067871
2016-10-10,9800,20.399999618530273,20.399999618530273,20.549999237060547,20.25,19.291744232177734
2016-10-07,13000,20.700000762939453,20.25,20.850000381469727,20.25,19.1498966217041
2016-10-06,36100,20.25,20.850000381469727,21.149999618530273,20.25,19.717302322387695
2016-10-05,11200,19.799999237060547,20.25,20.25,19.649999618530273,19.1498966217041
2016-10-04,9300,20.100000381469727,19.649999618530273,20.100000381469727,19.649999618530273,18.582490921020508
2016-10-03,17800,20.25,20.100000381469727,20.549999237060547,19.649999618530273,19.00804328918457
2016-09-30,29700,19.649999618530273,20.25,20.25,19.049999237060547,19.1498966217041
2016-09-29,25300,20.100000381469727,19.649999618530273,20.549999237060547,19.649999618530273,18.582490921020508
2016-09-28,23000,19.350000381469727,19.799999237060547,19.950000762939453,19.200000762939453,18.72434425354004
2016-09-27,25900,19.350000381469727,19.350000381469727,19.5,19.049999237060547,18.29878807067871
2016-09-26,33600,20.700000762939453,19.350000381469727,20.700000762939453,19.350000381469727,18.29878807067871
2016-09-23,21900,20.850000381469727,20.399999618530273,21.0,20.25,19.291744232177734
2016-09-22,47000,20.25,20.700000762939453,20.850000381469727,20.100000381469727,19.575450897216797
2016-09-21,35600,19.5,20.100000381469727,20.100000381469727,19.350000381469727,19.00804328918457
2016-09-20,36600,18.899999618530273,19.350000381469727,19.5,18.75,18.29878807067871
2016-09-19,39400,19.049999237060547,18.899999618530273,19.5,18.75,17.87323570251465
2016-09-16,87800,18.299999237060547,18.75,18.899999618530273,17.850000381469727,17.731386184692383
2016-09-15,160600,18.75,18.0,19.049999237060547,17.850000381469727,17.022130966186523
2016-09-14,181400,20.399999618530273,18.75,20.549999237060547,18.450000762939453,17.731386184692383
2016-09-13,46500,21.299999237060547,20.399999618530273,21.299999237060547,20.399999618530273,19.291744232177734
2016-09-12,52100,20.700000762939453,21.299999237060547,21.450000762939453,20.549999237060547,20.142852783203125
2016-09-09,74700,22.649999618530273,22.049999237060547,22.950000762939453,22.049999237060547,20.804824829101562
2016-09-08,67700,22.649999618530273,22.649999618530273,22.649999618530273,22.350000381469727,21.370939254760742
2016-09-07,23400,22.200000762939453,22.200000762939453,22.350000381469727,22.049999237060547,20.94635581970215
2016-09-06,41000,22.5,22.200000762939453,22.649999618530273,21.75,20.94635581970215
2016-09-02,17900,21.899999618530273,22.350000381469727,22.350000381469727,21.450000762939453,21.08788299560547
2016-09-01,47000,21.75,21.75,22.049999237060547,21.299999237060547,20.52176856994629
2016-08-31,26600,21.899999618530273,21.75,22.049999237060547,21.75,20.52176856994629
2016-08-30,17600,21.75,21.899999618530273,22.350000381469727,21.75,20.663293838500977
2016-08-29,47700,21.899999618530273,21.75,22.350000381469727,21.75,20.52176856994629
2016-08-26,97000,21.899999618530273,22.049999237060547,22.799999237060547,21.899999618530273,20.804824829101562
2016-08-25,42000,22.350000381469727,22.049999237060547,22.5,22.049999237060547,20.804824829101562
2016-08-24,48800,22.950000762939453,22.350000381469727,23.25,22.350000381469727,21.08788299560547
2016-08-23,44600,22.950000762939453,22.950000762939453,23.549999237060547,22.799999237060547,21.65399932861328
2016-08-22,29700,23.100000381469727,22.799999237060547,23.100000381469727,22.5,21.512470245361328
2016-08-19,46200,23.25,22.649999618530273,23.399999618530273,22.649999618530273,21.370939254760742
2016-08-18,88700,23.25,22.799999237060547,23.399999618530273,22.350000381469727,21.512470245361328
2016-08-17,65400,24.450000762939453,23.700000762939453,24.600000381469727,23.25,22.361650466918945
2016-08-16,40400,24.450000762939453,24.149999618530273,24.450000762939453,23.549999237060547,22.78623390197754
2016-08-15,63200,23.399999618530273,24.149999618530273,24.450000762939453,22.799999237060547,22.78623390197754
2016-08-12,20400,23.549999237060547,23.100000381469727,23.549999237060547,22.950000762939453,21.7955322265625
2016-08-11,21800,23.399999618530273,23.25,23.399999618530273,22.799999237060547,21.93705940246582
2016-08-10,19500,23.100000381469727,23.399999618530273,23.700000762939453,22.799999237060547,22.078588485717773
2016-08-09,17100,23.700000762939453,23.399999618530273,23.850000381469727,23.25,22.078588485717773
2016-08-08,25600,23.700000762939453,23.700000762939453,24.0,23.25,22.361650466918945
2016-08-05,52500,21.75,22.950000762939453,23.549999237060547,21.75,21.65399932861328
2016-08-04,75700,22.5,21.75,22.5,21.600000381469727,20.52176856994629
2016-08-03,66500,21.75,22.350000381469727,22.350000381469727,21.75,21.08788299560547
2016-08-02,40500,22.5,21.899999618530273,22.950000762939453,21.75,20.663293838500977
2016-08-01,20500,22.649999618530273,22.5,23.100000381469727,22.5,21.229412078857422
2016-07-29,44500,23.25,22.950000762939453,23.399999618530273,22.5,21.65399932861328
2016-07-28,27800,23.100000381469727,22.799999237060547,23.549999237060547,22.649999618530273,21.512470245361328
2016-07-27,16800,23.399999618530273,23.25,24.0,23.100000381469727,21.93705940246582
2016-07-26,41300,23.399999618530273,23.25,23.700000762939453,23.100000381469727,21.93705940246582
2016-07-25,21600,23.700000762939453,23.700000762939453,24.149999618530273,23.700000762939453,22.361650466918945
2016-07-22,40400,24.0,23.850000381469727,24.450000762939453,23.399999618530273,22.5031795501709
2016-07-21,68200,23.700000762939453,24.0,25.350000381469727,23.700000762939453,22.64470672607422
2016-07-20,29600,23.399999618530273,23.700000762939453,24.149999618530273,23.25,22.361650466918945
2016-07-19,30200,23.399999618530273,23.399999618530273,24.149999618530273,23.399999618530273,22.078588485717773
2016-07-18,40300,22.5,23.25,23.399999618530273,22.200000762939453,21.93705940246582
2016-07-15,25600,22.950000762939453,22.799999237060547,23.25,22.649999618530273,21.512470245361328
2016-07-14,41400,23.850000381469727,23.100000381469727,24.299999237060547,22.799999237060547,21.7955322265625
2016-07-13,41400,24.299999237060547,23.700000762939453,25.200000762939453,23.25,22.361650466918945
2016-07-12,42500,23.100000381469727,24.299999237060547,24.450000762939453,23.100000381469727,22.927762985229492
2016-07-11,38800,22.950000762939453,22.649999618530273,23.100000381469727,22.200000762939453,21.370939254760742
2016-07-08,48600,21.75,22.649999618530273,22.799999237060547,21.299999237060547,21.370939254760742
2016-07-07,53400,22.5,21.299999237060547,22.950000762939453,21.149999618530273,20.0971736907959
2016-07-06,31200,22.799999237060547,22.350000381469727,22.799999237060547,21.149999618530273,21.08788299560547
2016-07-05,64600,23.399999618530273,22.049999237060547,23.399999618530273,21.450000762939453,20.804824829101562
2016-07-01,29600,23.850000381469727,23.549999237060547,24.450000762939453,23.549999237060547,22.22011947631836
2016-06-30,22400,24.149999618530273,23.549999237060547,24.149999618530273,23.25,22.22011947631836
2016-06-29,39900,23.399999618530273,24.0,24.149999618530273,22.5,22.64470672607422
2016-06-28,36900,23.850000381469727,23.100000381469727,23.850000381469727,22.950000762939453,21.7955322265625
2016-06-27,49700,24.899999618530273,22.799999237060547,24.899999618530273,22.649999618530273,21.512470245361328
2016-06-24,99600,24.75,25.200000762939453,25.5,23.549999237060547,23.776941299438477
2016-06-23,48500,25.200000762939453,25.5,25.5,24.450000762939453,24.059999465942383
2016-06-22,23800,25.5,24.75,25.5,24.75,23.35235595703125
2016-06-21,20900,25.950000762939453,25.5,25.950000762939453,25.350000381469727,24.059999465942383
2016-06-20,36500,25.5,25.799999237060547,26.700000762939453,25.350000381469727,24.343063354492188
2016-06-17,42900,24.899999618530273,25.350000381469727,25.799999237060547,24.75,23.91847038269043
2016-06-16,23800,25.799999237060547,25.049999237060547,25.799999237060547,24.75,23.63541030883789
2016-06-15,22600,25.649999618530273,25.950000762939453,26.549999237060547,25.649999618530273,24.484590530395508
2016-06-14,28400,27.450000762939453,26.850000381469727,27.600000381469727,26.399999618530273,25.286588668823242
2016-06-13,30100,28.049999237060547,27.450000762939453,28.649999618530273,27.450000762939453,25.85165786743164
2016-06-10,26500,29.100000381469727,28.649999618530273,29.100000381469727,28.200000762939453,26.981781005859375
2016-06-09,30100,29.399999618530273,28.950000762939453,29.399999618530273,28.649999618530273,27.264310836791992
2016-06-08,33900,28.799999237060547,29.399999618530273,29.549999237060547,28.350000381469727,27.688106536865234
2016-06-07,45900,28.950000762939453,28.799999237060547,29.399999618530273,27.600000381469727,27.123046875
2016-06-06,48800,27.450000762939453,28.799999237060547,29.100000381469727,27.299999237060547,27.123046875
2016-06-03,28200,27.75,27.299999237060547,27.899999618530273,27.0,25.710384368896484
2016-06-02,15100,28.049999237060547,27.600000381469727,28.049999237060547,27.149999618530273,25.992921829223633
2016-06-01,19000,28.049999237060547,27.75,28.049999237060547,26.700000762939453,26.134185791015625
2016-05-31,34700,27.450000762939453,27.899999618530273,27.899999618530273,27.450000762939453,26.275447845458984
2016-05-27,35900,25.950000762939453,27.0,27.299999237060547,25.799999237060547,25.427854537963867
2016-05-26,16300,25.950000762939453,26.399999618530273,26.549999237060547,25.200000762939453,24.862791061401367
2016-05-25,42100,25.200000762939453,25.950000762939453,26.25,24.75,24.43899154663086
2016-05-24,28500,24.75,24.75,24.75,24.0,23.308866500854492
2016-05-23,22500,25.5,24.600000381469727,25.799999237060547,24.600000381469727,23.167604446411133
2016-05-20,29100,25.5,25.350000381469727,25.649999618530273,24.75,23.873929977416992
2016-05-19,34900,26.700000762939453,25.200000762939453,26.700000762939453,24.899999618530273,23.732664108276367
2016-05-18,23500,26.549999237060547,25.350000381469727,27.450000762939453,25.200000762939453,23.873929977416992
2016-05-17,46100,24.899999618530273,26.399999618530273,27.299999237060547,24.899999618530273,24.862791061401367
2016-05-16,39200,25.049999237060547,24.600000381469727,25.649999618530273,24.450000762939453,23.167604446411133
2016-05-13,16700,25.200000762939453,25.049999237060547,25.799999237060547,24.75,23.591398239135742
2016-05-12,23400,26.100000381469727,25.049999237060547,26.100000381469727,24.450000762939453,23.591398239135742
2016-05-11,25000,26.100000381469727,25.799999237060547,26.700000762939453,25.350000381469727,24.297727584838867
2016-05-10,57100,26.25,25.950000762939453,27.0,25.5,24.43899154663086
2016-05-09,30500,25.5,26.100000381469727,26.700000762939453,24.899999618530273,24.580263137817383
2016-05-06,38000,24.899999618530273,25.200000762939453,25.799999237060547,24.899999618530273,23.732664108276367
2016-05-05,39400,25.950000762939453,24.75,26.100000381469727,24.75,23.308866500854492
2016-05-04,29700,26.700000762939453,25.649999618530273,27.0,25.649999618530273,24.156457901000977
2016-05-03,31800,27.75,26.700000762939453,27.899999618530273,26.700000762939453,25.145326614379883
2016-05-02,26900,28.950000762939453,28.049999237060547,28.950000762939453,27.75,26.416717529296875
2016-04-29,39100,29.549999237060547,28.950000762939453,29.700000762939453,28.049999237060547,27.264310836791992
2016-04-28,48600,29.700000762939453,29.25,30.0,28.799999237060547,27.546842575073242
2016-04-27,35800,30.0,29.549999237060547,30.0,28.799999237060547,27.829374313354492
2016-04-26,31300,29.100000381469727,29.399999618530273,29.549999237060547,28.200000762939453,27.688106536865234
2016-04-25,25700,28.649999618530273,28.649999618530273,29.100000381469727,28.049999237060547,26.981781005859375
2016-04-22,40600,29.399999618530273,28.200000762939453,29.399999618530273,27.75,26.5579833984375
2016-04-21,33000,29.850000381469727,29.25,30.0,28.799999237060547,27.546842575073242
2016-04-20,48300,29.399999618530273,29.399999618530273,30.299999237060547,28.950000762939453,27.688106536865234
2016-04-19,40000,29.399999618530273,29.399999618530273,30.0,28.950000762939453,27.688106536865234
2016-04-18,21800,29.399999618530273,28.950000762939453,29.700000762939453,28.5,27.264310836791992
2016-04-15,135000,27.450000762939453,28.649999618530273,30.75,27.450000762939453,26.981781005859375
2016-04-14,29500,27.299999237060547,26.850000381469727,27.450000762939453,25.950000762939453,25.286588668823242
2016-04-13,53900,25.049999237060547,26.549999237060547,26.549999237060547,24.899999618530273,25.004056930541992
2016-04-12,33300,24.899999618530273,24.899999618530273,25.5,24.600000381469727,23.45013427734375
2016-04-11,51200,24.149999618530273,24.600000381469727,25.649999618530273,24.149999618530273,23.167604446411133
2016-04-08,38100,24.0,23.850000381469727,24.149999618530273,23.399999618530273,22.461273193359375
2016-04-07,44200,23.399999618530273,23.25,24.299999237060547,23.100000381469727,21.896211624145508
2016-04-06,28500,23.399999618530273,23.399999618530273,23.549999237060547,22.950000762939453,22.0374755859375
2016-04-05,43500,23.399999618530273,23.399999618530273,24.0,23.100000381469727,22.0374755859375
2016-04-04,39300,24.0,23.399999618530273,24.450000762939453,23.399999618530273,22.0374755859375
2016-04-01,36900,23.549999237060547,23.700000762939453,24.299999237060547,23.399999618530273,22.320009231567383
2016-03-31,29800,23.25,23.850000381469727,24.75,23.25,22.461273193359375
2016-03-30,37200,24.149999618530273,23.549999237060547,24.600000381469727,23.100000381469727,22.178739547729492
2016-03-29,22300,23.399999618530273,23.850000381469727,24.0,22.950000762939453,22.461273193359375
2016-03-28,20900,23.399999618530273,23.25,23.850000381469727,23.100000381469727,21.896211624145508
2016-03-24,33400,23.399999618530273,23.549999237060547,24.149999618530273,22.950000762939453,22.178739547729492
2016-03-23,35800,24.149999618530273,23.399999618530273,24.299999237060547,23.399999618530273,22.0374755859375
2016-03-22,30200,25.049999237060547,24.450000762939453,25.350000381469727,24.149999618530273,23.026336669921875
2016-03-21,34700,25.350000381469727,25.049999237060547,25.950000762939453,24.600000381469727,23.591398239135742
2016-03-18,33800,26.100000381469727,25.5,26.850000381469727,25.049999237060547,24.01519775390625
2016-03-17,17200,25.649999618530273,25.5,25.950000762939453,25.200000762939453,24.01519775390625
2016-03-16,21700,25.5,25.5,26.399999618530273,25.350000381469727,24.01519775390625
2016-03-15,35800,26.700000762939453,25.350000381469727,27.149999618530273,25.350000381469727,23.873929977416992
2016-03-14,49100,27.600000381469727,27.899999618530273,28.049999237060547,26.700000762939453,26.228361129760742
2016-03-11,55400,26.850000381469727,26.549999237060547,27.75,26.25,24.959247589111328
2016-03-10,32200,27.299999237060547,27.0,28.049999237060547,26.850000381469727,25.382286071777344
2016-03-09,24000,27.600000381469727,27.299999237060547,28.5,27.0,25.664308547973633
2016-03-08,37300,28.799999237060547,27.450000762939453,29.549999237060547,27.0,25.805328369140625
2016-03-07,45300,27.149999618530273,27.899999618530273,28.799999237060547,27.149999618530273,26.228361129760742
2016-03-04,62900,26.399999618530273,26.700000762939453,27.899999618530273,26.100000381469727,25.100261688232422
2016-03-03,27700,25.049999237060547,25.5,25.950000762939453,24.899999618530273,23.97216033935547
2016-03-02,24400,26.100000381469727,24.899999618530273,26.100000381469727,24.75,23.408109664916992
2016-03-01,28900,26.100000381469727,25.950000762939453,26.850000381469727,25.649999618530273,24.39519500732422
2016-02-29,27000,25.799999237060547,25.5,26.25,25.5,23.97216033935547
2016-02-26,19700,25.799999237060547,25.5,26.25,25.200000762939453,23.97216033935547
2016-02-25,44600,27.0,25.5,27.149999618530273,24.75,23.97216033935547
2016-02-24,25400,28.5,27.149999618530273,28.5,26.850000381469727,25.523300170898438
2016-02-23,13500,29.399999618530273,28.5,29.549999237060547,28.5,26.79241180419922
2016-02-22,15900,29.549999237060547,29.549999237060547,30.0,29.100000381469727,27.77950096130371
2016-02-19,26000,30.299999237060547,28.950000762939453,30.299999237060547,28.5,27.215450286865234
2016-02-18,15600,30.450000762939453,30.299999237060547,31.049999237060547,29.700000762939453,28.48456573486328
2016-02-17,36500,29.850000381469727,30.149999618530273,31.200000762939453,29.25,28.34355354309082
2016-02-16,25100,26.549999237060547,29.100000381469727,29.549999237060547,26.399999618530273,27.356460571289062
2016-02-12,35600,25.950000762939453,26.399999618530273,26.700000762939453,25.5,24.818235397338867
2016-02-11,55300,27.149999618530273,25.5,28.049999237060547,25.200000762939453,23.97216033935547
2016-02-10,45000,31.200000762939453,27.899999618530273,32.25,26.399999618530273,26.228361129760742
2016-02-09,55300,30.0,28.649999618530273,30.0,28.350000381469727,26.933427810668945
2016-02-08,42500,31.200000762939453,30.0,31.5,29.850000381469727,28.202539443969727
2016-02-05,15900,31.950000762939453,31.350000381469727,32.70000076293945,31.350000381469727,29.471654891967773
2016-02-04,15500,31.049999237060547,31.799999237060547,33.29999923706055,31.049999237060547,29.89469337463379
2016-02-03,27900,31.5,31.950000762939453,32.25,30.0,30.03570556640625
2016-02-02,25200,34.20000076293945,32.54999923706055,34.349998474121094,32.54999923706055,30.599754333496094
2016-02-01,30700,34.20000076293945,34.20000076293945,35.400001525878906,33.75,32.150901794433594
2016-01-29,44400,32.54999923706055,34.20000076293945,35.25,32.54999923706055,32.150901794433594
2016-01-28,17700,32.400001525878906,32.70000076293945,33.599998474121094,32.25,30.740766525268555
2016-01-27,15700,32.400001525878906,32.25,33.45000076293945,32.099998474121094,30.317733764648438
2016-01-26,28700,33.599998474121094,32.099998474121094,34.04999923706055,31.950000762939453,30.176713943481445
2016-01-25,27200,34.650001525878906,33.150001525878906,35.54999923706055,33.150001525878906,31.163806915283203
2016-01-22,42600,33.599998474121094,34.79999923706055,35.25,33.0,32.71494674682617
2016-01-21,34800,32.54999923706055,32.849998474121094,33.75,31.950000762939453,30.881778717041016
2016-01-20,45400,31.200000762939453,32.099998474121094,32.400001525878906,30.0,30.176713943481445
2016-01-19,36800,32.25,31.799999237060547,32.70000076293945,31.049999237060547,29.89469337463379
2016-01-15,47800,32.54999923706055,31.049999237060547,32.54999923706055,30.899999618530273,29.189626693725586
2016-01-14,54700,33.45000076293945,33.150001525878906,34.04999923706055,31.649999618530273,31.163806915283203
2016-01-13,49000,31.350000381469727,33.45000076293945,34.04999923706055,31.350000381469727,31.445833206176758
2016-01-12,50600,34.95000076293945,31.350000381469727,35.54999923706055,30.899999618530273,29.471654891967773
2016-01-11,31300,36.75,34.650001525878906,37.5,34.650001525878906,32.57394027709961
2016-01-08,28000,38.849998474121094,37.20000076293945,39.0,37.20000076293945,34.97114562988281
2016-01-07,23300,39.150001525878906,38.25,39.599998474121094,38.099998474121094,35.95823669433594
2016-01-06,37100,40.650001525878906,40.20000076293945,41.54999923706055,39.75,37.79140853881836
2016-01-05,49100,42.75,40.95000076293945,42.75,40.650001525878906,38.49646759033203
2016-01-04,33900,44.400001525878906,42.45000076293945,45.45000076293945,42.150001525878906,39.906593322753906
2015-12-31,20600,45.0,45.150001525878906,45.900001525878906,44.25,42.444828033447266
2015-12-30,15000,44.70000076293945,44.70000076293945,45.0,44.099998474121094,42.02178192138672
2015-12-29,15500,45.900001525878906,44.54999923706055,45.900001525878906,44.099998474121094,41.88077163696289
2015-12-28,11800,45.599998474121094,45.150001525878906,45.599998474121094,44.70000076293945,42.444828033447266
2015-12-24,15800,46.349998474121094,45.599998474121094,46.95000076293945,45.0,42.867862701416016
2015-12-23,21700,45.75,46.5,46.79999923706055,45.45000076293945,43.71393966674805
2015-12-22,34600,42.29999923706055,45.29999923706055,46.20000076293945,42.150001525878906,42.58584213256836
2015-12-21,41600,44.849998474121094,42.29999923706055,44.849998474121094,41.849998474121094,39.76557922363281
2015-12-18,37700,44.849998474121094,44.849998474121094,46.04999923706055,43.95000076293945,42.162803649902344
2015-12-17,48600,46.650001525878906,44.849998474121094,46.650001525878906,44.400001525878906,42.162803649902344
2015-12-16,20800,46.04999923706055,46.650001525878906,46.79999923706055,45.900001525878906,43.85495376586914
2015-12-15,35300,45.599998474121094,45.900001525878906,46.650001525878906,45.45000076293945,43.14988708496094
2015-12-14,53300,48.150001525878906,45.599998474121094,48.150001525878906,44.849998474121094,42.82085037231445
2015-12-11,34300,49.5,48.150001525878906,50.099998474121094,48.0,45.21544647216797
2015-12-10,22700,52.5,50.54999923706055,52.5,49.79999923706055,47.469173431396484
2015-12-09,14000,50.54999923706055,52.20000076293945,52.650001525878906,50.54999923706055,49.018611907958984
2015-12-08,8500,51.0,51.29999923706055,51.900001525878906,50.25,48.1734619140625
2015-12-07,21900,52.349998474121094,51.45000076293945,52.5,50.400001525878906,48.31432342529297
2015-12-04,23300,51.900001525878906,52.349998474121094,52.95000076293945,51.45000076293945,49.15946578979492
2015-12-03,32800,53.25,51.599998474121094,54.45000076293945,49.79999923706055,48.455177307128906
2015-12-02,58500,52.5,53.400001525878906,54.29999923706055,51.29999923706055,50.145477294921875
2015-12-01,23300,50.70000076293945,52.349998474121094,52.5,50.54999923706055,49.15946578979492
2015-11-30,20500,50.099998474121094,50.70000076293945,50.849998474121094,49.650001525878906,47.61003112792969
2015-11-27,3500,49.650001525878906,50.400001525878906,50.400001525878906,49.20000076293945,47.328311920166016
2015-11-25,17900,49.04999923706055,49.95000076293945,50.400001525878906,49.04999923706055,46.905731201171875
2015-11-24,24600,48.900001525878906,49.5,50.54999923706055,48.29999923706055,46.48316192626953
2015-11-23,25000,51.29999923706055,49.20000076293945,51.29999923706055,48.599998474121094,46.20145034790039
2015-11-20,20300,51.150001525878906,51.29999923706055,52.04999923706055,50.54999923706055,48.1734619140625
2015-11-19,22700,53.25,50.70000076293945,53.400001525878906,50.54999923706055,47.61003112792969
2015-11-18,24800,52.79999923706055,53.099998474121094,54.0,52.04999923706055,49.86375427246094
2015-11-17,38900,53.70000076293945,52.95000076293945,54.150001525878906,52.650001525878906,49.72290802001953
2015-11-16,17800,52.95000076293945,53.54999923706055,53.849998474121094,52.20000076293945,50.28633499145508
2015-11-13,24400,49.5,52.95000076293945,53.25,49.5,49.72290802001953
2015-11-12,18100,52.04999923706055,51.29999923706055,52.349998474121094,51.0,48.1734619140625
2015-11-11,12000,54.45000076293945,52.349998474121094,54.75,52.349998474121094,49.15946578979492
2015-11-10,19700,54.45000076293945,54.150001525878906,55.79999923706055,53.54999923706055,50.84976577758789
2015-11-09,14300,53.099998474121094,52.95000076293945,53.70000076293945,52.650001525878906,49.72290802001953
2015-11-06,39600,53.099998474121094,52.95000076293945,54.0,52.20000076293945,49.72290802001953
2015-11-05,35300,52.79999923706055,53.099998474121094,53.099998474121094,51.45000076293945,49.86375427246094
2015-11-04,48100,52.95000076293945,51.900001525878906,54.0,51.900001525878906,48.73690414428711
2015-11-03,35700,54.0,52.79999923706055,54.0,51.75,49.58203887939453
2015-11-02,17200,53.400001525878906,53.849998474121094,54.900001525878906,53.400001525878906,50.568050384521484
2015-10-30,12500,53.70000076293945,53.70000076293945,54.0,52.95000076293945,50.42719650268555
2015-10-29,11000,53.70000076293945,53.54999923706055,54.599998474121094,53.400001525878906,50.28633499145508
2015-10-28,19400,54.150001525878906,54.0,55.95000076293945,53.54999923706055,50.70890808105469
2015-10-27,21100,54.150001525878906,53.849998474121094,54.599998474121094,51.900001525878906,50.568050384521484
2015-10-26,34600,57.0,54.29999923706055,57.29999923706055,54.0,50.99062728881836
2015-10-23,28500,57.29999923706055,57.29999923706055,57.29999923706055,56.25,53.80778503417969
2015-10-22,21900,57.29999923706055,57.150001525878906,57.45000076293945,56.099998474121094,53.666927337646484
2015-10-21,34500,57.45000076293945,56.849998474121094,57.75,56.25,53.38520812988281
2015-10-20,25600,56.70000076293945,57.29999923706055,57.599998474121094,56.099998474121094,53.80778503417969
2015-10-19,16800,56.70000076293945,56.849998474121094,57.150001525878906,56.099998474121094,53.38520812988281
2015-10-16,17900,57.29999923706055,57.0,57.45000076293945,56.400001525878906,53.52606964111328
2015-10-15,18600,54.45000076293945,56.849998474121094,57.0,54.0,53.38520812988281
2015-10-14,18400,54.599998474121094,54.45000076293945,55.04999923706055,54.0,51.13148498535156
2015-10-13,19400,56.099998474121094,54.75,56.400001525878906,54.29999923706055,51.41320037841797
2015-10-12,22500,57.75,55.95000076293945,57.75,55.5,52.54005813598633
2015-10-09,18700,57.75,57.75,57.75,56.70000076293945,54.230350494384766
2015-10-08,21500,56.54999923706055,57.45000076293945,57.599998474121094,55.79999923706055,53.948638916015625
2015-10-07,19600,57.29999923706055,56.54999923706055,57.75,55.95000076293945,53.10350036621094
2015-10-06,17100,55.20000076293945,56.54999923706055,57.29999923706055,55.20000076293945,53.10350036621094
2015-10-05,39100,54.75,55.349998474121094,55.79999923706055,54.150001525878906,51.97663116455078
2015-10-02,32100,54.150001525878906,54.0,55.650001525878906,53.54999923706055,50.70890808105469
2015-10-01,12300,53.25,53.400001525878906,53.54999923706055,51.599998474121094,50.145477294921875
2015-09-30,17000,51.0,52.79999923706055,52.95000076293945,51.0,49.58203887939453
2015-09-29,14600,50.849998474121094,50.70000076293945,51.29999923706055,49.79999923706055,47.61003112792969
2015-09-28,21300,53.400001525878906,50.70000076293945,53.400001525878906,50.25,47.61003112792969
2015-09-25,28600,57.75,52.5,57.75,52.04999923706055,49.300323486328125
2015-09-24,14100,57.29999923706055,57.45000076293945,57.900001525878906,56.25,53.948638916015625
2015-09-23,13700,57.599998474121094,57.29999923706055,57.900001525878906,57.29999923706055,53.80778503417969
2015-09-22,12600,57.29999923706055,57.75,58.04999923706055,57.29999923706055,54.230350494384766
2015-09-21,16500,59.25,57.29999923706055,59.25,57.0,53.80778503417969
2015-09-18,23500,58.79999923706055,58.79999923706055,59.099998474121094,57.150001525878906,55.216365814208984
2015-09-17,20400,56.25,58.5,58.5,56.25,54.93465042114258
2015-09-16,24700,55.650001525878906,56.25,56.70000076293945,55.5,52.82177734375
2015-09-15,12700,55.5,56.849998474121094,57.0,55.04999923706055,53.3382568359375
2015-09-14,9300,55.95000076293945,55.95000076293945,56.54999923706055,54.900001525878906,52.49385070800781
2015-09-11,11200,55.650001525878906,56.099998474121094,56.25,55.20000076293945,52.63458251953125
2015-09-10,16900,55.79999923706055,55.95000076293945,56.25,54.599998474121094,52.49385070800781
2015-09-09,18500,56.70000076293945,55.650001525878906,56.70000076293945,55.5,52.21237564086914
2015-09-08,13200,57.0,55.79999923706055,57.0,55.79999923706055,52.353118896484375
2015-09-04,13800,54.150001525878906,56.25,57.599998474121094,53.54999923706055,52.77531814575195
2015-09-03,17200,52.20000076293945,55.04999923706055,55.20000076293945,52.20000076293945,51.649444580078125
2015-09-02,15500,51.150001525878906,52.5,52.5,50.099998474121094,49.25696563720703
2015-09-01,18100,50.849998474121094,50.54999923706055,51.599998474121094,50.54999923706055,47.427425384521484
2015-08-31,30800,50.70000076293945,51.75,52.20000076293945,49.95000076293945,48.55329895019531
2015-08-28,36100,49.04999923706055,50.25,51.29999923706055,49.04999923706055,47.14596176147461
2015-08-27,54500,51.0,49.04999923706055,52.349998474121094,48.45000076293945,46.020076751708984
2015-08-26,29000,51.900001525878906,50.849998474121094,51.900001525878906,48.900001525878906,47.70888900756836
2015-08-25,27100,51.75,50.54999923706055,51.75,49.79999923706055,47.427425384521484
2015-08-24,40700,49.95000076293945,49.349998474121094,52.650001525878906,48.900001525878906,46.301544189453125
2015-08-21,49000,52.20000076293945,52.650001525878906,54.599998474121094,51.29999923706055,49.39769744873047
2015-08-20,31700,54.150001525878906,53.400001525878906,56.849998474121094,53.400001525878906,50.101375579833984
2015-08-19,35400,59.25,56.54999923706055,59.400001525878906,55.04999923706055,53.056793212890625
2015-08-18,58700,60.900001525878906,59.70000076293945,60.900001525878906,52.5,56.01220703125
2015-08-17,20700,58.04999923706055,59.25,59.25,57.0,55.59000015258789
2015-08-14,18600,57.45000076293945,57.900001525878906,58.650001525878906,57.150001525878906,54.32339859008789
2015-08-13,15600,56.400001525878906,57.29999923706055,57.45000076293945,55.04999923706055,53.760459899902344
2015-08-12,35700,58.95000076293945,56.099998474121094,59.25,55.79999923706055,52.63458251953125
2015-08-11,14400,62.099998474121094,59.849998474121094,62.25,59.25,56.1529426574707
2015-08-10,34900,62.099998474121094,61.95000076293945,62.400001525878906,61.20000076293945,58.12322998046875
2015-08-07,39200,60.45000076293945,61.79999923706055,61.95000076293945,59.849998474121094,57.982486724853516
2015-08-06,25500,60.150001525878906,60.29999923706055,60.75,58.349998474121094,56.575138092041016
2015-08-05,41100,59.849998474121094,59.849998474121094,60.900001525878906,59.25,56.1529426574707
2015-08-04,21700,58.95000076293945,59.70000076293945,59.849998474121094,58.79999923706055,56.01220703125
2015-08-03,16400,58.5,59.099998474121094,59.849998474121094,58.349998474121094,55.44926452636719
2015-07-31,35500,57.900001525878906,59.400001525878906,59.70000076293945,57.900001525878906,55.73073959350586
2015-07-30,38400,58.20000076293945,58.04999923706055,58.95000076293945,57.45000076293945,54.46413040161133
2015-07-29,24200,60.45000076293945,58.79999923706055,61.04999923706055,58.79999923706055,55.16780090332031
2015-07-28,21900,60.0,61.20000076293945,61.349998474121094,58.04999923706055,57.41954803466797
2015-07-27,19700,60.599998474121094,60.0,61.04999923706055,58.79999923706055,56.293678283691406
2015-07-24,25100,60.29999923706055,61.04999923706055,61.79999923706055,59.25,57.278812408447266
2015-07-23,26700,62.099998474121094,60.900001525878906,63.0,60.900001525878906,57.13808059692383
2015-07-22,40700,63.900001525878906,62.54999923706055,64.80000305175781,62.099998474121094,58.6861572265625
2015-07-21,36000,64.19999694824219,64.5,66.5999984741211,63.900001525878906,60.51570129394531
2015-07-20,47000,66.1500015258789,64.19999694824219,67.5,64.19999694824219,60.23422622680664
2015-07-17,32800,64.94999694824219,64.94999694824219,65.25,63.0,60.937904357910156
2015-07-16,53900,62.099998474121094,64.3499984741211,64.6500015258789,61.5,60.374969482421875
2015-07-15,45300,61.650001525878906,61.5,62.25,60.150001525878906,57.70101547241211
2015-07-14,83300,57.75,60.900001525878906,61.20000076293945,57.150001525878906,57.13808059692383
2015-07-13,62700,56.400001525878906,56.099998474121094,56.849998474121094,55.349998474121094,52.63458251953125
2015-07-10,21000,54.900001525878906,56.25,56.54999923706055,54.599998474121094,52.77531814575195
2015-07-09,22400,55.349998474121094,54.599998474121094,55.650001525878906,54.599998474121094,51.22724151611328
2015-07-08,21700,54.900001525878906,55.04999923706055,56.099998474121094,54.150001525878906,51.649444580078125
2015-07-07,52100,57.29999923706055,55.349998474121094,57.29999923706055,54.900001525878906,51.93091583251953
2015-07-06,25200,57.0,57.150001525878906,57.29999923706055,55.5,53.61972427368164
2015-07-02,24900,57.29999923706055,57.45000076293945,57.75,56.400001525878906,53.901187896728516
2015-07-01,54200,54.29999923706055,56.849998474121094,57.599998474121094,53.400001525878906,53.3382568359375
2015-06-30,31900,53.25,53.849998474121094,54.599998474121094,53.25,50.5235710144043
2015-06-29,37200,55.20000076293945,53.70000076293945,55.20000076293945,53.70000076293945,50.382843017578125
2015-06-26,78800,53.099998474121094,55.349998474121094,55.650001525878906,52.5,51.93091583251953
2015-06-25,22300,51.150001525878906,52.95000076293945,53.099998474121094,50.54999923706055,49.679176330566406
2015-06-24,35800,53.70000076293945,52.79999923706055,53.70000076293945,52.5,49.53843307495117
2015-06-23,31300,51.45000076293945,53.849998474121094,54.150001525878906,51.0,50.5235710144043
2015-06-22,29100,51.45000076293945,51.599998474121094,51.75,50.25,48.412559509277344
2015-06-19,49900,53.70000076293945,50.849998474121094,53.70000076293945,50.400001525878906,47.70888900756836
2015-06-18,33700,52.5,53.099998474121094,53.849998474121094,52.20000076293945,49.81989669799805
2015-06-17,35600,53.25,52.20000076293945,53.54999923706055,52.20000076293945,48.97549819946289
2015-06-16,26500,53.400001525878906,52.650001525878906,53.849998474121094,52.349998474121094,49.39769744873047
2015-06-15,38000,55.5,54.0,55.650001525878906,53.70000076293945,50.617401123046875
2015-06-12,18100,51.75,54.45000076293945,54.599998474121094,51.599998474121094,51.03921127319336
2015-06-11,36900,51.150001525878906,51.29999923706055,52.5,50.849998474121094,48.08652114868164
2015-06-10,30600,51.0,50.70000076293945,51.150001525878906,50.25,47.52410888671875
2015-06-09,22200,51.29999923706055,50.400001525878906,51.75,50.400001525878906,47.24290466308594
2015-06-08,26800,51.599998474121094,51.0,52.349998474121094,51.0,47.80532455444336
2015-06-05,26500,50.70000076293945,51.900001525878906,52.20000076293945,50.25,48.64895248413086
2015-06-04,24600,53.25,50.400001525878906,53.54999923706055,50.400001525878906,47.24290466308594
2015-06-03,26900,53.400001525878906,53.25,54.45000076293945,52.79999923706055,49.91438293457031
2015-06-02,20400,52.5,53.25,53.400001525878906,52.349998474121094,49.91438293457031
2015-06-01,19000,53.70000076293945,52.5,54.29999923706055,52.04999923706055,49.21135330200195
2015-05-29,38500,52.650001525878906,53.54999923706055,54.0,51.75,50.19558334350586
2015-05-28,19700,52.5,52.650001525878906,52.95000076293945,51.599998474121094,49.35196304321289
2015-05-27,23900,52.349998474121094,52.650001525878906,53.849998474121094,51.599998474121094,49.35196304321289
2015-05-26,30600,54.150001525878906,52.20000076293945,54.599998474121094,52.20000076293945,48.930152893066406
2015-05-22,20000,55.04999923706055,54.75,55.349998474121094,54.0,51.32041931152344
2015-05-21,31800,56.54999923706055,55.349998474121094,56.849998474121094,54.599998474121094,51.882835388183594
2015-05-20,18600,57.150001525878906,56.849998474121094,57.29999923706055,55.95000076293945,53.288875579833984
2015-05-19,38400,57.29999923706055,57.150001525878906,57.45000076293945,56.400001525878906,53.57007598876953
2015-05-18,38000,58.20000076293945,56.849998474121094,58.20000076293945,56.400001525878906,53.288875579833984
2015-05-15,11600,56.70000076293945,56.25,56.70000076293945,55.5,52.72645568847656
2015-05-14,29100,55.04999923706055,56.54999923706055,56.70000076293945,55.04999923706055,53.007667541503906
2015-05-13,22100,58.04999923706055,54.75,58.04999923706055,54.29999923706055,51.32041931152344
2015-05-12,20400,54.0,54.900001525878906,55.5,53.54999923706055,51.461029052734375
2015-05-11,15900,55.5,54.150001525878906,55.650001525878906,53.25,50.75800704956055
2015-05-08,12200,55.5,55.349998474121094,55.79999923706055,54.900001525878906,51.882835388183594
2015-05-07,15300,53.25,54.75,54.900001525878906,53.25,51.32041931152344
2015-05-06,26700,53.70000076293945,53.400001525878906,55.20000076293945,53.25,50.05498504638672
2015-05-05,27500,56.70000076293945,54.29999923706055,57.75,53.54999923706055,50.89860916137695
2015-05-04,10200,57.150001525878906,57.150001525878906,57.900001525878906,56.849998474121094,53.57007598876953
2015-05-01,10900,56.849998474121094,56.54999923706055,58.04999923706055,55.95000076293945,53.007667541503906
2015-04-30,18800,59.25,57.150001525878906,59.70000076293945,56.70000076293945,53.57007598876953
2015-04-29,14400,60.0,58.95000076293945,60.0,58.650001525878906,55.25733184814453
2015-04-28,32700,58.650001525878906,60.0,60.0,58.650001525878906,56.24155807495117
2015-04-27,13900,59.25,58.349998474121094,59.54999923706055,58.20000076293945,54.69490432739258
2015-04-24,7100,58.5,58.79999923706055,58.95000076293945,57.900001525878906,55.116722106933594
2015-04-23,14500,59.25,58.20000076293945,59.400001525878906,57.900001525878906,54.55430603027344
2015-04-22,32300,58.79999923706055,59.25,59.25,57.599998474121094,55.53852844238281
2015-04-21,19400,58.95000076293945,58.95000076293945,59.400001525878906,57.75,55.25733184814453
2015-04-20,15100,58.79999923706055,58.349998474121094,59.099998474121094,57.29999923706055,54.69490432739258
2015-04-17,15200,57.75,58.20000076293945,58.79999923706055,56.849998474121094,54.55430603027344
2015-04-16,29200,59.400001525878906,58.20000076293945,59.400001525878906,58.04999923706055,54.55430603027344
2015-04-15,34800,59.25,59.400001525878906,59.849998474121094,58.349998474121094,55.67913818359375
2015-04-14,14700,58.5,58.650001525878906,59.25,58.5,54.97611999511719
2015-04-13,24500,58.650001525878906,58.5,59.099998474121094,57.900001525878906,54.835514068603516
2015-04-10,23800,58.5,58.349998474121094,59.099998474121094,57.75,54.69490432739258
2015-04-09,22500,58.349998474121094,57.75,58.650001525878906,57.150001525878906,54.13248825073242
2015-04-08,82200,56.70000076293945,58.650001525878906,59.25,56.70000076293945,54.97611999511719
2015-04-07,32300,58.04999923706055,56.849998474121094,58.349998474121094,56.25,53.288875579833984
2015-04-06,40300,57.150001525878906,58.20000076293945,58.95000076293945,56.400001525878906,54.55430603027344
2015-04-02,69600,55.5,57.900001525878906,58.349998474121094,54.900001525878906,54.27310562133789
2015-04-01,67600,56.25,54.75,56.70000076293945,54.150001525878906,51.32041931152344
2015-03-31,29800,52.04999923706055,53.099998474121094,53.54999923706055,51.900001525878906,49.773773193359375
2015-03-30,19000,52.650001525878906,52.349998474121094,53.25,51.45000076293945,49.07075500488281
2015-03-27,9600,52.79999923706055,52.5,53.25,52.5,49.21135330200195
2015-03-26,32300,52.79999923706055,53.099998474121094,54.0,52.5,49.773773193359375
2015-03-25,14500,52.79999923706055,52.79999923706055,53.25,52.04999923706055,49.4925651550293
2015-03-24,40100,52.650001525878906,52.650001525878906,54.0,51.900001525878906,49.35196304321289
2015-03-23,12700,52.95000076293945,52.79999923706055,53.400001525878906,52.5,49.4925651550293
2015-03-20,32400,53.400001525878906,52.79999923706055,53.70000076293945,52.04999923706055,49.4925651550293
2015-03-19,27500,52.5,52.5,53.400001525878906,52.20000076293945,49.21135330200195
2015-03-18,23800,52.04999923706055,52.5,52.79999923706055,52.04999923706055,49.21135330200195
2015-03-17,32200,52.20000076293945,52.349998474121094,53.25,51.900001525878906,49.07075500488281
2015-03-16,37200,51.150001525878906,52.349998474121094,52.79999923706055,51.150001525878906,49.07075500488281
2015-03-13,20600,52.79999923706055,51.75,53.25,51.29999923706055,48.46147155761719
2015-03-12,52100,51.599998474121094,52.650001525878906,53.25,51.599998474121094,49.30427932739258
2015-03-11,31000,48.0,51.29999923706055,52.20000076293945,48.0,48.04005813598633
2015-03-10,34600,50.099998474121094,48.0,50.849998474121094,47.400001525878906,44.949771881103516
2015-03-09,13500,51.599998474121094,50.400001525878906,51.900001525878906,49.349998474121094,47.19725799560547
2015-03-06,13700,51.75,51.599998474121094,52.79999923706055,51.599998474121094,48.32100296020508
2015-03-05,18900,51.75,52.650001525878906,52.95000076293945,51.75,49.30427932739258
2015-03-04,18900,52.5,51.900001525878906,52.79999923706055,51.599998474121094,48.60194778442383
2015-03-03,16100,53.25,52.650001525878906,53.400001525878906,52.5,49.30427932739258
2015-03-02,28600,53.54999923706055,53.25,53.54999923706055,52.5,49.86615753173828
2015-02-27,12100,53.54999923706055,52.650001525878906,53.54999923706055,52.5,49.30427932739258
2015-02-26,44000,52.650001525878906,53.400001525878906,53.70000076293945,52.04999923706055,50.00662612915039
2015-02-25,6800,52.79999923706055,52.79999923706055,53.25,52.349998474121094,49.44474411010742
2015-02-24,6600,53.400001525878906,53.25,53.400001525878906,52.5,49.86615753173828
2015-02-23,12100,54.150001525878906,53.099998474121094,54.150001525878906,52.349998474121094,49.72568130493164
2015-02-20,22400,54.75,54.0,55.04999923706055,53.54999923706055,50.5684928894043
2015-02-19,12300,52.04999923706055,53.54999923706055,53.70000076293945,52.04999923706055,50.14708709716797
2015-02-18,44700,54.0,52.349998474121094,54.75,51.900001525878906,49.02334213256836
2015-02-17,25500,54.0,53.849998474121094,54.75,53.54999923706055,50.42802810668945
2015-02-13,8500,53.400001525878906,54.0,54.29999923706055,52.5,50.5684928894043
2015-02-12,41400,54.45000076293945,53.400001525878906,55.20000076293945,51.75,50.00662612915039
2015-02-11,29100,58.349998474121094,53.70000076293945,58.349998474121094,53.70000076293945,50.28756332397461
2015-02-10,31300,52.20000076293945,53.70000076293945,54.0,51.599998474121094,50.28756332397461
2015-02-09,39600,51.900001525878906,51.599998474121094,52.650001525878906,49.5,48.32100296020508
2015-02-06,24100,52.04999923706055,51.75,52.79999923706055,50.70000076293945,48.46147155761719
2015-02-05,40400,52.79999923706055,52.349998474121094,53.400001525878906,52.04999923706055,49.02334213256836
2015-02-04,43600,50.099998474121094,52.20000076293945,52.79999923706055,49.650001525878906,48.882877349853516
2015-02-03,38200,52.5,50.25,53.400001525878906,50.099998474121094,47.056800842285156
2015-02-02,15000,49.95000076293945,51.45000076293945,52.20000076293945,49.95000076293945,48.18053436279297
2015-01-30,28700,50.25,49.95000076293945,51.45000076293945,49.5,46.77584457397461
2015-01-29,55500,51.0,51.150001525878906,52.349998474121094,49.349998474121094,47.89960861206055
2015-01-28,70100,55.349998474121094,51.0,55.650001525878906,50.54999923706055,47.75913619995117
2015-01-27,20500,55.79999923706055,55.349998474121094,56.54999923706055,55.20000076293945,51.832706451416016
2015-01-26,14500,57.0,57.29999923706055,58.349998474121094,56.099998474121094,53.65878677368164
2015-01-23,16500,57.0,57.150001525878906,57.599998474121094,56.25,53.51831817626953
2015-01-22,25300,55.95000076293945,56.849998474121094,57.0,55.20000076293945,53.23738479614258
2015-01-21,38100,56.54999923706055,55.79999923706055,56.849998474121094,55.20000076293945,52.254112243652344
2015-01-20,31200,58.04999923706055,56.400001525878906,58.04999923706055,54.900001525878906,52.81597900390625
2015-01-16,17700,57.0,57.45000076293945,58.349998474121094,56.54999923706055,53.79924774169922
2015-01-15,31100,58.79999923706055,57.29999923706055,58.95000076293945,56.400001525878906,53.65878677368164
2015-01-14,23800,57.900001525878906,58.20000076293945,58.95000076293945,56.70000076293945,54.5015983581543
2015-01-13,54900,57.75,58.79999923706055,59.25,56.70000076293945,55.06346893310547
2015-01-12,35200,57.29999923706055,56.849998474121094,59.849998474121094,54.75,53.23738479614258
2015-01-09,62900,59.70000076293945,57.29999923706055,59.849998474121094,57.0,53.65878677368164
2015-01-08,88900,56.25,60.0,60.599998474121094,55.5,56.187217712402344
2015-01-07,24800,56.099998474121094,55.349998474121094,57.45000076293945,54.75,51.832706451416016
2015-01-06,40200,56.70000076293945,55.349998474121094,56.849998474121094,52.95000076293945,51.832706451416016
2015-01-05,24400,55.650001525878906,54.150001525878906,56.099998474121094,52.349998474121094,50.708961486816406
2015-01-02,22500,54.599998474121094,56.400001525878906,56.54999923706055,54.45000076293945,52.81597900390625
2014-12-31,14400,53.54999923706055,54.45000076293945,55.349998474121094,51.900001525878906,50.989898681640625
2014-12-30,22200,54.75,53.400001525878906,54.75,52.5,50.00662612915039
2014-12-29,21300,56.25,54.0,56.400001525878906,53.70000076293945,50.5684928894043
2014-12-26,12100,55.79999923706055,55.95000076293945,56.25,55.04999923706055,52.39457321166992
2014-12-24,18700,56.25,55.20000076293945,56.25,53.099998474121094,51.692237854003906
2014-12-23,34900,54.45000076293945,55.5,56.849998474121094,53.400001525878906,51.973175048828125
2014-12-22,63200,53.70000076293945,55.04999923706055,55.20000076293945,48.29999923706055,51.55176544189453
2014-12-19,66700,50.400001525878906,53.849998474121094,54.0,50.25,50.42802810668945
2014-12-18,38600,52.20000076293945,50.70000076293945,52.20000076293945,49.349998474121094,47.47819519042969
2014-12-17,53300,48.29999923706055,50.849998474121094,50.849998474121094,47.54999923706055,47.61866760253906
2014-12-16,34700,45.599998474121094,47.70000076293945,48.45000076293945,45.599998474121094,44.6688346862793
2014-12-15,80300,45.900001525878906,46.04999923706055,48.900001525878906,45.0,43.123680114746094
2014-12-12,43600,41.849998474121094,46.650001525878906,47.54999923706055,41.849998474121094,43.638736724853516
2014-12-11,29600,40.95000076293945,42.599998474121094,45.0,40.95000076293945,39.85017013549805
2014-12-10,24700,43.79999923706055,41.54999923706055,43.79999923706055,41.400001525878906,38.86794662475586
2014-12-09,21700,42.0,43.5,44.099998474121094,40.95000076293945,40.692073822021484
2014-12-08,27900,45.0,42.150001525878906,45.0,42.0,39.4292106628418
2014-12-05,29200,45.45000076293945,45.0,46.04999923706055,44.54999923706055,42.095245361328125
2014-12-04,49800,43.650001525878906,45.45000076293945,46.349998474121094,42.900001525878906,42.51620101928711
2014-12-03,22800,43.95000076293945,43.5,44.099998474121094,43.04999923706055,40.692073822021484
2014-12-02,23000,40.79999923706055,42.0,42.0,40.79999923706055,39.28889465332031
2014-12-01,29900,42.29999923706055,40.95000076293945,42.45000076293945,40.650001525878906,38.306671142578125
2014-11-28,25000,42.900001525878906,42.599998474121094,43.5,42.0,39.85017013549805
2014-11-26,41600,42.150001525878906,42.45000076293945,43.79999923706055,40.95000076293945,39.7098503112793
2014-11-25,38400,42.45000076293945,42.0,42.75,41.400001525878906,39.28889465332031
2014-11-24,60000,41.54999923706055,42.0,43.20000076293945,41.25,39.28889465332031
2014-11-21,35500,42.0,41.099998474121094,42.0,40.349998474121094,38.446983337402344
2014-11-20,46400,38.54999923706055,40.04999923706055,40.95000076293945,38.54999923706055,37.46476364135742
2014-11-19,41700,39.75,38.400001525878906,40.349998474121094,37.95000076293945,35.92127227783203
2014-11-18,21500,41.099998474121094,40.5,41.400001525878906,40.04999923706055,37.88572692871094
2014-11-17,15200,41.54999923706055,40.95000076293945,42.0,40.79999923706055,38.306671142578125
2014-11-14,53900,42.0,41.25,43.349998474121094,41.099998474121094,38.58729934692383
2014-11-13,33500,44.70000076293945,41.099998474121094,45.0,40.5,38.446983337402344
2014-11-12,14000,44.70000076293945,44.849998474121094,45.150001525878906,44.54999923706055,41.954925537109375
2014-11-11,11900,45.0,45.0,45.29999923706055,44.70000076293945,42.095245361328125
2014-11-10,18600,45.599998474121094,45.45000076293945,45.599998474121094,44.54999923706055,42.51620101928711
2014-11-07,14700,43.95000076293945,45.150001525878906,45.150001525878906,43.79999923706055,42.235565185546875
2014-11-06,16300,44.70000076293945,44.25,45.0,43.79999923706055,41.39365005493164
2014-11-05,25200,46.04999923706055,45.150001525878906,46.04999923706055,44.25,42.235565185546875
2014-11-04,25600,47.70000076293945,44.849998474121094,47.70000076293945,44.400001525878906,41.954925537109375
2014-11-03,21500,47.54999923706055,47.099998474121094,48.0,46.349998474121094,44.059688568115234
2014-10-31,41100,47.54999923706055,47.54999923706055,48.599998474121094,45.75,44.48064422607422
2014-10-30,58700,45.0,46.20000076293945,46.349998474121094,44.54999923706055,43.21778869628906
2014-10-29,68800,43.650001525878906,44.400001525878906,46.349998474121094,43.04999923706055,41.533973693847656
2014-10-28,27900,40.04999923706055,42.75,42.75,39.75,39.990478515625
2014-10-27,15100,42.599998474121094,40.04999923706055,42.599998474121094,39.75,37.46476364135742
2014-10-24,9600,41.849998474121094,40.650001525878906,41.849998474121094,39.75,38.02603530883789
2014-10-23,17500,41.54999923706055,41.25,42.150001525878906,40.349998474121094,38.58729934692383
2014-10-22,27100,42.75,41.54999923706055,42.900001525878906,40.79999923706055,38.86794662475586
2014-10-21,20200,39.150001525878906,41.25,41.25,38.849998474121094,38.58729934692383
2014-10-20,10500,38.400001525878906,39.0,39.29999923706055,38.400001525878906,36.4825439453125
2014-10-17,47500,40.349998474121094,38.849998474121094,41.70000076293945,38.099998474121094,36.34222412109375
2014-10-16,29600,37.20000076293945,39.29999923706055,40.95000076293945,37.20000076293945,36.76317596435547
2014-10-15,42600,36.29999923706055,37.95000076293945,38.400001525878906,35.400001525878906,35.50033187866211
2014-10-14,35200,37.650001525878906,37.349998474121094,38.70000076293945,35.849998474121094,34.939048767089844
2014-10-13,22600,38.400001525878906,37.04999923706055,39.0,36.45000076293945,34.65842056274414
2014-10-10,24900,38.25,38.70000076293945,39.900001525878906,37.79999923706055,36.201908111572266
2014-10-09,26500,41.54999923706055,39.150001525878906,41.54999923706055,38.70000076293945,36.62286376953125
2014-10-08,43100,40.95000076293945,41.70000076293945,42.0,39.599998474121094,39.008262634277344
2014-10-07,26900,43.95000076293945,41.400001525878906,43.95000076293945,41.400001525878906,38.72762680053711
2014-10-06,22000,43.5,43.04999923706055,44.099998474121094,42.45000076293945,40.2711181640625
2014-10-03,70900,44.400001525878906,43.04999923706055,46.20000076293945,43.04999923706055,40.2711181640625
2014-10-02,46300,41.099998474121094,42.900001525878906,43.04999923706055,40.5,40.130802154541016
2014-10-01,38800,40.650001525878906,40.95000076293945,41.70000076293945,40.5,38.306671142578125
2014-09-30,398800,42.599998474121094,40.650001525878906,43.04999923706055,40.5,38.02603530883789
2014-09-29,33300,42.150001525878906,42.45000076293945,43.20000076293945,42.150001525878906,39.7098503112793
2014-09-26,46500,44.54999923706055,42.75,45.0,42.45000076293945,39.990478515625
2014-09-25,70600,46.95000076293945,44.25,47.099998474121094,41.25,41.39365005493164
2014-09-24,24900,46.95000076293945,47.099998474121094,47.54999923706055,46.20000076293945,44.059688568115234
2014-09-23,42500,46.79999923706055,47.099998474121094,48.0,45.599998474121094,44.059688568115234
2014-09-22,13800,49.04999923706055,46.95000076293945,49.04999923706055,46.04999923706055,43.91937255859375
2014-09-19,34500,49.5,49.5,50.099998474121094,46.349998474121094,46.30475616455078
2014-09-18,7400,50.400001525878906,49.5,50.54999923706055,48.900001525878906,46.30475616455078
2014-09-17,11200,50.25,50.400001525878906,50.849998474121094,49.650001525878906,47.146671295166016
2014-09-16,12700,49.349998474121094,49.95000076293945,50.400001525878906,49.04999923706055,46.72571563720703
2014-09-15,12300,50.25,48.900001525878906,50.400001525878906,47.70000076293945,45.743499755859375
2014-09-12,6300,51.45000076293945,50.25,52.04999923706055,50.25,46.95958709716797
2014-09-11,10400,50.400001525878906,51.29999923706055,51.599998474121094,50.25,47.940818786621094
2014-09-10,5800,50.54999923706055,51.0,51.150001525878906,50.54999923706055,47.66047286987305
2014-09-09,15200,50.70000076293945,50.849998474121094,51.0,50.25,47.52029800415039
2014-09-08,9200,50.25,51.0,51.45000076293945,50.25,47.66047286987305
2014-09-05,7500,50.70000076293945,50.70000076293945,51.45000076293945,50.25,47.3801155090332
2014-09-04,19200,50.54999923706055,51.0,52.04999923706055,50.54999923706055,47.66047286987305
2014-09-03,4900,51.45000076293945,50.400001525878906,51.599998474121094,50.099998474121094,47.09975814819336
2014-09-02,11900,52.04999923706055,51.29999923706055,52.349998474121094,50.849998474121094,47.940818786621094
2014-08-29,12100,52.04999923706055,52.04999923706055,52.5,51.0,48.6417121887207
2014-08-28,6700,51.75,52.20000076293945,52.20000076293945,51.0,48.78189468383789
2014-08-27,7100,51.900001525878906,51.75,52.349998474121094,51.599998474121094,48.36136245727539
2014-08-26,12200,51.75,52.20000076293945,52.349998474121094,51.599998474121094,48.78189468383789
2014-08-25,11000,50.849998474121094,52.04999923706055,52.349998474121094,50.70000076293945,48.6417121887207
2014-08-22,11900,51.0,50.70000076293945,51.75,50.54999923706055,47.3801155090332
2014-08-21,24100,51.900001525878906,51.0,52.79999923706055,49.650001525878906,47.66047286987305
2014-08-20,15200,51.29999923706055,51.599998474121094,52.79999923706055,50.54999923706055,48.22118377685547
2014-08-19,26700,51.75,51.75,53.25,50.400001525878906,48.36136245727539
2014-08-18,22300,51.45000076293945,51.150001525878906,51.900001525878906,50.54999923706055,47.8006477355957
2014-08-15,24300,51.45000076293945,50.54999923706055,51.45000076293945,50.25,47.23993682861328
2014-08-14,25200,48.150001525878906,50.70000076293945,51.599998474121094,47.25,47.3801155090332
2014-08-13,18100,47.70000076293945,48.0,48.29999923706055,46.650001525878906,44.85690689086914
2014-08-12,20600,48.0,47.70000076293945,48.29999923706055,46.650001525878906,44.576560974121094
2014-08-11,23000,46.650001525878906,48.0,49.650001525878906,46.349998474121094,44.85690689086914
2014-08-08,24100,44.849998474121094,46.04999923706055,46.20000076293945,44.70000076293945,43.03459930419922
2014-08-07,41600,46.5,45.150001525878906,47.099998474121094,44.70000076293945,42.19353103637695
2014-08-06,19000,47.400001525878906,46.5,48.45000076293945,46.349998474121094,43.45513916015625
2014-08-05,13400,48.900001525878906,47.849998474121094,49.20000076293945,47.54999923706055,44.716739654541016
2014-08-04,22100,49.20000076293945,48.900001525878906,49.79999923706055,48.150001525878906,45.6979866027832
2014-08-01,15700,48.150001525878906,48.900001525878906,48.900001525878906,48.0,45.6979866027832
2014-07-31,25300,50.099998474121094,48.0,50.54999923706055,47.849998474121094,44.85690689086914
2014-07-30,12700,51.29999923706055,50.54999923706055,51.29999923706055,49.95000076293945,47.23993682861328
2014-07-29,12500,50.400001525878906,50.849998474121094,51.150001525878906,50.25,47.52029800415039
2014-07-28,10500,50.25,50.25,50.849998474121094,49.5,46.95958709716797
2014-07-25,13800,52.79999923706055,50.70000076293945,53.54999923706055,50.54999923706055,47.3801155090332
2014-07-24,25000,54.150001525878906,53.400001525878906,54.45000076293945,53.099998474121094,49.903316497802734
2014-07-23,7800,53.849998474121094,54.0,54.45000076293945,53.400001525878906,50.464027404785156
2014-07-22,11400,52.79999923706055,54.150001525878906,54.150001525878906,52.650001525878906,50.60420227050781
2014-07-21,17700,52.5,52.79999923706055,53.099998474121094,51.0,49.34259796142578
2014-07-18,11900,51.45000076293945,52.650001525878906,53.099998474121094,51.29999923706055,49.202430725097656
2014-07-17,16500,51.150001525878906,51.900001525878906,52.5,51.150001525878906,48.50154113769531
2014-07-16,112000,51.150001525878906,51.29999923706055,52.349998474121094,50.70000076293945,47.940818786621094
2014-07-15,21500,51.75,51.150001525878906,52.349998474121094,50.70000076293945,47.8006477355957
2014-07-14,26200,50.400001525878906,52.04999923706055,52.5,50.099998474121094,48.6417121887207
2014-07-11,17500,49.79999923706055,49.79999923706055,50.099998474121094,49.20000076293945,46.53904724121094
2014-07-10,29000,48.900001525878906,50.099998474121094,50.54999923706055,48.0,46.819400787353516
2014-07-09,85900,52.5,49.650001525878906,52.5,48.900001525878906,46.39887619018555
2014-07-08,21800,53.70000076293945,52.20000076293945,54.150001525878906,51.900001525878906,48.78189468383789
2014-07-07,28500,54.75,53.70000076293945,54.75,52.95000076293945,50.183677673339844
2014-07-03,7700,54.150001525878906,54.75,55.5,54.150001525878906,51.1649169921875
2014-07-02,16600,54.900001525878906,54.150001525878906,55.5,54.150001525878906,50.60420227050781
2014-07-01,40600,55.5,55.20000076293945,56.099998474121094,54.45000076293945,51.585453033447266
2014-06-30,41600,55.79999923706055,55.650001525878906,56.54999923706055,55.04999923706055,52.0059814453125
2014-06-27,409800,56.099998474121094,55.5,57.0,55.5,51.865806579589844
2014-06-26,29000,55.79999923706055,55.5,56.400001525878906,55.349998474121094,51.865806579589844
2014-06-25,58700,56.25,55.5,57.29999923706055,55.20000076293945,51.865806579589844
2014-06-24,26900,56.25,56.25,57.0,55.5,52.56669998168945
2014-06-23,33200,58.79999923706055,56.70000076293945,59.099998474121094,56.25,52.98722839355469
2014-06-20,41100,58.5,58.04999923706055,58.650001525878906,56.54999923706055,54.24882888793945
2014-06-19,37800,58.20000076293945,58.5,58.5,57.0,54.66936492919922
2014-06-18,32400,57.900001525878906,57.900001525878906,58.04999923706055,56.849998474121094,54.1086540222168
2014-06-17,77000,57.150001525878906,57.900001525878906,59.099998474121094,55.5,54.1086540222168
2014-06-16,85800,54.75,57.900001525878906,57.900001525878906,53.099998474121094,54.1086540222168
2014-06-13,12500,52.79999923706055,53.400001525878906,53.400001525878906,52.79999923706055,49.903316497802734
2014-06-12,21900,53.25,53.400001525878906,53.400001525878906,52.95000076293945,49.85659408569336
2014-06-11,11000,53.54999923706055,53.25,53.70000076293945,52.349998474121094,49.716548919677734
2014-06-10,38400,52.95000076293945,53.54999923706055,53.849998474121094,52.650001525878906,49.996639251708984
2014-06-09,51500,53.25,52.95000076293945,53.849998474121094,52.349998474121094,49.43645095825195
2014-06-06,33700,53.849998474121094,53.25,54.599998474121094,53.099998474121094,49.716548919677734
2014-06-05,18200,52.95000076293945,53.25,54.0,52.95000076293945,49.716548919677734
2014-06-04,12000,54.0,53.25,54.0,52.79999923706055,49.716548919677734
2014-06-03,24400,53.400001525878906,54.0,60.75,53.099998474121094,50.41677474975586
2014-06-02,11200,53.54999923706055,53.25,53.849998474121094,52.349998474121094,49.716548919677734
2014-05-30,9000,53.849998474121094,53.54999923706055,54.0,52.650001525878906,49.996639251708984
2014-05-29,5400,54.0,53.54999923706055,54.0,53.54999923706055,49.996639251708984
2014-05-28,8300,54.29999923706055,53.54999923706055,54.29999923706055,53.099998474121094,49.996639251708984
2014-05-27,7600,54.29999923706055,54.0,54.29999923706055,53.70000076293945,50.41677474975586
2014-05-23,3800,54.150001525878906,53.70000076293945,54.150001525878906,53.70000076293945,50.136688232421875
2014-05-22,16600,52.5,54.0,55.04999923706055,52.5,50.41677474975586
2014-05-21,9900,52.79999923706055,53.099998474121094,53.25,52.650001525878906,49.57648849487305
2014-05-20,27900,53.25,52.79999923706055,53.400001525878906,52.349998474121094,49.29640579223633
2014-05-19,9900,53.849998474121094,53.54999923706055,54.29999923706055,53.099998474121094,49.996639251708984
2014-05-16,5300,53.54999923706055,53.70000076293945,54.75,52.95000076293945,50.136688232421875
2014-05-15,8100,53.54999923706055,53.70000076293945,54.45000076293945,53.25,50.136688232421875
2014-05-14,17300,55.20000076293945,53.25,55.650001525878906,52.20000076293945,49.716548919677734
2014-05-13,19100,54.900001525878906,55.5,55.79999923706055,54.29999923706055,51.8172492980957
2014-05-12,9100,52.349998474121094,54.45000076293945,54.75,52.349998474121094,50.836910247802734
2014-05-09,13300,53.25,52.349998474121094,53.25,52.20000076293945,48.87626266479492
2014-05-08,4000,52.5,53.099998474121094,53.099998474121094,52.349998474121094,49.57648849487305
2014-05-07,9200,52.5,52.95000076293945,53.70000076293945,52.5,49.43645095825195
2014-05-06,2400,53.099998474121094,52.5,53.54999923706055,52.5,49.01631164550781
2014-05-05,3900,53.54999923706055,52.79999923706055,54.0,52.650001525878906,49.29640579223633
2014-05-02,6000,55.79999923706055,53.70000076293945,55.79999923706055,53.70000076293945,50.136688232421875
2014-05-01,19800,53.400001525878906,55.349998474121094,55.650001525878906,53.400001525878906,51.67719268798828
2014-04-30,5600,52.95000076293945,53.25,53.70000076293945,52.95000076293945,49.716548919677734
2014-04-29,17500,53.400001525878906,53.099998474121094,53.400001525878906,52.349998474121094,49.57648849487305
2014-04-28,16600,54.0,53.70000076293945,54.45000076293945,52.349998474121094,50.136688232421875
2014-04-25,16900,56.099998474121094,54.0,56.54999923706055,53.70000076293945,50.41677474975586
2014-04-24,14300,56.25,55.20000076293945,56.54999923706055,55.04999923706055,51.53715515136719
2014-04-23,25100,56.099998474121094,55.79999923706055,56.54999923706055,54.75,52.09733200073242
2014-04-22,27700,52.5,55.20000076293945,55.79999923706055,52.20000076293945,51.53715515136719
2014-04-21,18500,52.79999923706055,52.349998474121094,53.400001525878906,51.900001525878906,48.87626266479492
2014-04-17,8100,52.95000076293945,53.099998474121094,53.849998474121094,52.79999923706055,49.57648849487305
2014-04-16,11500,52.650001525878906,53.099998474121094,53.70000076293945,52.349998474121094,49.57648849487305
2014-04-15,23600,54.45000076293945,52.5,54.45000076293945,52.20000076293945,49.01631164550781
2014-04-14,43200,53.70000076293945,54.599998474121094,54.900001525878906,52.5,50.97696304321289
2014-04-11,20200,54.45000076293945,53.70000076293945,54.900001525878906,53.400001525878906,50.136688232421875
2014-04-10,26800,54.599998474121094,54.45000076293945,55.349998474121094,54.29999923706055,50.836910247802734
2014-04-09,18700,54.75,54.900001525878906,55.5,54.45000076293945,51.257057189941406
2014-04-08,8300,54.75,54.75,55.5,54.29999923706055,51.11701202392578
2014-04-07,12900,55.04999923706055,54.900001525878906,55.79999923706055,54.75,51.257057189941406
2014-04-04,34700,55.5,55.349998474121094,56.099998474121094,54.75,51.67719268798828
2014-04-03,11800,55.5,55.5,56.849998474121094,55.20000076293945,51.8172492980957
2014-04-02,29400,55.20000076293945,55.5,55.95000076293945,54.75,51.8172492980957
2014-04-01,28200,55.79999923706055,55.04999923706055,55.79999923706055,54.75,51.397098541259766
2014-03-31,26100,56.099998474121094,54.900001525878906,56.099998474121094,54.75,51.257057189941406
2014-03-28,22300,54.900001525878906,55.04999923706055,55.5,54.29999923706055,51.397098541259766
2014-03-27,19200,55.650001525878906,54.45000076293945,55.650001525878906,54.150001525878906,50.836910247802734
2014-03-26,23900,55.95000076293945,54.45000076293945,55.95000076293945,54.0,50.836910247802734
2014-03-25,26400,56.099998474121094,55.349998474121094,56.54999923706055,55.20000076293945,51.67719268798828
2014-03-24,34000,57.75,56.099998474121094,57.75,54.0,52.37742614746094
2014-03-21,45100,58.79999923706055,57.29999923706055,59.099998474121094,57.150001525878906,53.497802734375
2014-03-20,11800,58.650001525878906,57.75,58.650001525878906,57.0,53.917945861816406
2014-03-19,14600,57.29999923706055,57.75,58.95000076293945,56.849998474121094,53.917945861816406
2014-03-18,22100,56.70000076293945,56.849998474121094,57.45000076293945,56.25,53.077667236328125
2014-03-17,22100,55.650001525878906,57.0,57.45000076293945,55.650001525878906,53.21771240234375
2014-03-14,14600,55.95000076293945,56.400001525878906,57.29999923706055,54.75,52.61083984375
2014-03-13,13700,57.900001525878906,56.25,58.20000076293945,56.25,52.470916748046875
2014-03-12,8200,59.25,58.20000076293945,59.25,57.900001525878906,54.289920806884766
2014-03-11,9000,61.04999923706055,59.25,61.20000076293945,58.79999923706055,55.26937484741211
2014-03-10,19500,58.79999923706055,61.04999923706055,61.95000076293945,58.5,56.94844055175781
2014-03-07,24600,59.25,58.5,60.150001525878906,58.5,54.56977081298828
2014-03-06,16400,59.25,58.5,59.54999923706055,57.900001525878906,54.56977081298828
2014-03-05,14200,58.5,58.95000076293945,59.849998474121094,58.5,54.98952865600586
2014-03-04,20100,58.349998474121094,58.5,59.849998474121094,58.20000076293945,54.56977081298828
2014-03-03,8700,58.04999923706055,57.75,58.650001525878906,57.599998474121094,53.870147705078125
2014-02-28,11000,58.5,58.04999923706055,59.25,58.04999923706055,54.14999008178711
2014-02-27,14000,59.400001525878906,59.25,60.0,58.95000076293945,55.26937484741211
2014-02-26,56300,58.349998474121094,59.400001525878906,60.0,57.75,55.40929412841797
2014-02-25,21000,58.5,57.29999923706055,58.650001525878906,57.0,53.45037841796875
2014-02-24,42000,57.29999923706055,58.5,59.099998474121094,57.29999923706055,54.56977081298828
2014-02-21,29400,58.20000076293945,57.45000076293945,58.349998474121094,57.0,53.590293884277344
2014-02-20,20200,56.54999923706055,57.599998474121094,58.349998474121094,56.25,53.730224609375
2014-02-19,30500,58.79999923706055,56.099998474121094,59.099998474121094,54.45000076293945,52.330997467041016
2014-02-18,36700,59.25,58.5,59.25,57.900001525878906,54.56977081298828
2014-02-14,297400,57.900001525878906,57.900001525878906,60.45000076293945,57.900001525878906,54.01007080078125
2014-02-13,26400,61.95000076293945,62.25,62.70000076293945,61.95000076293945,58.067813873291016
2014-02-12,11200,61.5,62.25,62.54999923706055,61.5,58.067813873291016
2014-02-11,15100,61.79999923706055,61.04999923706055,62.849998474121094,60.900001525878906,56.94844055175781
2014-02-10,8100,62.54999923706055,61.79999923706055,62.70000076293945,61.650001525878906,57.64805221557617
2014-02-07,6800,62.25,61.95000076293945,62.400001525878906,61.95000076293945,57.7879753112793
2014-02-06,27600,62.25,61.95000076293945,62.70000076293945,61.04999923706055,57.7879753112793
2014-02-05,3100,62.25,62.25,62.25,61.5,58.067813873291016
2014-02-04,18000,62.25,62.099998474121094,62.849998474121094,60.900001525878906,57.92789840698242
2014-02-03,8900,64.5,62.400001525878906,64.5,61.79999923706055,58.207740783691406
2014-01-31,19000,64.80000305175781,64.3499984741211,66.44999694824219,64.05000305175781,60.0267333984375
2014-01-30,5800,64.94999694824219,64.94999694824219,67.94999694824219,63.75,60.58642578125
2014-01-29,5300,66.44999694824219,64.94999694824219,66.44999694824219,64.19999694824219,60.58642578125
2014-01-28,14200,64.94999694824219,66.44999694824219,67.3499984741211,64.6500015258789,61.98564147949219
2014-01-27,9900,64.6500015258789,64.6500015258789,67.19999694824219,62.25,60.306575775146484
2014-01-24,14100,68.0999984741211,65.0999984741211,68.0999984741211,64.05000305175781,60.72633743286133
2014-01-23,15100,68.8499984741211,67.5,69.30000305175781,67.05000305175781,62.96510314941406
2014-01-22,7900,70.94999694824219,69.30000305175781,71.0999984741211,68.69999694824219,64.64417266845703
2014-01-21,16100,72.9000015258789,70.5,72.9000015258789,69.9000015258789,65.76354217529297
2014-01-17,23100,73.80000305175781,71.25,74.25,70.5,66.46315002441406
2014-01-16,43600,68.69999694824219,72.75,73.80000305175781,68.69999694824219,67.86238861083984
2014-01-15,9900,65.0999984741211,68.25,68.55000305175781,64.19999694824219,63.66471862792969
2014-01-14,14700,66.1500015258789,65.0999984741211,66.1500015258789,64.6500015258789,60.72633743286133
2014-01-13,8100,66.44999694824219,65.69999694824219,66.5999984741211,65.25,61.28604507446289
2014-01-10,5700,66.75,66.0,66.75,64.80000305175781,61.565887451171875
2014-01-09,10000,67.5,66.9000015258789,68.4000015258789,66.1500015258789,62.40542221069336
2014-01-08,10100,66.5999984741211,67.05000305175781,67.5,65.25,62.54533386230469
2014-01-07,3200,66.44999694824219,66.0,67.3499984741211,65.8499984741211,61.565887451171875
2014-01-06,10200,68.8499984741211,65.8499984741211,68.8499984741211,65.55000305175781,61.42594909667969
2014-01-03,14100,66.1500015258789,67.05000305175781,68.0999984741211,65.55000305175781,62.54533386230469
2014-01-02,6600,66.0,65.55000305175781,66.75,64.5,61.146114349365234
2013-12-31,10800,65.4000015258789,66.0,67.5,65.25,61.565887451171875
2013-12-30,6300,67.80000305175781,65.0999984741211,68.55000305175781,64.5,60.72633743286133
2013-12-27,18100,67.6500015258789,67.5,69.1500015258789,67.05000305175781,62.96510314941406
2013-12-26,15200,65.25,67.05000305175781,67.3499984741211,64.05000305175781,62.54533386230469
2013-12-24,5200,66.0,65.4000015258789,67.05000305175781,65.25,61.00618362426758
2013-12-23,11400,63.75,65.55000305175781,66.0,63.45000076293945,61.146114349365234
2013-12-20,44600,60.45000076293945,63.150001525878906,65.4000015258789,58.650001525878906,58.9073486328125
2013-12-19,5500,58.650001525878906,59.25,60.75,58.04999923706055,55.26937484741211
2013-12-18,3200,60.29999923706055,58.95000076293945,60.29999923706055,58.650001525878906,54.98952865600586
2013-12-17,26500,60.0,60.150001525878906,60.75,59.099998474121094,56.108909606933594
2013-12-16,14100,60.75,61.20000076293945,61.349998474121094,58.650001525878906,57.041717529296875
2013-12-13,9600,58.79999923706055,58.650001525878906,60.0,58.349998474121094,54.66498565673828
2013-12-12,4600,59.400001525878906,58.5,60.0,56.54999923706055,54.52516555786133
2013-12-11,8400,60.0,58.650001525878906,60.29999923706055,58.5,54.66498565673828
2013-12-10,3500,59.099998474121094,59.54999923706055,60.599998474121094,59.099998474121094,55.50383377075195
2013-12-09,5800,60.29999923706055,59.099998474121094,60.599998474121094,58.650001525878906,55.084388732910156
2013-12-06,7000,60.0,60.0,60.599998474121094,59.849998474121094,55.92325210571289
2013-12-05,11100,59.25,60.0,60.599998474121094,58.650001525878906,55.92325210571289
2013-12-04,14100,58.5,59.25,60.0,57.900001525878906,55.224212646484375
2013-12-03,5900,58.04999923706055,58.349998474121094,58.5,56.25,54.385372161865234
2013-12-02,9800,57.0,57.599998474121094,58.349998474121094,55.95000076293945,53.68632507324219
2013-11-29,11000,57.599998474121094,56.54999923706055,58.5,55.79999923706055,52.70766830444336
2013-11-27,6500,57.599998474121094,57.900001525878906,59.25,55.95000076293945,53.96595001220703
2013-11-26,16200,56.25,57.29999923706055,58.04999923706055,54.75,53.40670394897461
2013-11-25,5200,56.25,56.099998474121094,56.25,54.599998474121094,52.28824234008789
2013-11-22,2400,55.20000076293945,55.79999923706055,56.70000076293945,55.20000076293945,52.008628845214844
2013-11-21,16800,54.900001525878906,55.650001525878906,56.25,54.45000076293945,51.86880874633789
2013-11-20,23000,56.849998474121094,54.900001525878906,57.29999923706055,54.150001525878906,51.169776916503906
2013-11-19,10000,58.5,57.29999923706055,58.5,56.849998474121094,53.40670394897461
2013-11-18,7600,59.25,58.650001525878906,59.25,57.75,54.66498565673828
2013-11-15,10400,59.54999923706055,58.95000076293945,59.849998474121094,58.79999923706055,54.94459533691406
2013-11-14,3000,60.0,59.400001525878906,60.0,59.400001525878906,55.364013671875
2013-11-13,13500,60.0,59.849998474121094,60.150001525878906,59.099998474121094,55.78343963623047
2013-11-12,9300,60.29999923706055,59.70000076293945,61.349998474121094,58.79999923706055,55.64363479614258
2013-11-11,14600,58.20000076293945,60.150001525878906,60.45000076293945,58.20000076293945,56.06306457519531
2013-11-08,30500,59.400001525878906,58.5,60.45000076293945,58.20000076293945,54.52516555786133
2013-11-07,6900,60.29999923706055,59.25,62.25,58.5,55.224212646484375
2013-11-06,7600,60.75,59.849998474121094,61.20000076293945,59.849998474121094,55.78343963623047
2013-11-05,8400,62.099998474121094,60.599998474121094,62.099998474121094,60.45000076293945,56.48249053955078
2013-11-04,10700,61.650001525878906,62.099998474121094,62.099998474121094,60.900001525878906,57.88056182861328
2013-11-01,10300,59.849998474121094,61.20000076293945,62.25,59.849998474121094,57.041717529296875
2013-10-31,26200,59.54999923706055,59.849998474121094,60.599998474121094,58.650001525878906,55.78343963623047
2013-10-30,9900,57.0,58.95000076293945,59.849998474121094,57.0,54.94459533691406
2013-10-29,14600,58.04999923706055,57.0,58.5,57.0,53.12709045410156
2013-10-28,13400,59.849998474121094,57.900001525878906,60.45000076293945,57.0,53.96595001220703
2013-10-25,7600,60.0,59.70000076293945,60.75,59.54999923706055,55.64363479614258
2013-10-24,3600,59.849998474121094,59.849998474121094,60.0,59.099998474121094,55.78343963623047
2013-10-23,10600,59.400001525878906,59.70000076293945,60.45000076293945,58.95000076293945,55.64363479614258
2013-10-22,10200,60.0,59.849998474121094,60.75,57.45000076293945,55.78343963623047
2013-10-21,18800,58.79999923706055,59.25,60.0,57.599998474121094,55.224212646484375
2013-10-18,35800,58.5,58.650001525878906,60.0,57.45000076293945,54.66498565673828
2013-10-17,6500,58.5,57.75,59.099998474121094,57.599998474121094,53.826133728027344
2013-10-16,6500,58.20000076293945,58.5,58.650001525878906,57.900001525878906,54.52516555786133
2013-10-15,7200,58.04999923706055,57.900001525878906,58.5,57.150001525878906,53.96595001220703
2013-10-14,3800,56.849998474121094,57.150001525878906,57.45000076293945,55.5,53.26689910888672
2013-10-11,1700,57.0,57.150001525878906,57.45000076293945,56.099998474121094,53.26689910888672
2013-10-10,2800,58.20000076293945,57.0,58.20000076293945,56.54999923706055,53.12709045410156
2013-10-09,8800,57.599998474121094,56.25,58.349998474121094,54.29999923706055,52.42805099487305
2013-10-08,19400,58.5,57.0,58.5,57.0,53.12709045410156
2013-10-07,9000,57.150001525878906,58.20000076293945,58.79999923706055,57.150001525878906,54.24555587768555
2013-10-04,8300,57.0,57.150001525878906,58.650001525878906,56.54999923706055,53.26689910888672
2013-10-03,13000,58.04999923706055,56.25,60.0,55.95000076293945,52.42805099487305
2013-10-02,22300,57.29999923706055,56.849998474121094,59.099998474121094,56.849998474121094,52.98728561401367
2013-10-01,10700,54.900001525878906,57.150001525878906,57.45000076293945,54.900001525878906,53.26689910888672
2013-09-30,6300,55.95000076293945,55.20000076293945,56.25,55.20000076293945,51.44939041137695
2013-09-27,3200,57.0,56.400001525878906,57.29999923706055,56.099998474121094,52.567867279052734
2013-09-26,5000,57.0,56.54999923706055,58.349998474121094,56.099998474121094,52.70766830444336
2013-09-25,4600,56.400001525878906,56.849998474121094,57.29999923706055,55.650001525878906,52.98728561401367
2013-09-24,12800,57.0,56.099998474121094,57.599998474121094,56.099998474121094,52.28824234008789
2013-09-23,12000,57.150001525878906,57.150001525878906,58.349998474121094,56.70000076293945,53.26689910888672
2013-09-20,11800,57.0,57.150001525878906,59.25,56.099998474121094,53.26689910888672
2013-09-19,15700,56.25,56.54999923706055,56.849998474121094,54.75,52.70766830444336
2013-09-18,16200,56.099998474121094,56.099998474121094,58.04999923706055,55.5,52.28824234008789
2013-09-17,12600,57.599998474121094,55.650001525878906,57.599998474121094,55.650001525878906,51.86880874633789
2013-09-16,18000,57.29999923706055,57.75,60.0,56.400001525878906,53.826133728027344
2013-09-13,18200,59.400001525878906,57.75,59.54999923706055,57.75,53.77952194213867
2013-09-12,6300,59.849998474121094,59.54999923706055,60.0,59.25,55.45577621459961
2013-09-11,22900,62.54999923706055,60.0,63.29999923706055,59.400001525878906,55.87483215332031
2013-09-10,30300,60.75,62.400001525878906,65.55000305175781,60.45000076293945,58.10983657836914
2013-09-09,7200,60.75,59.25,61.5,58.79999923706055,55.17639923095703
2013-09-06,3100,60.900001525878906,60.75,61.5,60.45000076293945,56.573265075683594
2013-09-05,5900,60.900001525878906,60.45000076293945,61.650001525878906,58.5,56.29389190673828
2013-09-04,13600,59.25,60.599998474121094,61.95000076293945,59.099998474121094,56.43357849121094
2013-09-03,14000,57.0,59.25,59.25,56.849998474121094,55.17639923095703
2013-08-30,4500,57.900001525878906,57.0,57.900001525878906,56.54999923706055,53.08109664916992
2013-08-29,2600,56.849998474121094,57.45000076293945,60.0,56.25,53.500152587890625
2013-08-28,36200,57.900001525878906,56.400001525878906,58.5,56.25,52.52235412597656
2013-08-27,7200,55.5,56.70000076293945,58.20000076293945,54.900001525878906,52.80172348022461
2013-08-26,4600,55.349998474121094,55.95000076293945,57.0,55.349998474121094,52.103294372558594
2013-08-23,5400,56.25,55.20000076293945,56.25,55.04999923706055,51.40484619140625
2013-08-22,5800,55.95000076293945,56.25,56.849998474121094,54.75,52.38265609741211
2013-08-21,6100,59.400001525878906,55.650001525878906,59.400001525878906,55.5,51.82389831542969
2013-08-20,8400,56.849998474121094,56.25,57.150001525878906,54.75,52.38265609741211
2013-08-19,2900,57.75,56.849998474121094,57.75,56.25,52.941402435302734
2013-08-16,5000,58.5,57.29999923706055,59.25,57.0,53.36046600341797
2013-08-15,4200,57.900001525878906,58.79999923706055,59.25,57.0,54.7573356628418
2013-08-14,38200,57.29999923706055,58.79999923706055,59.25,56.25,54.7573356628418
2013-08-13,14500,57.45000076293945,57.29999923706055,58.349998474121094,57.29999923706055,53.36046600341797
2013-08-12,12500,56.849998474121094,57.599998474121094,59.25,56.70000076293945,53.63984680175781
2013-08-09,4300,56.54999923706055,56.400001525878906,57.599998474121094,55.79999923706055,52.52235412597656
2013-08-08,19700,56.849998474121094,55.79999923706055,57.45000076293945,55.5,51.963600158691406
2013-08-07,10100,56.099998474121094,56.400001525878906,56.400001525878906,55.04999923706055,52.52235412597656
2013-08-06,7200,55.5,55.95000076293945,56.849998474121094,54.75,52.103294372558594
2013-08-05,4800,56.400001525878906,55.95000076293945,57.0,55.349998474121094,52.103294372558594
2013-08-02,12800,56.25,56.400001525878906,57.0,54.900001525878906,52.52235412597656
2013-08-01,2200,54.75,55.95000076293945,56.849998474121094,54.599998474121094,52.103294372558594
2013-07-31,6700,55.650001525878906,55.79999923706055,55.95000076293945,53.25,51.963600158691406
2013-07-30,4500,56.25,55.349998474121094,56.54999923706055,54.900001525878906,51.544525146484375
2013-07-29,4500,57.150001525878906,55.79999923706055,57.45000076293945,54.900001525878906,51.963600158691406
2013-07-26,2600,56.849998474121094,56.70000076293945,57.75,56.70000076293945,52.80172348022461
2013-07-25,5300,56.400001525878906,57.29999923706055,57.75,54.599998474121094,53.36046600341797
2013-07-24,3300,57.75,56.400001525878906,57.75,56.25,52.52235412597656
2013-07-23,8600,57.599998474121094,57.75,58.5,54.900001525878906,53.77952194213867
2013-07-22,6300,58.20000076293945,57.29999923706055,58.20000076293945,57.0,53.36046600341797
2013-07-19,11200,57.75,57.29999923706055,58.79999923706055,57.150001525878906,53.36046600341797
2013-07-18,23900,56.25,57.29999923706055,58.04999923706055,56.099998474121094,53.36046600341797
2013-07-17,5000,54.45000076293945,55.79999923706055,56.54999923706055,54.45000076293945,51.963600158691406
2013-07-16,5100,55.95000076293945,54.150001525878906,56.54999923706055,53.849998474121094,50.42704391479492
2013-07-15,2500,55.20000076293945,55.95000076293945,55.95000076293945,53.400001525878906,52.103294372558594
2013-07-12,5100,56.400001525878906,55.20000076293945,57.0,54.599998474121094,51.40484619140625
2013-07-11,11700,53.70000076293945,56.70000076293945,57.150001525878906,53.400001525878906,52.80172348022461
2013-07-10,4600,52.20000076293945,53.400001525878906,53.54999923706055,51.75,49.728599548339844
2013-07-09,15700,53.25,52.95000076293945,53.70000076293945,51.150001525878906,49.30955505371094
2013-07-08,11700,52.79999923706055,52.79999923706055,53.849998474121094,52.20000076293945,49.16985321044922
2013-07-05,4500,52.349998474121094,52.04999923706055,52.5,51.29999923706055,48.47142028808594
2013-07-03,8300,52.5,52.04999923706055,52.95000076293945,50.849998474121094,48.47142028808594
2013-07-02,10000,53.099998474121094,53.25,53.54999923706055,51.150001525878906,49.58892059326172
2013-07-01,17300,51.75,53.400001525878906,53.70000076293945,50.849998474121094,49.728599548339844
2013-06-28,11900,49.95000076293945,50.849998474121094,52.04999923706055,49.95000076293945,47.353912353515625
2013-06-27,4500,49.20000076293945,49.04999923706055,49.650001525878906,48.599998474121094,45.677669525146484
2013-06-26,3000,49.04999923706055,48.599998474121094,49.95000076293945,48.0,45.258609771728516
2013-06-25,11400,47.099998474121094,48.900001525878906,49.349998474121094,46.95000076293945,45.537994384765625
2013-06-24,13000,49.5,46.5,50.099998474121094,45.29999923706055,43.30299377441406
2013-06-21,12100,50.099998474121094,50.400001525878906,51.150001525878906,49.20000076293945,46.93486404418945
2013-06-20,9100,51.599998474121094,50.400001525878906,52.20000076293945,50.400001525878906,46.93486404418945
2013-06-19,3700,52.20000076293945,52.5,52.79999923706055,51.75,48.8904914855957
2013-06-18,12100,52.95000076293945,52.5,53.54999923706055,52.20000076293945,48.8904914855957
2013-06-17,7900,52.5,53.099998474121094,53.70000076293945,51.45000076293945,49.449214935302734
2013-06-14,5100,52.5,53.099998474121094,53.54999923706055,51.75,49.40264892578125
2013-06-13,12800,51.599998474121094,52.5,52.79999923706055,50.54999923706055,48.84444808959961
2013-06-12,4100,53.70000076293945,52.349998474121094,53.849998474121094,51.75,48.70488739013672
2013-06-11,6300,53.70000076293945,53.099998474121094,53.70000076293945,51.45000076293945,49.40264892578125
2013-06-10,700,54.0,54.0,54.0,52.95000076293945,50.2400016784668
2013-06-07,2400,52.5,54.0,54.0,52.5,50.2400016784668
2013-06-06,5500,53.25,52.95000076293945,53.70000076293945,52.20000076293945,49.26310729980469
2013-06-05,19200,54.599998474121094,53.099998474121094,55.5,50.25,49.40264892578125
2013-06-04,14300,54.75,54.75,55.5,52.79999923706055,50.937782287597656
2013-06-03,13000,54.29999923706055,54.75,55.349998474121094,54.29999923706055,50.937782287597656
2013-05-31,42400,54.29999923706055,54.900001525878906,55.79999923706055,54.29999923706055,51.077335357666016
2013-05-30,7800,55.20000076293945,55.04999923706055,55.650001525878906,54.45000076293945,51.21688461303711
2013-05-29,11200,55.04999923706055,54.75,55.5,51.75,50.937782287597656
2013-05-28,11000,57.599998474121094,55.20000076293945,57.599998474121094,54.599998474121094,51.3564453125
2013-05-24,18500,54.29999923706055,56.400001525878906,56.400001525878906,52.79999923706055,52.47289276123047
2013-05-23,8100,53.25,54.29999923706055,55.20000076293945,52.5,50.51911163330078
2013-05-22,30100,56.099998474121094,54.150001525878906,56.54999923706055,54.0,50.37955856323242
2013-05-21,7700,55.20000076293945,55.5,56.54999923706055,55.04999923706055,51.63555145263672
2013-05-20,15000,56.400001525878906,54.900001525878906,57.0,54.75,51.077335357666016
2013-05-17,20900,55.79999923706055,56.099998474121094,57.599998474121094,55.79999923706055,52.193782806396484
2013-05-16,21200,59.099998474121094,56.099998474121094,59.099998474121094,55.5,52.193782806396484
2013-05-15,8200,59.099998474121094,58.04999923706055,59.099998474121094,57.75,54.007991790771484
2013-05-14,27900,55.95000076293945,59.400001525878906,60.0,55.349998474121094,55.26399612426758
2013-05-13,15000,53.400001525878906,55.5,55.650001525878906,52.95000076293945,51.63555145263672
2013-05-10,9200,53.25,52.95000076293945,54.0,52.20000076293945,49.26310729980469
2013-05-09,8100,51.599998474121094,52.79999923706055,54.0,51.599998474121094,49.12355422973633
2013-05-08,12000,54.0,51.900001525878906,55.20000076293945,51.45000076293945,48.28622055053711
2013-05-07,20600,51.900001525878906,53.54999923706055,54.0,51.599998474121094,49.82133865356445
2013-05-06,14700,51.150001525878906,50.849998474121094,51.75,50.400001525878906,47.309329986572266
2013-05-03,28600,48.75,49.95000076293945,50.25,48.599998474121094,46.47199249267578
2013-05-02,36400,49.5,47.54999923706055,49.5,47.25,44.23911666870117
2013-05-01,3700,50.849998474121094,47.400001525878906,50.849998474121094,47.400001525878906,44.09956359863281
2013-04-30,1500,50.849998474121094,50.400001525878906,50.849998474121094,48.29999923706055,46.89066696166992
2013-04-29,1700,47.849998474121094,48.45000076293945,48.599998474121094,47.849998474121094,45.076446533203125
2013-04-26,3700,48.75,48.75,49.5,47.849998474121094,45.35554885864258
2013-04-25,2600,47.849998474121094,48.150001525878906,48.45000076293945,47.70000076293945,44.797332763671875
2013-04-24,2200,48.900001525878906,48.0,48.900001525878906,47.400001525878906,44.657779693603516
2013-04-23,1600,47.54999923706055,48.45000076293945,49.04999923706055,47.25,45.076446533203125
2013-04-22,5400,47.25,47.25,48.0,47.099998474121094,43.959999084472656
2013-04-19,2800,47.849998474121094,47.70000076293945,48.75,46.650001525878906,44.37866973876953
2013-04-18,4000,50.400001525878906,47.099998474121094,51.0,46.650001525878906,43.82044219970703
2013-04-17,2000,48.45000076293945,49.95000076293945,52.650001525878906,48.45000076293945,46.47199249267578
2013-04-16,5300,47.70000076293945,49.5,49.79999923706055,46.5,46.05332946777344
2013-04-15,6000,49.5,47.849998474121094,49.5,47.099998474121094,44.518226623535156
2013-04-12,1200,51.29999923706055,50.70000076293945,51.29999923706055,50.70000076293945,47.16978454589844
2013-04-11,2200,52.349998474121094,51.900001525878906,53.099998474121094,51.599998474121094,48.28622055053711
2013-04-10,1400,52.5,52.79999923706055,52.95000076293945,52.349998474121094,49.12355422973633
2013-04-09,6400,51.45000076293945,52.349998474121094,52.5,51.29999923706055,48.70488739013672
2013-04-08,2100,50.400001525878906,51.0,51.0,49.650001525878906,47.448883056640625
2013-04-05,8300,50.849998474121094,50.400001525878906,50.849998474121094,47.25,46.89066696166992
2013-04-04,15500,51.29999923706055,51.0,51.75,50.400001525878906,47.448883056640625
2013-04-03,7100,52.5,50.70000076293945,52.5,48.75,47.16978454589844
2013-04-02,12300,51.900001525878906,52.20000076293945,52.95000076293945,51.900001525878906,48.565330505371094
2013-04-01,3300,51.75,51.599998474121094,52.349998474121094,51.29999923706055,48.007118225097656
2013-03-28,16300,51.900001525878906,51.75,52.5,50.70000076293945,48.146671295166016
2013-03-27,2900,50.849998474121094,51.0,51.599998474121094,50.54999923706055,47.448883056640625
2013-03-26,2000,50.099998474121094,51.0,51.599998474121094,50.099998474121094,47.448883056640625
2013-03-25,3400,48.900001525878906,50.25,50.25,48.75,46.751102447509766
2013-03-22,7800,48.900001525878906,49.04999923706055,50.849998474121094,48.75,45.63467025756836
2013-03-21,3100,47.849998474121094,49.20000076293945,50.25,47.70000076293945,45.77421951293945
2013-03-20,4600,48.29999923706055,48.599998474121094,49.79999923706055,47.70000076293945,45.21599197387695
2013-03-19,7100,49.20000076293945,49.20000076293945,49.79999923706055,48.900001525878906,45.77421951293945
2013-03-18,3500,47.400001525878906,48.900001525878906,49.04999923706055,47.400001525878906,45.49510955810547
2013-03-15,4600,49.79999923706055,48.150001525878906,51.0,47.849998474121094,44.797332763671875
2013-03-14,4400,50.849998474121094,50.849998474121094,51.0,49.5,47.26280212402344
2013-03-13,8100,50.849998474121094,50.25,50.849998474121094,48.75,46.70513916015625
2013-03-12,7500,49.650001525878906,50.25,51.0,49.04999923706055,46.70513916015625
2013-03-11,9200,49.79999923706055,49.04999923706055,50.849998474121094,49.04999923706055,45.589786529541016
2013-03-08,11900,49.5,50.54999923706055,51.0,48.599998474121094,46.98397445678711
2013-03-07,31700,49.20000076293945,48.75,51.900001525878906,46.79999923706055,45.31094741821289
2013-03-06,33000,45.150001525878906,49.349998474121094,50.25,44.849998474121094,45.86863327026367
2013-03-05,31600,45.0,46.79999923706055,46.79999923706055,44.849998474121094,43.49851608276367
2013-03-04,6800,45.0,45.0,45.0,44.70000076293945,41.82549285888672
2013-03-01,4200,45.45000076293945,44.849998474121094,45.45000076293945,44.70000076293945,41.686073303222656
2013-02-28,4500,45.29999923706055,45.45000076293945,45.75,45.0,42.24375915527344
2013-02-27,19500,45.45000076293945,45.45000076293945,46.5,44.70000076293945,42.24375915527344
2013-02-26,10200,44.70000076293945,46.349998474121094,46.5,43.79999923706055,43.08026123046875
2013-02-25,3900,45.75,44.70000076293945,45.900001525878906,44.70000076293945,41.546661376953125
2013-02-22,11900,45.900001525878906,46.04999923706055,46.5,45.0,42.80143356323242
2013-02-21,13300,45.0,45.75,46.5,43.349998474121094,42.5225944519043
2013-02-20,10800,46.20000076293945,44.70000076293945,46.5,44.400001525878906,41.546661376953125
2013-02-19,9100,48.0,45.0,48.0,43.04999923706055,41.82549285888672
2013-02-15,7000,49.5,48.29999923706055,49.5,47.849998474121094,44.8927001953125
2013-02-14,26200,48.150001525878906,49.5,49.5,46.79999923706055,46.0080451965332
2013-02-13,35300,44.70000076293945,47.849998474121094,49.04999923706055,43.650001525878906,44.47445297241211
2013-02-12,11100,41.25,44.54999923706055,44.54999923706055,41.25,41.40723419189453
2013-02-11,4200,39.900001525878906,40.04999923706055,40.5,39.900001525878906,37.224700927734375
2013-02-08,4600,41.25,41.099998474121094,42.0,40.5,38.200626373291016
2013-02-07,5100,43.650001525878906,42.150001525878906,44.400001525878906,39.900001525878906,39.176551818847656
2013-02-06,2600,43.95000076293945,43.349998474121094,43.95000076293945,43.349998474121094,40.29189682006836
2013-02-05,9400,43.650001525878906,44.54999923706055,45.0,42.75,41.40723419189453
2013-02-04,5700,42.599998474121094,43.5,43.650001525878906,42.599998474121094,40.431304931640625
2013-02-01,6500,42.29999923706055,42.150001525878906,42.75,41.25,39.176551818847656
2013-01-31,7100,41.54999923706055,41.70000076293945,42.150001525878906,41.099998474121094,38.75829315185547
2013-01-30,12200,40.5,41.099998474121094,41.70000076293945,40.04999923706055,38.200626373291016
2013-01-29,4900,38.400001525878906,38.400001525878906,39.599998474121094,37.650001525878906,35.69108963012695
2013-01-28,3700,38.400001525878906,38.099998474121094,39.29999923706055,37.95000076293945,35.412254333496094
2013-01-25,400,38.70000076293945,37.79999923706055,38.70000076293945,37.79999923706055,35.1334114074707
2013-01-24,3900,38.849998474121094,38.849998474121094,39.0,37.650001525878906,36.10934066772461
2013-01-23,5300,39.0,38.849998474121094,40.5,38.849998474121094,36.10934066772461
2013-01-22,3000,39.150001525878906,38.54999923706055,40.20000076293945,38.54999923706055,35.83050537109375
2013-01-18,800,37.79999923706055,39.29999923706055,39.599998474121094,37.79999923706055,36.5275993347168
2013-01-17,2600,39.29999923706055,38.400001525878906,40.04999923706055,38.099998474121094,35.69108963012695
2013-01-16,1000,39.0,38.849998474121094,39.0,38.400001525878906,36.10934066772461
2013-01-15,8600,38.54999923706055,39.0,39.150001525878906,37.95000076293945,36.2487678527832
2013-01-14,3800,37.650001525878906,38.54999923706055,38.54999923706055,36.900001525878906,35.83050537109375
2013-01-11,3900,39.45000076293945,38.25,40.349998474121094,38.25,35.55167770385742
2013-01-10,1300,38.849998474121094,39.45000076293945,39.45000076293945,37.79999923706055,36.66702651977539
2013-01-09,4200,38.70000076293945,38.400001525878906,39.150001525878906,37.650001525878906,35.69108963012695
2013-01-08,800,37.5,37.5,37.79999923706055,37.349998474121094,34.854583740234375
2013-01-07,3200,37.95000076293945,37.650001525878906,38.25,37.20000076293945,34.993995666503906
2013-01-04,2200,37.95000076293945,37.650001525878906,38.25,37.20000076293945,34.993995666503906
2013-01-03,4900,35.400001525878906,37.5,38.099998474121094,34.95000076293945,34.854583740234375
2013-01-02,3300,36.0,36.75,36.75,34.95000076293945,34.157493591308594
2012-12-31,3500,31.950000762939453,36.150001525878906,36.150001525878906,31.799999237060547,33.59981155395508
2012-12-28,16600,31.950000762939453,31.950000762939453,32.70000076293945,30.75,29.696107864379883
2012-12-27,1600,32.099998474121094,32.400001525878906,32.400001525878906,31.5,30.11435890197754
2012-12-26,1600,31.649999618530273,32.099998474121094,32.400001525878906,31.649999618530273,29.83552360534668
2012-12-24,900,31.5,31.950000762939453,32.099998474121094,31.350000381469727,29.696107864379883
2012-12-21,3900,31.649999618530273,31.799999237060547,31.950000762939453,31.5,29.55668830871582
2012-12-20,4500,31.5,31.950000762939453,32.400001525878906,31.5,29.696107864379883
2012-12-19,15400,32.54999923706055,31.649999618530273,32.70000076293945,31.5,29.41727066040039
2012-12-18,9100,32.54999923706055,32.54999923706055,33.599998474121094,31.5,30.2537784576416
2012-12-17,2600,34.04999923706055,32.54999923706055,34.5,32.099998474121094,30.2537784576416
2012-12-14,6100,34.04999923706055,33.29999923706055,35.25,33.29999923706055,30.904401779174805
2012-12-13,2400,34.650001525878906,34.20000076293945,35.400001525878906,34.20000076293945,31.73965835571289
2012-12-12,5800,35.849998474121094,34.650001525878906,36.0,34.20000076293945,32.15727996826172
2012-12-11,1200,35.70000076293945,35.70000076293945,36.29999923706055,35.54999923706055,33.13174057006836
2012-12-10,1100,35.25,35.70000076293945,37.5,34.95000076293945,33.13174057006836
2012-12-07,500,36.29999923706055,35.25,36.45000076293945,35.25,32.71410369873047
2012-12-06,6300,37.349998474121094,35.54999923706055,37.349998474121094,34.650001525878906,32.99253463745117
2012-12-05,800,37.650001525878906,37.04999923706055,38.099998474121094,36.900001525878906,34.38462448120117
2012-12-04,2800,37.5,37.349998474121094,38.099998474121094,36.75,34.66303253173828
2012-12-03,10900,38.54999923706055,37.5,38.54999923706055,37.5,34.80224609375
2012-11-30,2400,39.45000076293945,38.849998474121094,39.45000076293945,37.95000076293945,36.055118560791016
2012-11-29,3200,37.95000076293945,39.599998474121094,39.75,37.650001525878906,36.751163482666016
2012-11-28,1000,37.95000076293945,38.099998474121094,38.54999923706055,37.5,35.35908889770508
2012-11-27,400,37.79999923706055,38.25,38.25,37.650001525878906,35.498291015625
2012-11-26,4900,39.29999923706055,37.79999923706055,39.29999923706055,37.5,35.080657958984375
2012-11-23,2800,38.849998474121094,39.0,39.599998474121094,37.95000076293945,36.19434356689453
2012-11-21,400,38.54999923706055,38.849998474121094,39.150001525878906,38.54999923706055,36.055118560791016
2012-11-20,400,39.150001525878906,38.70000076293945,39.150001525878906,38.70000076293945,35.915924072265625
2012-11-19,1700,39.45000076293945,39.0,39.45000076293945,38.849998474121094,36.19434356689453
2012-11-16,1900,39.0,39.0,40.04999923706055,38.54999923706055,36.19434356689453
2012-11-15,1000,39.29999923706055,39.45000076293945,39.599998474121094,38.849998474121094,36.611968994140625
2012-11-14,1100,39.45000076293945,39.75,39.75,38.400001525878906,36.89038848876953
2012-11-13,1500,40.349998474121094,39.45000076293945,40.349998474121094,38.70000076293945,36.611968994140625
2012-11-12,400,39.75,39.45000076293945,39.75,38.400001525878906,36.611968994140625
2012-11-09,1200,39.0,39.150001525878906,39.45000076293945,38.70000076293945,36.33354568481445
2012-11-08,1700,40.95000076293945,39.0,40.95000076293945,39.0,36.19434356689453
2012-11-07,1300,41.25,40.20000076293945,41.25,39.0,37.308006286621094
2012-11-06,37100,43.5,41.54999923706055,45.0,40.349998474121094,38.560890197753906
2012-11-05,3000,43.5,43.5,43.79999923706055,42.75,40.37061309814453
2012-11-02,2400,43.5,43.5,44.099998474121094,42.75,40.37061309814453
2012-11-01,2600,43.20000076293945,44.400001525878906,44.400001525878906,42.45000076293945,41.205867767333984
2012-10-31,2300,43.650001525878906,43.650001525878906,43.79999923706055,42.45000076293945,40.50981521606445
2012-10-26,2200,43.5,43.650001525878906,43.95000076293945,42.75,40.50981521606445
2012-10-25,3500,44.25,43.95000076293945,45.0,42.75,40.788238525390625
2012-10-24,100,44.54999923706055,43.650001525878906,44.54999923706055,42.900001525878906,40.50981521606445
2012-10-23,2300,42.75,45.0,45.0,42.0,41.7626953125
2012-10-22,3100,43.5,42.75,43.5,42.29999923706055,39.674564361572266
2012-10-19,3100,45.0,43.5,45.0,42.0,40.37061309814453
2012-10-18,3400,45.0,45.0,45.0,44.25,41.7626953125
2012-10-17,22000,42.0,45.75,46.5,42.0,42.45874786376953
2012-10-16,1300,42.45000076293945,43.349998474121094,43.349998474121094,41.25,40.23139190673828
2012-10-15,1400,39.45000076293945,42.45000076293945,43.95000076293945,39.45000076293945,39.396148681640625
2012-10-12,900,40.349998474121094,39.29999923706055,40.349998474121094,39.29999923706055,36.47276306152344
2012-10-11,300,40.95000076293945,40.5,41.25,40.349998474121094,37.586429595947266
2012-10-10,200,40.5,40.650001525878906,40.650001525878906,40.349998474121094,37.725643157958984
2012-10-09,300,41.25,40.79999923706055,43.95000076293945,40.79999923706055,37.864845275878906
2012-10-08,100,40.349998474121094,41.099998474121094,41.849998474121094,40.349998474121094,38.14326477050781
2012-10-05,200,41.099998474121094,40.95000076293945,41.25,40.95000076293945,38.00405502319336
2012-10-04,800,41.400001525878906,41.099998474121094,41.400001525878906,39.75,38.14326477050781
2012-10-03,2000,41.54999923706055,40.79999923706055,41.70000076293945,39.75,37.864845275878906
2012-10-02,1200,39.900001525878906,42.0,44.25,39.900001525878906,38.97850799560547
2012-10-01,3700,39.29999923706055,39.29999923706055,40.79999923706055,39.0,36.47276306152344
2012-09-28,500,38.849998474121094,40.04999923706055,40.5,38.849998474121094,37.16879653930664
2012-09-27,2900,40.20000076293945,39.0,40.20000076293945,39.0,36.19434356689453
2012-09-26,1700,40.79999923706055,40.349998474121094,40.79999923706055,40.349998474121094,37.44722366333008
2012-09-25,2700,42.75,41.25,43.04999923706055,40.5,38.282470703125
2012-09-24,2000,44.25,42.75,44.25,42.75,39.674564361572266
2012-09-21,4500,44.849998474121094,43.79999923706055,45.0,43.5,40.64903259277344
2012-09-20,300,44.54999923706055,43.650001525878906,44.70000076293945,43.5,40.50981521606445
2012-09-19,9500,44.25,45.599998474121094,46.349998474121094,43.95000076293945,42.319522857666016
2012-09-18,1800,44.70000076293945,44.70000076293945,44.70000076293945,42.75,41.48427200317383
2012-09-17,4700,43.20000076293945,45.0,45.0,42.0,41.7626953125
2012-09-14,1800,42.75,43.79999923706055,43.95000076293945,42.75,40.60262680053711
2012-09-13,700,43.5,44.25,44.25,43.5,41.019775390625
2012-09-12,1000,44.25,44.099998474121094,44.849998474121094,43.650001525878906,40.88071823120117
2012-09-11,4000,40.04999923706055,43.650001525878906,45.0,40.04999923706055,40.46357345581055
2012-09-10,1300,40.20000076293945,40.04999923706055,40.95000076293945,40.04999923706055,37.126373291015625
2012-09-07,1500,40.650001525878906,40.5,40.79999923706055,40.5,37.54352951049805
2012-09-06,2200,40.5,40.650001525878906,41.54999923706055,40.20000076293945,37.68257522583008
2012-09-05,1800,40.5,41.54999923706055,41.70000076293945,40.04999923706055,38.516868591308594
2012-09-04,300,40.349998474121094,40.5,40.5,39.29999923706055,37.54352951049805
2012-08-31,400,40.349998474121094,40.349998474121094,40.349998474121094,38.70000076293945,37.40446472167969
2012-08-30,400,40.349998474121094,40.20000076293945,40.5,39.29999923706055,37.265419006347656
2012-08-29,300,40.79999923706055,40.5,40.95000076293945,39.29999923706055,37.54352951049805
2012-08-28,200,39.599998474121094,40.349998474121094,40.349998474121094,38.400001525878906,37.40446472167969
2012-08-27,500,40.349998474121094,39.75,40.79999923706055,39.75,36.8482666015625
2012-08-24,300,41.099998474121094,40.79999923706055,41.099998474121094,40.79999923706055,37.82162094116211
2012-08-23,0,40.349998474121094,40.79999923706055,40.79999923706055,40.349998474121094,37.82162094116211
2012-08-22,200,41.099998474121094,40.650001525878906,41.400001525878906,40.650001525878906,37.68257522583008
2012-08-21,1200,42.0,41.099998474121094,42.45000076293945,41.099998474121094,38.0997200012207
2012-08-20,100,42.0,42.29999923706055,42.45000076293945,41.400001525878906,39.212120056152344
2012-08-17,2200,42.150001525878906,41.099998474121094,43.5,40.650001525878906,38.0997200012207
2012-08-16,400,41.25,42.900001525878906,43.349998474121094,41.25,39.76831817626953
2012-08-15,100,42.150001525878906,43.349998474121094,43.95000076293945,42.150001525878906,40.18547821044922
2012-08-14,100,42.75,42.75,42.75,42.75,39.62926483154297
2012-08-13,300,43.349998474121094,42.75,43.349998474121094,42.29999923706055,39.62926483154297
2012-08-10,21300,44.54999923706055,43.349998474121094,44.70000076293945,42.599998474121094,40.18547821044922
2012-08-09,3100,44.70000076293945,45.0,45.0,43.5,41.71501541137695
2012-08-08,1500,42.900001525878906,45.0,45.0,42.75,41.71501541137695
2012-08-07,3500,45.0,43.349998474121094,45.0,42.75,40.18547821044922
2012-08-06,7500,43.650001525878906,45.0,47.25,43.650001525878906,41.71501541137695
2012-08-03,6500,42.900001525878906,46.20000076293945,48.75,41.25,42.827430725097656
2012-08-02,1500,40.79999923706055,42.75,43.349998474121094,40.5,39.62926483154297
2012-08-01,2500,38.70000076293945,41.099998474121094,41.25,38.400001525878906,38.0997200012207
2012-07-31,600,36.599998474121094,38.849998474121094,38.849998474121094,36.45000076293945,36.013973236083984
2012-07-30,10000,37.349998474121094,36.599998474121094,37.349998474121094,36.0,33.928218841552734
2012-07-27,12700,35.54999923706055,36.45000076293945,36.900001525878906,35.54999923706055,33.78917694091797
2012-07-26,300,36.150001525878906,36.0,36.599998474121094,34.5,33.37202453613281
2012-07-25,400,37.20000076293945,36.599998474121094,37.20000076293945,36.0,33.928218841552734
2012-07-24,200,36.900001525878906,36.75,38.099998474121094,36.599998474121094,34.06727600097656
2012-07-23,300,37.20000076293945,36.75,37.5,36.150001525878906,34.06727600097656
2012-07-20,400,37.650001525878906,37.5,37.650001525878906,37.04999923706055,34.762516021728516
2012-07-19,600,37.349998474121094,37.5,37.5,36.45000076293945,34.762516021728516
2012-07-18,700,37.20000076293945,37.5,38.099998474121094,36.45000076293945,34.762516021728516
2012-07-17,300,38.400001525878906,37.5,38.400001525878906,36.75,34.762516021728516
2012-07-16,100,38.70000076293945,38.400001525878906,38.70000076293945,38.400001525878906,35.59682083129883
2012-07-13,1200,37.95000076293945,38.849998474121094,38.849998474121094,34.79999923706055,36.013973236083984
2012-07-12,500,38.25,38.25,38.25,37.5,35.457767486572266
2012-07-11,400,38.099998474121094,38.099998474121094,38.25,37.95000076293945,35.31871795654297
2012-07-10,100,36.599998474121094,38.099998474121094,38.849998474121094,36.45000076293945,35.31871795654297
2012-07-09,600,37.349998474121094,37.349998474121094,37.349998474121094,36.0,34.62345504760742
2012-07-06,1000,36.900001525878906,37.349998474121094,37.650001525878906,36.75,34.62345504760742
2012-07-05,700,36.599998474121094,38.099998474121094,38.25,36.0,35.31871795654297
2012-07-03,1900,35.25,36.45000076293945,36.45000076293945,35.25,33.78917694091797
2012-07-02,200,35.099998474121094,34.5,35.099998474121094,34.349998474121094,31.981529235839844
2012-06-29,400,34.650001525878906,35.099998474121094,35.70000076293945,34.349998474121094,32.537715911865234
2012-06-28,800,34.04999923706055,34.20000076293945,34.349998474121094,33.75,31.70342445373535
2012-06-27,900,35.25,33.900001525878906,35.400001525878906,33.900001525878906,31.425325393676758
2012-06-26,800,34.650001525878906,34.650001525878906,36.29999923706055,34.650001525878906,32.12056350708008
2012-06-25,5700,36.150001525878906,34.79999923706055,36.150001525878906,33.75,32.25962448120117
2012-06-22,2800,36.150001525878906,36.150001525878906,36.900001525878906,33.75,33.511070251464844
2012-06-21,2600,35.400001525878906,36.0,36.75,34.20000076293945,33.37202453613281
2012-06-20,4200,35.849998474121094,36.150001525878906,37.04999923706055,34.79999923706055,33.511070251464844
2012-06-19,4400,36.150001525878906,36.599998474121094,37.5,35.25,33.928218841552734
2012-06-18,1700,37.5,36.29999923706055,37.650001525878906,36.29999923706055,33.650123596191406
2012-06-15,2300,38.25,38.25,39.0,37.95000076293945,35.411415100097656
2012-06-14,11700,38.400001525878906,38.099998474121094,39.0,37.5,35.27255630493164
2012-06-13,3400,38.70000076293945,38.70000076293945,39.0,37.650001525878906,35.828025817871094
2012-06-12,2200,38.25,38.70000076293945,39.0,37.79999923706055,35.828025817871094
2012-06-11,700,39.599998474121094,38.25,39.599998474121094,38.25,35.411415100097656
2012-06-08,3100,39.75,38.25,40.5,38.25,35.411415100097656
2012-06-07,1300,41.54999923706055,39.599998474121094,42.0,39.599998474121094,36.66123962402344
2012-06-06,4500,41.70000076293945,41.70000076293945,41.849998474121094,40.5,38.60539627075195
2012-06-05,3900,41.849998474121094,40.5,41.849998474121094,40.5,37.494449615478516
2012-06-04,1700,41.70000076293945,41.400001525878906,42.150001525878906,40.5,38.32764434814453
2012-06-01,4100,42.0,40.95000076293945,42.0,40.5,37.91106033325195
2012-05-31,8900,44.849998474121094,40.04999923706055,44.849998474121094,39.29999923706055,37.07783508300781
2012-05-30,100,38.400001525878906,38.849998474121094,39.599998474121094,38.400001525878906,35.96689224243164
2012-05-29,3900,38.849998474121094,38.849998474121094,39.150001525878906,38.849998474121094,35.96689224243164
2012-05-25,1200,39.45000076293945,39.0,40.20000076293945,39.0,36.10576629638672
2012-05-24,1400,40.5,39.150001525878906,40.5,38.25,36.244632720947266
2012-05-23,500,41.25,41.70000076293945,42.599998474121094,40.5,38.60539627075195
2012-05-22,100,40.5,41.70000076293945,41.70000076293945,40.5,38.60539627075195
2012-05-21,100,39.900001525878906,40.04999923706055,40.349998474121094,39.900001525878906,37.07783508300781
2012-05-18,300,39.0,40.349998474121094,40.349998474121094,38.25,37.35557174682617
2012-05-17,400,39.75,39.150001525878906,40.650001525878906,38.70000076293945,36.244632720947266
2012-05-16,800,42.0,40.349998474121094,42.0,39.45000076293945,37.35557174682617
2012-05-15,200,41.25,41.849998474121094,41.849998474121094,41.25,38.7442626953125
2012-05-14,4400,42.45000076293945,42.0,43.650001525878906,40.5,38.88313293457031
2012-05-11,0,42.900001525878906,42.75,42.900001525878906,42.75,39.57747268676758
2012-05-10,1100,44.25,42.0,44.25,42.0,38.88313293457031
2012-05-09,400,44.849998474121094,43.5,44.849998474121094,42.75,40.27181625366211
2012-05-08,600,42.29999923706055,44.25,44.25,42.0,40.96615982055664
2012-05-07,800,43.95000076293945,43.650001525878906,43.95000076293945,42.0,40.410682678222656
2012-05-04,300,42.45000076293945,43.5,43.650001525878906,42.45000076293945,40.27181625366211
2012-05-03,200,43.20000076293945,43.04999923706055,43.20000076293945,42.75,39.855201721191406
2012-05-02,700,42.0,42.900001525878906,43.5,42.0,39.716339111328125
2012-05-01,3000,44.54999923706055,43.20000076293945,44.54999923706055,43.20000076293945,39.994075775146484
2012-04-30,700,44.54999923706055,43.95000076293945,44.54999923706055,43.79999923706055,40.688419342041016
2012-04-27,200,44.849998474121094,45.0,45.0,44.54999923706055,41.66048812866211
2012-04-26,2100,44.400001525878906,45.0,45.0,43.5,41.66048812866211
2012-04-25,700,44.849998474121094,45.0,45.0,44.70000076293945,41.66048812866211
2012-04-24,400,44.25,44.70000076293945,44.849998474121094,44.25,41.38276672363281
2012-04-23,1800,46.5,44.70000076293945,46.5,44.25,41.38276672363281
2012-04-20,600,46.5,46.5,47.099998474121094,46.5,43.049171447753906
2012-04-19,100,45.900001525878906,46.20000076293945,46.5,45.900001525878906,42.77144241333008
2012-04-18,1600,46.5,45.75,46.650001525878906,45.599998474121094,42.354835510253906
2012-04-17,3100,47.849998474121094,46.650001525878906,48.75,46.5,43.188045501708984
2012-04-16,200,48.45000076293945,47.849998474121094,48.45000076293945,47.849998474121094,44.29899597167969
2012-04-13,600,48.900001525878906,48.0,48.900001525878906,47.849998474121094,44.437862396240234
2012-04-12,400,48.0,49.349998474121094,49.5,48.0,45.68768310546875
2012-04-11,300,48.900001525878906,46.95000076293945,48.900001525878906,46.95000076293945,43.46578598022461
2012-04-10,700,49.5,49.04999923706055,49.5,47.849998474121094,45.409934997558594
2012-04-09,300,47.54999923706055,49.650001525878906,49.79999923706055,45.599998474121094,45.96540832519531
2012-04-05,200,48.75,47.099998474121094,48.75,47.099998474121094,43.60464859008789
2012-04-04,400,49.349998474121094,48.75,49.349998474121094,48.29999923706055,45.1322021484375
2012-04-03,500,49.5,49.20000076293945,50.400001525878906,49.20000076293945,45.5488166809082
2012-04-02,1000,50.25,49.20000076293945,50.25,48.75,45.5488166809082
2012-03-30,200,48.75,48.900001525878906,49.650001525878906,48.75,45.271060943603516
2012-03-29,100,48.900001525878906,48.599998474121094,48.900001525878906,48.599998474121094,44.993343353271484
2012-03-28,200,48.900001525878906,48.900001525878906,49.650001525878906,48.75,45.271060943603516
2012-03-27,900,51.29999923706055,49.20000076293945,51.29999923706055,49.20000076293945,45.5488166809082
2012-03-26,600,51.900001525878906,51.599998474121094,52.20000076293945,51.150001525878906,47.77069854736328
2012-03-23,700,49.5,51.0,51.0,49.5,47.21522903442383
2012-03-22,100,49.20000076293945,49.20000076293945,49.5,48.75,45.5488166809082
2012-03-21,1200,49.95000076293945,49.79999923706055,51.0,48.599998474121094,46.10428237915039
2012-03-20,100,49.95000076293945,49.95000076293945,49.95000076293945,49.95000076293945,46.2431526184082
2012-03-19,3000,51.0,51.0,51.0,50.70000076293945,47.1689453125
2012-03-16,2500,50.70000076293945,51.0,51.0,50.70000076293945,47.1689453125
2012-03-15,700,51.0,50.849998474121094,51.0,49.20000076293945,47.03020477294922
2012-03-14,200,50.400001525878906,51.900001525878906,52.04999923706055,50.400001525878906,48.00132751464844
2012-03-13,1600,52.79999923706055,49.79999923706055,52.79999923706055,49.79999923706055,46.059078216552734
2012-03-12,0,51.599998474121094,52.20000076293945,52.20000076293945,51.599998474121094,48.278804779052734
2012-03-09,700,50.849998474121094,51.0,51.0,50.099998474121094,47.1689453125
2012-03-08,400,50.849998474121094,51.0,51.0,50.099998474121094,47.1689453125
2012-03-07,1600,51.0,50.099998474121094,51.0,49.650001525878906,46.336544036865234
2012-03-06,1200,51.0,51.0,51.0,49.95000076293945,47.1689453125
2012-03-05,1500,52.5,52.20000076293945,52.5,50.70000076293945,48.278804779052734
2012-03-02,1400,52.79999923706055,54.900001525878906,54.900001525878906,52.79999923706055,50.77596664428711
2012-03-01,800,52.5,51.900001525878906,52.5,51.599998474121094,48.00132751464844
2012-02-29,400,50.400001525878906,54.29999923706055,54.29999923706055,50.400001525878906,50.22104263305664
2012-02-28,200,49.650001525878906,50.400001525878906,51.0,49.20000076293945,46.614009857177734
2012-02-27,2200,50.849998474121094,50.54999923706055,51.0,49.650001525878906,46.75273132324219
2012-02-24,7400,51.75,51.75,53.400001525878906,49.5,47.86259460449219
2012-02-23,1000,52.5,52.650001525878906,52.650001525878906,52.5,48.69498825073242
2012-02-22,2800,52.5,52.650001525878906,52.650001525878906,51.75,48.69498825073242
2012-02-21,1800,54.150001525878906,52.95000076293945,55.650001525878906,52.5,48.972450256347656
2012-02-17,1800,53.25,54.75,56.099998474121094,52.95000076293945,50.637245178222656
2012-02-16,8500,51.0,52.5,52.5,50.849998474121094,48.55625534057617
2012-02-15,300,50.25,50.099998474121094,50.25,49.95000076293945,46.336544036865234
2012-02-14,1600,49.79999923706055,50.099998474121094,50.849998474121094,47.25,46.336544036865234
2012-02-13,1000,49.5,49.95000076293945,50.099998474121094,46.95000076293945,46.197818756103516
2012-02-10,1100,48.599998474121094,49.5,49.5,47.25,45.781612396240234
2012-02-09,700,48.900001525878906,49.04999923706055,49.04999923706055,48.0,45.365413665771484
2012-02-08,1000,46.5,48.599998474121094,48.75,46.5,44.94922637939453
2012-02-07,4700,46.5,48.45000076293945,50.54999923706055,46.5,44.81049728393555
2012-02-06,15200,45.900001525878906,45.45000076293945,46.04999923706055,45.0,42.035850524902344
2012-02-03,1300,44.400001525878906,46.650001525878906,46.650001525878906,44.400001525878906,43.14570617675781
2012-02-02,0,45.599998474121094,45.599998474121094,45.75,45.599998474121094,42.174583435058594
2012-02-01,100,45.150001525878906,45.150001525878906,45.150001525878906,45.0,41.758384704589844
2012-01-31,0,45.150001525878906,45.150001525878906,45.150001525878906,45.150001525878906,41.758384704589844
2012-01-30,200,45.0,45.150001525878906,45.150001525878906,45.0,41.758384704589844
2012-01-27,300,45.150001525878906,44.849998474121094,45.150001525878906,44.849998474121094,41.48091125488281
2012-01-26,500,46.04999923706055,45.900001525878906,46.04999923706055,44.25,42.45204544067383
2012-01-25,1000,46.20000076293945,45.45000076293945,46.349998474121094,44.25,42.035850524902344
2012-01-24,1000,45.900001525878906,45.900001525878906,45.900001525878906,44.099998474121094,42.45204544067383
2012-01-23,1300,45.29999923706055,46.20000076293945,47.400001525878906,45.29999923706055,42.72950744628906
2012-01-20,1300,44.25,45.0,45.29999923706055,43.349998474121094,41.61965560913086
2012-01-19,13700,46.04999923706055,43.95000076293945,46.20000076293945,43.95000076293945,40.64853286743164
2012-01-18,1000,43.79999923706055,45.75,45.900001525878906,43.79999923706055,42.31332015991211
2012-01-17,800,42.599998474121094,42.75,43.20000076293945,42.0,39.538673400878906
2012-01-13,600,42.75,42.0,43.04999923706055,42.0,38.84501647949219
2012-01-12,900,42.150001525878906,42.900001525878906,43.04999923706055,41.849998474121094,39.67741012573242
2012-01-11,200,41.70000076293945,41.25,41.849998474121094,41.25,38.1513557434082
2012-01-10,700,41.849998474121094,41.400001525878906,42.75,41.25,38.290077209472656
2012-01-09,7100,41.25,41.25,41.70000076293945,37.79999923706055,38.1513557434082
2012-01-06,500,40.20000076293945,41.099998474121094,42.29999923706055,40.20000076293945,38.012611389160156
2012-01-05,1600,40.5,40.20000076293945,41.400001525878906,39.75,37.18022155761719
2012-01-04,900,41.54999923706055,40.650001525878906,41.54999923706055,40.5,37.59641647338867
2012-01-03,3000,40.04999923706055,40.79999923706055,41.400001525878906,40.04999923706055,37.73515319824219
2011-12-30,4100,39.900001525878906,40.349998474121094,40.349998474121094,39.0,37.31895065307617
2011-12-29,2500,39.150001525878906,40.5,40.79999923706055,39.150001525878906,37.45769119262695
2011-12-28,3200,42.75,38.70000076293945,42.75,37.95000076293945,35.792911529541016
2011-12-27,500,42.75,42.75,42.75,42.29999923706055,39.538673400878906
2011-12-23,1000,41.25,42.900001525878906,43.20000076293945,41.25,39.67741012573242
2011-12-22,2900,43.04999923706055,41.25,43.04999923706055,39.0,38.1513557434082
2011-12-21,1000,42.0,42.29999923706055,42.75,42.0,39.122474670410156
2011-12-20,2500,42.599998474121094,42.0,43.5,41.70000076293945,38.84501647949219
2011-12-19,2100,43.20000076293945,40.04999923706055,43.349998474121094,39.75,37.04148864746094
2011-12-16,1500,43.5,43.5,44.099998474121094,42.0,40.232337951660156
2011-12-15,1000,43.5,43.04999923706055,43.95000076293945,42.599998474121094,39.81613540649414
2011-12-14,2100,42.150001525878906,43.04999923706055,46.5,42.150001525878906,39.81613540649414
2011-12-13,2900,42.29999923706055,42.45000076293945,44.70000076293945,42.0,39.26119613647461
2011-12-12,800,45.599998474121094,42.75,45.599998474121094,42.75,39.4924201965332
2011-12-09,3700,46.5,46.20000076293945,46.5,44.54999923706055,42.67953872680664
2011-12-08,13900,38.54999923706055,44.099998474121094,51.0,38.54999923706055,40.739559173583984
2011-12-07,1600,37.79999923706055,37.650001525878906,40.349998474121094,37.650001525878906,34.78105163574219
2011-12-06,300,39.75,39.29999923706055,39.75,39.29999923706055,36.30531311035156
2011-12-05,2100,42.75,40.04999923706055,42.75,39.45000076293945,36.99816131591797
2011-12-02,14200,49.04999923706055,41.25,51.900001525878906,41.25,38.106727600097656
2011-12-01,3000,39.29999923706055,37.650001525878906,39.29999923706055,37.5,34.78105163574219
2011-11-30,600,39.599998474121094,38.70000076293945,39.75,38.70000076293945,35.75104522705078
2011-11-29,18800,41.849998474121094,37.79999923706055,41.849998474121094,37.5,34.919620513916016
2011-11-28,900,42.150001525878906,41.099998474121094,42.150001525878906,41.099998474121094,37.96815490722656
2011-11-25,9600,37.95000076293945,39.599998474121094,39.900001525878906,37.79999923706055,36.58245086669922
2011-11-23,5600,39.75,37.79999923706055,42.75,37.650001525878906,34.919620513916016
2011-11-22,2000,43.5,43.04999923706055,43.5,39.75,39.76956558227539
2011-11-21,500,43.5,44.25,44.54999923706055,43.5,40.87812423706055
2011-11-18,2300,46.79999923706055,43.5,46.79999923706055,43.5,40.185279846191406
2011-11-17,900,47.70000076293945,46.650001525878906,47.849998474121094,46.650001525878906,43.095245361328125
2011-11-16,1200,47.25,47.400001525878906,49.5,46.650001525878906,43.78809356689453
2011-11-15,300,48.599998474121094,48.0,48.75,46.5,44.34237289428711
2011-11-14,0,48.45000076293945,48.45000076293945,48.900001525878906,48.45000076293945,44.758087158203125
2011-11-11,900,50.25,48.29999923706055,50.25,48.0,44.61951446533203
2011-11-10,600,51.29999923706055,49.5,51.29999923706055,49.349998474121094,45.72806930541992
2011-11-09,700,51.45000076293945,51.0,51.599998474121094,51.0,47.113765716552734
2011-11-08,300,51.0,51.0,51.45000076293945,50.70000076293945,47.113765716552734
2011-11-07,1200,52.349998474121094,50.849998474121094,52.79999923706055,50.70000076293945,46.9752082824707
2011-11-04,100,49.650001525878906,49.349998474121094,49.650001525878906,49.349998474121094,45.58949279785156
2011-11-03,400,49.5,49.349998474121094,50.400001525878906,48.45000076293945,45.58949279785156
2011-11-02,200,49.95000076293945,49.349998474121094,49.95000076293945,48.900001525878906,45.58949279785156
2011-11-01,700,49.95000076293945,50.099998474121094,52.349998474121094,48.150001525878906,46.282352447509766
2011-10-31,1600,49.20000076293945,51.29999923706055,52.04999923706055,49.20000076293945,47.390907287597656
2011-10-28,400,51.75,50.099998474121094,51.75,50.099998474121094,46.282352447509766
2011-10-27,17800,51.599998474121094,52.5,54.75,51.0,48.49946212768555
2011-10-26,500,51.45000076293945,51.29999923706055,51.900001525878906,51.0,47.390907287597656
2011-10-25,100,49.650001525878906,51.45000076293945,51.45000076293945,49.650001525878906,47.52946853637695
2011-10-24,600,51.599998474121094,50.25,51.599998474121094,48.75,46.42091369628906
2011-10-21,800,47.400001525878906,51.0,51.75,47.400001525878906,47.113765716552734
2011-10-20,2100,48.150001525878906,47.400001525878906,48.75,45.29999923706055,43.78809356689453
2011-10-19,200,49.650001525878906,48.599998474121094,49.650001525878906,48.150001525878906,44.89665603637695
2011-10-18,400,49.650001525878906,49.349998474121094,50.099998474121094,49.04999923706055,45.58949279785156
2011-10-17,2200,50.70000076293945,49.650001525878906,50.70000076293945,48.900001525878906,45.86664581298828
2011-10-14,2900,51.900001525878906,50.70000076293945,52.04999923706055,50.25,46.83663558959961
2011-10-13,3900,51.150001525878906,52.04999923706055,52.04999923706055,49.20000076293945,48.08375549316406
2011-10-12,2700,49.79999923706055,51.599998474121094,51.599998474121094,47.70000076293945,47.668052673339844
2011-10-11,1900,50.849998474121094,50.099998474121094,51.0,49.349998474121094,46.282352447509766
2011-10-10,2000,51.0,50.70000076293945,51.75,49.95000076293945,46.83663558959961
2011-10-07,500,50.70000076293945,51.0,51.75,50.25,47.113765716552734
2011-10-06,1200,51.599998474121094,51.150001525878906,52.04999923706055,48.599998474121094,47.25233840942383
2011-10-05,1100,48.900001525878906,51.0,51.75,48.900001525878906,47.113765716552734
2011-10-04,2800,51.0,48.150001525878906,51.0,46.5,44.48093795776367
2011-10-03,400,51.75,51.75,51.900001525878906,50.70000076293945,47.80662155151367
2011-09-30,1900,50.849998474121094,50.849998474121094,51.75,47.849998474121094,46.9752082824707
2011-09-29,700,51.0,51.75,52.349998474121094,50.25,47.80662155151367
2011-09-28,1300,50.400001525878906,50.849998474121094,51.0,48.900001525878906,46.9752082824707
2011-09-27,8000,51.0,51.0,51.150001525878906,49.79999923706055,47.113765716552734
2011-09-26,700,51.29999923706055,51.0,51.75,50.70000076293945,47.113765716552734
2011-09-23,2200,48.75,51.599998474121094,51.599998474121094,48.75,47.668052673339844
2011-09-22,2000,50.70000076293945,49.349998474121094,50.70000076293945,47.400001525878906,45.58949279785156
2011-09-21,2300,49.650001525878906,50.25,50.400001525878906,48.75,46.42091369628906
2011-09-20,400,47.54999923706055,49.650001525878906,49.650001525878906,47.54999923706055,45.86664581298828
2011-09-19,15600,49.79999923706055,48.29999923706055,49.79999923706055,46.5,44.57332229614258
2011-09-16,800,51.29999923706055,49.79999923706055,51.75,48.75,45.957584381103516
2011-09-15,100,50.70000076293945,50.849998474121094,50.849998474121094,50.70000076293945,46.92657470703125
2011-09-14,500,51.150001525878906,50.54999923706055,51.75,48.599998474121094,46.64971160888672
2011-09-13,100,51.0,50.70000076293945,51.29999923706055,50.70000076293945,46.78814697265625
2011-09-12,400,49.20000076293945,50.54999923706055,50.849998474121094,48.599998474121094,46.64971160888672
2011-09-09,0,49.20000076293945,49.04999923706055,49.20000076293945,49.04999923706055,45.26545715332031
2011-09-08,600,48.900001525878906,49.650001525878906,49.95000076293945,48.599998474121094,45.81916427612305
2011-09-07,1100,49.20000076293945,48.75,49.5,48.75,44.988609313964844
2011-09-06,400,50.099998474121094,48.75,50.099998474121094,48.75,44.988609313964844
2011-09-02,300,50.099998474121094,49.95000076293945,50.70000076293945,48.75,46.09600830078125
2011-09-01,700,49.95000076293945,51.0,51.29999923706055,49.20000076293945,47.06499481201172
2011-08-31,1200,47.400001525878906,50.400001525878906,50.400001525878906,45.599998474121094,46.51128387451172
2011-08-30,3800,47.54999923706055,48.150001525878906,48.150001525878906,46.650001525878906,44.43489074707031
2011-08-29,300,46.349998474121094,47.849998474121094,49.349998474121094,46.349998474121094,44.158042907714844
2011-08-26,100,45.900001525878906,45.900001525878906,45.900001525878906,45.900001525878906,42.35850143432617
2011-08-25,800,45.599998474121094,45.45000076293945,46.5,45.0,41.94321823120117
2011-08-24,1100,45.75,45.75,46.04999923706055,45.45000076293945,42.22007751464844
2011-08-23,1400,45.900001525878906,45.599998474121094,46.349998474121094,45.45000076293945,42.08164978027344
2011-08-22,600,47.25,45.75,47.25,45.75,42.22007751464844
2011-08-19,1300,45.900001525878906,46.5,46.5,45.900001525878906,42.912208557128906
2011-08-18,2000,48.150001525878906,45.900001525878906,48.150001525878906,45.900001525878906,42.35850143432617
2011-08-17,900,46.95000076293945,48.0,48.45000076293945,46.95000076293945,44.296470642089844
2011-08-16,1900,47.25,47.099998474121094,47.70000076293945,46.5,43.46591567993164
2011-08-15,1800,48.0,46.79999923706055,49.650001525878906,46.349998474121094,43.189056396484375
2011-08-12,1100,47.400001525878906,48.29999923706055,48.45000076293945,46.349998474121094,44.57332229614258
2011-08-11,2400,46.95000076293945,46.95000076293945,48.45000076293945,45.900001525878906,43.32748031616211
2011-08-10,4600,47.400001525878906,47.54999923706055,48.0,46.20000076293945,43.88117980957031
2011-08-09,4900,47.099998474121094,48.150001525878906,48.150001525878906,45.900001525878906,44.43489074707031
2011-08-08,15400,48.150001525878906,46.20000076293945,48.29999923706055,45.599998474121094,42.635353088378906
2011-08-05,12600,49.650001525878906,48.75,51.29999923706055,48.29999923706055,44.988609313964844
2011-08-04,9700,51.29999923706055,49.95000076293945,52.20000076293945,49.650001525878906,46.09600830078125
2011-08-03,3600,52.20000076293945,51.900001525878906,55.04999923706055,51.0,47.89554977416992
2011-08-02,7500,51.45000076293945,51.900001525878906,53.400001525878906,51.45000076293945,47.89554977416992
2011-08-01,2500,53.54999923706055,53.400001525878906,55.5,53.400001525878906,49.279823303222656
2011-07-29,600,53.400001525878906,52.95000076293945,53.400001525878906,51.900001525878906,48.864540100097656
2011-07-28,1700,52.5,53.099998474121094,53.400001525878906,52.5,49.00297164916992
2011-07-27,1800,54.45000076293945,53.099998474121094,54.45000076293945,51.75,49.00297164916992
2011-07-26,37000,52.20000076293945,54.29999923706055,54.599998474121094,52.20000076293945,50.11037826538086
2011-07-25,5900,51.0,52.5,53.25,51.0,48.449256896972656
2011-07-22,18200,51.900001525878906,50.849998474121094,51.900001525878906,50.849998474121094,46.92657470703125
2011-07-21,8800,52.650001525878906,51.75,52.95000076293945,50.400001525878906,47.75713348388672
2011-07-20,3000,51.45000076293945,51.75,52.5,51.45000076293945,47.75713348388672
2011-07-19,2600,52.04999923706055,51.75,52.20000076293945,51.599998474121094,47.75713348388672
2011-07-18,6200,51.75,51.900001525878906,52.5,50.25,47.89554977416992
2011-07-15,11200,52.650001525878906,52.20000076293945,54.75,51.75,48.17240905761719
2011-07-14,900,52.650001525878906,51.599998474121094,54.150001525878906,51.599998474121094,47.61870574951172
2011-07-13,3100,53.400001525878906,52.79999923706055,53.400001525878906,52.5,48.72612380981445
2011-07-12,1400,53.54999923706055,53.54999923706055,54.0,53.54999923706055,49.41823959350586
2011-07-11,700,53.25,53.70000076293945,54.150001525878906,53.25,49.55668258666992
2011-07-08,2300,54.0,53.70000076293945,54.75,53.70000076293945,49.55668258666992
2011-07-07,8600,54.900001525878906,53.70000076293945,55.95000076293945,53.70000076293945,49.55668258666992
2011-07-06,5700,59.70000076293945,54.29999923706055,60.75,53.849998474121094,50.11037826538086
2011-07-05,1100,61.04999923706055,60.0,61.04999923706055,58.650001525878906,55.37057876586914
2011-07-01,5200,60.900001525878906,60.75,61.79999923706055,58.5,56.06272506713867
2011-06-30,400,61.349998474121094,61.04999923706055,61.349998474121094,60.75,56.33958053588867
2011-06-29,2100,59.25,61.20000076293945,61.20000076293945,58.79999923706055,56.47799301147461
2011-06-28,300,58.5,58.79999923706055,58.79999923706055,57.900001525878906,54.263179779052734
2011-06-27,700,58.20000076293945,58.04999923706055,58.79999923706055,57.29999923706055,53.57103729248047
2011-06-24,600,54.29999923706055,57.45000076293945,57.599998474121094,54.29999923706055,53.01734161376953
2011-06-23,500,54.900001525878906,54.0,56.099998474121094,53.849998474121094,49.833526611328125
2011-06-22,1200,53.400001525878906,54.900001525878906,55.20000076293945,53.099998474121094,50.664085388183594
2011-06-21,1300,53.70000076293945,53.70000076293945,54.0,53.25,49.55668258666992
2011-06-20,1300,53.25,53.400001525878906,53.400001525878906,52.650001525878906,49.279823303222656
2011-06-17,4100,53.25,53.25,53.54999923706055,52.650001525878906,49.141395568847656
2011-06-16,3600,53.25,52.79999923706055,53.25,51.900001525878906,48.72612380981445
2011-06-15,38400,55.04999923706055,53.25,55.20000076293945,52.5,49.141395568847656
2011-06-14,2600,55.349998474121094,54.599998474121094,55.79999923706055,54.0,50.38722229003906
2011-06-13,1700,55.20000076293945,55.20000076293945,56.849998474121094,54.45000076293945,50.94093704223633
2011-06-10,1500,54.599998474121094,55.650001525878906,55.650001525878906,54.29999923706055,51.3100700378418
2011-06-09,4100,55.349998474121094,54.599998474121094,55.349998474121094,53.25,50.34195327758789
2011-06-08,1000,55.04999923706055,55.650001525878906,56.099998474121094,55.04999923706055,51.3100700378418
2011-06-07,1000,54.75,55.650001525878906,55.650001525878906,54.75,51.3100700378418
2011-06-06,2700,56.25,54.75,56.25,54.75,50.48027038574219
2011-06-03,500,56.400001525878906,56.099998474121094,56.400001525878906,55.5,51.7249870300293
2011-06-02,4000,55.5,55.79999923706055,56.70000076293945,55.349998474121094,51.44837188720703
2011-06-01,5300,57.29999923706055,55.20000076293945,57.29999923706055,54.75,50.89516830444336
2011-05-31,500,55.95000076293945,56.849998474121094,57.599998474121094,55.95000076293945,52.416500091552734
2011-05-27,3400,57.0,56.099998474121094,57.150001525878906,55.79999923706055,51.7249870300293
2011-05-26,1500,56.849998474121094,56.70000076293945,57.150001525878906,56.70000076293945,52.27819061279297
2011-05-25,4300,57.45000076293945,56.849998474121094,57.45000076293945,56.849998474121094,52.416500091552734
2011-05-24,3000,57.75,57.150001525878906,57.900001525878906,57.0,52.693092346191406
2011-05-23,2000,57.75,57.900001525878906,58.04999923706055,57.75,53.38460922241211
2011-05-20,300,58.650001525878906,57.900001525878906,58.650001525878906,57.900001525878906,53.38460922241211
2011-05-19,500,57.900001525878906,58.20000076293945,58.5,57.900001525878906,53.66120910644531
2011-05-18,1500,57.29999923706055,57.599998474121094,58.04999923706055,57.29999923706055,53.10799789428711
2011-05-17,1700,57.45000076293945,57.45000076293945,58.20000076293945,57.150001525878906,52.96970748901367
2011-05-16,1800,57.45000076293945,57.29999923706055,58.20000076293945,57.150001525878906,52.831398010253906
2011-05-13,8800,58.5,57.45000076293945,58.5,57.0,52.96970748901367
2011-05-12,2700,58.349998474121094,58.5,59.25,55.650001525878906,53.93782043457031
2011-05-11,600,59.099998474121094,58.650001525878906,59.54999923706055,58.349998474121094,54.07611846923828
2011-05-10,1500,59.849998474121094,58.79999923706055,60.0,58.349998474121094,54.21442413330078
2011-05-09,300,59.54999923706055,59.849998474121094,60.45000076293945,59.54999923706055,55.182533264160156
2011-05-06,600,59.25,59.849998474121094,60.75,59.25,55.182533264160156
2011-05-05,1800,59.400001525878906,58.79999923706055,59.400001525878906,58.04999923706055,54.21442413330078
2011-05-04,1100,60.0,59.400001525878906,60.75,59.400001525878906,54.767635345458984
2011-05-03,1700,60.45000076293945,59.54999923706055,60.45000076293945,59.25,54.90593719482422
2011-05-02,1700,59.400001525878906,60.150001525878906,60.29999923706055,59.400001525878906,55.459136962890625
2011-04-29,700,61.349998474121094,59.54999923706055,62.400001525878906,59.54999923706055,54.90593719482422
2011-04-28,1600,62.400001525878906,60.75,62.400001525878906,60.75,56.01234817504883
2011-04-27,2900,61.5,61.95000076293945,61.95000076293945,60.75,57.1187629699707
2011-04-26,3000,61.79999923706055,61.04999923706055,61.79999923706055,60.0,56.28895950317383
2011-04-25,4200,62.099998474121094,61.04999923706055,62.099998474121094,60.75,56.28895950317383
2011-04-21,100,61.04999923706055,60.900001525878906,61.04999923706055,60.29999923706055,56.15065383911133
2011-04-20,3900,60.75,60.599998474121094,61.95000076293945,60.29999923706055,55.874046325683594
2011-04-19,1300,60.29999923706055,60.75,60.75,58.95000076293945,56.01234817504883
2011-04-18,1900,59.400001525878906,60.150001525878906,60.45000076293945,58.650001525878906,55.459136962890625
2011-04-15,900,58.95000076293945,60.0,60.29999923706055,58.95000076293945,55.320831298828125
2011-04-14,1600,59.400001525878906,58.95000076293945,59.400001525878906,58.79999923706055,54.352725982666016
2011-04-13,3900,59.25,59.54999923706055,60.150001525878906,58.79999923706055,54.90593719482422
2011-04-12,6100,58.95000076293945,59.70000076293945,60.150001525878906,58.5,55.04423141479492
2011-04-11,9000,57.75,58.95000076293945,60.0,56.849998474121094,54.352725982666016
2011-04-08,5700,59.849998474121094,58.04999923706055,59.849998474121094,57.900001525878906,53.52290725708008
2011-04-07,1500,59.54999923706055,59.70000076293945,60.0,59.54999923706055,55.04423141479492
2011-04-06,1900,58.20000076293945,59.400001525878906,60.0,58.20000076293945,54.767635345458984
2011-04-05,50000,58.79999923706055,57.75,59.25,57.75,53.246307373046875
2011-04-04,19900,59.70000076293945,58.349998474121094,59.70000076293945,57.75,53.79951858520508
2011-04-01,3500,60.150001525878906,60.29999923706055,60.75,59.25,55.59744644165039
2011-03-31,1800,60.0,59.849998474121094,60.150001525878906,59.25,55.182533264160156
2011-03-30,4400,58.79999923706055,59.54999923706055,60.45000076293945,58.650001525878906,54.90593719482422
2011-03-29,9700,60.150001525878906,59.099998474121094,60.75,58.650001525878906,54.491031646728516
2011-03-28,800,61.349998474121094,60.599998474121094,61.5,60.29999923706055,55.874046325683594
2011-03-25,2700,61.5,61.95000076293945,62.25,61.20000076293945,57.1187629699707
2011-03-24,6500,58.79999923706055,61.5,61.5,58.650001525878906,56.703857421875
2011-03-23,2000,59.70000076293945,59.25,60.0,59.25,54.62932586669922
2011-03-22,7400,59.70000076293945,59.25,61.5,58.95000076293945,54.62932586669922
2011-03-21,7200,61.04999923706055,60.150001525878906,61.04999923706055,59.099998474121094,55.459136962890625
2011-03-18,3100,59.54999923706055,59.849998474121094,60.0,59.099998474121094,55.182533264160156
2011-03-17,1800,61.79999923706055,60.0,61.79999923706055,59.849998474121094,55.320831298828125
2011-03-16,12400,60.0,61.349998474121094,63.599998474121094,58.650001525878906,56.565555572509766
2011-03-15,10900,58.650001525878906,59.54999923706055,59.70000076293945,56.54999923706055,54.90593719482422
2011-03-14,2300,60.150001525878906,59.25,60.150001525878906,58.04999923706055,54.62932586669922
2011-03-11,23800,60.0,58.79999923706055,60.599998474121094,58.04999923706055,54.1683235168457
2011-03-10,11200,59.54999923706055,59.849998474121094,60.0,57.75,55.13561248779297
2011-03-09,7300,61.20000076293945,60.0,61.20000076293945,58.20000076293945,55.27378845214844
2011-03-08,3800,62.25,60.900001525878906,62.25,60.45000076293945,56.102909088134766
2011-03-07,3100,61.349998474121094,62.54999923706055,62.849998474121094,61.04999923706055,57.6229362487793
2011-03-04,6700,63.0,61.349998474121094,63.0,60.75,56.5174560546875
2011-03-03,6900,61.5,63.0,63.45000076293945,61.20000076293945,58.037479400634766
2011-03-02,3400,60.45000076293945,61.5,61.650001525878906,60.45000076293945,56.655643463134766
2011-03-01,3200,61.20000076293945,60.45000076293945,61.20000076293945,59.70000076293945,55.68834686279297
2011-02-28,29700,60.45000076293945,61.5,61.5,58.5,56.655643463134766
2011-02-25,12200,60.900001525878906,60.599998474121094,61.5,60.150001525878906,55.826534271240234
2011-02-24,6900,60.75,60.75,61.04999923706055,60.75,55.96471405029297
2011-02-23,4100,60.45000076293945,60.75,62.25,60.45000076293945,55.96471405029297
2011-02-22,15500,63.0,60.0,63.0,59.25,55.27378845214844
2011-02-18,10500,62.25,62.70000076293945,66.44999694824219,61.650001525878906,57.7611083984375
2011-02-17,5400,61.5,62.25,64.05000305175781,60.29999923706055,57.34654998779297
2011-02-16,5800,61.20000076293945,61.5,61.650001525878906,60.150001525878906,56.655643463134766
2011-02-15,1200,61.650001525878906,61.349998474121094,62.099998474121094,61.349998474121094,56.5174560546875
2011-02-14,7900,61.04999923706055,61.650001525878906,63.150001525878906,61.04999923706055,56.7938346862793
2011-02-11,4600,62.849998474121094,61.349998474121094,62.849998474121094,60.75,56.5174560546875
2011-02-10,4500,64.6500015258789,63.0,64.6500015258789,63.0,58.037479400634766
2011-02-09,1200,63.599998474121094,64.05000305175781,65.4000015258789,63.599998474121094,59.00477981567383
2011-02-08,3200,62.099998474121094,64.05000305175781,64.05000305175781,60.900001525878906,59.00477981567383
2011-02-07,4500,63.29999923706055,62.849998474121094,63.45000076293945,62.849998474121094,57.899295806884766
2011-02-04,3100,65.69999694824219,63.599998474121094,65.69999694824219,63.0,58.590232849121094
2011-02-03,2400,65.55000305175781,66.1500015258789,66.1500015258789,63.900001525878906,60.93935775756836
2011-02-02,1400,65.8499984741211,66.0,66.30000305175781,65.4000015258789,60.80117416381836
2011-02-01,4800,66.1500015258789,65.8499984741211,66.75,64.5,60.66299057006836
2011-01-31,3500,67.5,66.0,67.5,65.4000015258789,60.80117416381836
2011-01-28,11100,65.55000305175781,68.25,68.25,64.94999694824219,62.87394332885742
2011-01-27,3200,65.25,64.94999694824219,67.05000305175781,63.75,59.83386993408203
2011-01-26,3100,60.599998474121094,63.0,63.29999923706055,58.79999923706055,58.037479400634766
2011-01-25,2100,59.25,60.150001525878906,60.29999923706055,59.25,55.4119873046875
2011-01-24,11100,60.29999923706055,59.849998474121094,61.79999923706055,59.099998474121094,55.13561248779297
2011-01-21,1100,63.150001525878906,61.5,63.150001525878906,61.349998474121094,56.655643463134766
2011-01-20,3100,63.0,63.599998474121094,64.05000305175781,62.400001525878906,58.590232849121094
2011-01-19,2600,65.55000305175781,63.45000076293945,65.69999694824219,63.150001525878906,58.4520378112793
2011-01-18,2400,66.1500015258789,66.0,66.44999694824219,65.25,60.80117416381836
2011-01-14,2400,65.69999694824219,66.0,66.0,64.19999694824219,60.80117416381836
2011-01-13,900,66.1500015258789,65.25,66.1500015258789,65.25,60.11024475097656
2011-01-12,3600,64.19999694824219,65.69999694824219,65.69999694824219,63.29999923706055,60.52479553222656
2011-01-11,1600,64.94999694824219,63.900001525878906,64.94999694824219,63.0,58.8665885925293
2011-01-10,3700,65.0999984741211,63.29999923706055,65.0999984741211,62.25,58.313846588134766
2011-01-07,1800,65.55000305175781,64.6500015258789,65.55000305175781,64.19999694824219,59.557525634765625
2011-01-06,3300,66.75,65.69999694824219,66.75,65.4000015258789,60.52479553222656
2011-01-05,5600,64.05000305175781,66.44999694824219,66.9000015258789,63.599998474121094,61.21573257446289
2011-01-04,8800,60.75,64.5,64.80000305175781,60.75,59.41932678222656
2011-01-03,5400,61.20000076293945,60.75,63.150001525878906,60.0,55.96471405029297
2010-12-31,13200,58.650001525878906,60.0,60.900001525878906,58.20000076293945,55.27378845214844
2010-12-30,6000,57.75,58.79999923706055,58.95000076293945,57.75,54.1683235168457
2010-12-29,7800,58.20000076293945,57.599998474121094,58.20000076293945,57.599998474121094,53.062843322753906
2010-12-28,10400,57.599998474121094,58.20000076293945,58.650001525878906,57.150001525878906,53.61558532714844
2010-12-27,11700,58.349998474121094,57.599998474121094,59.25,57.599998474121094,53.062843322753906
2010-12-23,17100,59.70000076293945,58.650001525878906,60.599998474121094,58.20000076293945,54.0301399230957
2010-12-22,18900,59.70000076293945,60.150001525878906,61.79999923706055,59.70000076293945,55.4119873046875
2010-12-21,15500,57.45000076293945,59.099998474121094,60.150001525878906,57.45000076293945,54.4446907043457
2010-12-20,13800,58.79999923706055,57.900001525878906,59.54999923706055,57.150001525878906,53.33920669555664
2010-12-17,20100,59.25,58.349998474121094,59.25,57.900001525878906,53.75376892089844
2010-12-16,20700,59.70000076293945,59.099998474121094,60.0,58.5,54.4446907043457
2010-12-15,11100,62.400001525878906,60.0,63.0,60.0,55.27378845214844
2010-12-14,11700,66.30000305175781,63.0,66.30000305175781,61.5,58.037479400634766
2010-12-13,25700,64.5,64.94999694824219,66.5999984741211,63.900001525878906,59.83386993408203
2010-12-10,10900,60.45000076293945,62.849998474121094,62.849998474121094,60.0,57.899295806884766
2010-12-09,14600,59.25,60.75,61.349998474121094,59.25,55.96471405029297
2010-12-08,20400,58.349998474121094,60.0,62.70000076293945,58.349998474121094,55.27378845214844
2010-12-07,69100,60.599998474121094,58.20000076293945,60.599998474121094,57.45000076293945,53.61558532714844
2010-12-06,8200,61.79999923706055,60.75,62.400001525878906,60.150001525878906,55.96471405029297
2010-12-03,16300,62.099998474121094,61.04999923706055,62.54999923706055,60.900001525878906,56.195030212402344
2010-12-02,23700,62.849998474121094,62.099998474121094,63.900001525878906,61.95000076293945,57.16151428222656
2010-12-01,40500,67.6500015258789,63.45000076293945,69.0,63.150001525878906,58.4041633605957
2010-11-30,14700,70.3499984741211,68.55000305175781,70.3499984741211,68.0999984741211,63.09858322143555
2010-11-29,19300,70.5,71.25,72.0,68.8499984741211,65.58386993408203
2010-11-26,600,73.05000305175781,72.30000305175781,73.05000305175781,72.0,66.55037689208984
2010-11-24,22000,74.25,73.5,75.44999694824219,72.75,67.65492248535156
2010-11-23,48100,77.25,73.5,77.25,71.25,67.65492248535156
2010-11-22,27500,75.0,75.0,76.5,75.0,69.03565216064453
2010-11-19,19300,77.55000305175781,75.0,77.55000305175781,75.0,69.03565216064453
2010-11-18,27100,77.25,77.25,78.0,76.5,71.10671997070312
2010-11-17,47100,78.75,79.5,80.25,76.80000305175781,73.17780303955078
2010-11-16,206100,79.80000305175781,78.5999984741211,80.69999694824219,78.0,72.34937286376953
2010-11-15,0,87.0,87.0,87.0,87.0,80.08137512207031
2010-11-12,1000,85.19999694824219,87.0,88.05000305175781,84.44999694824219,80.08137512207031
2010-11-11,300,85.6500015258789,84.44999694824219,85.6500015258789,83.69999694824219,77.73416137695312
2010-11-10,1800,85.19999694824219,87.0,87.5999984741211,84.0,80.08137512207031
2010-11-09,700,83.25,83.69999694824219,84.0,83.25,77.04380798339844
2010-11-08,900,82.5,83.4000015258789,84.0,82.5,76.76764678955078
2010-11-05,100,83.55000305175781,82.5,83.55000305175781,82.5,75.93922424316406
2010-11-04,1500,83.25,83.25,83.25,82.5,76.62957763671875
2010-11-03,0,82.6500015258789,82.5,82.6500015258789,82.5,75.93922424316406
2010-11-02,700,83.25,82.80000305175781,83.25,82.5,76.21536254882812
2010-11-01,1800,81.9000015258789,82.80000305175781,83.25,81.9000015258789,76.21536254882812
2010-10-29,100,82.05000305175781,81.75,82.05000305175781,81.75,75.24885559082031
2010-10-28,900,82.5,82.5,82.5,81.75,75.93922424316406
2010-10-27,700,82.5,82.5,83.25,82.5,75.93922424316406
2010-10-26,600,82.5,82.5,82.5,82.5,75.93922424316406
2010-10-25,300,83.4000015258789,82.6500015258789,83.4000015258789,82.6500015258789,76.07731628417969
2010-10-22,200,83.0999984741211,83.25,83.25,82.80000305175781,76.62957763671875
2010-10-21,100,82.6500015258789,83.0999984741211,83.25,82.6500015258789,76.49150085449219
2010-10-20,200,83.25,82.6500015258789,83.4000015258789,82.5,76.07731628417969
2010-10-19,300,82.5,83.25,83.25,82.5,76.62957763671875
2010-10-18,300,83.25,82.94999694824219,83.55000305175781,82.94999694824219,76.35346221923828
2010-10-15,500,83.25,83.8499984741211,83.8499984741211,82.6500015258789,77.18186950683594
2010-10-14,800,82.6500015258789,83.0999984741211,83.25,82.3499984741211,76.49150085449219
2010-10-13,600,83.25,82.80000305175781,83.4000015258789,82.6500015258789,76.21536254882812
2010-10-12,600,82.6500015258789,83.25,83.25,82.6500015258789,76.62957763671875
2010-10-11,400,82.94999694824219,82.80000305175781,83.4000015258789,82.6500015258789,76.21536254882812
2010-10-08,1800,82.5,83.25,83.25,81.5999984741211,76.62957763671875
2010-10-07,1800,82.5,82.3499984741211,82.5,82.05000305175781,75.80113220214844
2010-10-06,1500,82.19999694824219,82.94999694824219,82.94999694824219,82.19999694824219,76.35346221923828
2010-10-05,1200,82.5,82.05000305175781,82.5,81.30000305175781,75.52498626708984
2010-10-04,200,82.19999694824219,81.75,82.19999694824219,81.75,75.24885559082031
2010-10-01,3300,82.3499984741211,82.5,82.6500015258789,82.19999694824219,75.93922424316406
2010-09-30,3500,82.6500015258789,82.5,83.55000305175781,82.3499984741211,75.93922424316406
2010-09-29,400,83.25,82.5,83.4000015258789,82.3499984741211,75.93922424316406
2010-09-28,5900,84.5999984741211,82.80000305175781,84.75,82.5,76.21536254882812
2010-09-27,9700,86.25,84.0,86.25,82.5,77.31996154785156
2010-09-24,400,86.55000305175781,87.30000305175781,88.80000305175781,86.55000305175781,80.3575210571289
2010-09-23,400,86.8499984741211,86.0999984741211,86.8499984741211,83.69999694824219,79.2529296875
2010-09-22,100,85.94999694824219,87.5999984741211,87.9000015258789,85.94999694824219,80.6336441040039
2010-09-21,1100,85.19999694824219,86.8499984741211,89.25,85.19999694824219,79.94329071044922
2010-09-20,2500,84.0,85.5,86.4000015258789,83.4000015258789,78.70063781738281
2010-09-17,400,84.75,84.30000305175781,84.75,84.0,77.5960693359375
2010-09-16,200,85.19999694824219,84.5999984741211,85.5,84.5999984741211,77.87222290039062
2010-09-15,17300,84.1500015258789,84.75,85.80000305175781,84.0,78.01029968261719
2010-09-14,1400,85.5,84.0,85.5,84.0,77.31996154785156
2010-09-13,0,85.3499984741211,85.3499984741211,85.3499984741211,85.3499984741211,78.56258392333984
2010-09-10,100,85.80000305175781,85.3499984741211,85.80000305175781,85.05000305175781,78.56258392333984
2010-09-09,300,85.94999694824219,85.05000305175781,85.94999694824219,84.75,78.28646087646484
2010-09-08,900,87.5999984741211,86.0999984741211,87.5999984741211,85.5,79.2529296875
2010-09-07,500,87.44999694824219,88.3499984741211,88.5,87.44999694824219,81.32401275634766
2010-09-03,700,89.25,88.6500015258789,89.25,87.30000305175781,81.6001205444336
2010-09-02,800,87.9000015258789,88.6500015258789,89.4000015258789,87.30000305175781,81.6001205444336
2010-09-01,100,85.94999694824219,86.8499984741211,86.8499984741211,85.94999694824219,79.94329071044922
2010-08-31,300,79.3499984741211,85.5,85.5,75.5999984741211,78.70063781738281
2010-08-30,100,85.3499984741211,84.5999984741211,85.5,84.5999984741211,77.87222290039062
2010-08-27,900,85.5,85.3499984741211,85.5,82.5,78.56258392333984
2010-08-26,100,84.75,84.75,84.75,84.75,78.01029968261719
2010-08-25,500,85.94999694824219,84.9000015258789,85.94999694824219,84.0,78.14835357666016
2010-08-24,300,86.25,85.94999694824219,86.25,84.0,79.11483764648438
2010-08-23,200,89.55000305175781,87.30000305175781,89.55000305175781,87.30000305175781,80.3575210571289
2010-08-20,0,90.30000305175781,90.30000305175781,90.30000305175781,90.30000305175781,83.11893463134766
2010-08-19,4000,88.80000305175781,90.0,90.1500015258789,86.69999694824219,82.8427963256836
2010-08-18,600,91.80000305175781,88.6500015258789,92.69999694824219,87.9000015258789,81.6001205444336
2010-08-17,300,90.30000305175781,91.3499984741211,91.3499984741211,89.25,84.08541870117188
2010-08-16,400,92.55000305175781,90.75,92.55000305175781,89.4000015258789,83.53312683105469
2010-08-13,300,92.25,92.55000305175781,93.75,92.25,85.19000244140625
2010-08-12,700,92.4000015258789,92.4000015258789,92.69999694824219,90.75,85.05194091796875
2010-08-11,300,92.25,93.0,95.4000015258789,91.80000305175781,85.60423278808594
2010-08-10,500,91.5,93.0,93.30000305175781,90.0,85.60423278808594
2010-08-09,500,93.30000305175781,92.0999984741211,93.9000015258789,90.1500015258789,84.7757568359375
2010-08-06,300,89.8499984741211,93.1500015258789,93.1500015258789,89.8499984741211,85.74229431152344
2010-08-05,900,93.1500015258789,90.5999984741211,93.75,90.0,83.39508819580078
2010-08-04,500,93.0,93.44999694824219,94.5,92.69999694824219,86.0184326171875
2010-08-03,600,96.0,92.0999984741211,96.0,91.5,84.7757568359375
2010-08-02,300,99.0,96.0,99.0,92.25,88.36566162109375
2010-07-30,400,97.5,98.69999694824219,98.69999694824219,96.0,90.85090637207031
2010-07-29,0,98.0999984741211,97.5,98.0999984741211,97.5,89.7463607788086
2010-07-28,100,99.44999694824219,97.94999694824219,100.94999694824219,97.94999694824219,90.16056060791016
2010-07-27,300,102.75,98.69999694824219,102.75,98.69999694824219,90.85090637207031
2010-07-26,1000,102.1500015258789,102.75,102.75,102.1500015258789,94.57884979248047
2010-07-23,800,100.05000305175781,102.30000305175781,103.80000305175781,99.5999984741211,94.16463470458984
2010-07-22,1200,98.69999694824219,99.44999694824219,99.44999694824219,98.25,91.54129028320312
2010-07-21,700,95.0999984741211,97.80000305175781,99.1500015258789,95.0999984741211,90.02246856689453
2010-07-20,800,91.94999694824219,94.94999694824219,94.94999694824219,88.94999694824219,87.39913177490234
2010-07-19,800,87.9000015258789,91.94999694824219,92.0999984741211,87.9000015258789,84.63771057128906
2010-07-16,700,88.05000305175781,87.30000305175781,88.05000305175781,87.1500015258789,80.3575210571289
2010-07-15,200,88.5,87.75,88.5,87.1500015258789,80.7717056274414
2010-07-14,100,90.0,88.6500015258789,90.44999694824219,88.5,81.6001205444336
2010-07-13,500,88.3499984741211,90.44999694824219,90.44999694824219,88.3499984741211,83.25698852539062
2010-07-12,700,90.0,88.3499984741211,90.0,88.3499984741211,81.32401275634766
2010-07-09,2400,89.4000015258789,90.0,90.0,89.4000015258789,82.8427963256836
2010-07-08,1800,89.4000015258789,89.69999694824219,90.0,88.3499984741211,82.5666275024414
2010-07-07,4200,91.05000305175781,89.8499984741211,91.05000305175781,88.05000305175781,82.70470428466797
2010-07-06,900,90.9000015258789,91.05000305175781,91.19999694824219,90.30000305175781,83.80926513671875
2010-07-02,600,92.69999694824219,90.0,93.1500015258789,88.6500015258789,82.8427963256836
2010-07-01,2400,95.4000015258789,93.0,95.4000015258789,93.0,85.60423278808594
2010-06-30,100,97.94999694824219,95.69999694824219,99.0,95.69999694824219,88.08950805664062
2010-06-29,1000,99.44999694824219,97.19999694824219,100.5,97.19999694824219,89.47021484375
2010-06-28,1100,101.0999984741211,100.80000305175781,101.0999984741211,100.3499984741211,92.78390502929688
2010-06-25,200,101.0999984741211,100.80000305175781,101.25,100.6500015258789,92.78390502929688
2010-06-24,200,101.69999694824219,100.80000305175781,101.8499984741211,100.80000305175781,92.78390502929688
2010-06-23,600,99.75,102.0,102.0,98.4000015258789,93.88849639892578
2010-06-22,100,100.6500015258789,99.9000015258789,100.94999694824219,99.9000015258789,91.95548248291016
2010-06-21,7300,102.9000015258789,102.0,104.0999984741211,100.94999694824219,93.88849639892578
2010-06-18,11100,101.55000305175781,102.5999984741211,103.05000305175781,99.30000305175781,94.44078063964844
2010-06-17,3400,101.4000015258789,102.0,102.30000305175781,101.4000015258789,93.88849639892578
2010-06-16,9200,97.5,100.94999694824219,102.9000015258789,97.5,92.92200469970703
2010-06-15,2900,96.0,97.94999694824219,98.55000305175781,93.0,90.16056060791016
2010-06-14,500,97.5,96.5999984741211,97.6500015258789,96.5999984741211,88.91792297363281
2010-06-11,300,99.9000015258789,97.94999694824219,99.9000015258789,97.80000305175781,90.16056060791016
2010-06-10,300,98.8499984741211,100.3499984741211,100.3499984741211,97.80000305175781,92.36972045898438
2010-06-09,500,99.1500015258789,98.8499984741211,99.1500015258789,97.3499984741211,90.98900604248047
2010-06-08,800,99.75,98.0999984741211,99.75,94.94999694824219,90.29862976074219
2010-06-07,1100,97.6500015258789,99.75,99.75,97.5,91.81741333007812
2010-06-04,3000,97.3499984741211,99.0,100.3499984741211,96.9000015258789,91.1270523071289
2010-06-03,800,97.05000305175781,97.80000305175781,98.69999694824219,96.9000015258789,90.02246856689453
2010-06-02,1800,97.6500015258789,97.6500015258789,98.8499984741211,97.5,89.88442993164062
2010-06-01,1500,98.25,97.5,99.75,97.5,89.7463607788086
2010-05-28,1400,97.80000305175781,98.4000015258789,98.8499984741211,97.80000305175781,90.57478332519531
2010-05-27,16400,101.25,99.1500015258789,102.30000305175781,97.6500015258789,91.26517486572266
2010-05-26,19900,105.75,101.69999694824219,105.9000015258789,100.5,93.61235046386719
2010-05-25,66000,123.9000015258789,105.5999984741211,125.4000015258789,99.9000015258789,97.20223236083984
2010-05-24,187900,135.4499969482422,123.30000305175781,139.9499969482422,121.3499984741211,113.49464416503906
2010-05-21,1000,136.64999389648438,135.4499969482422,137.6999969482422,134.25,124.67837524414062
2010-05-20,2500,138.0,136.9499969482422,139.9499969482422,135.4499969482422,126.05912780761719
2010-05-19,2700,136.0500030517578,138.3000030517578,140.25,136.0500030517578,127.30176544189453
2010-05-18,600,137.39999389648438,136.1999969482422,138.0,135.4499969482422,125.36873626708984
2010-05-17,4600,135.60000610351562,138.0,138.75,135.60000610351562,127.025634765625
2010-05-14,1600,134.85000610351562,136.1999969482422,137.85000610351562,134.85000610351562,125.36873626708984
2010-05-13,101300,135.0,136.1999969482422,137.10000610351562,135.0,125.36873626708984
2010-05-12,7900,134.5500030517578,136.35000610351562,136.9499969482422,132.0,125.50680541992188
2010-05-11,8000,138.0,135.60000610351562,138.0,134.25,124.81647491455078
2010-05-10,1200,142.8000030517578,143.39999389648438,145.1999969482422,142.5,131.99615478515625
2010-05-07,300,145.9499969482422,145.5,147.0,144.0,133.92916870117188
2010-05-06,200,146.6999969482422,145.1999969482422,146.6999969482422,145.1999969482422,133.65304565429688
2010-05-05,400,145.5,146.6999969482422,147.3000030517578,144.4499969482422,135.03370666503906
2010-05-04,2400,146.5500030517578,146.10000610351562,148.1999969482422,145.64999389648438,134.48147583007812
2010-05-03,26500,148.35000610351562,146.10000610351562,149.5500030517578,137.6999969482422,134.48147583007812
2010-04-30,33700,149.5500030517578,148.64999389648438,149.5500030517578,148.5,136.82862854003906
2010-04-29,700,149.85000610351562,148.8000030517578,149.85000610351562,148.5,136.9667510986328
2010-04-28,24300,148.8000030517578,148.64999389648438,149.10000610351562,148.5,136.82862854003906
2010-04-27,160100,149.25,149.25,149.25,148.64999389648438,137.3809356689453
2010-04-26,26000,149.25,149.10000610351562,149.25,148.9499969482422,137.2428436279297
2010-04-23,9400,148.9499969482422,149.25,149.25,148.5,137.3809356689453
2010-04-22,34800,149.10000610351562,149.10000610351562,149.25,148.1999969482422,137.2428436279297
2010-04-21,143300,149.10000610351562,149.10000610351562,149.85000610351562,148.64999389648438,137.2428436279297
2010-04-20,160900,149.10000610351562,149.25,149.6999969482422,148.5,137.3809356689453
2010-04-19,15500,148.8000030517578,148.9499969482422,149.10000610351562,148.8000030517578,137.10482788085938
2010-04-16,2300,148.64999389648438,148.8000030517578,148.8000030517578,147.89999389648438,136.9667510986328
2010-04-15,24300,148.8000030517578,148.8000030517578,148.9499969482422,148.35000610351562,136.9667510986328
2010-04-14,13900,148.35000610351562,148.8000030517578,148.9499969482422,148.1999969482422,136.9667510986328
2010-04-13,1800,148.1999969482422,148.64999389648438,148.64999389648438,148.1999969482422,136.82862854003906
2010-04-12,12000,148.5,148.35000610351562,148.9499969482422,148.0500030517578,136.55252075195312
2010-04-09,44200,147.75,148.5,148.5,147.75,136.69056701660156
2010-04-08,29400,148.0500030517578,148.5,148.5,147.75,136.69056701660156
2010-04-07,900,147.60000610351562,147.60000610351562,148.35000610351562,147.4499969482422,135.86215209960938
2010-04-06,9100,147.60000610351562,148.35000610351562,149.5500030517578,147.60000610351562,136.55252075195312
2010-04-05,4500,148.0500030517578,147.89999389648438,148.0500030517578,147.60000610351562,136.13829040527344
2010-04-01,4400,147.75,148.0500030517578,148.0500030517578,147.60000610351562,136.27638244628906
2010-03-31,9900,147.4499969482422,148.0500030517578,148.0500030517578,147.4499969482422,136.27638244628906
2010-03-30,34100,147.3000030517578,147.3000030517578,147.89999389648438,147.14999389648438,135.58604431152344
2010-03-29,1400,147.60000610351562,147.3000030517578,147.60000610351562,147.3000030517578,135.58604431152344
2010-03-26,3000,147.4499969482422,147.4499969482422,147.60000610351562,147.4499969482422,135.72410583496094
2010-03-25,800,147.3000030517578,147.60000610351562,147.75,147.3000030517578,135.86215209960938
2010-03-24,500,147.75,147.60000610351562,147.75,147.4499969482422,135.86215209960938
2010-03-23,1000,147.3000030517578,147.60000610351562,148.0500030517578,147.3000030517578,135.86215209960938
2010-03-22,44400,147.60000610351562,147.60000610351562,147.89999389648438,147.3000030517578,135.86215209960938
2010-03-19,3000,147.4499969482422,147.4499969482422,147.89999389648438,147.4499969482422,135.72410583496094
2010-03-18,200,147.75,147.60000610351562,147.75,147.60000610351562,135.86215209960938
2010-03-17,1100,147.60000610351562,147.4499969482422,147.60000610351562,147.4499969482422,135.72410583496094
2010-03-16,3400,147.3000030517578,147.4499969482422,147.60000610351562,147.3000030517578,135.72410583496094
2010-03-15,5000,147.4499969482422,147.3000030517578,147.75,147.3000030517578,135.58604431152344
2010-03-12,200,147.75,147.4499969482422,147.75,147.3000030517578,135.72410583496094
2010-03-11,1900,147.3000030517578,147.60000610351562,147.75,147.3000030517578,135.86215209960938
2010-03-10,800,147.3000030517578,147.4499969482422,147.75,147.3000030517578,135.72410583496094
2010-03-09,900,147.4499969482422,147.60000610351562,147.60000610351562,147.4499969482422,135.86215209960938
2010-03-08,1300,147.3000030517578,147.60000610351562,147.60000610351562,147.3000030517578,135.86215209960938
2010-03-05,400,147.4499969482422,147.4499969482422,147.60000610351562,147.4499969482422,135.72410583496094
2010-03-04,400,147.4499969482422,147.75,147.75,147.4499969482422,136.00025939941406
2010-03-03,200,147.89999389648438,147.3000030517578,147.89999389648438,147.3000030517578,135.58604431152344
2010-03-02,1000,147.60000610351562,147.60000610351562,148.1999969482422,147.60000610351562,135.86215209960938
2010-03-01,2200,147.4499969482422,147.3000030517578,147.60000610351562,147.3000030517578,135.58604431152344
2010-02-26,4900,147.3000030517578,147.75,147.89999389648438,147.3000030517578,136.00025939941406
2010-02-25,2200,147.4499969482422,147.75,147.75,147.3000030517578,136.00025939941406
2010-02-24,100,147.60000610351562,147.75,147.75,147.60000610351562,136.00025939941406
2010-02-23,100,147.75,147.4499969482422,147.75,147.4499969482422,135.72410583496094
2010-02-22,8300,147.4499969482422,147.75,148.0500030517578,147.4499969482422,136.00025939941406
2010-02-19,400,147.3000030517578,147.4499969482422,147.60000610351562,147.14999389648438,135.72410583496094
2010-02-18,100,147.14999389648438,147.4499969482422,147.4499969482422,147.14999389648438,135.72410583496094
2010-02-17,30000,147.14999389648438,147.14999389648438,147.60000610351562,147.14999389648438,135.4479522705078
2010-02-16,700,147.3000030517578,147.4499969482422,147.4499969482422,147.14999389648438,135.72410583496094
2010-02-12,100,147.3000030517578,147.14999389648438,147.3000030517578,147.14999389648438,135.4479522705078
2010-02-11,500,147.3000030517578,147.14999389648438,147.3000030517578,147.14999389648438,135.4479522705078
2010-02-10,200,146.85000610351562,147.60000610351562,147.75,146.85000610351562,135.86215209960938
2010-02-09,400,147.89999389648438,147.14999389648438,147.89999389648438,147.14999389648438,135.4479522705078
2010-02-08,500,146.85000610351562,147.3000030517578,147.3000030517578,146.6999969482422,135.58604431152344
2010-02-05,300,146.6999969482422,147.3000030517578,147.4499969482422,146.6999969482422,135.58604431152344
2010-02-04,200,147.60000610351562,147.4499969482422,147.60000610351562,147.4499969482422,135.72410583496094
2010-02-03,0,147.89999389648438,148.0500030517578,148.0500030517578,147.89999389648438,136.27638244628906
2010-02-02,1200,147.4499969482422,148.0500030517578,148.1999969482422,147.4499969482422,136.27638244628906
2010-02-01,1600,146.6999969482422,147.89999389648438,147.89999389648438,146.6999969482422,136.13829040527344
2010-01-29,600,147.14999389648438,147.0,147.89999389648438,146.5500030517578,135.30984497070312
2010-01-28,800,147.89999389648438,147.0,147.89999389648438,146.6999969482422,135.30984497070312
2010-01-27,200,147.89999389648438,147.3000030517578,147.89999389648438,147.0,135.58604431152344
2010-01-26,600,148.5,147.0,148.5,147.0,135.30984497070312
2010-01-25,300,147.60000610351562,147.4499969482422,148.5,147.4499969482422,135.72410583496094
2010-01-22,500,149.10000610351562,147.4499969482422,149.10000610351562,147.0,135.72410583496094
2010-01-21,200,147.75,148.35000610351562,148.35000610351562,147.75,136.55252075195312
2010-01-20,3500,147.60000610351562,148.5,148.5,147.60000610351562,136.69056701660156
2010-01-19,4900,150.0,148.35000610351562,150.0,147.3000030517578,136.55252075195312
2010-01-15,700,148.35000610351562,148.35000610351562,148.35000610351562,147.60000610351562,136.55252075195312
2010-01-14,1600,148.1999969482422,147.60000610351562,148.5,147.3000030517578,135.86215209960938
2010-01-13,1100,148.0500030517578,148.0500030517578,148.35000610351562,146.5500030517578,136.27638244628906
2010-01-12,3100,147.3000030517578,148.1999969482422,148.5,147.3000030517578,136.41444396972656
2010-01-11,17400,147.14999389648438,146.85000610351562,147.75,146.85000610351562,135.1717987060547
2010-01-08,75600,148.5,146.85000610351562,148.5,146.85000610351562,135.1717987060547
2010-01-07,1000,148.5,148.1999969482422,148.64999389648438,147.60000610351562,136.41444396972656
2010-01-06,1800,148.5,148.5,148.5,148.1999969482422,136.69056701660156
2010-01-05,4000,149.25,148.5,149.25,148.0500030517578,136.69056701660156
2010-01-04,800,148.5,147.75,149.25,147.75,136.00025939941406
2009-12-31,3100,148.5,147.4499969482422,149.10000610351562,146.85000610351562,135.72410583496094
2009-12-30,1900,148.35000610351562,148.1999969482422,148.35000610351562,147.75,136.41444396972656
2009-12-29,4300,148.64999389648438,148.35000610351562,148.64999389648438,148.0500030517578,136.55252075195312
2009-12-28,5000,149.10000610351562,147.60000610351562,149.10000610351562,146.5500030517578,135.86215209960938
2009-12-24,1200,148.9499969482422,148.5,149.39999389648438,148.5,136.69056701660156
2009-12-23,3000,149.39999389648438,148.5,149.39999389648438,148.35000610351562,136.69056701660156
2009-12-22,28300,153.0,148.5,153.0,148.35000610351562,136.69056701660156
2009-12-21,33900,148.1999969482422,148.1999969482422,148.5,148.1999969482422,136.41444396972656
2009-12-18,3300,147.89999389648438,148.1999969482422,148.1999969482422,147.89999389648438,136.41444396972656
2009-12-17,5200,147.75,147.89999389648438,147.89999389648438,147.75,136.13829040527344
2009-12-16,7600,147.75,147.89999389648438,147.89999389648438,147.75,136.13829040527344
2009-12-15,26900,146.6999969482422,147.4499969482422,147.75,146.6999969482422,135.72410583496094
2009-12-14,300,146.5500030517578,146.5500030517578,146.6999969482422,146.5500030517578,134.89566040039062
2009-12-11,0,146.6999969482422,146.5500030517578,146.6999969482422,146.5500030517578,134.89566040039062
2009-12-10,600,147.0,147.3000030517578,147.3000030517578,147.0,135.58604431152344
2009-12-09,11000,146.5500030517578,146.85000610351562,147.14999389648438,146.5500030517578,135.1717987060547
2009-12-08,4500,146.5500030517578,146.39999389648438,146.5500030517578,146.39999389648438,134.7576141357422
2009-12-07,3000,146.5500030517578,146.39999389648438,146.5500030517578,146.39999389648438,134.7576141357422
2009-12-04,12300,146.5500030517578,146.5500030517578,146.5500030517578,146.39999389648438,134.89566040039062
2009-12-03,2200,146.5500030517578,146.5500030517578,146.5500030517578,146.39999389648438,134.89566040039062
2009-12-02,78900,146.5500030517578,146.39999389648438,146.5500030517578,146.39999389648438,134.7576141357422
2009-12-01,41500,146.39999389648438,146.39999389648438,147.14999389648438,146.39999389648438,134.7576141357422
2009-11-30,300,146.39999389648438,146.5500030517578,146.5500030517578,146.25,134.89566040039062
2009-11-27,800,146.5500030517578,146.5500030517578,146.5500030517578,146.5500030517578,134.89566040039062
2009-11-25,800,146.5500030517578,146.39999389648438,146.5500030517578,146.39999389648438,134.7576141357422
2009-11-24,51100,146.5500030517578,146.5500030517578,146.6999969482422,145.35000610351562,134.89566040039062
2009-11-23,3500,146.39999389648438,146.6999969482422,146.6999969482422,145.1999969482422,135.03370666503906
2009-11-20,0,145.0500030517578,146.5500030517578,146.5500030517578,144.89999389648438,134.89566040039062
2009-11-19,0,146.10000610351562,146.10000610351562,146.10000610351562,146.10000610351562,134.48147583007812
2009-11-18,5500,145.5,146.10000610351562,146.5500030517578,142.64999389648438,134.48147583007812
2009-11-17,3500,146.6999969482422,145.5,146.6999969482422,145.5,133.92916870117188
2009-11-16,100,146.25,146.25,146.25,146.25,134.6195068359375
2009-11-13,100,144.60000610351562,145.8000030517578,145.8000030517578,144.4499969482422,134.20538330078125
2009-11-12,1900,147.0,146.6999969482422,147.0,146.25,135.03370666503906
2009-11-11,5800,147.0,146.5500030517578,147.0,145.9499969482422,134.89566040039062
2009-11-10,0,147.0,147.0,147.0,147.0,135.30984497070312
2009-11-09,0,145.1999969482422,147.0,147.0,145.1999969482422,135.30984497070312
2009-11-06,0,146.85000610351562,146.85000610351562,146.85000610351562,146.85000610351562,135.1717987060547
2009-11-05,9100,144.60000610351562,146.85000610351562,146.85000610351562,144.4499969482422,135.1717987060547
2009-11-04,1700,145.5,145.5,145.5,145.5,133.92916870117188
2009-11-03,0,145.8000030517578,145.8000030517578,145.8000030517578,145.8000030517578,134.20538330078125
2009-11-02,0,145.8000030517578,145.8000030517578,145.8000030517578,145.8000030517578,134.20538330078125
2009-10-30,66800,146.85000610351562,145.8000030517578,147.0,145.8000030517578,134.20538330078125
2009-10-29,0,145.8000030517578,145.8000030517578,145.8000030517578,145.8000030517578,134.20538330078125
2009-10-28,41700,144.60000610351562,144.60000610351562,144.60000610351562,144.60000610351562,133.1007537841797
2009-10-27,200,144.89999389648438,144.75,144.89999389648438,144.75,133.23883056640625
2009-10-26,0,144.75,144.75,144.75,144.75,133.23883056640625
2009-10-23,200,144.14999389648438,144.75,144.75,144.0,133.23883056640625
2009-10-22,0,145.5,145.5,145.5,145.5,133.92916870117188
2009-10-21,0,145.5,145.5,145.5,145.5,133.92916870117188
2009-10-20,0,145.5,145.5,145.5,145.5,133.92916870117188
2009-10-19,300,145.0500030517578,145.5,145.5,145.0500030517578,133.92916870117188
2009-10-16,0,145.5,145.5,145.5,145.5,133.92916870117188
2009-10-15,1500,145.64999389648438,145.64999389648438,145.64999389648438,145.64999389648438,134.0672607421875
2009-10-14,200,144.75,145.64999389648438,145.64999389648438,144.75,134.0672607421875
2009-10-13,200,145.1999969482422,144.14999389648438,145.1999969482422,144.14999389648438,132.68655395507812
2009-10-12,0,144.4499969482422,144.4499969482422,144.4499969482422,144.4499969482422,132.96270751953125
2009-10-09,0,144.4499969482422,144.4499969482422,144.4499969482422,144.4499969482422,132.96270751953125
2009-10-08,0,144.75,144.75,144.75,144.75,133.23883056640625
2009-10-07,0,144.75,144.75,144.75,144.75,133.23883056640625
2009-10-06,18200,144.75,144.75,144.75,144.14999389648438,133.23883056640625
2009-10-05,0,146.39999389648438,146.39999389648438,146.39999389648438,146.39999389648438,134.7576141357422
2009-10-02,6200,144.14999389648438,146.39999389648438,146.39999389648438,143.39999389648438,134.7576141357422
2009-10-01,0,143.5500030517578,143.5500030517578,143.5500030517578,143.5500030517578,132.13426208496094
2009-09-30,0,143.5500030517578,143.5500030517578,143.5500030517578,143.5500030517578,132.13426208496094
2009-09-29,0,143.5500030517578,143.5500030517578,143.5500030517578,143.5500030517578,132.13426208496094
2009-09-28,0,143.25,143.25,143.25,143.25,131.8581085205078
2009-09-25,0,143.25,143.25,143.25,143.25,131.8581085205078
2009-09-24,0,143.25,143.25,143.25,143.25,131.8581085205078
2009-09-23,26700,143.6999969482422,143.25,143.6999969482422,143.25,131.8581085205078
2009-09-22,5300,143.39999389648438,143.6999969482422,143.6999969482422,143.25,132.27236938476562
2009-09-21,3200,143.5500030517578,143.5500030517578,143.6999969482422,142.35000610351562,132.13426208496094
2009-09-18,0,143.5500030517578,143.5500030517578,143.5500030517578,143.5500030517578,132.13426208496094
2009-09-17,300,143.25,143.5500030517578,143.6999969482422,143.25,132.13426208496094
2009-09-16,64200,143.6999969482422,143.6999969482422,143.6999969482422,143.39999389648438,132.27236938476562
2009-09-15,55300,143.85000610351562,143.39999389648438,144.0,143.39999389648438,131.99615478515625
2009-09-14,78200,143.10000610351562,144.0,144.0,143.10000610351562,132.5485076904297
2009-09-11,3300,143.6999969482422,143.10000610351562,143.6999969482422,141.89999389648438,131.7200469970703
2009-09-10,7600,143.25,143.85000610351562,143.85000610351562,143.10000610351562,132.4104461669922
2009-09-09,6100,143.39999389648438,143.6999969482422,143.6999969482422,143.25,132.27236938476562
2009-09-08,3600,142.64999389648438,143.25,143.25,142.64999389648438,131.8581085205078
2009-09-04,0,143.5500030517578,143.5500030517578,143.5500030517578,143.5500030517578,132.13426208496094
2009-09-03,100,143.5500030517578,143.5500030517578,143.5500030517578,143.5500030517578,132.13426208496094
2009-09-02,0,143.6999969482422,143.6999969482422,143.6999969482422,143.6999969482422,132.27236938476562
2009-09-01,1700,143.5500030517578,143.6999969482422,143.6999969482422,143.5500030517578,132.27236938476562
2009-08-31,1700,143.6999969482422,143.6999969482422,143.6999969482422,143.6999969482422,132.27236938476562
2009-08-28,100,143.5500030517578,143.6999969482422,143.6999969482422,143.5500030517578,132.27236938476562
2009-08-27,0,142.9499969482422,143.39999389648438,143.39999389648438,142.9499969482422,131.99615478515625
2009-08-26,0,142.9499969482422,142.9499969482422,142.9499969482422,142.9499969482422,131.58197021484375
2009-08-25,0,142.9499969482422,142.9499969482422,142.9499969482422,142.9499969482422,131.58197021484375
2009-08-24,1100,142.9499969482422,142.9499969482422,143.10000610351562,142.9499969482422,131.58197021484375
2009-08-21,0,142.9499969482422,142.9499969482422,142.9499969482422,142.9499969482422,131.58197021484375
2009-08-20,12900,142.9499969482422,142.9499969482422,143.39999389648438,142.9499969482422,131.58197021484375
2009-08-19,13300,143.25,142.9499969482422,143.25,142.9499969482422,131.58197021484375
2009-08-18,100,142.5,143.25,143.25,142.5,131.8581085205078
2009-08-17,1600,143.39999389648438,143.39999389648438,143.39999389648438,143.39999389648438,131.99615478515625
2009-08-14,7400,143.25,143.39999389648438,143.39999389648438,142.9499969482422,131.99615478515625
2009-08-13,100,143.25,143.25,143.25,143.25,131.8581085205078
2009-08-12,50000,143.39999389648438,143.39999389648438,143.39999389648438,143.39999389648438,131.99615478515625
2009-08-11,600,142.35000610351562,142.5,142.5,142.35000610351562,131.16773986816406
2009-08-10,200,141.75,141.75,141.75,141.75,130.47740173339844
2009-08-07,0,141.75,141.75,141.75,141.75,130.47740173339844
2009-08-06,13300,141.75,141.75,141.75,141.75,130.47740173339844
2009-08-05,600,141.3000030517578,141.75,141.75,141.3000030517578,130.47740173339844
2009-08-04,600,141.3000030517578,141.4499969482422,141.60000610351562,141.3000030517578,130.2012176513672
2009-08-03,1400,141.0,141.0,141.4499969482422,140.85000610351562,129.78701782226562
2009-07-31,300,141.75,141.60000610351562,141.75,141.60000610351562,130.3393096923828
2009-07-30,100,141.60000610351562,141.60000610351562,141.60000610351562,141.60000610351562,130.3393096923828
2009-07-29,15300,141.0,141.60000610351562,141.60000610351562,141.0,130.3393096923828
2009-07-28,700,140.85000610351562,140.85000610351562,140.85000610351562,140.6999969482422,129.64898681640625
2009-07-27,37800,141.3000030517578,141.0,141.3000030517578,140.5500030517578,129.78701782226562
2009-07-24,300,141.14999389648438,141.0,141.14999389648438,141.0,129.78701782226562
2009-07-23,6100,141.3000030517578,140.85000610351562,141.3000030517578,140.5500030517578,129.64898681640625
2009-07-22,2200,141.4499969482422,141.4499969482422,141.4499969482422,141.4499969482422,130.2012176513672
2009-07-21,10900,141.3000030517578,141.4499969482422,141.60000610351562,141.14999389648438,130.2012176513672
2009-07-20,7000,142.0500030517578,141.14999389648438,142.0500030517578,141.0,129.92510986328125
2009-07-17,7300,143.39999389648438,142.35000610351562,143.85000610351562,142.35000610351562,131.02967834472656
2009-07-16,0,143.39999389648438,143.39999389648438,143.39999389648438,143.39999389648438,131.99615478515625
2009-07-15,1000,143.25,143.39999389648438,146.6999969482422,142.1999969482422,131.99615478515625
2009-07-14,16900,144.14999389648438,141.0,144.14999389648438,141.0,129.78701782226562
2009-07-13,1100,141.3000030517578,141.3000030517578,141.3000030517578,141.3000030517578,130.06314086914062
2009-07-10,0,141.0,141.0,141.0,141.0,129.78701782226562
2009-07-09,600,141.0,141.0,141.0,141.0,129.78701782226562
2009-07-08,400,140.5500030517578,140.5500030517578,140.5500030517578,140.5500030517578,129.37281799316406
2009-07-07,0,140.5500030517578,140.5500030517578,140.5500030517578,140.5500030517578,129.37281799316406
2009-07-06,0,140.5500030517578,140.5500030517578,140.5500030517578,140.5500030517578,129.37281799316406
2009-07-02,0,140.5500030517578,140.5500030517578,140.5500030517578,140.5500030517578,129.37281799316406
2009-07-01,600,140.39999389648438,140.5500030517578,140.5500030517578,140.39999389648438,129.37281799316406
2009-06-30,400,140.39999389648438,140.39999389648438,140.39999389648438,140.39999389648438,129.2347412109375
2009-06-29,0,140.25,140.25,140.25,140.25,129.0966339111328
2009-06-26,300,140.39999389648438,140.25,140.39999389648438,140.10000610351562,129.0966339111328
2009-06-25,13500,139.5,139.64999389648438,140.5500030517578,139.5,128.54434204101562
2009-06-24,200,139.5,139.35000610351562,139.5,139.35000610351562,128.2682342529297
2009-06-23,18700,139.5,139.64999389648438,139.64999389648438,139.5,128.54434204101562
2009-06-22,200,139.9499969482422,139.9499969482422,139.9499969482422,139.9499969482422,128.82054138183594
2009-06-19,0,139.64999389648438,139.64999389648438,139.64999389648438,139.64999389648438,128.54434204101562
2009-06-18,4100,139.5,139.64999389648438,139.64999389648438,139.1999969482422,128.54434204101562
2009-06-17,113600,139.35000610351562,139.64999389648438,139.64999389648438,139.0500030517578,128.54434204101562
2009-06-16,1500,139.5,139.64999389648438,139.64999389648438,139.35000610351562,128.54434204101562
2009-06-15,200,140.10000610351562,139.9499969482422,140.10000610351562,139.9499969482422,128.82054138183594
2009-06-12,1000,139.9499969482422,140.10000610351562,140.10000610351562,139.9499969482422,128.9586181640625
2009-06-11,4100,139.64999389648438,139.8000030517578,139.8000030517578,139.64999389648438,128.6824951171875
2009-06-10,0,139.5,139.5,139.5,139.5,128.4062957763672
2009-06-09,0,138.89999389648438,138.89999389648438,138.89999389648438,138.89999389648438,127.85408782958984
2009-06-08,0,138.89999389648438,138.89999389648438,138.89999389648438,138.89999389648438,127.85408782958984
2009-06-05,7800,138.89999389648438,138.89999389648438,138.89999389648438,138.89999389648438,127.85408782958984
2009-06-04,100,138.75,138.75,138.75,138.75,127.71595001220703
2009-06-03,0,138.3000030517578,138.3000030517578,138.3000030517578,138.3000030517578,127.30176544189453
2009-06-02,0,138.3000030517578,138.3000030517578,138.3000030517578,138.3000030517578,127.30176544189453
2009-06-01,100,138.3000030517578,138.3000030517578,138.3000030517578,138.3000030517578,127.30176544189453
2009-05-29,0,138.14999389648438,138.14999389648438,138.14999389648438,138.14999389648438,127.1637191772461
2009-05-28,26700,138.14999389648438,138.14999389648438,138.75,138.14999389648438,127.1637191772461
2009-05-27,100,138.60000610351562,138.60000610351562,138.60000610351562,138.60000610351562,127.57786560058594
2009-05-26,0,138.60000610351562,138.60000610351562,138.60000610351562,138.60000610351562,127.57786560058594
2009-05-22,0,138.60000610351562,138.60000610351562,138.60000610351562,138.60000610351562,127.57786560058594
2009-05-21,0,138.60000610351562,138.60000610351562,138.60000610351562,138.60000610351562,127.57786560058594
2009-05-20,100,138.75,138.75,138.75,138.75,127.71595001220703
2009-05-19,0,138.89999389648438,138.89999389648438,138.89999389648438,138.89999389648438,127.85408782958984
2009-05-18,100,139.64999389648438,138.89999389648438,139.64999389648438,138.89999389648438,127.85408782958984
2009-05-15,100,136.9499969482422,137.25,137.25,136.9499969482422,126.33523559570312
2009-05-14,0,137.5500030517578,137.5500030517578,137.5500030517578,137.5500030517578,126.61139678955078
2009-05-13,0,137.5500030517578,137.5500030517578,137.5500030517578,137.5500030517578,126.61139678955078
2009-05-12,100,137.39999389648438,137.5500030517578,138.0,137.25,126.61139678955078
2009-05-11,30200,137.85000610351562,137.39999389648438,137.85000610351562,136.64999389648438,126.47332000732422
2009-05-08,1100,137.85000610351562,137.39999389648438,139.9499969482422,137.39999389648438,126.47332000732422
2009-05-07,0,138.0,138.0,138.0,138.0,127.025634765625
2009-05-06,0,138.0,138.0,138.0,138.0,127.025634765625
2009-05-05,0,138.0,138.0,138.0,138.0,127.025634765625
2009-05-04,0,138.0,138.0,138.0,138.0,127.025634765625
2009-05-01,0,138.0,138.0,138.0,138.0,127.025634765625
2009-04-30,0,137.5500030517578,137.5500030517578,137.5500030517578,137.5500030517578,126.61139678955078
2009-04-29,300,138.4499969482422,137.5500030517578,138.60000610351562,137.5500030517578,126.61139678955078
2009-04-28,800,137.10000610351562,136.8000030517578,137.10000610351562,136.5,125.92102813720703
2009-04-27,400,136.5,138.0,138.0,136.5,127.025634765625
2009-04-24,1200,139.8000030517578,137.6999969482422,139.8000030517578,136.35000610351562,126.74947357177734
2009-04-23,14000,136.5,136.5,136.5,136.5,125.6448974609375
2009-04-22,4800,136.5,136.35000610351562,136.5,136.1999969482422,125.50680541992188
2009-04-21,1900,136.1999969482422,136.35000610351562,136.5,136.1999969482422,125.50680541992188
2009-04-20,700,136.8000030517578,136.1999969482422,136.8000030517578,136.0500030517578,125.36873626708984
2009-04-17,30000,136.0500030517578,136.64999389648438,136.64999389648438,136.0500030517578,125.78294372558594
2009-04-16,600,136.0500030517578,136.1999969482422,136.1999969482422,136.0500030517578,125.36873626708984
2009-04-15,400,135.75,136.0500030517578,136.0500030517578,135.75,125.23072814941406
2009-04-14,400,136.1999969482422,136.1999969482422,136.1999969482422,135.89999389648438,125.36873626708984
2009-04-13,3200,136.1999969482422,136.1999969482422,136.1999969482422,136.1999969482422,125.36873626708984
2009-04-09,200,136.0500030517578,136.0500030517578,136.1999969482422,136.0500030517578,125.23072814941406
2009-04-08,400,136.1999969482422,136.1999969482422,136.1999969482422,136.1999969482422,125.36873626708984
2009-04-07,9400,136.1999969482422,136.1999969482422,136.5,135.75,125.36873626708984
2009-04-06,0,136.0500030517578,136.0500030517578,136.0500030517578,136.0500030517578,125.23072814941406
2009-04-03,8300,135.75,135.75,136.0500030517578,135.75,124.95452880859375
2009-04-02,10600,135.4499969482422,135.75,135.75,135.4499969482422,124.95452880859375
2009-04-01,29200,135.4499969482422,135.4499969482422,135.60000610351562,135.3000030517578,124.67837524414062
2009-03-31,0,135.3000030517578,135.3000030517578,135.3000030517578,135.3000030517578,124.54032135009766
2009-03-30,100,135.60000610351562,135.3000030517578,135.60000610351562,135.3000030517578,124.54032135009766
2009-03-27,0,135.3000030517578,135.3000030517578,135.3000030517578,135.3000030517578,124.54032135009766
2009-03-26,7500,135.14999389648438,135.3000030517578,135.60000610351562,134.85000610351562,124.54032135009766
2009-03-25,1600,135.4499969482422,134.85000610351562,135.4499969482422,134.85000610351562,124.12614440917969
2009-03-24,2200,135.0,135.3000030517578,135.3000030517578,134.5500030517578,124.54032135009766
2009-03-23,4600,136.35000610351562,135.3000030517578,136.35000610351562,135.3000030517578,124.54032135009766
2009-03-20,13500,135.75,136.0500030517578,136.0500030517578,135.75,125.23072814941406
2009-03-19,0,135.89999389648438,135.4499969482422,135.89999389648438,135.4499969482422,124.67837524414062
2009-03-18,100,135.89999389648438,135.89999389648438,135.89999389648438,135.89999389648438,125.09259796142578
2009-03-17,11800,135.89999389648438,135.4499969482422,135.89999389648438,135.4499969482422,124.67837524414062
2009-03-16,1300,135.89999389648438,135.89999389648438,135.89999389648438,135.4499969482422,125.09259796142578
2009-03-13,400,135.89999389648438,135.89999389648438,135.89999389648438,135.89999389648438,125.09259796142578
2009-03-12,700,135.89999389648438,135.89999389648438,135.89999389648438,135.89999389648438,125.09259796142578
2009-03-11,300,135.75,135.89999389648438,135.89999389648438,135.3000030517578,125.09259796142578
2009-03-10,1700,135.0,135.89999389648438,135.89999389648438,135.0,125.09259796142578
2009-03-09,1100,135.4499969482422,135.4499969482422,135.4499969482422,135.4499969482422,124.67837524414062
2009-03-06,36400,135.0,135.89999389648438,135.89999389648438,135.0,125.09259796142578
2009-03-05,200,135.3000030517578,135.14999389648438,135.3000030517578,135.0,124.40225982666016
2009-03-04,11800,134.6999969482422,135.0,135.4499969482422,134.6999969482422,124.26419067382812
2009-03-03,7800,135.75,135.0,135.75,135.0,124.26419067382812
2009-03-02,6800,135.60000610351562,135.75,135.75,135.60000610351562,124.95452880859375
2009-02-27,200,136.35000610351562,135.60000610351562,136.5,135.60000610351562,124.81647491455078
2009-02-26,2800,135.0,135.75,136.0500030517578,134.5500030517578,124.95452880859375
2009-02-25,0,135.0,135.0,135.0,135.0,124.26419067382812
2009-02-24,900,134.85000610351562,135.0,135.0,134.85000610351562,124.26419067382812
2009-02-23,400,135.0,135.0,135.0,134.6999969482422,124.26419067382812
2009-02-20,400,134.5500030517578,134.5500030517578,134.5500030517578,134.5500030517578,123.84994506835938
2009-02-19,700,135.0,135.0,135.0,135.0,124.26419067382812
2009-02-18,600,134.6999969482422,134.85000610351562,135.0,134.6999969482422,124.12614440917969
2009-02-17,2400,134.39999389648438,135.0,135.0,133.8000030517578,124.26419067382812
2009-02-13,2300,134.85000610351562,134.85000610351562,135.0,134.85000610351562,124.12614440917969
2009-02-12,900,134.5500030517578,134.6999969482422,134.6999969482422,134.39999389648438,123.988037109375
2009-02-11,1800,134.6999969482422,134.5500030517578,134.6999969482422,134.5500030517578,123.84994506835938
2009-02-10,100,134.6999969482422,134.39999389648438,134.6999969482422,134.10000610351562,123.7119140625
2009-02-09,100,134.6999969482422,134.6999969482422,134.6999969482422,134.6999969482422,123.988037109375
2009-02-06,1200,134.6999969482422,134.6999969482422,134.6999969482422,133.8000030517578,123.988037109375
2009-02-05,0,134.6999969482422,133.9499969482422,134.6999969482422,133.9499969482422,123.29769134521484
2009-02-04,200,134.6999969482422,134.6999969482422,134.6999969482422,134.6999969482422,123.988037109375
2009-02-03,300,134.6999969482422,134.5500030517578,134.6999969482422,134.5500030517578,123.84994506835938
2009-02-02,300,134.6999969482422,134.6999969482422,134.6999969482422,134.6999969482422,123.988037109375
2009-01-30,3400,134.10000610351562,134.6999969482422,134.6999969482422,134.10000610351562,123.988037109375
2009-01-29,0,134.6999969482422,134.6999969482422,134.6999969482422,134.6999969482422,123.988037109375
2009-01-28,0,134.6999969482422,134.6999969482422,134.6999969482422,134.6999969482422,123.988037109375
2009-01-27,0,134.6999969482422,134.6999969482422,134.6999969482422,134.6999969482422,123.988037109375
2009-01-26,0,134.6999969482422,134.6999969482422,134.6999969482422,134.6999969482422,123.988037109375
2009-01-23,0,134.6999969482422,134.6999969482422,134.6999969482422,134.6999969482422,123.988037109375
2009-01-22,200,134.6999969482422,134.6999969482422,134.6999969482422,134.6999969482422,123.988037109375
2009-01-21,200,134.6999969482422,134.10000610351562,134.6999969482422,134.10000610351562,123.43576049804688
2009-01-20,8200,133.5,132.89999389648438,134.85000610351562,129.4499969482422,122.33118438720703
2009-01-16,2900,131.25,131.25,131.25,131.25,120.8124008178711
2009-01-15,17100,130.5,130.5,130.64999389648438,130.35000610351562,120.12202453613281
2009-01-14,64000,130.5,130.64999389648438,132.60000610351562,130.0500030517578,120.26010131835938
2009-01-13,27700,130.5,130.0500030517578,130.5,130.0500030517578,119.70783233642578
2009-01-12,100,130.64999389648438,131.5500030517578,131.5500030517578,130.1999969482422,121.08853912353516
2009-01-09,100,130.0500030517578,129.75,130.5,129.14999389648438,119.43170166015625
2009-01-08,1100,130.35000610351562,130.5,130.5,129.75,120.12202453613281
2009-01-07,400,129.3000030517578,130.35000610351562,130.35000610351562,129.3000030517578,119.98399353027344
2009-01-06,13200,129.89999389648438,129.89999389648438,130.8000030517578,129.89999389648438,119.5697250366211
2009-01-05,10000,127.5,129.89999389648438,130.1999969482422,127.5,119.5697250366211
2009-01-02,2400,127.94999694824219,128.5500030517578,130.5,127.5,118.32711791992188
2008-12-31,4200,133.1999969482422,127.5,133.1999969482422,126.44999694824219,117.36062622070312
2008-12-30,8600,126.0,127.19999694824219,127.5,126.0,117.08448791503906
2008-12-29,19000,124.5,125.69999694824219,126.0,124.5,115.70375061035156
2008-12-26,1300,124.5,124.5,124.5,123.9000015258789,114.59915924072266
2008-12-24,3300,125.25,123.9000015258789,125.25,123.9000015258789,114.0468978881836
2008-12-23,7600,123.5999984741211,124.19999694824219,124.19999694824219,123.5999984741211,114.32302856445312
2008-12-22,44900,123.44999694824219,123.5999984741211,123.75,122.69999694824219,113.77076721191406
2008-12-19,46300,123.75,123.0,125.69999694824219,123.0,113.21849060058594
2008-12-18,18000,123.75,123.5999984741211,124.5,123.5999984741211,113.77076721191406
2008-12-17,400,123.75,123.75,124.3499984741211,123.1500015258789,113.90884399414062
2008-12-16,2200,123.5999984741211,124.5,124.5,123.5999984741211,114.59915924072266
2008-12-15,31900,124.05000305175781,123.75,124.5,123.5999984741211,113.90884399414062
2008-12-12,700,124.3499984741211,124.3499984741211,124.3499984741211,124.3499984741211,114.46112823486328
2008-12-11,4400,124.94999694824219,124.3499984741211,124.94999694824219,124.3499984741211,114.46112823486328
2008-12-10,22300,125.25,124.5,125.25,124.5,114.59915924072266
2008-12-09,3300,125.25,124.6500015258789,125.25,124.6500015258789,114.73726654052734
2008-12-08,0,124.94999694824219,124.94999694824219,124.94999694824219,124.94999694824219,115.0134048461914
2008-12-05,1000,124.94999694824219,124.94999694824219,124.94999694824219,124.94999694824219,115.0134048461914
2008-12-04,3500,124.5,125.25,125.25,124.5,115.28955078125
2008-12-03,1500,124.5,124.5,124.5,124.5,114.59915924072266
2008-12-02,0,124.5,124.5,124.5,124.5,114.59915924072266
2008-12-01,2100,124.80000305175781,124.5,124.80000305175781,124.5,114.59915924072266
2008-11-28,300,124.94999694824219,124.94999694824219,124.94999694824219,124.94999694824219,115.0134048461914
2008-11-26,900,125.25,124.94999694824219,125.25,124.5,115.0134048461914
2008-11-25,300,125.25,125.25,125.25,125.25,115.28955078125
2008-11-24,2200,124.94999694824219,124.80000305175781,124.94999694824219,124.6500015258789,114.87535095214844
2008-11-21,1600,125.25,125.25,125.25,125.25,115.28955078125
2008-11-20,3300,125.25,125.25,125.25,125.0999984741211,115.28955078125
2008-11-19,100,125.25,124.94999694824219,125.25,124.94999694824219,115.0134048461914
2008-11-18,2100,125.25,125.25,125.25,124.80000305175781,115.28955078125
2008-11-17,9800,125.25,125.25,125.25,124.5,115.28955078125
2008-11-14,0,124.5,124.5,124.5,124.5,114.59915924072266
2008-11-13,9400,125.25,124.5,126.0,124.05000305175781,114.59915924072266
2008-11-12,18000,124.94999694824219,124.6500015258789,125.0999984741211,124.5,114.73726654052734
2008-11-11,93300,124.6500015258789,124.80000305175781,125.0999984741211,124.5,114.87535095214844
2008-11-10,0,126.0,126.0,126.0,126.0,115.97988891601562
2008-11-07,8100,125.25,125.25,125.4000015258789,125.25,115.28955078125
2008-11-06,10200,123.5999984741211,124.94999694824219,125.25,123.5999984741211,115.0134048461914
2008-11-05,0,124.5,124.6500015258789,124.6500015258789,124.5,114.73726654052734
2008-11-04,9700,129.0,125.25,129.0,124.5,115.28955078125
2008-11-03,0,127.05000305175781,127.05000305175781,127.05000305175781,127.05000305175781,116.9463882446289
2008-10-31,100,127.5,127.05000305175781,129.75,126.30000305175781,116.9463882446289
2008-10-30,2500,126.0,126.0,126.30000305175781,125.8499984741211,115.97988891601562
2008-10-29,700,126.75,126.0,126.75,125.25,115.97988891601562
2008-10-28,100,126.75,126.75,126.75,126.5999984741211,116.67028045654297
2008-10-27,100,127.6500015258789,126.75,127.6500015258789,126.75,116.67028045654297
2008-10-24,200,123.5999984741211,127.5,127.5,123.5999984741211,117.36062622070312
2008-10-23,1500,126.75,124.6500015258789,126.75,124.19999694824219,114.73726654052734
2008-10-22,5200,129.75,126.75,129.75,125.25,116.67028045654297
2008-10-21,300,125.69999694824219,130.5,130.9499969482422,125.69999694824219,120.12202453613281
2008-10-20,100,125.25,125.69999694824219,125.69999694824219,123.9000015258789,115.70375061035156
2008-10-17,0,122.8499984741211,122.8499984741211,122.8499984741211,122.8499984741211,113.08039855957031
2008-10-16,0,123.75,123.1500015258789,123.75,123.1500015258789,113.35655975341797
2008-10-15,300,124.5,121.19999694824219,124.5,116.25,111.56161499023438
2008-10-14,1400,128.6999969482422,124.5,130.1999969482422,116.25,114.59915924072266
2008-10-13,2900,121.5,128.6999969482422,133.9499969482422,121.5,118.4652099609375
2008-10-10,62800,122.25,121.19999694824219,122.25,120.75,111.56161499023438
2008-10-09,0,122.25,122.25,122.25,122.25,112.52812957763672
2008-10-08,0,122.25,122.25,122.25,122.25,112.52812957763672
2008-10-07,1800,127.5,122.25,127.5,121.6500015258789,112.52812957763672
2008-10-06,200,130.0500030517578,127.80000305175781,130.0500030517578,127.80000305175781,117.63675689697266
2008-10-03,27000,130.0500030517578,128.25,130.0500030517578,128.25,118.05099487304688
2008-10-02,200,130.8000030517578,128.5500030517578,130.8000030517578,128.5500030517578,118.32711791992188
2008-10-01,7500,130.5,128.6999969482422,130.5,128.6999969482422,118.4652099609375
2008-09-30,0,133.5,131.85000610351562,133.5,131.85000610351562,121.36469268798828
2008-09-29,300,135.60000610351562,133.35000610351562,135.60000610351562,133.35000610351562,122.74540710449219
2008-09-26,0,137.10000610351562,137.10000610351562,137.10000610351562,137.10000610351562,126.1971664428711
2008-09-25,100,137.5500030517578,137.5500030517578,137.5500030517578,137.5500030517578,126.61139678955078
2008-09-24,100,136.5,134.5500030517578,136.5,134.39999389648438,123.84994506835938
2008-09-23,0,136.64999389648438,136.64999389648438,136.64999389648438,136.64999389648438,125.78294372558594
2008-09-22,200,136.64999389648438,136.64999389648438,136.64999389648438,136.64999389648438,125.78294372558594
2008-09-19,0,137.39999389648438,137.39999389648438,137.39999389648438,137.39999389648438,126.47332000732422
2008-09-18,3700,138.0,137.39999389648438,138.0,137.25,126.47332000732422
2008-09-17,0,138.0,138.0,138.0,138.0,127.025634765625
2008-09-16,8400,138.0,138.0,138.0,138.0,127.025634765625
2008-09-15,100,138.0,138.0,138.0,138.0,127.025634765625
2008-09-12,0,138.75,138.75,138.75,138.75,127.71595001220703
2008-09-11,0,138.75,138.75,138.75,138.75,127.71595001220703
2008-09-10,24100,139.5,138.75,139.5,138.0,127.71595001220703
2008-09-09,0,138.75,138.75,138.75,138.75,127.71595001220703
2008-09-08,0,138.75,138.75,138.75,138.75,127.71595001220703
2008-09-05,3300,138.75,138.75,138.75,138.75,127.71595001220703
2008-09-04,0,141.0,141.0,141.0,141.0,129.78701782226562
2008-09-03,0,141.0,141.0,141.0,141.0,129.78701782226562
2008-09-02,0,141.0,141.0,141.0,141.0,129.78701782226562
2008-08-29,100,141.0,141.0,141.0,141.0,129.78701782226562
2008-08-28,0,139.5,139.5,139.5,139.5,128.4062957763672
2008-08-27,0,139.5,139.5,139.5,139.5,128.4062957763672
2008-08-26,100,139.5,139.5,139.5,139.5,128.4062957763672
2008-08-25,8600,138.75,138.4499969482422,138.75,138.4499969482422,127.43982696533203
2008-08-22,0,138.75,138.75,138.75,138.75,127.71595001220703
2008-08-21,0,138.75,138.75,138.75,138.75,127.71595001220703
2008-08-20,0,138.75,138.75,138.75,138.75,127.71595001220703
2008-08-19,0,138.75,138.75,138.75,138.75,127.71595001220703
2008-08-18,1100,138.0,138.75,138.75,138.0,127.71595001220703
2008-08-15,0,138.75,138.75,138.75,138.75,127.71595001220703
2008-08-14,0,138.75,138.75,138.75,138.75,127.71595001220703
2008-08-13,1400,138.75,138.75,138.75,138.75,127.71595001220703
2008-08-12,0,139.5,139.5,139.5,139.5,128.4062957763672
2008-08-11,0,139.5,139.5,139.5,139.5,128.4062957763672
2008-08-08,1700,138.75,139.5,139.5,138.75,128.4062957763672
2008-08-07,19200,138.0,139.5,139.5,138.0,128.4062957763672
2008-08-06,12400,138.0,138.0,138.75,138.0,127.025634765625
2008-08-05,1100,138.0,137.25,138.0,137.25,126.33523559570312
2008-08-04,200,137.6999969482422,137.6999969482422,137.6999969482422,137.6999969482422,126.74947357177734
2008-08-01,700,137.6999969482422,137.6999969482422,137.6999969482422,137.6999969482422,126.74947357177734
2008-07-31,300,137.6999969482422,137.6999969482422,138.0,137.6999969482422,126.74947357177734
2008-07-30,0,137.6999969482422,137.6999969482422,137.6999969482422,137.6999969482422,126.74947357177734
2008-07-29,0,137.6999969482422,137.6999969482422,137.6999969482422,137.6999969482422,126.74947357177734
2008-07-28,0,137.6999969482422,137.6999969482422,137.6999969482422,137.6999969482422,126.74947357177734
2008-07-25,0,137.6999969482422,137.6999969482422,137.6999969482422,137.6999969482422,126.74947357177734
2008-07-24,8500,137.25,137.6999969482422,137.6999969482422,137.25,126.74947357177734
2008-07-23,3500,137.5500030517578,138.0,138.0,137.25,127.025634765625
2008-07-22,3300,137.25,137.25,137.25,137.25,126.33523559570312
2008-07-21,0,136.8000030517578,136.8000030517578,136.8000030517578,136.8000030517578,125.92102813720703
2008-07-18,0,136.8000030517578,136.8000030517578,136.8000030517578,136.8000030517578,125.92102813720703
2008-07-17,0,136.8000030517578,136.8000030517578,136.8000030517578,136.8000030517578,125.92102813720703
2008-07-16,0,136.8000030517578,136.8000030517578,136.8000030517578,136.8000030517578,125.92102813720703
2008-07-15,3500,136.5,136.64999389648438,136.64999389648438,135.89999389648438,125.78294372558594
2008-07-14,10900,135.89999389648438,136.0500030517578,136.5,135.89999389648438,125.23072814941406
2008-07-11,0,135.89999389648438,135.89999389648438,135.89999389648438,135.89999389648438,125.09259796142578
2008-07-10,13300,136.5,135.89999389648438,136.5,135.89999389648438,125.09259796142578
2008-07-09,0,136.1999969482422,136.1999969482422,136.1999969482422,136.1999969482422,125.36873626708984
2008-07-08,200,136.8000030517578,136.5,136.8000030517578,136.5,125.6448974609375
2008-07-07,3400,136.5,136.5,136.5,135.75,125.6448974609375
