date,volume,open,close,high,low,adjclose
2019-04-18,4245900,2.7300000190734863,2.609999895095825,2.7300000190734863,2.5899999141693115,2.609999895095825
2019-04-17,6404000,2.6500000953674316,2.7300000190734863,2.7300000190734863,2.619999885559082,2.7300000190734863
2019-04-16,3803800,2.630000114440918,2.6500000953674316,2.6500000953674316,2.549999952316284,2.6500000953674316
2019-04-15,4031500,2.6700000762939453,2.5799999237060547,2.700000047683716,2.569999933242798,2.5799999237060547
2019-04-12,3760300,2.690000057220459,2.690000057220459,2.700000047683716,2.5999999046325684,2.690000057220459
2019-04-11,2689200,2.6600000858306885,2.609999895095825,2.680000066757202,2.5999999046325684,2.609999895095825
2019-04-10,3040300,2.640000104904175,2.6700000762939453,2.690000057220459,2.5999999046325684,2.6700000762939453
2019-04-09,4606800,2.7300000190734863,2.609999895095825,2.75,2.609999895095825,2.609999895095825
2019-04-08,6456000,2.700000047683716,2.740000009536743,2.7799999713897705,2.6500000953674316,2.740000009536743
2019-04-05,5870300,2.619999885559082,2.680000066757202,2.680000066757202,2.609999895095825,2.680000066757202
2019-04-04,4027900,2.609999895095825,2.630000114440918,2.6500000953674316,2.569999933242798,2.630000114440918
2019-04-03,5872300,2.7300000190734863,2.6500000953674316,2.759999990463257,2.630000114440918,2.6500000953674316
2019-04-02,5771000,2.7799999713897705,2.7200000286102295,2.7899999618530273,2.680000066757202,2.7200000286102295
2019-04-01,5066400,2.75,2.7799999713897705,2.799999952316284,2.7200000286102295,2.7799999713897705
2019-03-29,5668000,2.7899999618530273,2.740000009536743,2.8399999141693115,2.6600000858306885,2.740000009536743
2019-03-28,4578800,2.5999999046325684,2.7300000190734863,2.759999990463257,2.5899999141693115,2.7300000190734863
2019-03-27,4593200,2.700000047683716,2.6700000762939453,2.7100000381469727,2.5999999046325684,2.6700000762939453
2019-03-26,4617500,2.7799999713897705,2.7200000286102295,2.7799999713897705,2.6500000953674316,2.7200000286102295
2019-03-25,5233100,2.5799999237060547,2.690000057220459,2.7300000190734863,2.5,2.690000057220459
2019-03-22,7443000,2.8399999141693115,2.6600000858306885,2.8499999046325684,2.5999999046325684,2.6600000858306885
2019-03-21,7529300,2.7100000381469727,2.869999885559082,2.880000114440918,2.6600000858306885,2.869999885559082
2019-03-20,7215600,2.4800000190734863,2.630000114440918,2.7200000286102295,2.440000057220459,2.630000114440918
2019-03-19,5223500,2.490000009536743,2.450000047683716,2.5,2.390000104904175,2.450000047683716
2019-03-18,3818600,2.4000000953674316,2.440000057220459,2.490000009536743,2.3499999046325684,2.440000057220459
2019-03-15,9943700,2.490000009536743,2.4000000953674316,2.549999952316284,2.4000000953674316,2.4000000953674316
2019-03-14,7355100,2.4800000190734863,2.5299999713897705,2.5999999046325684,2.4100000858306885,2.5299999713897705
2019-03-13,7438900,2.369999885559082,2.4700000286102295,2.5299999713897705,2.359999895095825,2.4700000286102295
2019-03-12,10514200,2.5,2.369999885559082,2.569999933242798,2.25,2.369999885559082
2019-03-11,6437100,2.1500000953674316,2.2200000286102295,2.2799999713897705,2.0999999046325684,2.2200000286102295
2019-03-08,4292400,2.130000114440918,2.0999999046325684,2.1500000953674316,2.049999952316284,2.0999999046325684
2019-03-07,3451100,2.25,2.180000066757202,2.25,2.140000104904175,2.180000066757202
2019-03-06,3327200,2.299999952316284,2.2100000381469727,2.319999933242798,2.2100000381469727,2.2100000381469727
2019-03-05,2887700,2.4000000953674316,2.309999942779541,2.4000000953674316,2.299999952316284,2.309999942779541
2019-03-04,3202300,2.450000047683716,2.4100000858306885,2.4700000286102295,2.3399999141693115,2.4100000858306885
2019-03-01,3373700,2.4200000762939453,2.4000000953674316,2.4700000286102295,2.369999885559082,2.4000000953674316
2019-02-28,3079200,2.4100000858306885,2.369999885559082,2.4100000858306885,2.3299999237060547,2.369999885559082
2019-02-27,3567500,2.3299999237060547,2.4200000762939453,2.450000047683716,2.3299999237060547,2.4200000762939453
2019-02-26,4706100,2.3299999237060547,2.299999952316284,2.380000114440918,2.2200000286102295,2.299999952316284
2019-02-25,3965000,2.490000009536743,2.3399999141693115,2.490000009536743,2.3399999141693115,2.3399999141693115
2019-02-22,2597800,2.450000047683716,2.4800000190734863,2.509999990463257,2.430000066757202,2.4800000190734863
2019-02-21,3599300,2.549999952316284,2.4200000762939453,2.569999933242798,2.4000000953674316,2.4200000762939453
2019-02-20,3890300,2.5299999713897705,2.559999942779541,2.5999999046325684,2.490000009536743,2.559999942779541
2019-02-19,2803200,2.5199999809265137,2.5399999618530273,2.5899999141693115,2.5,2.5399999618530273
2019-02-15,3170300,2.549999952316284,2.559999942779541,2.609999895095825,2.5199999809265137,2.559999942779541
2019-02-14,5091100,2.380000114440918,2.5199999809265137,2.5399999618530273,2.380000114440918,2.5199999809265137
2019-02-13,4057900,2.319999933242798,2.4200000762939453,2.450000047683716,2.299999952316284,2.4200000762939453
2019-02-12,3930000,2.319999933242798,2.3299999237060547,2.390000104904175,2.2799999713897705,2.3299999237060547
2019-02-11,2815100,2.200000047683716,2.25,2.259999990463257,2.1500000953674316,2.25
2019-02-08,5392500,2.180000066757202,2.180000066757202,2.200000047683716,2.0999999046325684,2.180000066757202
2019-02-07,5319500,2.2699999809265137,2.2100000381469727,2.2699999809265137,2.1500000953674316,2.2100000381469727
2019-02-06,5210800,2.4100000858306885,2.2799999713897705,2.4100000858306885,2.259999990463257,2.2799999713897705
2019-02-05,4741100,2.5,2.440000057220459,2.509999990463257,2.390000104904175,2.440000057220459
2019-02-04,2207600,2.5,2.5199999809265137,2.559999942779541,2.4700000286102295,2.5199999809265137
2019-02-01,4180600,2.5399999618530273,2.5399999618530273,2.5899999141693115,2.490000009536743,2.5399999618530273
2019-01-31,3451600,2.5899999141693115,2.5299999713897705,2.6600000858306885,2.4700000286102295,2.5299999713897705
2019-01-30,3738900,2.5199999809265137,2.609999895095825,2.619999885559082,2.4800000190734863,2.609999895095825
2019-01-29,3188600,2.549999952316284,2.5,2.569999933242798,2.4700000286102295,2.5
2019-01-28,3370100,2.5199999809265137,2.5,2.609999895095825,2.4800000190734863,2.5
2019-01-25,6954800,2.609999895095825,2.630000114440918,2.680000066757202,2.490000009536743,2.630000114440918
2019-01-24,6460300,2.609999895095825,2.569999933242798,2.6600000858306885,2.450000047683716,2.569999933242798
2019-01-23,4199300,2.7100000381469727,2.630000114440918,2.7799999713897705,2.609999895095825,2.630000114440918
2019-01-22,5465600,2.8499999046325684,2.640000104904175,2.8499999046325684,2.619999885559082,2.640000104904175
2019-01-18,8372300,2.5999999046325684,2.799999952316284,2.8499999046325684,2.5999999046325684,2.799999952316284
2019-01-17,3615700,2.5199999809265137,2.569999933242798,2.5999999046325684,2.5,2.569999933242798
2019-01-16,5010200,2.5199999809265137,2.609999895095825,2.619999885559082,2.490000009536743,2.609999895095825
2019-01-15,4649400,2.430000066757202,2.5,2.5799999237060547,2.430000066757202,2.5
2019-01-14,3929600,2.4600000381469727,2.4200000762939453,2.5,2.380000114440918,2.4200000762939453
2019-01-11,5010700,2.6700000762939453,2.5,2.6700000762939453,2.4600000381469727,2.5
2019-01-10,3031400,2.7200000286102295,2.700000047683716,2.759999990463257,2.5999999046325684,2.700000047683716
2019-01-09,4092000,2.8499999046325684,2.75,2.8499999046325684,2.6700000762939453,2.75
2019-01-08,6636700,2.809999942779541,2.7200000286102295,2.8399999141693115,2.640000104904175,2.7200000286102295
2019-01-07,4273300,2.7799999713897705,2.75,2.8299999237060547,2.6600000858306885,2.75
2019-01-04,4853400,2.5,2.7100000381469727,2.740000009536743,2.4800000190734863,2.7100000381469727
2019-01-03,2803500,2.450000047683716,2.440000057220459,2.490000009536743,2.3299999237060547,2.440000057220459
2019-01-02,3543500,2.2100000381469727,2.450000047683716,2.450000047683716,2.1600000858306885,2.450000047683716
2018-12-31,3559100,2.369999885559082,2.259999990463257,2.369999885559082,2.2100000381469727,2.259999990463257
2018-12-28,4138500,2.3299999237060547,2.299999952316284,2.4100000858306885,2.2899999618530273,2.299999952316284
2018-12-27,4733400,2.259999990463257,2.2799999713897705,2.309999942779541,2.1600000858306885,2.2799999713897705
2018-12-26,5308800,2.0,2.309999942779541,2.309999942779541,1.899999976158142,2.309999942779541
2018-12-24,3692600,1.940000057220459,1.9500000476837158,2.059999942779541,1.8700000047683716,1.9500000476837158
2018-12-21,7178600,2.119999885559082,2.0299999713897705,2.190000057220459,2.0199999809265137,2.0299999713897705
2018-12-20,6253700,2.180000066757202,2.1500000953674316,2.25,2.0899999141693115,2.1500000953674316
2018-12-19,7425400,2.1600000858306885,2.2200000286102295,2.359999895095825,2.1600000858306885,2.2200000286102295
2018-12-18,5178400,2.2799999713897705,2.1600000858306885,2.309999942779541,2.1600000858306885,2.1600000858306885
2018-12-17,6727700,2.3499999046325684,2.2799999713897705,2.450000047683716,2.259999990463257,2.2799999713897705
2018-12-14,6663000,2.4800000190734863,2.390000104904175,2.609999895095825,2.3499999046325684,2.390000104904175
2018-12-13,4190100,2.4800000190734863,2.5,2.549999952316284,2.4200000762939453,2.5
2018-12-12,8400800,2.359999895095825,2.490000009536743,2.5399999618530273,2.359999895095825,2.490000009536743
2018-12-11,3357600,2.319999933242798,2.309999942779541,2.359999895095825,2.2300000190734863,2.309999942779541
2018-12-10,4221900,2.359999895095825,2.25,2.4200000762939453,2.2100000381469727,2.25
2018-12-07,6165000,2.559999942779541,2.4100000858306885,2.6500000953674316,2.380000114440918,2.4100000858306885
2018-12-06,5363500,2.440000057220459,2.450000047683716,2.5199999809265137,2.3399999141693115,2.450000047683716
2018-12-04,5220600,2.799999952316284,2.5799999237060547,2.8299999237060547,2.549999952316284,2.5799999237060547
2018-12-03,4779600,2.700000047683716,2.75,2.7799999713897705,2.5999999046325684,2.75
2018-11-30,5147700,2.5899999141693115,2.5399999618530273,2.630000114440918,2.450000047683716,2.5399999618530273
2018-11-29,2953400,2.6500000953674316,2.6500000953674316,2.740000009536743,2.569999933242798,2.6500000953674316
2018-11-28,5105100,2.5299999713897705,2.6500000953674316,2.680000066757202,2.4700000286102295,2.6500000953674316
2018-11-27,4622000,2.630000114440918,2.559999942779541,2.759999990463257,2.5299999713897705,2.559999942779541
2018-11-26,3025300,2.509999990463257,2.5999999046325684,2.619999885559082,2.509999990463257,2.5999999046325684
2018-11-23,3426300,2.5,2.490000009536743,2.619999885559082,2.4600000381469727,2.490000009536743
2018-11-21,3895600,2.6700000762939453,2.690000057220459,2.7200000286102295,2.559999942779541,2.690000057220459
2018-11-20,4545100,2.690000057220459,2.559999942779541,2.700000047683716,2.5199999809265137,2.559999942779541
2018-11-19,5308500,2.799999952316284,2.759999990463257,2.930000066757202,2.7100000381469727,2.759999990463257
2018-11-16,3935000,2.8399999141693115,2.8499999046325684,2.940000057220459,2.7200000286102295,2.8499999046325684
2018-11-15,3202800,2.7200000286102295,2.799999952316284,2.799999952316284,2.6500000953674316,2.799999952316284
2018-11-14,4734300,2.690000057220459,2.6500000953674316,2.7799999713897705,2.559999942779541,2.6500000953674316
2018-11-13,4632700,2.7899999618530273,2.630000114440918,2.880000114440918,2.5799999237060547,2.630000114440918
2018-11-12,6888100,3.069999933242798,2.799999952316284,3.1500000953674316,2.759999990463257,2.799999952316284
2018-11-09,6428500,2.940000057220459,3.0399999618530273,3.140000104904175,2.759999990463257,3.0399999618530273
2018-11-08,6285700,3.130000114440918,2.9800000190734863,3.200000047683716,2.859999895095825,2.9800000190734863
2018-11-07,7293200,3.059999942779541,3.1500000953674316,3.180000066757202,2.9600000381469727,3.1500000953674316
2018-11-06,5603300,2.990000009536743,2.9800000190734863,3.059999942779541,2.859999895095825,2.9800000190734863
2018-11-05,3779100,2.930000066757202,2.940000057220459,2.990000009536743,2.819999933242798,2.940000057220459
2018-11-02,5013700,2.869999885559082,2.869999885559082,3.0,2.75,2.869999885559082
2018-11-01,4600900,2.9800000190734863,2.930000066757202,3.049999952316284,2.819999933242798,2.930000066757202
2018-10-31,5937500,3.009999990463257,2.940000057220459,3.119999885559082,2.9000000953674316,2.940000057220459
2018-10-30,6887200,2.7300000190734863,2.9200000762939453,2.930000066757202,2.569999933242798,2.9200000762939453
2018-10-29,6121800,3.049999952316284,2.75,3.069999933242798,2.7200000286102295,2.75
2018-10-26,3854200,3.059999942779541,3.009999990463257,3.119999885559082,2.8499999046325684,3.009999990463257
2018-10-25,4440500,3.1500000953674316,3.119999885559082,3.1500000953674316,3.0199999809265137,3.119999885559082
2018-10-24,5204800,3.299999952316284,3.0299999713897705,3.380000114440918,3.0299999713897705,3.0299999713897705
2018-10-23,3843800,3.369999885559082,3.25,3.4100000858306885,3.25,3.25
2018-10-22,2720200,3.5999999046325684,3.509999990463257,3.5999999046325684,3.450000047683716,3.509999990463257
2018-10-19,3421300,3.559999942779541,3.619999885559082,3.740000009536743,3.559999942779541,3.619999885559082
2018-10-18,3983900,3.440000057220459,3.5399999618530273,3.6600000858306885,3.4200000762939453,3.5399999618530273
2018-10-17,3882300,3.8299999237060547,3.6600000858306885,3.859999895095825,3.5799999237060547,3.6600000858306885
2018-10-16,3101500,3.740000009536743,3.869999885559082,3.890000104904175,3.680000066757202,3.869999885559082
2018-10-15,2674100,3.759999990463257,3.75,3.8399999141693115,3.700000047683716,3.75
2018-10-12,6029900,3.680000066757202,3.7300000190734863,3.7699999809265137,3.569999933242798,3.7300000190734863
2018-10-11,5799300,3.759999990463257,3.4700000286102295,3.799999952316284,3.4700000286102295,3.4700000286102295
2018-10-10,6860800,4.019999980926514,3.7899999618530273,4.059999942779541,3.759999990463257,3.7899999618530273
2018-10-09,5023400,4.039999961853027,4.070000171661377,4.190000057220459,3.950000047683716,4.070000171661377
2018-10-08,4661600,3.9800000190734863,4.010000228881836,4.159999847412109,3.869999885559082,4.010000228881836
2018-10-05,9155600,4.210000038146973,4.059999942779541,4.289999961853027,3.859999895095825,4.059999942779541
2018-10-04,4761900,4.309999942779541,4.170000076293945,4.400000095367432,4.170000076293945,4.170000076293945
2018-10-03,6334200,4.230000019073486,4.329999923706055,4.369999885559082,4.130000114440918,4.329999923706055
2018-10-02,6521900,4.46999979019165,4.190000057220459,4.489999771118164,4.159999847412109,4.190000057220459
2018-10-01,7849400,4.03000020980835,4.289999961853027,4.320000171661377,3.9700000286102295,4.289999961853027
2018-09-28,4565500,3.930000066757202,4.0,4.070000171661377,3.9200000762939453,4.0
2018-09-27,5468700,3.9100000858306885,3.9700000286102295,4.099999904632568,3.9100000858306885,3.9700000286102295
2018-09-26,6520600,3.950000047683716,3.940000057220459,4.039999961853027,3.9100000858306885,3.940000057220459
2018-09-25,9607600,3.8499999046325684,3.940000057220459,4.090000152587891,3.819999933242798,3.940000057220459
2018-09-24,6855400,3.7300000190734863,3.819999933242798,3.869999885559082,3.5799999237060547,3.819999933242798
2018-09-21,22317100,3.5999999046325684,3.690000057220459,3.7799999713897705,3.5799999237060547,3.690000057220459
2018-09-20,4263500,3.5,3.5899999141693115,3.619999885559082,3.490000009536743,3.5899999141693115
2018-09-19,5593300,3.509999990463257,3.5399999618530273,3.549999952316284,3.450000047683716,3.5399999618530273
2018-09-18,3949600,3.450000047683716,3.509999990463257,3.509999990463257,3.4200000762939453,3.509999990463257
2018-09-17,4382500,3.5,3.440000057220459,3.5299999713897705,3.4100000858306885,3.440000057220459
2018-09-14,4466900,3.380000114440918,3.4800000190734863,3.5,3.319999933242798,3.4800000190734863
2018-09-13,4071000,3.4000000953674316,3.359999895095825,3.4200000762939453,3.2799999713897705,3.359999895095825
2018-09-12,5657000,3.299999952316284,3.4100000858306885,3.430000066757202,3.259999990463257,3.4100000858306885
2018-09-11,3032000,3.0999999046325684,3.1700000762939453,3.259999990463257,3.0199999809265137,3.1700000762939453
2018-09-10,2739700,3.069999933242798,3.130000114440918,3.190000057220459,3.069999933242798,3.130000114440918
2018-09-07,3489700,3.1500000953674316,3.059999942779541,3.1500000953674316,2.990000009536743,3.059999942779541
2018-09-06,5283800,3.319999933242798,3.1700000762939453,3.3399999141693115,3.0899999141693115,3.1700000762939453
2018-09-05,3145700,3.299999952316284,3.309999942779541,3.380000114440918,3.240000009536743,3.309999942779541
2018-09-04,2706400,3.4800000190734863,3.4000000953674316,3.5,3.369999885559082,3.4000000953674316
2018-08-31,3361200,3.319999933242798,3.450000047683716,3.450000047683716,3.309999942779541,3.450000047683716
2018-08-30,5874400,3.4200000762939453,3.390000104904175,3.430000066757202,3.309999942779541,3.390000104904175
2018-08-29,4029000,3.3499999046325684,3.380000114440918,3.430000066757202,3.299999952316284,3.380000114440918
2018-08-28,3883000,3.4000000953674316,3.3299999237060547,3.4200000762939453,3.259999990463257,3.3299999237060547
2018-08-27,6159400,3.2899999618530273,3.440000057220459,3.440000057220459,3.2799999713897705,3.440000057220459
2018-08-24,3222700,3.4000000953674316,3.299999952316284,3.430000066757202,3.2899999618530273,3.299999952316284
2018-08-23,3982000,3.25,3.309999942779541,3.359999895095825,3.1500000953674316,3.309999942779541
2018-08-22,4617100,3.2100000381469727,3.309999942779541,3.319999933242798,3.1600000858306885,3.309999942779541
2018-08-21,5417400,3.049999952316284,3.140000104904175,3.2699999809265137,3.049999952316284,3.140000104904175
2018-08-20,4446700,2.809999942779541,3.009999990463257,3.0299999713897705,2.809999942779541,3.009999990463257
2018-08-17,4523100,2.799999952316284,2.869999885559082,2.9800000190734863,2.799999952316284,2.869999885559082
2018-08-16,4843200,2.6500000953674316,2.7799999713897705,2.8499999046325684,2.630000114440918,2.7799999713897705
2018-08-15,4936900,2.700000047683716,2.6700000762939453,2.700000047683716,2.559999942779541,2.6700000762939453
2018-08-14,8948100,3.059999942779541,2.7300000190734863,3.0799999237060547,2.6600000858306885,2.7300000190734863
2018-08-13,4486500,3.1500000953674316,3.049999952316284,3.200000047683716,2.9800000190734863,3.049999952316284
2018-08-10,2022400,3.3299999237060547,3.2300000190734863,3.3299999237060547,3.2100000381469727,3.2300000190734863
2018-08-09,7272100,3.3399999141693115,3.3299999237060547,3.3499999046325684,2.940000057220459,3.3299999237060547
2018-08-08,4094100,3.3299999237060547,3.309999942779541,3.3499999046325684,3.180000066757202,3.309999942779541
2018-08-07,4572500,3.4100000858306885,3.369999885559082,3.450000047683716,3.2699999809265137,3.369999885559082
2018-08-06,6068600,3.740000009536743,3.380000114440918,3.740000009536743,3.369999885559082,3.380000114440918
2018-08-03,3932800,3.5799999237060547,3.690000057220459,3.700000047683716,3.509999990463257,3.690000057220459
2018-08-02,3002700,3.6500000953674316,3.609999895095825,3.7200000286102295,3.549999952316284,3.609999895095825
2018-08-01,4536100,3.7100000381469727,3.690000057220459,3.7200000286102295,3.5199999809265137,3.690000057220459
2018-07-31,11508400,3.5899999141693115,3.7200000286102295,3.799999952316284,3.5199999809265137,3.7200000286102295
2018-07-30,3521800,3.2699999809265137,3.4200000762939453,3.430000066757202,3.240000009536743,3.4200000762939453
2018-07-27,3691000,3.319999933242798,3.25,3.359999895095825,3.190000057220459,3.25
2018-07-26,2528900,3.4000000953674316,3.3399999141693115,3.430000066757202,3.319999933242798,3.3399999141693115
2018-07-25,2531000,3.380000114440918,3.4000000953674316,3.450000047683716,3.3299999237060547,3.4000000953674316
2018-07-24,5319300,3.5199999809265137,3.380000114440918,3.549999952316284,3.380000114440918,3.380000114440918
2018-07-23,4178000,3.5,3.4600000381469727,3.5,3.380000114440918,3.4600000381469727
2018-07-20,2857800,3.4800000190734863,3.4200000762939453,3.5199999809265137,3.3499999046325684,3.4200000762939453
2018-07-19,5243100,3.450000047683716,3.450000047683716,3.490000009536743,3.369999885559082,3.450000047683716
2018-07-18,4216900,3.359999895095825,3.4200000762939453,3.440000057220459,3.1700000762939453,3.4200000762939453
2018-07-17,2339600,3.25,3.240000009536743,3.2699999809265137,3.119999885559082,3.240000009536743
2018-07-16,5103500,3.299999952316284,3.2699999809265137,3.319999933242798,3.109999895095825,3.2699999809265137
2018-07-13,3111000,3.440000057220459,3.4100000858306885,3.5,3.380000114440918,3.4100000858306885
2018-07-12,3228000,3.5199999809265137,3.4200000762939453,3.609999895095825,3.3499999046325684,3.4200000762939453
2018-07-11,6925800,3.5899999141693115,3.4100000858306885,3.6600000858306885,3.299999952316284,3.4100000858306885
2018-07-10,7695900,3.6500000953674316,3.6600000858306885,3.7300000190734863,3.509999990463257,3.6600000858306885
2018-07-09,4762300,3.25,3.509999990463257,3.509999990463257,3.2300000190734863,3.509999990463257
2018-07-06,3586900,3.130000114440918,3.2799999713897705,3.299999952316284,3.0999999046325684,3.2799999713897705
2018-07-05,4659800,3.2699999809265137,3.2100000381469727,3.309999942779541,3.0899999141693115,3.2100000381469727
2018-07-03,3713400,3.1600000858306885,3.2100000381469727,3.2699999809265137,3.109999895095825,3.2100000381469727
2018-07-02,8389600,3.2300000190734863,3.109999895095825,3.2699999809265137,2.950000047683716,3.109999895095825
2018-06-29,8891600,3.0,3.1500000953674316,3.1700000762939453,2.9800000190734863,3.1500000953674316
2018-06-28,4425200,2.950000047683716,2.950000047683716,2.9700000286102295,2.8499999046325684,2.950000047683716
2018-06-27,8364700,2.9100000858306885,2.890000104904175,3.0,2.809999942779541,2.890000104904175
2018-06-26,4078000,2.7100000381469727,2.809999942779541,2.8499999046325684,2.6500000953674316,2.809999942779541
2018-06-25,2978200,2.8499999046325684,2.7100000381469727,2.8499999046325684,2.700000047683716,2.7100000381469727
2018-06-22,14498600,2.799999952316284,2.7699999809265137,2.799999952316284,2.690000057220459,2.7699999809265137
2018-06-21,3862000,2.700000047683716,2.6500000953674316,2.740000009536743,2.5899999141693115,2.6500000953674316
2018-06-20,4080600,2.9100000858306885,2.75,2.9200000762939453,2.680000066757202,2.75
2018-06-19,2923500,2.7300000190734863,2.859999895095825,2.859999895095825,2.7300000190734863,2.859999895095825
2018-06-18,3535600,2.75,2.819999933242798,2.869999885559082,2.740000009536743,2.819999933242798
2018-06-15,6234800,2.799999952316284,2.7799999713897705,2.8399999141693115,2.700000047683716,2.7799999713897705
2018-06-14,3944100,2.9100000858306885,2.8399999141693115,2.940000057220459,2.7699999809265137,2.8399999141693115
2018-06-13,6406600,2.819999933242798,2.9000000953674316,2.9800000190734863,2.809999942779541,2.9000000953674316
2018-06-12,5499000,2.8499999046325684,2.809999942779541,3.0,2.7899999618530273,2.809999942779541
2018-06-11,5602300,2.6500000953674316,2.8499999046325684,2.890000104904175,2.6500000953674316,2.8499999046325684
2018-06-08,2396000,2.690000057220459,2.6600000858306885,2.7200000286102295,2.609999895095825,2.6600000858306885
2018-06-07,3236600,2.549999952316284,2.680000066757202,2.700000047683716,2.5199999809265137,2.680000066757202
2018-06-06,2406600,2.5,2.5,2.549999952316284,2.4000000953674316,2.5
2018-06-05,5073500,2.509999990463257,2.490000009536743,2.5999999046325684,2.380000114440918,2.490000009536743
2018-06-04,6020100,2.819999933242798,2.5399999618530273,2.819999933242798,2.5399999618530273,2.5399999618530273
2018-06-01,3492300,2.740000009536743,2.700000047683716,2.7899999618530273,2.6700000762939453,2.700000047683716
2018-05-31,2800400,2.819999933242798,2.7100000381469727,2.819999933242798,2.680000066757202,2.7100000381469727
2018-05-30,4180900,2.740000009536743,2.819999933242798,2.8499999046325684,2.7200000286102295,2.819999933242798
2018-05-29,2940200,2.6500000953674316,2.680000066757202,2.75,2.5999999046325684,2.680000066757202
2018-05-25,4866500,2.75,2.7300000190734863,2.759999990463257,2.5,2.7300000190734863
2018-05-24,5483400,2.7799999713897705,2.809999942779541,2.890000104904175,2.7200000286102295,2.809999942779541
2018-05-23,3929500,2.640000104904175,2.690000057220459,2.7100000381469727,2.509999990463257,2.690000057220459
2018-05-22,5094200,2.7300000190734863,2.630000114440918,2.740000009536743,2.549999952316284,2.630000114440918
2018-05-21,8253300,2.5,2.619999885559082,2.740000009536743,2.440000057220459,2.619999885559082
2018-05-18,3806700,2.4600000381469727,2.4100000858306885,2.5,2.359999895095825,2.4100000858306885
2018-05-17,5459200,2.390000104904175,2.4000000953674316,2.450000047683716,2.3299999237060547,2.4000000953674316
2018-05-16,3358500,2.1600000858306885,2.2899999618530273,2.2899999618530273,2.1600000858306885,2.2899999618530273
2018-05-15,3329100,2.240000009536743,2.2100000381469727,2.25,2.130000114440918,2.2100000381469727
2018-05-14,3167300,2.2799999713897705,2.2100000381469727,2.2799999713897705,2.109999895095825,2.2100000381469727
2018-05-11,2621500,2.25,2.25,2.2899999618530273,2.200000047683716,2.25
2018-05-10,3176800,2.25,2.2300000190734863,2.2699999809265137,2.109999895095825,2.2300000190734863
2018-05-09,5927500,2.1500000953674316,2.190000057220459,2.259999990463257,2.0799999237060547,2.190000057220459
2018-05-08,4299500,1.909999966621399,2.009999990463257,2.0299999713897705,1.8600000143051147,2.009999990463257
2018-05-07,6447800,1.940000057220459,1.8799999952316284,2.0,1.809999942779541,1.8799999952316284
2018-05-04,1885400,1.7000000476837158,1.75,1.75,1.649999976158142,1.75
2018-05-03,1010600,1.659999966621399,1.6799999475479126,1.690000057220459,1.649999976158142,1.6799999475479126
2018-05-02,928800,1.649999976158142,1.649999976158142,1.7000000476837158,1.649999976158142,1.649999976158142
2018-05-01,1506500,1.7000000476837158,1.690000057220459,1.7000000476837158,1.6100000143051147,1.690000057220459
2018-04-30,996400,1.6799999475479126,1.6699999570846558,1.7000000476837158,1.6200000047683716,1.6699999570846558
2018-04-27,1155700,1.6699999570846558,1.659999966621399,1.6699999570846558,1.6100000143051147,1.659999966621399
2018-04-26,1578500,1.659999966621399,1.659999966621399,1.690000057220459,1.600000023841858,1.659999966621399
2018-04-25,1767500,1.649999976158142,1.6299999952316284,1.649999976158142,1.5299999713897705,1.6299999952316284
2018-04-24,2339700,1.7200000286102295,1.6299999952316284,1.7300000190734863,1.5800000429153442,1.6299999952316284
2018-04-23,1116200,1.75,1.7200000286102295,1.75,1.6699999570846558,1.7200000286102295
2018-04-20,3072100,1.7300000190734863,1.7100000381469727,1.7899999618530273,1.7000000476837158,1.7100000381469727
2018-04-19,3011800,1.840000033378601,1.7699999809265137,1.8899999856948853,1.7400000095367432,1.7699999809265137
2018-04-18,3682100,1.7000000476837158,1.7799999713897705,1.809999942779541,1.6799999475479126,1.7799999713897705
2018-04-17,1369600,1.659999966621399,1.6699999570846558,1.690000057220459,1.6399999856948853,1.6699999570846558
2018-04-16,1483500,1.659999966621399,1.649999976158142,1.690000057220459,1.600000023841858,1.649999976158142
2018-04-13,2740500,1.75,1.6399999856948853,1.75,1.6200000047683716,1.6399999856948853
2018-04-12,3278800,1.6299999952316284,1.690000057220459,1.7300000190734863,1.600000023841858,1.690000057220459
2018-04-11,4005200,1.590000033378601,1.6200000047683716,1.6200000047683716,1.559999942779541,1.6200000047683716
2018-04-10,3516100,1.5399999618530273,1.559999942779541,1.590000033378601,1.5,1.559999942779541
2018-04-09,3070700,1.5800000429153442,1.5,1.5800000429153442,1.5,1.5
2018-04-06,14844000,1.5499999523162842,1.4800000190734863,1.5499999523162842,1.4700000286102295,1.4800000190734863
2018-04-05,2271200,1.7000000476837158,1.7300000190734863,1.8600000143051147,1.690000057220459,1.7300000190734863
2018-04-04,1278100,1.8899999856948853,1.899999976158142,2.0,1.8799999952316284,1.899999976158142
2018-04-03,1893300,1.899999976158142,1.9199999570846558,2.0299999713897705,1.8799999952316284,1.9199999570846558
2018-04-02,1623100,2.0,1.8700000047683716,2.0899999141693115,1.8700000047683716,1.8700000047683716
2018-03-29,1471900,1.9199999570846558,1.9800000190734863,2.009999990463257,1.8700000047683716,1.9800000190734863
2018-03-28,2039100,1.850000023841858,1.8700000047683716,1.9199999570846558,1.7899999618530273,1.8700000047683716
2018-03-27,2521800,1.8799999952316284,1.7799999713897705,1.9500000476837158,1.75,1.7799999713897705
2018-03-26,1609300,1.850000023841858,1.809999942779541,1.850000023841858,1.7200000286102295,1.809999942779541
2018-03-23,3437900,1.850000023841858,1.7699999809265137,1.8700000047683716,1.7400000095367432,1.7699999809265137
2018-03-22,4037000,1.850000023841858,1.7200000286102295,1.850000023841858,1.690000057220459,1.7200000286102295
2018-03-21,4232300,1.8300000429153442,1.8600000143051147,1.9500000476837158,1.75,1.8600000143051147
2018-03-20,5118700,2.0,1.75,2.0199999809265137,1.7200000286102295,1.75
2018-03-19,3152700,2.190000057220459,2.299999952316284,2.319999933242798,2.119999885559082,2.299999952316284
2018-03-16,871900,2.049999952316284,2.0899999141693115,2.1500000953674316,2.0199999809265137,2.0899999141693115
2018-03-15,391900,2.0999999046325684,2.059999942779541,2.109999895095825,2.049999952316284,2.059999942779541
2018-03-14,490100,2.0999999046325684,2.0999999046325684,2.109999895095825,2.0399999618530273,2.0999999046325684
2018-03-13,572800,2.0799999237060547,2.109999895095825,2.109999895095825,2.0199999809265137,2.109999895095825
2018-03-12,826900,2.119999885559082,2.059999942779541,2.1500000953674316,2.0199999809265137,2.059999942779541
2018-03-09,601400,2.119999885559082,2.109999895095825,2.119999885559082,2.0399999618530273,2.109999895095825
2018-03-08,882100,2.1700000762939453,2.0799999237060547,2.180000066757202,2.059999942779541,2.0799999237060547
2018-03-07,1065200,2.0399999618530273,2.1500000953674316,2.1600000858306885,2.009999990463257,2.1500000953674316
2018-03-06,2139400,2.200000047683716,2.069999933242798,2.240000009536743,1.9600000381469727,2.069999933242798
2018-03-05,1034700,2.180000066757202,2.1500000953674316,2.200000047683716,2.0799999237060547,2.1500000953674316
2018-03-02,1010400,2.1500000953674316,2.0899999141693115,2.180000066757202,2.049999952316284,2.0899999141693115
2018-03-01,1679200,2.0399999618530273,2.200000047683716,2.2699999809265137,2.0399999618530273,2.200000047683716
2018-02-28,996900,2.1500000953674316,2.069999933242798,2.1500000953674316,2.0299999713897705,2.069999933242798
2018-02-27,1306900,2.0799999237060547,2.0999999046325684,2.240000009536743,2.049999952316284,2.0999999046325684
2018-02-26,1039000,2.069999933242798,2.0999999046325684,2.109999895095825,1.9500000476837158,2.0999999046325684
2018-02-23,2163400,1.9299999475479126,2.049999952316284,2.1700000762939453,1.899999976158142,2.049999952316284
2018-02-22,2012200,1.9900000095367432,2.0999999046325684,2.0999999046325684,1.9199999570846558,2.0999999046325684
2018-02-21,978600,1.899999976158142,1.909999966621399,2.009999990463257,1.8700000047683716,1.909999966621399
2018-02-20,1149200,1.909999966621399,1.850000023841858,2.0299999713897705,1.8200000524520874,1.850000023841858
2018-02-16,1113900,1.75,1.899999976158142,1.9199999570846558,1.75,1.899999976158142
2018-02-15,778900,1.9199999570846558,1.7999999523162842,1.9199999570846558,1.7000000476837158,1.7999999523162842
2018-02-14,897900,1.690000057220459,1.8200000524520874,1.899999976158142,1.6799999475479126,1.8200000524520874
2018-02-13,1022200,1.7999999523162842,1.7200000286102295,1.8200000524520874,1.7100000381469727,1.7200000286102295
2018-02-12,1748500,1.6799999475479126,1.8200000524520874,1.909999966621399,1.6799999475479126,1.8200000524520874
2018-02-09,1862700,1.600000023841858,1.6399999856948853,1.7400000095367432,1.5,1.6399999856948853
2018-02-08,1657600,1.7999999523162842,1.6200000047683716,1.7999999523162842,1.600000023841858,1.6200000047683716
2018-02-07,2424500,1.9800000190734863,1.7999999523162842,2.009999990463257,1.7000000476837158,1.7999999523162842
2018-02-06,2354200,1.909999966621399,2.0,2.0999999046325684,1.8700000047683716,2.0
2018-02-05,1494200,2.109999895095825,2.0999999046325684,2.2100000381469727,2.0399999618530273,2.0999999046325684
2018-02-02,2490500,2.25,2.2100000381469727,2.25,2.130000114440918,2.2100000381469727
2018-02-01,3843600,2.0999999046325684,2.2899999618530273,2.380000114440918,2.049999952316284,2.2899999618530273
2018-01-31,1659800,2.059999942779541,1.9900000095367432,2.130000114440918,1.899999976158142,1.9900000095367432
2018-01-30,1963700,2.2799999713897705,2.0199999809265137,2.2799999713897705,2.0,2.0199999809265137
2018-01-29,2141200,2.259999990463257,2.2899999618530273,2.4000000953674316,2.130000114440918,2.2899999618530273
2018-01-26,4025900,2.5,2.0799999237060547,2.5399999618530273,2.049999952316284,2.0799999237060547
2018-01-25,1511400,2.619999885559082,2.509999990463257,2.619999885559082,2.430000066757202,2.509999990463257
2018-01-24,989400,2.5199999809265137,2.569999933242798,2.619999885559082,2.5,2.569999933242798
2018-01-23,1418200,2.6500000953674316,2.559999942779541,2.6500000953674316,2.5199999809265137,2.559999942779541
2018-01-22,821800,2.5899999141693115,2.609999895095825,2.6700000762939453,2.4700000286102295,2.609999895095825
2018-01-19,1187900,2.549999952316284,2.569999933242798,2.5999999046325684,2.450000047683716,2.569999933242798
2018-01-18,1087000,2.690000057220459,2.5799999237060547,2.700000047683716,2.569999933242798,2.5799999237060547
2018-01-17,1633400,2.740000009536743,2.690000057220459,2.759999990463257,2.569999933242798,2.690000057220459
2018-01-16,2450200,2.9600000381469727,2.7200000286102295,2.9600000381469727,2.609999895095825,2.7200000286102295
2018-01-12,2065400,2.9200000762939453,2.9100000858306885,2.9700000286102295,2.75,2.9100000858306885
2018-01-11,4162300,2.569999933242798,2.890000104904175,2.930000066757202,2.569999933242798,2.890000104904175
2018-01-10,1030800,2.549999952316284,2.5299999713897705,2.619999885559082,2.4700000286102295,2.5299999713897705
2018-01-09,1919700,2.549999952316284,2.5,2.640000104904175,2.4700000286102295,2.5
2018-01-08,2634900,2.440000057220459,2.569999933242798,2.7300000190734863,2.390000104904175,2.569999933242798
2018-01-05,2623900,2.5399999618530273,2.4200000762939453,2.5399999618530273,2.25,2.4200000762939453
2018-01-04,2056100,2.5,2.5299999713897705,2.569999933242798,2.3499999046325684,2.5299999713897705
2018-01-03,4145500,2.75,2.430000066757202,2.7899999618530273,2.299999952316284,2.430000066757202
2018-01-02,4237100,2.1500000953674316,2.5399999618530273,2.569999933242798,2.0899999141693115,2.5399999618530273
2017-12-29,4582600,1.909999966621399,2.049999952316284,2.0999999046325684,1.8600000143051147,2.049999952316284
2017-12-28,2007300,1.8300000429153442,1.8600000143051147,1.9500000476837158,1.8200000524520874,1.8600000143051147
2017-12-27,1503200,1.8899999856948853,1.809999942779541,1.8899999856948853,1.7699999809265137,1.809999942779541
2017-12-26,2231300,1.690000057220459,1.850000023841858,1.8600000143051147,1.6399999856948853,1.850000023841858
2017-12-22,1116000,1.7400000095367432,1.6799999475479126,1.75,1.649999976158142,1.6799999475479126
2017-12-21,3143000,1.590000033378601,1.7000000476837158,1.7400000095367432,1.5499999523162842,1.7000000476837158
2017-12-20,800400,1.6299999952316284,1.5800000429153442,1.659999966621399,1.5299999713897705,1.5800000429153442
2017-12-19,915600,1.649999976158142,1.6100000143051147,1.6799999475479126,1.5800000429153442,1.6100000143051147
2017-12-18,1110900,1.5,1.649999976158142,1.649999976158142,1.5,1.649999976158142
2017-12-15,1185200,1.600000023841858,1.5399999618530273,1.600000023841858,1.4700000286102295,1.5399999618530273
2017-12-14,803200,1.600000023841858,1.5700000524520874,1.659999966621399,1.5199999809265137,1.5700000524520874
2017-12-13,799900,1.7000000476837158,1.659999966621399,1.7100000381469727,1.6100000143051147,1.659999966621399
2017-12-12,943200,1.690000057220459,1.6799999475479126,1.7000000476837158,1.600000023841858,1.6799999475479126
2017-12-11,836600,1.7000000476837158,1.6799999475479126,1.75,1.6399999856948853,1.6799999475479126
2017-12-08,1128900,1.5,1.6200000047683716,1.659999966621399,1.5,1.6200000047683716
2017-12-07,1708900,1.4600000381469727,1.4700000286102295,1.7100000381469727,1.4500000476837158,1.4700000286102295
2017-12-06,2466400,1.7699999809265137,1.4800000190734863,1.7699999809265137,1.4600000381469727,1.4800000190734863
2017-12-05,1312900,1.6799999475479126,1.7699999809265137,1.809999942779541,1.659999966621399,1.7699999809265137
2017-12-04,1285300,1.75,1.6699999570846558,1.7799999713897705,1.6399999856948853,1.6699999570846558
2017-12-01,3733300,1.8700000047683716,1.7200000286102295,1.9800000190734863,1.5499999523162842,1.7200000286102295
2017-11-30,4408700,1.4199999570846558,1.7000000476837158,1.9299999475479126,1.4199999570846558,1.7000000476837158
2017-11-29,1163300,1.3899999856948853,1.399999976158142,1.4700000286102295,1.309999942779541,1.399999976158142
2017-11-28,2861300,1.5800000429153442,1.409999966621399,1.5800000429153442,1.2999999523162842,1.409999966621399
2017-11-27,4473700,1.3200000524520874,1.5,1.6399999856948853,1.2999999523162842,1.5
2017-11-24,843800,1.25,1.2400000095367432,1.2599999904632568,1.2000000476837158,1.2400000095367432
2017-11-22,1282100,1.149999976158142,1.1799999475479126,1.2100000381469727,1.1100000143051147,1.1799999475479126
2017-11-21,701400,1.1200000047683716,1.1100000143051147,1.1699999570846558,1.0099999904632568,1.1100000143051147
2017-11-20,580600,1.1399999856948853,1.1200000047683716,1.2000000476837158,1.0800000429153442,1.1200000047683716
2017-11-17,542900,1.100000023841858,1.1399999856948853,1.159999966621399,1.090000033378601,1.1399999856948853
2017-11-16,465900,1.0399999618530273,1.090000033378601,1.1200000047683716,1.0399999618530273,1.090000033378601
2017-11-15,728000,1.0499999523162842,1.059999942779541,1.1100000143051147,1.0099999904632568,1.059999942779541
2017-11-14,880000,1.2100000381469727,1.1200000047683716,1.2100000381469727,1.059999942779541,1.1200000047683716
2017-11-13,807300,1.149999976158142,1.1799999475479126,1.2200000286102295,1.1299999952316284,1.1799999475479126
2017-11-10,1174200,1.2000000476837158,1.1699999570846558,1.2599999904632568,1.149999976158142,1.1699999570846558
2017-11-09,1211700,1.2699999809265137,1.2000000476837158,1.2799999713897705,1.1100000143051147,1.2000000476837158
2017-11-08,1590900,1.2899999618530273,1.2000000476837158,1.3200000524520874,1.149999976158142,1.2000000476837158
2017-11-07,2649200,1.409999966621399,1.2999999523162842,1.440000057220459,1.2000000476837158,1.2999999523162842
2017-11-06,4693100,1.0299999713897705,1.340000033378601,1.3600000143051147,1.0099999904632568,1.340000033378601
2017-11-03,1040600,0.949999988079071,1.0099999904632568,1.0499999523162842,0.9399999976158142,1.0099999904632568
2017-11-02,5279000,0.8999999761581421,0.9599999785423279,1.0800000429153442,0.8700000047683716,0.9599999785423279
2017-11-01,1036800,0.8399999737739563,0.8199999928474426,0.8899999856948853,0.800000011920929,0.8199999928474426
2017-10-31,1678500,0.7400000095367432,0.800000011920929,0.8500000238418579,0.7200000286102295,0.800000011920929
2017-10-30,568900,0.6800000071525574,0.7099999785423279,0.75,0.6600000262260437,0.7099999785423279
2017-10-27,435700,0.6800000071525574,0.6600000262260437,0.699999988079071,0.6399999856948853,0.6600000262260437
2017-10-26,486100,0.6499999761581421,0.6600000262260437,0.6700000166893005,0.6299999952316284,0.6600000262260437
2017-10-25,469000,0.6800000071525574,0.6499999761581421,0.6899999976158142,0.6399999856948853,0.6499999761581421
2017-10-24,351900,0.6800000071525574,0.6800000071525574,0.6899999976158142,0.6499999761581421,0.6800000071525574
2017-10-23,501800,0.6899999976158142,0.6700000166893005,0.699999988079071,0.6499999761581421,0.6700000166893005
2017-10-20,388900,0.7099999785423279,0.7099999785423279,0.7200000286102295,0.6800000071525574,0.7099999785423279
2017-10-19,867200,0.7200000286102295,0.7099999785423279,0.7200000286102295,0.6600000262260437,0.7099999785423279
2017-10-18,1144200,0.75,0.7099999785423279,0.7699999809265137,0.6800000071525574,0.7099999785423279
2017-10-17,653400,0.7599999904632568,0.7400000095367432,0.7699999809265137,0.7200000286102295,0.7400000095367432
2017-10-16,934700,0.7699999809265137,0.7699999809265137,0.800000011920929,0.7400000095367432,0.7699999809265137
2017-10-13,643200,0.8199999928474426,0.7699999809265137,0.8500000238418579,0.7599999904632568,0.7699999809265137
2017-10-12,557600,0.8500000238418579,0.8100000023841858,0.8600000143051147,0.800000011920929,0.8100000023841858
2017-10-11,426400,0.8600000143051147,0.8500000238418579,0.8899999856948853,0.8100000023841858,0.8500000238418579
2017-10-10,478700,0.8899999856948853,0.8600000143051147,0.9200000166893005,0.8500000238418579,0.8600000143051147
2017-10-09,260100,0.8700000047683716,0.8600000143051147,0.9100000262260437,0.8500000238418579,0.8600000143051147
2017-10-06,420000,0.9399999976158142,0.8700000047683716,0.9399999976158142,0.8600000143051147,0.8700000047683716
2017-10-05,279100,0.9100000262260437,0.9300000071525574,0.949999988079071,0.8999999761581421,0.9300000071525574
2017-10-04,199000,1.0,0.9300000071525574,1.0,0.9200000166893005,0.9300000071525574
2017-10-03,421600,0.9399999976158142,0.9800000190734863,1.0099999904632568,0.9300000071525574,0.9800000190734863
2017-10-02,327300,0.9100000262260437,0.949999988079071,0.949999988079071,0.8899999856948853,0.949999988079071
2017-09-29,367200,0.9900000095367432,0.8999999761581421,0.9900000095367432,0.8999999761581421,0.8999999761581421
2017-09-28,388600,0.9700000286102295,0.9900000095367432,1.0099999904632568,0.9700000286102295,0.9900000095367432
2017-09-27,943100,1.100000023841858,0.9700000286102295,1.100000023841858,0.8999999761581421,0.9700000286102295
2017-09-26,1243600,0.949999988079071,1.0499999523162842,1.090000033378601,0.9100000262260437,1.0499999523162842
2017-09-25,861700,0.8500000238418579,0.9399999976158142,0.9700000286102295,0.8500000238418579,0.9399999976158142
2017-09-22,449600,0.800000011920929,0.8500000238418579,0.8500000238418579,0.800000011920929,0.8500000238418579
2017-09-21,365500,0.8500000238418579,0.8199999928474426,0.8600000143051147,0.7799999713897705,0.8199999928474426
2017-09-20,574100,0.8500000238418579,0.8399999737739563,0.8700000047683716,0.8100000023841858,0.8399999737739563
2017-09-19,226500,0.8500000238418579,0.8399999737739563,0.8600000143051147,0.800000011920929,0.8399999737739563
2017-09-18,462000,0.8199999928474426,0.8399999737739563,0.8399999737739563,0.7799999713897705,0.8399999737739563
2017-09-15,1149900,0.800000011920929,0.8500000238418579,0.8500000238418579,0.7699999809265137,0.8500000238418579
2017-09-14,668400,0.75,0.7699999809265137,0.800000011920929,0.7400000095367432,0.7699999809265137
2017-09-13,499200,0.75,0.7599999904632568,0.7699999809265137,0.7200000286102295,0.7599999904632568
2017-09-12,308000,0.7400000095367432,0.7400000095367432,0.7599999904632568,0.699999988079071,0.7400000095367432
2017-09-11,581600,0.7400000095367432,0.7200000286102295,0.7699999809265137,0.6600000262260437,0.7200000286102295
2017-09-08,689200,0.800000011920929,0.7400000095367432,0.8199999928474426,0.7300000190734863,0.7400000095367432
2017-09-07,470100,0.8199999928474426,0.7900000214576721,0.8399999737739563,0.7699999809265137,0.7900000214576721
2017-09-06,449200,0.8399999737739563,0.8100000023841858,0.8600000143051147,0.800000011920929,0.8100000023841858
2017-09-05,765600,0.8600000143051147,0.8100000023841858,0.8999999761581421,0.7599999904632568,0.8100000023841858
2017-09-01,471100,0.8500000238418579,0.8600000143051147,0.8999999761581421,0.8100000023841858,0.8600000143051147
2017-08-31,998600,0.8199999928474426,0.8500000238418579,0.8999999761581421,0.8199999928474426,0.8500000238418579
2017-08-30,593000,0.8100000023841858,0.8199999928474426,0.8299999833106995,0.800000011920929,0.8199999928474426
2017-08-29,1068600,0.8500000238418579,0.8299999833106995,0.8899999856948853,0.7699999809265137,0.8299999833106995
2017-08-28,1277600,0.949999988079071,0.8700000047683716,0.9700000286102295,0.8500000238418579,0.8700000047683716
2017-08-25,1226400,0.9800000190734863,0.9300000071525574,1.0099999904632568,0.9100000262260437,0.9300000071525574
2017-08-24,1405200,0.9800000190734863,0.9900000095367432,1.0099999904632568,0.9800000190734863,0.9900000095367432
2017-08-23,843700,0.9800000190734863,0.9900000095367432,1.0399999618530273,0.9700000286102295,0.9900000095367432
2017-08-22,470700,0.9900000095367432,1.0,1.0199999809265137,0.9800000190734863,1.0
2017-08-21,872900,1.0,1.0,1.0099999904632568,0.9599999785423279,1.0
2017-08-18,341600,0.9700000286102295,1.0099999904632568,1.0099999904632568,0.949999988079071,1.0099999904632568
2017-08-17,773800,1.0099999904632568,0.9800000190734863,1.0099999904632568,0.949999988079071,0.9800000190734863
2017-08-16,493000,1.0,0.9900000095367432,1.0199999809265137,0.949999988079071,0.9900000095367432
2017-08-15,235100,1.0,0.9900000095367432,1.0199999809265137,0.9800000190734863,0.9900000095367432
2017-08-14,507800,1.0499999523162842,1.0099999904632568,1.0499999523162842,0.9700000286102295,1.0099999904632568
2017-08-11,570200,1.0,1.0099999904632568,1.0399999618530273,0.9800000190734863,1.0099999904632568
2017-08-10,1106900,0.949999988079071,0.9800000190734863,0.9800000190734863,0.8500000238418579,0.9800000190734863
2017-08-09,1033400,1.0499999523162842,0.949999988079071,1.100000023841858,0.949999988079071,0.949999988079071
2017-08-08,3145100,1.0499999523162842,1.0,1.0800000429153442,0.9399999976158142,1.0
2017-08-07,6506200,1.149999976158142,1.0,1.149999976158142,1.0,1.0
2017-08-04,854500,1.149999976158142,1.2000000476837158,1.2000000476837158,1.149999976158142,1.2000000476837158
2017-08-03,878200,1.149999976158142,1.149999976158142,1.2000000476837158,1.100000023841858,1.149999976158142
2017-08-02,512000,1.149999976158142,1.2000000476837158,1.2000000476837158,1.100000023841858,1.2000000476837158
2017-08-01,1192100,1.2000000476837158,1.149999976158142,1.25,1.100000023841858,1.149999976158142
2017-07-31,294000,1.2999999523162842,1.25,1.2999999523162842,1.25,1.25
2017-07-28,231700,1.2999999523162842,1.2999999523162842,1.350000023841858,1.25,1.2999999523162842
2017-07-27,505000,1.25,1.350000023841858,1.350000023841858,1.25,1.350000023841858
2017-07-26,1651500,1.2000000476837158,1.2999999523162842,1.4500000476837158,1.149999976158142,1.2999999523162842
2017-07-25,966800,1.25,1.149999976158142,1.2999999523162842,1.149999976158142,1.149999976158142
2017-07-24,923000,1.149999976158142,1.2000000476837158,1.25,1.149999976158142,1.2000000476837158
2017-07-21,599700,1.2000000476837158,1.149999976158142,1.2000000476837158,1.100000023841858,1.149999976158142
2017-07-20,614300,1.149999976158142,1.149999976158142,1.2000000476837158,1.149999976158142,1.149999976158142
2017-07-19,869900,1.149999976158142,1.149999976158142,1.2000000476837158,1.100000023841858,1.149999976158142
2017-07-18,759600,1.149999976158142,1.100000023841858,1.149999976158142,1.100000023841858,1.100000023841858
2017-07-17,389700,1.2000000476837158,1.2000000476837158,1.25,1.149999976158142,1.2000000476837158
2017-07-14,279500,1.2000000476837158,1.2000000476837158,1.25,1.149999976158142,1.2000000476837158
2017-07-13,754700,1.2000000476837158,1.2000000476837158,1.2000000476837158,1.0499999523162842,1.2000000476837158
2017-07-12,624400,1.2000000476837158,1.149999976158142,1.25,1.149999976158142,1.149999976158142
2017-07-11,603500,1.2000000476837158,1.2000000476837158,1.25,1.149999976158142,1.2000000476837158
2017-07-10,615800,1.25,1.2000000476837158,1.2999999523162842,1.2000000476837158,1.2000000476837158
2017-07-07,808800,1.2999999523162842,1.25,1.350000023841858,1.2000000476837158,1.25
2017-07-06,825900,1.399999976158142,1.2999999523162842,1.399999976158142,1.2999999523162842,1.2999999523162842
2017-07-05,700300,1.399999976158142,1.399999976158142,1.399999976158142,1.350000023841858,1.399999976158142
2017-07-03,513100,1.399999976158142,1.350000023841858,1.4500000476837158,1.350000023841858,1.350000023841858
2017-06-30,1643300,1.4500000476837158,1.399999976158142,1.4500000476837158,1.350000023841858,1.399999976158142
2017-06-29,305600,1.4500000476837158,1.4500000476837158,1.5,1.4500000476837158,1.4500000476837158
2017-06-28,1285800,1.399999976158142,1.4500000476837158,1.5,1.399999976158142,1.4500000476837158
2017-06-27,1247800,1.4500000476837158,1.399999976158142,1.5,1.399999976158142,1.399999976158142
2017-06-26,1649300,1.350000023841858,1.399999976158142,1.4500000476837158,1.2999999523162842,1.399999976158142
2017-06-23,7633100,1.399999976158142,1.2999999523162842,1.4500000476837158,1.25,1.2999999523162842
2017-06-22,900000,1.4500000476837158,1.4500000476837158,1.5,1.399999976158142,1.4500000476837158
2017-06-21,1314900,1.600000023841858,1.399999976158142,1.600000023841858,1.350000023841858,1.399999976158142
2017-06-20,809200,1.600000023841858,1.600000023841858,1.6299999952316284,1.5499999523162842,1.600000023841858
2017-06-19,398400,1.649999976158142,1.649999976158142,1.649999976158142,1.600000023841858,1.649999976158142
2017-06-16,555200,1.600000023841858,1.649999976158142,1.649999976158142,1.600000023841858,1.649999976158142
2017-06-15,558500,1.600000023841858,1.600000023841858,1.649999976158142,1.600000023841858,1.600000023841858
2017-06-14,180200,1.649999976158142,1.600000023841858,1.7000000476837158,1.600000023841858,1.600000023841858
2017-06-13,290800,1.649999976158142,1.7000000476837158,1.75,1.649999976158142,1.7000000476837158
2017-06-12,317400,1.649999976158142,1.649999976158142,1.7000000476837158,1.600000023841858,1.649999976158142
2017-06-09,348000,1.7000000476837158,1.649999976158142,1.7000000476837158,1.600000023841858,1.649999976158142
2017-06-08,374000,1.649999976158142,1.649999976158142,1.7000000476837158,1.649999976158142,1.649999976158142
2017-06-07,889600,1.7000000476837158,1.7000000476837158,1.7999999523162842,1.600000023841858,1.7000000476837158
2017-06-06,824800,1.649999976158142,1.75,1.7999999523162842,1.600000023841858,1.75
2017-06-05,418400,1.600000023841858,1.649999976158142,1.7000000476837158,1.600000023841858,1.649999976158142
2017-06-02,330700,1.649999976158142,1.600000023841858,1.649999976158142,1.600000023841858,1.600000023841858
2017-06-01,1158500,1.7000000476837158,1.600000023841858,1.75,1.600000023841858,1.600000023841858
2017-05-31,862200,1.649999976158142,1.649999976158142,1.7000000476837158,1.600000023841858,1.649999976158142
2017-05-30,1027500,1.7000000476837158,1.649999976158142,1.7000000476837158,1.649999976158142,1.649999976158142
2017-05-26,1591700,1.7000000476837158,1.649999976158142,1.75,1.649999976158142,1.649999976158142
2017-05-25,1854200,1.7999999523162842,1.75,2.25,1.7000000476837158,1.75
2017-05-24,366000,1.850000023841858,1.7999999523162842,1.899999976158142,1.7999999523162842,1.7999999523162842
2017-05-23,864300,1.899999976158142,1.850000023841858,1.9500000476837158,1.7999999523162842,1.850000023841858
2017-05-22,1264600,1.7000000476837158,1.899999976158142,1.899999976158142,1.659999966621399,1.899999976158142
2017-05-19,1372900,1.7999999523162842,1.7000000476837158,1.7999999523162842,1.7000000476837158,1.7000000476837158
2017-05-18,1880400,1.7999999523162842,1.7000000476837158,1.7999999523162842,1.600000023841858,1.7000000476837158
2017-05-17,681600,1.9500000476837158,1.7999999523162842,1.9500000476837158,1.7999999523162842,1.7999999523162842
2017-05-16,669700,2.0,1.9500000476837158,2.0,1.899999976158142,1.9500000476837158
2017-05-15,330100,2.0,1.9500000476837158,2.0,1.9500000476837158,1.9500000476837158
2017-05-12,294600,1.9500000476837158,1.9500000476837158,2.0,1.899999976158142,1.9500000476837158
2017-05-11,562100,2.0,2.0,2.049999952316284,1.9500000476837158,2.0
2017-05-10,737200,2.049999952316284,2.049999952316284,2.049999952316284,2.0,2.049999952316284
2017-05-09,880700,2.25,2.049999952316284,2.25,1.9500000476837158,2.049999952316284
2017-05-08,1490400,2.049999952316284,2.200000047683716,2.200000047683716,2.0,2.200000047683716
2017-05-05,960300,1.9500000476837158,1.9500000476837158,2.0,1.899999976158142,1.9500000476837158
2017-05-04,1141900,2.0,2.0,2.049999952316284,1.9500000476837158,2.0
2017-05-03,506700,2.200000047683716,1.899999976158142,2.25,1.899999976158142,1.899999976158142
2017-05-02,228000,2.25,2.200000047683716,2.25,2.1500000953674316,2.200000047683716
2017-05-01,168400,2.25,2.25,2.25,2.180000066757202,2.25
2017-04-28,500800,2.299999952316284,2.25,2.3499999046325684,2.200000047683716,2.25
2017-04-27,488200,2.299999952316284,2.299999952316284,2.299999952316284,2.200000047683716,2.299999952316284
2017-04-26,386000,2.200000047683716,2.299999952316284,2.299999952316284,2.200000047683716,2.299999952316284
2017-04-25,754500,2.299999952316284,2.200000047683716,2.3499999046325684,2.200000047683716,2.200000047683716
2017-04-24,389400,2.299999952316284,2.299999952316284,2.299999952316284,2.25,2.299999952316284
2017-04-21,648100,2.299999952316284,2.25,2.3499999046325684,2.25,2.25
2017-04-20,287500,2.3499999046325684,2.3499999046325684,2.380000114440918,2.299999952316284,2.3499999046325684
2017-04-19,437300,2.3499999046325684,2.3499999046325684,2.4000000953674316,2.3499999046325684,2.3499999046325684
2017-04-18,522200,2.3499999046325684,2.3499999046325684,2.4000000953674316,2.299999952316284,2.3499999046325684
2017-04-17,814500,2.299999952316284,2.4000000953674316,2.4000000953674316,2.299999952316284,2.4000000953674316
2017-04-13,686500,2.4000000953674316,2.299999952316284,2.450000047683716,2.299999952316284,2.299999952316284
2017-04-12,869800,2.450000047683716,2.4000000953674316,2.5,2.3499999046325684,2.4000000953674316
2017-04-11,669700,2.5,2.450000047683716,2.5,2.450000047683716,2.450000047683716
2017-04-10,422900,2.5,2.450000047683716,2.549999952316284,2.450000047683716,2.450000047683716
2017-04-07,565700,2.5999999046325684,2.5,2.5999999046325684,2.450000047683716,2.5
2017-04-06,1189500,2.6500000953674316,2.549999952316284,2.6500000953674316,2.450000047683716,2.549999952316284
2017-04-05,710900,2.5999999046325684,2.6500000953674316,2.680000066757202,2.549999952316284,2.6500000953674316
2017-04-04,358500,2.6500000953674316,2.5999999046325684,2.6500000953674316,2.549999952316284,2.5999999046325684
2017-04-03,516000,2.6500000953674316,2.5999999046325684,2.6500000953674316,2.549999952316284,2.5999999046325684
2017-03-31,568600,2.5,2.5999999046325684,2.6500000953674316,2.450000047683716,2.5999999046325684
2017-03-30,506100,2.5999999046325684,2.5,2.630000114440918,2.450000047683716,2.5
2017-03-29,693700,2.549999952316284,2.5999999046325684,2.700000047683716,2.5,2.5999999046325684
2017-03-28,399200,2.5,2.5999999046325684,2.6500000953674316,2.5,2.5999999046325684
2017-03-27,617700,2.5,2.450000047683716,2.549999952316284,2.450000047683716,2.450000047683716
2017-03-24,404600,2.549999952316284,2.549999952316284,2.6500000953674316,2.5,2.549999952316284
2017-03-23,256700,2.549999952316284,2.549999952316284,2.549999952316284,2.5,2.549999952316284
2017-03-22,417200,2.549999952316284,2.549999952316284,2.700000047683716,2.5,2.549999952316284
2017-03-21,508900,2.75,2.5999999046325684,2.8499999046325684,2.5,2.5999999046325684
2017-03-20,679700,2.4000000953674316,2.75,2.75,2.4000000953674316,2.75
2017-03-17,1664800,2.6500000953674316,2.4000000953674316,2.6500000953674316,2.299999952316284,2.4000000953674316
2017-03-16,302100,2.5999999046325684,2.5999999046325684,2.6500000953674316,2.549999952316284,2.5999999046325684
2017-03-15,526700,2.6500000953674316,2.5999999046325684,2.700000047683716,2.549999952316284,2.5999999046325684
2017-03-14,671000,2.6500000953674316,2.5999999046325684,2.680000066757202,2.549999952316284,2.5999999046325684
2017-03-13,1180200,2.6500000953674316,2.700000047683716,2.75,2.5999999046325684,2.700000047683716
2017-03-10,413500,2.6500000953674316,2.5999999046325684,2.7200000286102295,2.5999999046325684,2.5999999046325684
2017-03-09,611200,2.700000047683716,2.5999999046325684,2.75,2.5,2.5999999046325684
2017-03-08,1462200,2.799999952316284,2.700000047683716,3.049999952316284,2.6500000953674316,2.700000047683716
2017-03-07,617600,2.799999952316284,2.799999952316284,2.9000000953674316,2.75,2.799999952316284
2017-03-06,616200,2.950000047683716,2.8499999046325684,3.0,2.799999952316284,2.8499999046325684
2017-03-03,285000,3.0,3.0,3.049999952316284,2.950000047683716,3.0
2017-03-02,653500,3.0999999046325684,3.049999952316284,3.1600000858306885,2.8499999046325684,3.049999952316284
2017-03-01,801900,3.049999952316284,3.200000047683716,3.200000047683716,3.0,3.200000047683716
2017-02-28,839400,3.049999952316284,3.0,3.069999933242798,2.9000000953674316,3.0
2017-02-27,380500,3.0999999046325684,3.049999952316284,3.0999999046325684,3.0,3.049999952316284
2017-02-24,536900,3.049999952316284,3.049999952316284,3.0999999046325684,2.950000047683716,3.049999952316284
2017-02-23,534200,3.25,3.049999952316284,3.25,3.0,3.049999952316284
2017-02-22,385500,3.1500000953674316,3.200000047683716,3.25,3.1500000953674316,3.200000047683716
2017-02-21,509800,3.200000047683716,3.200000047683716,3.299999952316284,3.1500000953674316,3.200000047683716
2017-02-17,1285100,3.299999952316284,3.1500000953674316,3.299999952316284,3.0,3.1500000953674316
2017-02-16,531800,3.4000000953674316,3.299999952316284,3.450000047683716,3.25,3.299999952316284
2017-02-15,441200,3.3499999046325684,3.3499999046325684,3.450000047683716,3.25,3.3499999046325684
2017-02-14,378900,3.3499999046325684,3.299999952316284,3.4000000953674316,3.25,3.299999952316284
2017-02-13,308700,3.299999952316284,3.3499999046325684,3.4000000953674316,3.200000047683716,3.3499999046325684
2017-02-10,1186900,3.0999999046325684,3.299999952316284,3.380000114440918,3.049999952316284,3.299999952316284
2017-02-09,1148300,3.299999952316284,3.0999999046325684,3.299999952316284,3.0,3.0999999046325684
2017-02-08,1060900,3.0,3.200000047683716,3.3499999046325684,2.930000066757202,3.200000047683716
2017-02-07,691200,3.4000000953674316,3.049999952316284,3.450000047683716,3.049999952316284,3.049999952316284
2017-02-06,501700,3.5,3.4000000953674316,3.549999952316284,3.3499999046325684,3.4000000953674316
2017-02-03,423800,3.4000000953674316,3.5,3.549999952316284,3.3499999046325684,3.5
2017-02-02,499000,3.5,3.4000000953674316,3.5,3.4000000953674316,3.4000000953674316
2017-02-01,725500,3.5999999046325684,3.5,3.6500000953674316,3.3499999046325684,3.5
2017-01-31,805400,3.549999952316284,3.5999999046325684,3.5999999046325684,3.4000000953674316,3.5999999046325684
2017-01-30,930000,3.700000047683716,3.5,3.700000047683716,3.3499999046325684,3.5
2017-01-27,939600,3.799999952316284,3.6500000953674316,3.8499999046325684,3.6500000953674316,3.6500000953674316
2017-01-26,730000,3.75,3.799999952316284,3.950000047683716,3.700000047683716,3.799999952316284
2017-01-25,502700,3.75,3.6500000953674316,3.799999952316284,3.549999952316284,3.6500000953674316
2017-01-24,1031300,3.9000000953674316,3.75,4.0,3.549999952316284,3.75
2017-01-23,1723200,3.5999999046325684,3.9000000953674316,4.0,3.450000047683716,3.9000000953674316
2017-01-20,462700,3.5,3.5,3.5999999046325684,3.4000000953674316,3.5
2017-01-19,407200,3.450000047683716,3.450000047683716,3.5,3.4000000953674316,3.450000047683716
2017-01-18,1228800,3.5,3.450000047683716,3.5999999046325684,3.3499999046325684,3.450000047683716
2017-01-17,1112300,3.299999952316284,3.5,3.549999952316284,3.200000047683716,3.5
2017-01-13,796400,3.25,3.25,3.299999952316284,3.1500000953674316,3.25
2017-01-12,1130700,3.1500000953674316,3.200000047683716,3.299999952316284,3.0,3.200000047683716
2017-01-11,1011200,3.0999999046325684,3.1500000953674316,3.1500000953674316,2.9000000953674316,3.1500000953674316
2017-01-10,1033100,2.9000000953674316,3.0999999046325684,3.1500000953674316,2.8499999046325684,3.0999999046325684
2017-01-09,681800,2.950000047683716,2.9000000953674316,3.0999999046325684,2.799999952316284,2.9000000953674316
2017-01-06,547900,3.0,3.0,3.0999999046325684,2.950000047683716,3.0
2017-01-05,649000,2.950000047683716,3.049999952316284,3.0999999046325684,2.950000047683716,3.049999952316284
2017-01-04,1183100,2.9000000953674316,2.950000047683716,3.0,2.8499999046325684,2.950000047683716
2017-01-03,1098100,2.8499999046325684,2.9000000953674316,2.9000000953674316,2.75,2.9000000953674316
2016-12-30,823200,2.8499999046325684,2.75,2.9000000953674316,2.700000047683716,2.75
2016-12-29,654900,2.9000000953674316,2.6500000953674316,2.9000000953674316,2.6500000953674316,2.6500000953674316
2016-12-28,500400,2.9000000953674316,2.9000000953674316,3.0,2.8499999046325684,2.9000000953674316
2016-12-27,753000,2.75,2.950000047683716,3.0,2.75,2.950000047683716
2016-12-23,909600,2.950000047683716,2.75,2.950000047683716,2.700000047683716,2.75
2016-12-22,557800,3.0,3.0,3.049999952316284,2.9000000953674316,3.0
2016-12-21,1060000,3.0,3.0,3.0999999046325684,2.950000047683716,3.0
2016-12-20,643700,3.049999952316284,2.950000047683716,3.0999999046325684,2.930000066757202,2.950000047683716
2016-12-19,720400,3.0999999046325684,3.049999952316284,3.1500000953674316,2.950000047683716,3.049999952316284
2016-12-16,1102000,3.049999952316284,3.1500000953674316,3.1500000953674316,2.950000047683716,3.1500000953674316
2016-12-15,934500,3.0,3.049999952316284,3.0999999046325684,2.799999952316284,3.049999952316284
2016-12-14,1746300,2.9000000953674316,3.0999999046325684,3.1500000953674316,2.6500000953674316,3.0999999046325684
2016-12-13,1874700,3.450000047683716,2.9000000953674316,3.5,2.799999952316284,2.9000000953674316
2016-12-12,1830400,3.5,3.4000000953674316,3.5,3.3499999046325684,3.4000000953674316
2016-12-09,1827600,3.4000000953674316,3.1500000953674316,3.5,3.0,3.1500000953674316
2016-12-08,1884200,2.75,3.25,3.299999952316284,2.700000047683716,3.25
2016-12-07,1046100,2.6500000953674316,2.75,2.799999952316284,2.5999999046325684,2.75
2016-12-06,1080100,2.450000047683716,2.6500000953674316,2.700000047683716,2.3499999046325684,2.6500000953674316
2016-12-05,1051200,2.299999952316284,2.450000047683716,2.5,2.299999952316284,2.450000047683716
2016-12-02,894300,2.25,2.25,2.3499999046325684,2.049999952316284,2.25
2016-12-01,1336400,2.450000047683716,2.25,2.5,2.25,2.25
2016-11-30,2231000,2.200000047683716,2.25,2.4000000953674316,2.0999999046325684,2.25
2016-11-29,980800,2.049999952316284,1.899999976158142,2.1500000953674316,1.899999976158142,1.899999976158142
2016-11-28,661300,2.200000047683716,2.1500000953674316,2.2300000190734863,2.049999952316284,2.1500000953674316
2016-11-25,253700,2.200000047683716,2.1500000953674316,2.200000047683716,2.1500000953674316,2.1500000953674316
2016-11-23,713400,2.1500000953674316,2.200000047683716,2.200000047683716,2.0,2.200000047683716
2016-11-22,1116200,2.0,2.1500000953674316,2.25,2.0,2.1500000953674316
2016-11-21,1597100,1.899999976158142,2.049999952316284,2.049999952316284,1.850000023841858,2.049999952316284
2016-11-18,1324600,1.7999999523162842,1.850000023841858,1.850000023841858,1.7000000476837158,1.850000023841858
2016-11-17,420800,1.850000023841858,1.75,1.850000023841858,1.75,1.75
2016-11-16,223500,1.850000023841858,1.850000023841858,1.8899999856948853,1.75,1.850000023841858
2016-11-15,663200,1.9500000476837158,1.850000023841858,1.9500000476837158,1.75,1.850000023841858
2016-11-14,515600,1.7999999523162842,1.850000023841858,1.850000023841858,1.7300000190734863,1.850000023841858
2016-11-11,765400,1.7000000476837158,1.7999999523162842,1.7999999523162842,1.5499999523162842,1.7999999523162842
2016-11-10,977400,1.899999976158142,1.7000000476837158,1.9500000476837158,1.649999976158142,1.7000000476837158
2016-11-09,569200,1.7000000476837158,1.899999976158142,1.899999976158142,1.7000000476837158,1.899999976158142
2016-11-08,636600,1.7999999523162842,1.7000000476837158,1.850000023841858,1.649999976158142,1.7000000476837158
2016-11-07,513000,1.899999976158142,1.75,2.049999952316284,1.75,1.75
2016-11-04,417800,1.649999976158142,1.75,1.7999999523162842,1.600000023841858,1.75
2016-11-03,1061800,1.9500000476837158,1.649999976158142,2.0799999237060547,1.649999976158142,1.649999976158142
2016-11-02,312400,2.0,1.9500000476837158,2.0,1.9500000476837158,1.9500000476837158
2016-11-01,931300,2.1500000953674316,2.0,2.1500000953674316,2.0,2.0
2016-10-31,371400,2.1500000953674316,2.0999999046325684,2.1500000953674316,2.049999952316284,2.0999999046325684
2016-10-28,536800,2.1500000953674316,2.1500000953674316,2.200000047683716,2.0999999046325684,2.1500000953674316
2016-10-27,1337100,2.299999952316284,2.1500000953674316,2.3499999046325684,2.1500000953674316,2.1500000953674316
2016-10-26,1241300,2.25,2.299999952316284,2.4000000953674316,2.1500000953674316,2.299999952316284
2016-10-25,1141100,2.549999952316284,2.25,2.549999952316284,2.25,2.25
2016-10-24,508400,2.5,2.549999952316284,2.549999952316284,2.450000047683716,2.549999952316284
2016-10-21,1216400,2.549999952316284,2.450000047683716,2.6500000953674316,2.450000047683716,2.450000047683716
2016-10-20,360300,2.5,2.5,2.5,2.450000047683716,2.5
2016-10-19,892500,2.4000000953674316,2.5,2.549999952316284,2.3499999046325684,2.5
2016-10-18,453400,2.450000047683716,2.4000000953674316,2.450000047683716,2.299999952316284,2.4000000953674316
2016-10-17,233200,2.4000000953674316,2.3499999046325684,2.450000047683716,2.299999952316284,2.3499999046325684
2016-10-14,635300,2.3499999046325684,2.3499999046325684,2.440000057220459,2.3499999046325684,2.3499999046325684
2016-10-13,769000,2.450000047683716,2.319999933242798,2.5199999809265137,2.309999942779541,2.319999933242798
2016-10-12,1538800,2.25,2.4000000953674316,2.5999999046325684,2.25,2.4000000953674316
2016-10-11,2041600,2.2200000286102295,2.25,2.319999933242798,2.130000114440918,2.25
2016-10-10,778300,2.2699999809265137,2.2300000190734863,2.359999895095825,2.2100000381469727,2.2300000190734863
2016-10-07,1123800,2.450000047683716,2.2300000190734863,2.450000047683716,2.2200000286102295,2.2300000190734863
2016-10-06,683100,2.5,2.450000047683716,2.5,2.390000104904175,2.450000047683716
2016-10-05,1150700,2.559999942779541,2.4600000381469727,2.640000104904175,2.4600000381469727,2.4600000381469727
2016-10-04,1085100,2.559999942779541,2.509999990463257,2.5999999046325684,2.4800000190734863,2.509999990463257
2016-10-03,1491800,2.700000047683716,2.549999952316284,2.740000009536743,2.5299999713897705,2.549999952316284
2016-09-30,2027500,2.9800000190734863,2.680000066757202,2.9800000190734863,2.6700000762939453,2.680000066757202
2016-09-29,3028300,2.75,2.9200000762939453,2.950000047683716,2.740000009536743,2.9200000762939453
2016-09-28,1722400,2.609999895095825,2.75,2.7699999809265137,2.5199999809265137,2.75
2016-09-27,834700,2.690000057220459,2.5999999046325684,2.700000047683716,2.5799999237060547,2.5999999046325684
2016-09-26,1902400,2.7100000381469727,2.75,2.8299999237060547,2.640000104904175,2.75
2016-09-23,770600,2.819999933242798,2.6700000762939453,2.8399999141693115,2.640000104904175,2.6700000762939453
2016-09-22,1025800,2.940000057220459,2.759999990463257,3.0299999713897705,2.7300000190734863,2.759999990463257
2016-09-21,896800,2.9200000762939453,2.890000104904175,3.059999942779541,2.890000104904175,2.890000104904175
2016-09-20,562500,2.880000114440918,2.9000000953674316,2.990000009536743,2.799999952316284,2.9000000953674316
2016-09-19,756000,3.0,2.890000104904175,3.130000114440918,2.880000114440918,2.890000104904175
2016-09-16,2218500,2.880000114440918,2.9700000286102295,2.9800000190734863,2.859999895095825,2.9700000286102295
2016-09-15,693600,2.940000057220459,2.9100000858306885,2.9800000190734863,2.890000104904175,2.9100000858306885
2016-09-14,770900,2.950000047683716,2.930000066757202,3.0299999713897705,2.880000114440918,2.930000066757202
2016-09-13,991200,3.0899999141693115,2.990000009536743,3.0899999141693115,2.890000104904175,2.990000009536743
2016-09-12,1259400,3.0999999046325684,3.109999895095825,3.180000066757202,3.0199999809265137,3.109999895095825
2016-09-09,831700,3.4000000953674316,3.1500000953674316,3.430000066757202,3.1500000953674316,3.1500000953674316
2016-09-08,1087500,3.190000057220459,3.440000057220459,3.4600000381469727,3.130000114440918,3.440000057220459
2016-09-07,768900,3.25,3.119999885559082,3.309999942779541,3.109999895095825,3.119999885559082
2016-09-06,697600,3.369999885559082,3.259999990463257,3.4200000762939453,3.240000009536743,3.259999990463257
2016-09-02,882600,3.319999933242798,3.369999885559082,3.4200000762939453,3.2899999618530273,3.369999885559082
2016-09-01,1392800,3.2100000381469727,3.259999990463257,3.2899999618530273,3.049999952316284,3.259999990463257
2016-08-31,1318300,3.2699999809265137,3.240000009536743,3.369999885559082,3.0899999141693115,3.240000009536743
2016-08-30,1138900,3.2100000381469727,3.319999933242798,3.380000114440918,3.1600000858306885,3.319999933242798
2016-08-29,1950800,3.2899999618530273,3.180000066757202,3.380000114440918,3.059999942779541,3.180000066757202
2016-08-26,1416800,3.2300000190734863,3.3399999141693115,3.4700000286102295,3.2300000190734863,3.3399999141693115
2016-08-25,1506600,3.4000000953674316,3.259999990463257,3.5,3.1600000858306885,3.259999990463257
2016-08-24,1560300,3.569999933242798,3.440000057220459,3.630000114440918,3.380000114440918,3.440000057220459
2016-08-23,2454100,3.440000057220459,3.569999933242798,3.7200000286102295,3.440000057220459,3.569999933242798
2016-08-22,904300,3.509999990463257,3.4600000381469727,3.690000057220459,3.4600000381469727,3.4600000381469727
2016-08-19,559900,3.700000047683716,3.5799999237060547,3.7100000381469727,3.5799999237060547,3.5799999237060547
2016-08-18,935500,3.640000104904175,3.700000047683716,3.869999885559082,3.640000104904175,3.700000047683716
2016-08-17,1256200,3.680000066757202,3.630000114440918,3.7300000190734863,3.609999895095825,3.630000114440918
2016-08-16,2193800,3.880000114440918,3.7300000190734863,3.9700000286102295,3.6700000762939453,3.7300000190734863
2016-08-15,1270000,3.809999942779541,3.9800000190734863,4.010000228881836,3.809999942779541,3.9800000190734863
2016-08-12,628800,4.059999942779541,3.9100000858306885,4.059999942779541,3.890000104904175,3.9100000858306885
2016-08-11,708300,3.990000009536743,4.0,4.099999904632568,3.9800000190734863,4.0
2016-08-10,696600,4.010000228881836,3.9800000190734863,4.139999866485596,3.950000047683716,3.9800000190734863
2016-08-09,646900,4.070000171661377,4.03000020980835,4.210000038146973,4.010000228881836,4.03000020980835
2016-08-08,1444200,4.050000190734863,4.079999923706055,4.340000152587891,4.050000190734863,4.079999923706055
2016-08-05,1371600,3.450000047683716,3.859999895095825,4.010000228881836,3.359999895095825,3.859999895095825
2016-08-04,1760000,3.559999942779541,3.7300000190734863,3.869999885559082,3.5299999713897705,3.7300000190734863
2016-08-03,1489600,3.430000066757202,3.619999885559082,3.740000009536743,3.2799999713897705,3.619999885559082
2016-08-02,1394600,3.609999895095825,3.440000057220459,3.75,3.4000000953674316,3.440000057220459
2016-08-01,1362800,3.9000000953674316,3.559999942779541,3.9600000381469727,3.549999952316284,3.559999942779541
2016-07-29,1087100,3.809999942779541,3.9600000381469727,4.099999904632568,3.7699999809265137,3.9600000381469727
2016-07-28,719600,3.950000047683716,3.8499999046325684,4.010000228881836,3.799999952316284,3.8499999046325684
2016-07-27,812000,4.21999979019165,3.9100000858306885,4.300000190734863,3.9100000858306885,3.9100000858306885
2016-07-26,345800,4.079999923706055,4.170000076293945,4.210000038146973,4.059999942779541,4.170000076293945
2016-07-25,357200,4.159999847412109,4.099999904632568,4.170000076293945,4.03000020980835,4.099999904632568
2016-07-22,309900,4.230000019073486,4.199999809265137,4.260000228881836,4.170000076293945,4.199999809265137
2016-07-21,432500,4.389999866485596,4.230000019073486,4.559999942779541,4.230000019073486,4.230000019073486
2016-07-20,400400,4.360000133514404,4.400000095367432,4.440000057220459,4.269999980926514,4.400000095367432
2016-07-19,718200,4.5,4.389999866485596,4.559999942779541,4.369999885559082,4.389999866485596
2016-07-18,573200,4.539999961853027,4.519999980926514,4.690000057220459,4.440000057220459,4.519999980926514
2016-07-15,519600,4.909999847412109,4.630000114440918,4.909999847412109,4.610000133514404,4.630000114440918
2016-07-14,284800,4.920000076293945,4.840000152587891,4.920000076293945,4.789999961853027,4.840000152587891
2016-07-13,576700,4.849999904632568,4.860000133514404,4.940000057220459,4.679999828338623,4.860000133514404
2016-07-12,654100,4.650000095367432,4.840000152587891,4.880000114440918,4.630000114440918,4.840000152587891
2016-07-11,531700,4.630000114440918,4.5,4.679999828338623,4.440000057220459,4.5
2016-07-08,640300,4.420000076293945,4.550000190734863,4.650000095367432,4.420000076293945,4.550000190734863
2016-07-07,799100,4.400000095367432,4.340000152587891,4.539999961853027,4.309999942779541,4.340000152587891
2016-07-06,514800,4.429999828338623,4.389999866485596,4.510000228881836,4.360000133514404,4.389999866485596
2016-07-05,473900,4.599999904632568,4.519999980926514,4.820000171661377,4.420000076293945,4.519999980926514
2016-07-01,385700,4.579999923706055,4.71999979019165,4.869999885559082,4.570000171661377,4.71999979019165
2016-06-30,423800,4.539999961853027,4.619999885559082,4.619999885559082,4.46999979019165,4.619999885559082
2016-06-29,404400,4.579999923706055,4.630000114440918,4.690000057220459,4.440000057220459,4.630000114440918
2016-06-28,472400,4.550000190734863,4.590000152587891,4.659999847412109,4.5,4.590000152587891
2016-06-27,500300,4.619999885559082,4.400000095367432,4.670000076293945,4.369999885559082,4.400000095367432
2016-06-24,1715700,4.519999980926514,4.730000019073486,4.730000019073486,4.5,4.730000019073486
2016-06-23,463700,4.949999809265137,4.900000095367432,5.0,4.849999904632568,4.900000095367432
2016-06-22,689600,4.949999809265137,4.889999866485596,4.960000038146973,4.71999979019165,4.889999866485596
2016-06-21,507200,4.809999942779541,4.849999904632568,4.929999828338623,4.78000020980835,4.849999904632568
2016-06-20,617200,4.980000019073486,4.900000095367432,5.0,4.829999923706055,4.900000095367432
2016-06-17,1602100,4.5,4.880000114440918,4.880000114440918,4.440000057220459,4.880000114440918
2016-06-16,624700,4.329999923706055,4.420000076293945,4.480000019073486,4.260000228881836,4.420000076293945
2016-06-15,562900,4.329999923706055,4.409999847412109,4.519999980926514,4.25,4.409999847412109
2016-06-14,576000,4.28000020980835,4.449999809265137,4.460000038146973,4.230000019073486,4.449999809265137
2016-06-13,461600,4.309999942779541,4.269999980926514,4.449999809265137,4.199999809265137,4.269999980926514
2016-06-10,574200,4.639999866485596,4.340000152587891,4.659999847412109,4.260000228881836,4.340000152587891
2016-06-09,289600,4.71999979019165,4.78000020980835,4.809999942779541,4.639999866485596,4.78000020980835
2016-06-08,971200,4.800000190734863,4.789999961853027,4.849999904632568,4.670000076293945,4.789999961853027
2016-06-07,1214700,4.570000171661377,4.699999809265137,4.800000190734863,4.519999980926514,4.699999809265137
2016-06-06,695600,4.590000152587891,4.539999961853027,4.610000133514404,4.409999847412109,4.539999961853027
2016-06-03,305200,4.5,4.429999828338623,4.590000152587891,4.380000114440918,4.429999828338623
2016-06-02,343400,4.460000038146973,4.480000019073486,4.519999980926514,4.369999885559082,4.480000019073486
2016-06-01,598900,4.269999980926514,4.550000190734863,4.579999923706055,4.21999979019165,4.550000190734863
2016-05-31,929300,4.440000057220459,4.360000133514404,4.599999904632568,4.349999904632568,4.360000133514404
2016-05-27,502800,4.5,4.480000019073486,4.519999980926514,4.420000076293945,4.480000019073486
2016-05-26,697400,4.710000038146973,4.559999942779541,4.71999979019165,4.489999771118164,4.559999942779541
2016-05-25,890000,4.619999885559082,4.659999847412109,4.789999961853027,4.610000133514404,4.659999847412109
2016-05-24,761100,4.619999885559082,4.610000133514404,4.809999942779541,4.539999961853027,4.610000133514404
2016-05-23,272000,4.46999979019165,4.590000152587891,4.699999809265137,4.46999979019165,4.590000152587891
2016-05-20,501700,4.579999923706055,4.559999942779541,4.710000038146973,4.389999866485596,4.559999942779541
2016-05-19,597100,4.630000114440918,4.489999771118164,4.679999828338623,4.400000095367432,4.489999771118164
2016-05-18,637100,4.809999942779541,4.730000019073486,4.900000095367432,4.699999809265137,4.730000019073486
2016-05-17,690500,4.769999980926514,4.840000152587891,4.980000019073486,4.710000038146973,4.840000152587891
2016-05-16,798000,4.860000133514404,4.71999979019165,5.139999866485596,4.679999828338623,4.71999979019165
2016-05-13,1043300,4.480000019073486,4.75,4.829999923706055,4.429999828338623,4.75
2016-05-12,1003800,4.760000228881836,4.559999942779541,4.909999847412109,4.389999866485596,4.559999942779541
2016-05-11,888700,4.539999961853027,4.630000114440918,4.789999961853027,4.389999866485596,4.630000114440918
2016-05-10,1505800,4.760000228881836,4.570000171661377,5.199999809265137,4.539999961853027,4.570000171661377
2016-05-09,449600,4.71999979019165,4.630000114440918,4.800000190734863,4.519999980926514,4.630000114440918
2016-05-06,838300,4.829999923706055,4.800000190734863,5.199999809265137,4.769999980926514,4.800000190734863
2016-05-05,517100,5.159999847412109,4.920000076293945,5.260000228881836,4.909999847412109,4.920000076293945
2016-05-04,658000,4.889999866485596,4.960000038146973,5.179999828338623,4.71999979019165,4.960000038146973
2016-05-03,969000,5.28000020980835,4.880000114440918,5.550000190734863,4.760000228881836,4.880000114440918
2016-05-02,1112600,5.570000171661377,5.5,5.630000114440918,5.349999904632568,5.5
2016-04-29,917600,5.570000171661377,5.460000038146973,5.75,5.300000190734863,5.460000038146973
2016-04-28,906900,5.710000038146973,5.5,5.820000171661377,5.5,5.5
2016-04-27,1260500,5.599999904632568,5.739999771118164,5.849999904632568,5.329999923706055,5.739999771118164
2016-04-26,612500,5.570000171661377,5.489999771118164,5.619999885559082,5.360000133514404,5.489999771118164
2016-04-25,696600,5.599999904632568,5.449999809265137,5.619999885559082,5.349999904632568,5.449999809265137
2016-04-22,777100,5.099999904632568,5.510000228881836,5.559999942779541,5.099999904632568,5.510000228881836
2016-04-21,747400,5.289999961853027,5.059999942779541,5.300000190734863,5.039999961853027,5.059999942779541
2016-04-20,906600,4.949999809265137,5.25,5.28000020980835,4.849999904632568,5.25
2016-04-19,801600,4.809999942779541,4.989999771118164,5.190000057220459,4.789999961853027,4.989999771118164
2016-04-18,744900,4.369999885559082,4.75,4.869999885559082,4.260000228881836,4.75
2016-04-15,533600,4.639999866485596,4.78000020980835,4.869999885559082,4.5,4.78000020980835
2016-04-14,895100,4.760000228881836,4.78000020980835,4.940000057220459,4.659999847412109,4.78000020980835
2016-04-13,922700,4.639999866485596,4.760000228881836,4.949999809265137,4.5,4.760000228881836
2016-04-12,1586300,4.190000057220459,4.699999809265137,4.739999771118164,4.190000057220459,4.699999809265137
2016-04-11,833300,4.170000076293945,4.170000076293945,4.25,4.099999904632568,4.170000076293945
2016-04-08,722100,4.059999942779541,4.090000152587891,4.199999809265137,4.0,4.090000152587891
2016-04-07,439000,3.940000057220459,3.9100000858306885,4.010000228881836,3.890000104904175,3.9100000858306885
2016-04-06,783300,3.8299999237060547,3.9800000190734863,3.990000009536743,3.740000009536743,3.9800000190734863
2016-04-05,1047600,3.75,3.7300000190734863,3.9200000762939453,3.700000047683716,3.7300000190734863
2016-04-04,508300,3.8399999141693115,3.799999952316284,4.010000228881836,3.799999952316284,3.799999952316284
2016-04-01,980700,3.9200000762939453,3.819999933242798,3.930000066757202,3.7699999809265137,3.819999933242798
2016-03-31,805700,3.9600000381469727,3.990000009536743,4.159999847412109,3.9600000381469727,3.990000009536743
2016-03-30,992600,4.070000171661377,4.079999923706055,4.179999828338623,3.869999885559082,4.079999923706055
2016-03-29,735900,3.8299999237060547,4.03000020980835,4.070000171661377,3.759999990463257,4.03000020980835
2016-03-28,808300,3.940000057220459,3.990000009536743,4.0,3.680000066757202,3.990000009536743
2016-03-24,669100,3.7899999618530273,3.9800000190734863,4.0,3.680000066757202,3.9800000190734863
2016-03-23,634700,3.990000009536743,3.880000114440918,4.070000171661377,3.8399999141693115,3.880000114440918
2016-03-22,441000,4.130000114440918,4.099999904632568,4.199999809265137,4.059999942779541,4.099999904632568
2016-03-21,669700,4.019999980926514,4.21999979019165,4.289999961853027,4.019999980926514,4.21999979019165
2016-03-18,2091000,4.380000114440918,4.070000171661377,4.5,3.9600000381469727,4.070000171661377
2016-03-17,897100,4.199999809265137,4.309999942779541,4.340000152587891,4.070000171661377,4.309999942779541
2016-03-16,743300,4.039999961853027,4.130000114440918,4.260000228881836,3.990000009536743,4.130000114440918
2016-03-15,427600,3.799999952316284,3.9600000381469727,3.9700000286102295,3.7300000190734863,3.9600000381469727
2016-03-14,958200,3.869999885559082,3.9100000858306885,4.019999980926514,3.640000104904175,3.9100000858306885
2016-03-11,893800,4.199999809265137,4.0,4.369999885559082,3.9700000286102295,4.0
2016-03-10,937300,4.269999980926514,4.039999961853027,4.380000114440918,4.03000020980835,4.039999961853027
2016-03-09,697300,4.21999979019165,4.329999923706055,4.449999809265137,4.110000133514404,4.329999923706055
2016-03-08,1431800,4.820000171661377,4.070000171661377,4.820000171661377,4.059999942779541,4.070000171661377
2016-03-07,2579800,5.070000171661377,4.840000152587891,5.070000171661377,4.599999904632568,4.840000152587891
2016-03-04,3869000,4.429999828338623,5.0,5.050000190734863,4.409999847412109,5.0
2016-03-03,2103100,3.700000047683716,4.389999866485596,4.400000095367432,3.630000114440918,4.389999866485596
2016-03-02,1142000,3.25,3.819999933242798,3.8299999237060547,3.240000009536743,3.819999933242798
2016-03-01,701300,3.299999952316284,3.3299999237060547,3.3499999046325684,3.0,3.3299999237060547
2016-02-29,1340400,2.950000047683716,3.3399999141693115,3.3399999141693115,2.950000047683716,3.3399999141693115
2016-02-26,898900,3.0299999713897705,2.9700000286102295,3.049999952316284,2.819999933242798,2.9700000286102295
2016-02-25,1189900,2.609999895095825,2.819999933242798,2.819999933242798,2.5299999713897705,2.819999933242798
2016-02-24,1343400,2.5399999618530273,2.680000066757202,2.7100000381469727,2.5,2.680000066757202
2016-02-23,2559000,2.75,2.5799999237060547,2.7799999713897705,2.569999933242798,2.5799999237060547
2016-02-22,1250500,2.7699999809265137,2.740000009536743,2.859999895095825,2.690000057220459,2.740000009536743
2016-02-19,968800,3.009999990463257,2.690000057220459,3.009999990463257,2.6700000762939453,2.690000057220459
2016-02-18,921800,3.0999999046325684,3.0399999618530273,3.1500000953674316,2.950000047683716,3.0399999618530273
2016-02-17,717500,2.9000000953674316,3.0399999618530273,3.1500000953674316,2.880000114440918,3.0399999618530273
2016-02-16,662900,3.0,2.8499999046325684,3.0299999713897705,2.680000066757202,2.8499999046325684
2016-02-12,658500,2.940000057220459,2.9800000190734863,3.1700000762939453,2.809999942779541,2.9800000190734863
2016-02-11,1019900,2.7799999713897705,2.7899999618530273,2.8399999141693115,2.6600000858306885,2.7899999618530273
2016-02-10,1125600,2.6600000858306885,2.890000104904175,2.930000066757202,2.569999933242798,2.890000104904175
2016-02-09,845200,2.7200000286102295,2.6500000953674316,2.799999952316284,2.5199999809265137,2.6500000953674316
2016-02-08,962800,2.9700000286102295,2.819999933242798,3.069999933242798,2.759999990463257,2.819999933242798
2016-02-05,1011900,3.059999942779541,3.069999933242798,3.2899999618530273,3.009999990463257,3.069999933242798
2016-02-04,960700,3.2100000381469727,3.069999933242798,3.2699999809265137,3.0299999713897705,3.069999933242798
2016-02-03,837300,3.049999952316284,3.1500000953674316,3.190000057220459,2.8299999237060547,3.1500000953674316
2016-02-02,621700,2.990000009536743,2.9000000953674316,3.059999942779541,2.819999933242798,2.9000000953674316
2016-02-01,952800,3.1700000762939453,3.069999933242798,3.1700000762939453,3.0,3.069999933242798
2016-01-29,1038800,3.180000066757202,3.299999952316284,3.3399999141693115,3.1700000762939453,3.299999952316284
2016-01-28,1041600,3.119999885559082,3.1500000953674316,3.190000057220459,3.0,3.1500000953674316
2016-01-27,1685400,2.690000057220459,2.9600000381469727,3.009999990463257,2.690000057220459,2.9600000381469727
2016-01-26,1558900,2.890000104904175,2.7799999713897705,2.9600000381469727,2.619999885559082,2.7799999713897705
2016-01-25,1358700,2.9700000286102295,2.819999933242798,3.0999999046325684,2.759999990463257,2.819999933242798
2016-01-22,1971700,2.9800000190734863,2.990000009536743,3.0999999046325684,2.859999895095825,2.990000009536743
2016-01-21,5079600,2.5,2.7300000190734863,2.75,2.4200000762939453,2.7300000190734863
2016-01-20,2339500,2.490000009536743,2.5999999046325684,2.619999885559082,1.9900000095367432,2.5999999046325684
2016-01-19,1549400,2.9000000953674316,2.549999952316284,2.930000066757202,2.509999990463257,2.549999952316284
2016-01-15,1599000,2.8399999141693115,2.9000000953674316,2.940000057220459,2.700000047683716,2.9000000953674316
2016-01-14,1222600,3.130000114440918,3.0199999809265137,3.180000066757202,2.9100000858306885,3.0199999809265137
2016-01-13,946700,3.1500000953674316,2.990000009536743,3.2100000381469727,2.9000000953674316,2.990000009536743
2016-01-12,1457500,3.440000057220459,3.049999952316284,3.440000057220459,2.9100000858306885,3.049999952316284
2016-01-11,1022800,3.2899999618530273,3.309999942779541,3.440000057220459,3.180000066757202,3.309999942779541
2016-01-08,877800,3.5299999713897705,3.3499999046325684,3.5299999713897705,3.2899999618530273,3.3499999046325684
2016-01-07,1414700,3.359999895095825,3.369999885559082,3.4800000190734863,3.2699999809265137,3.369999885559082
2016-01-06,1219900,3.569999933242798,3.5,3.640000104904175,3.190000057220459,3.5
2016-01-05,664200,3.859999895095825,3.819999933242798,3.859999895095825,3.700000047683716,3.819999933242798
2016-01-04,991200,3.880000114440918,3.880000114440918,3.9600000381469727,3.75,3.880000114440918
2015-12-31,841200,3.799999952316284,3.859999895095825,3.930000066757202,3.7699999809265137,3.859999895095825
2015-12-30,746000,3.869999885559082,3.859999895095825,4.039999961853027,3.759999990463257,3.859999895095825
2015-12-29,970600,4.159999847412109,3.990000009536743,4.21999979019165,3.930000066757202,3.990000009536743
2015-12-28,705500,3.9200000762939453,3.9800000190734863,4.050000190734863,3.869999885559082,3.9800000190734863
2015-12-24,568200,4.150000095367432,4.079999923706055,4.21999979019165,4.039999961853027,4.079999923706055
2015-12-23,1439800,3.8499999046325684,4.130000114440918,4.130000114440918,3.7899999618530273,4.130000114440918
2015-12-22,1291300,3.5299999713897705,3.7100000381469727,3.7899999618530273,3.359999895095825,3.7100000381469727
2015-12-21,2138900,3.75,3.569999933242798,3.869999885559082,3.5,3.569999933242798
2015-12-18,8420900,4.090000152587891,3.759999990463257,4.190000057220459,3.6700000762939453,3.759999990463257
2015-12-17,1536700,4.050000190734863,4.119999885559082,4.159999847412109,3.700000047683716,4.119999885559082
2015-12-16,2250600,4.099999904632568,3.9800000190734863,4.170000076293945,3.880000114440918,3.9800000190734863
2015-12-15,1748400,3.990000009536743,4.059999942779541,4.199999809265137,3.869999885559082,4.059999942779541
2015-12-14,1757600,4.25,3.950000047683716,4.340000152587891,3.890000104904175,3.950000047683716
2015-12-11,1867000,4.369999885559082,4.329999923706055,4.380000114440918,4.150000095367432,4.329999923706055
2015-12-10,1885900,4.010000228881836,4.380000114440918,4.400000095367432,4.010000228881836,4.380000114440918
2015-12-09,2347900,4.090000152587891,4.150000095367432,4.349999904632568,3.9800000190734863,4.150000095367432
2015-12-08,2363300,3.5299999713897705,4.03000020980835,4.070000171661377,3.4800000190734863,4.03000020980835
2015-12-07,2964600,4.21999979019165,3.680000066757202,4.340000152587891,3.5999999046325684,3.680000066757202
2015-12-04,2434400,4.659999847412109,4.369999885559082,4.829999923706055,4.320000171661377,4.369999885559082
2015-12-03,978900,4.940000057220459,4.789999961853027,5.0,4.71999979019165,4.789999961853027
2015-12-02,1288000,4.880000114440918,4.800000190734863,4.920000076293945,4.670000076293945,4.800000190734863
2015-12-01,1136500,5.039999961853027,4.949999809265137,5.210000038146973,4.800000190734863,4.949999809265137
2015-11-30,999700,5.110000133514404,5.130000114440918,5.269999980926514,4.96999979019165,5.130000114440918
2015-11-27,557900,5.059999942779541,5.0,5.130000114440918,4.869999885559082,5.0
2015-11-25,766500,5.150000095367432,5.150000095367432,5.300000190734863,5.050000190734863,5.150000095367432
2015-11-24,1182900,5.03000020980835,5.260000228881836,5.349999904632568,4.96999979019165,5.260000228881836
2015-11-23,806800,4.639999866485596,4.940000057220459,4.940000057220459,4.610000133514404,4.940000057220459
2015-11-20,1084400,4.920000076293945,4.679999828338623,4.940000057220459,4.659999847412109,4.679999828338623
2015-11-19,1406400,5.199999809265137,4.880000114440918,5.199999809265137,4.789999961853027,4.880000114440918
2015-11-18,989200,5.21999979019165,5.260000228881836,5.380000114440918,4.949999809265137,5.260000228881836
2015-11-17,841600,5.21999979019165,5.079999923706055,5.269999980926514,5.03000020980835,5.079999923706055
2015-11-16,1047100,4.920000076293945,5.28000020980835,5.360000133514404,4.920000076293945,5.28000020980835
2015-11-13,1918800,4.71999979019165,4.96999979019165,5.170000076293945,4.579999923706055,4.96999979019165
2015-11-12,1486400,4.800000190734863,4.739999771118164,4.96999979019165,4.699999809265137,4.739999771118164
2015-11-11,2315600,5.389999866485596,4.940000057220459,5.400000095367432,4.800000190734863,4.940000057220459
2015-11-10,1434600,5.420000076293945,5.369999885559082,5.599999904632568,5.320000171661377,5.369999885559082
2015-11-09,1042400,5.53000020980835,5.440000057220459,5.809999942779541,5.369999885559082,5.440000057220459
2015-11-06,1385500,5.699999809265137,5.550000190734863,5.739999771118164,5.489999771118164,5.550000190734863
2015-11-05,2001900,5.300000190734863,5.78000020980835,5.860000133514404,5.099999904632568,5.78000020980835
2015-11-04,1822000,5.429999828338623,5.519999980926514,5.579999923706055,5.199999809265137,5.519999980926514
2015-11-03,1555500,5.210000038146973,5.349999904632568,5.559999942779541,5.070000171661377,5.349999904632568
2015-11-02,1366800,4.980000019073486,5.090000152587891,5.139999866485596,4.769999980926514,5.090000152587891
2015-10-30,1302600,4.809999942779541,5.039999961853027,5.099999904632568,4.619999885559082,5.039999961853027
2015-10-29,1144700,4.800000190734863,4.710000038146973,5.039999961853027,4.650000095367432,4.710000038146973
2015-10-28,1783600,4.46999979019165,4.820000171661377,4.900000095367432,4.400000095367432,4.820000171661377
2015-10-27,2517000,4.690000057220459,4.329999923706055,4.75,4.320000171661377,4.329999923706055
2015-10-26,1048400,4.869999885559082,4.789999961853027,4.960000038146973,4.699999809265137,4.789999961853027
2015-10-23,1876300,4.789999961853027,4.900000095367432,4.949999809265137,4.71999979019165,4.900000095367432
2015-10-22,1518800,5.0,4.909999847412109,5.03000020980835,4.760000228881836,4.909999847412109
2015-10-21,1716000,5.139999866485596,4.860000133514404,5.25,4.860000133514404,4.860000133514404
2015-10-20,829000,4.849999904632568,5.230000019073486,5.25,4.840000152587891,5.230000019073486
2015-10-19,824000,5.110000133514404,4.960000038146973,5.260000228881836,4.880000114440918,4.960000038146973
2015-10-16,970500,5.119999885559082,5.210000038146973,5.269999980926514,4.929999828338623,5.210000038146973
2015-10-15,1159000,4.909999847412109,5.099999904632568,5.190000057220459,4.670000076293945,5.099999904632568
2015-10-14,1302000,4.900000095367432,4.960000038146973,5.019999980926514,4.71999979019165,4.960000038146973
2015-10-13,1121900,5.0,4.940000057220459,5.21999979019165,4.909999847412109,4.940000057220459
2015-10-12,1137300,5.519999980926514,5.050000190734863,5.610000133514404,5.019999980926514,5.050000190734863
2015-10-09,1223700,5.78000020980835,5.539999961853027,5.860000133514404,5.480000019073486,5.539999961853027
2015-10-08,1739100,5.5,5.710000038146973,5.75,5.369999885559082,5.710000038146973
2015-10-07,2878500,5.940000057220459,5.489999771118164,5.949999809265137,5.360000133514404,5.489999771118164
2015-10-06,2548200,5.119999885559082,5.739999771118164,5.789999961853027,5.050000190734863,5.739999771118164
2015-10-05,2005400,4.949999809265137,5.050000190734863,5.090000152587891,4.78000020980835,5.050000190734863
2015-10-02,1443800,4.460000038146973,4.849999904632568,4.920000076293945,4.389999866485596,4.849999904632568
2015-10-01,1243600,4.550000190734863,4.590000152587891,4.860000133514404,4.389999866485596,4.590000152587891
2015-09-30,1353700,4.320000171661377,4.420000076293945,4.53000020980835,4.210000038146973,4.420000076293945
2015-09-29,1201300,4.159999847412109,4.239999771118164,4.340000152587891,4.099999904632568,4.239999771118164
2015-09-28,1864600,4.300000190734863,4.150000095367432,4.449999809265137,4.050000190734863,4.150000095367432
2015-09-25,1187700,4.619999885559082,4.320000171661377,4.639999866485596,4.300000190734863,4.320000171661377
2015-09-24,1289700,4.409999847412109,4.570000171661377,4.670000076293945,4.409999847412109,4.570000171661377
2015-09-23,1503300,4.699999809265137,4.5,4.789999961853027,4.440000057220459,4.5
2015-09-22,1117500,4.599999904632568,4.619999885559082,4.78000020980835,4.519999980926514,4.619999885559082
2015-09-21,1189000,4.800000190734863,4.71999979019165,4.869999885559082,4.590000152587891,4.71999979019165
2015-09-18,2944500,5.090000152587891,4.699999809265137,5.21999979019165,4.650000095367432,4.699999809265137
2015-09-17,2328400,5.440000057220459,5.320000171661377,5.590000152587891,5.25,5.320000171661377
2015-09-16,2142700,5.039999961853027,5.400000095367432,5.440000057220459,4.949999809265137,5.400000095367432
2015-09-15,1650100,4.559999942779541,4.960000038146973,4.96999979019165,4.559999942779541,4.960000038146973
2015-09-14,1215200,4.510000228881836,4.599999904632568,4.739999771118164,4.489999771118164,4.599999904632568
2015-09-11,2628700,4.650000095367432,4.510000228881836,4.789999961853027,4.480000019073486,4.510000228881836
2015-09-10,1692400,4.940000057220459,4.869999885559082,5.199999809265137,4.769999980926514,4.869999885559082
2015-09-09,1242500,5.059999942779541,4.940000057220459,5.340000152587891,4.929999828338623,4.940000057220459
2015-09-08,1513600,4.880000114440918,5.159999847412109,5.409999847412109,4.880000114440918,5.159999847412109
2015-09-04,925600,5.050000190734863,5.21999979019165,5.25,4.949999809265137,5.21999979019165
2015-09-03,1419200,5.099999904632568,5.179999828338623,5.389999866485596,5.03000020980835,5.179999828338623
2015-09-02,1728700,5.28000020980835,5.090000152587891,5.28000020980835,4.920000076293945,5.090000152587891
2015-09-01,1512100,5.809999942779541,5.210000038146973,5.900000095367432,5.150000095367432,5.210000038146973
2015-08-31,1519300,5.690000057220459,6.03000020980835,6.179999828338623,5.5,6.03000020980835
2015-08-28,1875400,5.179999828338623,5.820000171661377,5.880000114440918,5.130000114440918,5.820000171661377
2015-08-27,2316100,5.010000228881836,5.309999942779541,5.489999771118164,4.929999828338623,5.309999942779541
2015-08-26,1997500,4.679999828338623,4.800000190734863,4.900000095367432,4.5,4.800000190734863
2015-08-25,2338300,4.739999771118164,4.570000171661377,4.789999961853027,4.380000114440918,4.570000171661377
2015-08-24,3134800,4.239999771118164,4.360000133514404,4.739999771118164,4.159999847412109,4.360000133514404
2015-08-21,1927000,4.519999980926514,4.619999885559082,4.760000228881836,4.429999828338623,4.619999885559082
2015-08-20,1200800,4.679999828338623,4.699999809265137,4.880000114440918,4.599999904632568,4.699999809265137
2015-08-19,1223600,4.889999866485596,4.78000020980835,5.050000190734863,4.599999904632568,4.78000020980835
2015-08-18,1027200,4.909999847412109,4.989999771118164,5.03000020980835,4.690000057220459,4.989999771118164
2015-08-17,1070700,4.900000095367432,4.840000152587891,5.099999904632568,4.800000190734863,4.840000152587891
2015-08-14,931200,5.050000190734863,4.949999809265137,5.25,4.929999828338623,4.949999809265137
2015-08-13,1537900,5.300000190734863,5.03000020980835,5.5,4.940000057220459,5.03000020980835
2015-08-12,1696400,5.199999809265137,5.420000076293945,5.559999942779541,4.980000019073486,5.420000076293945
2015-08-11,1817300,5.460000038146973,5.159999847412109,5.550000190734863,5.019999980926514,5.159999847412109
2015-08-10,2025400,4.800000190734863,5.510000228881836,5.519999980926514,4.699999809265137,5.510000228881836
2015-08-07,2313600,4.889999866485596,4.75,5.380000114440918,4.650000095367432,4.75
2015-08-06,3324900,4.739999771118164,5.03000020980835,5.199999809265137,4.369999885559082,5.03000020980835
2015-08-05,1857900,4.900000095367432,4.789999961853027,5.019999980926514,4.559999942779541,4.789999961853027
2015-08-04,1487500,4.659999847412109,4.739999771118164,5.019999980926514,4.559999942779541,4.739999771118164
2015-08-03,3055700,4.619999885559082,4.599999904632568,4.809999942779541,4.420000076293945,4.599999904632568
2015-07-31,1770700,4.96999979019165,4.760000228881836,5.079999923706055,4.699999809265137,4.760000228881836
2015-07-30,1608700,5.289999961853027,5.03000020980835,5.440000057220459,4.900000095367432,5.03000020980835
2015-07-29,1558800,4.960000038146973,5.400000095367432,5.460000038146973,4.880000114440918,5.400000095367432
2015-07-28,1829300,4.75,5.039999961853027,5.110000133514404,4.510000228881836,5.039999961853027
2015-07-27,1346600,4.880000114440918,4.710000038146973,4.96999979019165,4.699999809265137,4.710000038146973
2015-07-24,1701300,5.300000190734863,5.010000228881836,5.380000114440918,4.900000095367432,5.010000228881836
2015-07-23,1694700,5.369999885559082,5.289999961853027,5.5,5.130000114440918,5.289999961853027
2015-07-22,1712800,5.449999809265137,5.300000190734863,5.550000190734863,5.170000076293945,5.300000190734863
2015-07-21,1855500,5.340000152587891,5.590000152587891,5.679999828338623,5.260000228881836,5.590000152587891
2015-07-20,1498400,5.5,5.300000190734863,5.510000228881836,5.25,5.300000190734863
2015-07-17,2068400,5.739999771118164,5.559999942779541,5.760000228881836,5.440000057220459,5.559999942779541
2015-07-16,1544100,6.0,5.739999771118164,6.059999942779541,5.710000038146973,5.739999771118164
2015-07-15,1674000,6.119999885559082,5.909999847412109,6.289999961853027,5.849999904632568,5.909999847412109
2015-07-14,1855800,5.900000095367432,6.199999809265137,6.260000228881836,5.840000152587891,6.199999809265137
2015-07-13,1298600,5.820000171661377,5.820000171661377,5.909999847412109,5.659999847412109,5.820000171661377
2015-07-10,1601200,6.170000076293945,5.820000171661377,6.25,5.730000019073486,5.820000171661377
2015-07-09,2563900,5.920000076293945,6.090000152587891,6.21999979019165,5.820000171661377,6.090000152587891
2015-07-08,2328300,6.0,5.679999828338623,6.159999847412109,5.639999866485596,5.679999828338623
2015-07-07,2824500,5.599999904632568,6.059999942779541,6.070000171661377,5.130000114440918,6.059999942779541
2015-07-06,2045000,5.900000095367432,5.619999885559082,5.96999979019165,5.579999923706055,5.619999885559082
2015-07-02,1515400,6.179999828338623,6.099999904632568,6.349999904632568,6.079999923706055,6.099999904632568
2015-07-01,2184900,6.739999771118164,6.110000133514404,6.739999771118164,6.070000171661377,6.110000133514404
2015-06-30,1237300,6.769999980926514,6.769999980926514,6.880000114440918,6.590000152587891,6.769999980926514
2015-06-29,1290200,6.760000228881836,6.650000095367432,6.869999885559082,6.550000190734863,6.650000095367432
2015-06-26,1542700,7.019999980926514,6.880000114440918,7.099999904632568,6.869999885559082,6.880000114440918
2015-06-25,612700,7.150000095367432,7.059999942779541,7.159999847412109,6.989999771118164,7.059999942779541
2015-06-24,592800,7.239999771118164,7.110000133514404,7.329999923706055,7.099999904632568,7.110000133514404
2015-06-23,1166600,7.019999980926514,7.25,7.28000020980835,7.010000228881836,7.25
2015-06-22,1806500,6.820000171661377,7.019999980926514,7.119999885559082,6.75,7.019999980926514
2015-06-19,1447200,6.880000114440918,6.820000171661377,7.010000228881836,6.769999980926514,6.820000171661377
2015-06-18,1038700,7.019999980926514,6.909999847412109,7.150000095367432,6.860000133514404,6.909999847412109
2015-06-17,1134300,7.119999885559082,7.0,7.230000019073486,6.929999828338623,7.0
2015-06-16,1032600,7.010000228881836,7.010000228881836,7.050000190734863,6.900000095367432,7.010000228881836
2015-06-15,1389500,6.789999961853027,7.03000020980835,7.090000152587891,6.730000019073486,7.03000020980835
2015-06-12,748300,6.949999809265137,6.880000114440918,6.96999979019165,6.849999904632568,6.880000114440918
2015-06-11,1365200,7.300000190734863,7.019999980926514,7.309999942779541,6.940000057220459,7.019999980926514
2015-06-10,1385800,7.28000020980835,7.309999942779541,7.360000133514404,7.159999847412109,7.309999942779541
2015-06-09,893100,7.139999866485596,7.150000095367432,7.25,6.800000190734863,7.150000095367432
2015-06-08,1416900,7.039999961853027,7.019999980926514,7.25,6.800000190734863,7.019999980926514
2015-06-05,1512600,6.960000038146973,7.119999885559082,7.260000228881836,6.920000076293945,7.119999885559082
2015-06-04,1311000,7.110000133514404,7.0,7.389999866485596,6.869999885559082,7.0
2015-06-03,1669700,7.159999847412109,7.170000076293945,7.460000038146973,7.03000020980835,7.170000076293945
2015-06-02,1106900,6.840000152587891,7.230000019073486,7.25,6.800000190734863,7.230000019073486
2015-06-01,1001000,6.800000190734863,6.800000190734863,6.940000057220459,6.670000076293945,6.800000190734863
2015-05-29,2053800,6.820000171661377,6.829999923706055,6.980000019073486,6.71999979019165,6.829999923706055
2015-05-28,1438100,6.889999866485596,6.829999923706055,6.949999809265137,6.590000152587891,6.829999923706055
2015-05-27,1301800,7.039999961853027,6.960000038146973,7.090000152587891,6.789999961853027,6.960000038146973
2015-05-26,1657400,6.989999771118164,7.070000171661377,7.119999885559082,6.949999809265137,7.070000171661377
2015-05-22,1627000,6.980000019073486,7.079999923706055,7.210000038146973,6.889999866485596,7.079999923706055
2015-05-21,1469900,6.519999980926514,7.050000190734863,7.099999904632568,6.150000095367432,7.050000190734863
2015-05-20,2304300,6.769999980926514,6.71999979019165,6.869999885559082,6.559999942779541,6.71999979019165
2015-05-19,2204100,6.820000171661377,6.71999979019165,6.920000076293945,6.380000114440918,6.71999979019165
2015-05-18,2777000,7.0,6.980000019073486,7.099999904632568,6.699999809265137,6.980000019073486
2015-05-15,1823700,6.679999828338623,6.849999904632568,6.889999866485596,6.53000020980835,6.849999904632568
2015-05-14,1454200,7.0,6.650000095367432,7.139999866485596,6.619999885559082,6.650000095367432
2015-05-13,1708500,7.150000095367432,6.920000076293945,7.230000019073486,6.809999942779541,6.920000076293945
2015-05-12,1835700,7.28000020980835,7.170000076293945,7.53000020980835,7.110000133514404,7.170000076293945
2015-05-11,1525200,7.570000171661377,7.289999961853027,7.570000171661377,7.28000020980835,7.289999961853027
2015-05-08,2778700,7.599999904632568,7.46999979019165,7.800000190734863,7.010000228881836,7.46999979019165
2015-05-07,1985000,8.369999885559082,7.829999923706055,8.369999885559082,7.659999847412109,7.829999923706055
2015-05-06,1658900,8.579999923706055,8.369999885559082,8.680000305175781,8.279999732971191,8.369999885559082
2015-05-05,1981700,8.720000267028809,8.390000343322754,8.880000114440918,8.319999694824219,8.390000343322754
2015-05-04,1471500,8.770000457763672,8.550000190734863,8.850000381469727,8.40999984741211,8.550000190734863
2015-05-01,1923100,8.779999732971191,8.770000457763672,8.850000381469727,8.460000038146973,8.770000457763672
2015-04-30,1743000,8.979999542236328,8.84000015258789,8.979999542236328,8.420000076293945,8.84000015258789
2015-04-29,1492700,8.260000228881836,8.720000267028809,8.729999542236328,8.130000114440918,8.720000267028809
2015-04-28,981300,8.100000381469727,8.279999732971191,8.380000114440918,8.0600004196167,8.279999732971191
2015-04-27,1414200,8.449999809265137,8.079999923706055,8.5,8.029999732971191,8.079999923706055
2015-04-24,1431600,8.420000076293945,8.380000114440918,8.550000190734863,8.180000305175781,8.380000114440918
2015-04-23,1129500,8.399999618530273,8.520000457763672,8.649999618530273,8.399999618530273,8.520000457763672
2015-04-22,1737200,8.350000381469727,8.300000190734863,8.609999656677246,8.270000457763672,8.300000190734863
2015-04-21,1257400,8.819999694824219,8.3100004196167,8.90999984741211,8.220000267028809,8.3100004196167
2015-04-20,1088200,8.8100004196167,8.829999923706055,9.079999923706055,8.739999771118164,8.829999923706055
2015-04-17,1065800,8.989999771118164,8.800000190734863,9.199999809265137,8.800000190734863,8.800000190734863
2015-04-16,1363700,9.149999618530273,9.029999732971191,9.369999885559082,8.970000267028809,9.029999732971191
2015-04-15,2543100,9.199999809265137,9.239999771118164,9.510000228881836,8.859999656677246,9.239999771118164
2015-04-14,1247500,8.779999732971191,9.109999656677246,9.180000305175781,8.609999656677246,9.109999656677246
2015-04-13,824100,8.869999885559082,8.65999984741211,8.869999885559082,8.390000343322754,8.65999984741211
2015-04-10,761700,8.869999885559082,8.649999618530273,8.880000114440918,8.510000228881836,8.649999618530273
2015-04-09,1051700,8.420000076293945,8.680000305175781,8.770000457763672,8.399999618530273,8.680000305175781
2015-04-08,1605400,8.979999542236328,8.359999656677246,8.979999542236328,8.359999656677246,8.359999656677246
2015-04-07,1904300,8.779999732971191,8.930000305175781,9.239999771118164,8.600000381469727,8.930000305175781
2015-04-06,2073100,8.380000114440918,8.869999885559082,8.960000038146973,8.3100004196167,8.869999885559082
2015-04-02,1671800,7.929999828338623,8.279999732971191,8.329999923706055,7.920000076293945,8.279999732971191
2015-04-01,1694400,7.789999961853027,8.010000228881836,8.220000267028809,7.75,8.010000228881836
2015-03-31,1098300,7.769999980926514,7.710000038146973,7.980000019073486,7.519999980926514,7.710000038146973
2015-03-30,1044900,7.769999980926514,7.760000228881836,7.960000038146973,7.550000190734863,7.760000228881836
2015-03-27,1839500,7.849999904632568,7.809999942779541,8.039999961853027,7.550000190734863,7.809999942779541
2015-03-26,1961600,7.699999809265137,8.039999961853027,8.050000190734863,7.699999809265137,8.039999961853027
2015-03-25,1433400,7.300000190734863,7.420000076293945,7.619999885559082,7.210000038146973,7.420000076293945
2015-03-24,1623600,6.800000190734863,7.230000019073486,7.28000020980835,6.760000228881836,7.230000019073486
2015-03-23,1669200,7.050000190734863,6.840000152587891,7.340000152587891,6.809999942779541,6.840000152587891
2015-03-20,2537400,7.070000171661377,7.050000190734863,7.340000152587891,6.909999847412109,7.050000190734863
2015-03-19,1917000,7.059999942779541,7.03000020980835,7.119999885559082,6.840000152587891,7.03000020980835
2015-03-18,1600900,6.5,7.309999942779541,7.349999904632568,6.460000038146973,7.309999942779541
2015-03-17,1137600,6.769999980926514,6.659999847412109,6.889999866485596,6.590000152587891,6.659999847412109
2015-03-16,2490400,6.989999771118164,6.860000133514404,7.0,6.360000133514404,6.860000133514404
2015-03-13,2307600,7.21999979019165,7.090000152587891,7.420000076293945,7.03000020980835,7.090000152587891
2015-03-12,1395400,7.199999809265137,7.300000190734863,7.420000076293945,7.119999885559082,7.300000190734863
2015-03-11,2006500,7.050000190734863,7.150000095367432,7.190000057220459,6.869999885559082,7.150000095367432
2015-03-10,1859800,7.329999923706055,7.03000020980835,7.460000038146973,7.019999980926514,7.03000020980835
2015-03-09,2130900,7.650000095367432,7.440000057220459,7.730000019073486,7.429999828338623,7.440000057220459
2015-03-06,1415800,7.679999828338623,7.75,7.849999904632568,7.590000152587891,7.75
2015-03-05,1267200,7.96999979019165,7.78000020980835,7.96999979019165,7.599999904632568,7.78000020980835
2015-03-04,1650100,8.0,7.789999961853027,8.0,7.550000190734863,7.789999961853027
2015-03-03,1865600,7.900000095367432,7.789999961853027,7.940000057220459,7.670000076293945,7.789999961853027
2015-03-02,4700300,8.600000381469727,7.699999809265137,8.699999809265137,7.619999885559082,7.699999809265137
2015-02-27,5664000,8.25,8.619999885559082,9.479999542236328,8.199999809265137,8.619999885559082
2015-02-26,2199300,8.260000228881836,8.15999984741211,8.5,7.920000076293945,8.15999984741211
2015-02-25,1724300,8.300000190734863,8.479999542236328,8.5,8.069999694824219,8.479999542236328
2015-02-24,1867100,8.1899995803833,8.300000190734863,8.4399995803833,8.09000015258789,8.300000190734863
2015-02-23,1746400,8.020000457763672,8.109999656677246,8.380000114440918,7.869999885559082,8.109999656677246
2015-02-20,1919500,8.539999961853027,8.510000228881836,8.619999885559082,8.180000305175781,8.510000228881836
2015-02-19,1915700,7.829999923706055,8.640000343322754,8.720000267028809,7.650000095367432,8.640000343322754
2015-02-18,1754800,8.789999961853027,8.279999732971191,8.979999542236328,8.210000038146973,8.279999732971191
2015-02-17,1988100,8.8100004196167,8.960000038146973,9.0600004196167,8.550000190734863,8.960000038146973
2015-02-13,1806600,8.59000015258789,8.760000228881836,8.949999809265137,8.520000457763672,8.760000228881836
2015-02-12,1997800,8.460000038146973,8.380000114440918,8.90999984741211,8.270000457763672,8.380000114440918
2015-02-11,1970400,8.029999732971191,8.300000190734863,8.4399995803833,7.730000019073486,8.300000190734863
2015-02-10,2097100,8.6899995803833,8.270000457763672,8.6899995803833,7.730000019073486,8.270000457763672
2015-02-09,2700400,8.380000114440918,8.65999984741211,8.979999542236328,8.25,8.65999984741211
2015-02-06,1930300,7.920000076293945,8.239999771118164,8.279999732971191,7.710000038146973,8.239999771118164
2015-02-05,2357600,7.789999961853027,7.78000020980835,8.229999542236328,7.71999979019165,7.78000020980835
2015-02-04,3391400,7.460000038146973,7.710000038146973,7.800000190734863,7.21999979019165,7.710000038146973
2015-02-03,3927000,7.300000190734863,7.769999980926514,7.869999885559082,7.199999809265137,7.769999980926514
2015-02-02,2285900,6.5,7.019999980926514,7.039999961853027,6.429999828338623,7.019999980926514
2015-01-30,2131500,6.0,6.28000020980835,6.480000019073486,5.949999809265137,6.28000020980835
2015-01-29,2121700,6.239999771118164,6.199999809265137,6.420000076293945,5.860000133514404,6.199999809265137
2015-01-28,2361100,6.820000171661377,6.190000057220459,6.820000171661377,6.079999923706055,6.190000057220459
2015-01-27,2158200,6.730000019073486,6.820000171661377,6.909999847412109,6.570000171661377,6.820000171661377
2015-01-26,2228100,6.289999961853027,6.789999961853027,6.820000171661377,6.179999828338623,6.789999961853027
2015-01-23,1419800,6.349999904632568,6.269999980926514,6.449999809265137,6.110000133514404,6.269999980926514
2015-01-22,1551200,6.449999809265137,6.300000190734863,6.5,5.989999771118164,6.300000190734863
2015-01-21,1957300,6.099999904632568,6.389999866485596,6.53000020980835,6.059999942779541,6.389999866485596
2015-01-20,2144600,6.300000190734863,6.050000190734863,6.380000114440918,5.860000133514404,6.050000190734863
2015-01-16,2349500,5.920000076293945,6.380000114440918,6.420000076293945,5.920000076293945,6.380000114440918
2015-01-15,2569000,6.309999942779541,5.889999866485596,6.690000057220459,5.849999904632568,5.889999866485596
2015-01-14,2375200,5.75,6.170000076293945,6.309999942779541,5.710000038146973,6.170000076293945
2015-01-13,3340400,5.769999980926514,5.96999979019165,6.0,5.599999904632568,5.96999979019165
2015-01-12,1767000,5.510000228881836,5.699999809265137,5.829999923706055,5.449999809265137,5.699999809265137
2015-01-09,2258000,5.75,5.789999961853027,5.889999866485596,5.599999904632568,5.789999961853027
2015-01-08,3031800,5.489999771118164,5.840000152587891,5.900000095367432,5.320000171661377,5.840000152587891
2015-01-07,1760600,5.489999771118164,5.380000114440918,5.630000114440918,5.260000228881836,5.380000114440918
2015-01-06,1895200,5.590000152587891,5.380000114440918,5.75,5.159999847412109,5.380000114440918
2015-01-05,1730400,5.71999979019165,5.590000152587891,5.760000228881836,5.46999979019165,5.590000152587891
2015-01-02,1518000,5.650000095367432,5.78000020980835,5.840000152587891,5.409999847412109,5.78000020980835
2014-12-31,2578900,5.5,5.650000095367432,5.739999771118164,5.300000190734863,5.650000095367432
2014-12-30,1695900,5.800000190734863,5.710000038146973,6.03000020980835,5.630000114440918,5.710000038146973
2014-12-29,1694400,6.110000133514404,5.929999828338623,6.28000020980835,5.869999885559082,5.929999828338623
2014-12-26,1488300,6.199999809265137,6.050000190734863,6.269999980926514,5.920000076293945,6.050000190734863
2014-12-24,1169100,6.230000019073486,6.159999847412109,6.289999961853027,5.96999979019165,6.159999847412109
2014-12-23,2620300,6.179999828338623,6.340000152587891,6.480000019073486,6.090000152587891,6.340000152587891
2014-12-22,2280100,6.5,6.099999904632568,6.659999847412109,5.940000057220459,6.099999904632568
2014-12-19,5633000,6.010000228881836,6.400000095367432,6.440000057220459,5.96999979019165,6.400000095367432
2014-12-18,2989900,6.349999904632568,5.960000038146973,6.449999809265137,5.75,5.960000038146973
2014-12-17,4070400,5.260000228881836,5.989999771118164,6.239999771118164,5.21999979019165,5.989999771118164
2014-12-16,4429300,4.949999809265137,5.28000020980835,5.710000038146973,4.789999961853027,5.28000020980835
2014-12-15,3978100,5.25,5.320000171661377,5.480000019073486,4.920000076293945,5.320000171661377
2014-12-12,2955400,5.28000020980835,5.159999847412109,5.5,5.139999866485596,5.159999847412109
2014-12-11,2342600,5.710000038146973,5.389999866485596,5.920000076293945,5.380000114440918,5.389999866485596
2014-12-10,3706500,5.849999904632568,5.670000076293945,5.929999828338623,5.269999980926514,5.670000076293945
2014-12-09,3701200,5.409999847412109,5.940000057220459,6.0,5.380000114440918,5.940000057220459
2014-12-08,2641000,6.0,5.389999866485596,6.099999904632568,5.309999942779541,5.389999866485596
2014-12-05,4482100,6.409999847412109,6.110000133514404,6.679999828338623,5.809999942779541,6.110000133514404
2014-12-04,2442800,7.139999866485596,6.639999866485596,7.179999828338623,6.610000133514404,6.639999866485596
2014-12-03,2935900,7.440000057220459,7.170000076293945,7.679999828338623,7.059999942779541,7.170000076293945
2014-12-02,4370500,8.399999618530273,7.480000019073486,8.529999732971191,7.199999809265137,7.480000019073486
2014-12-01,5648700,8.720000267028809,8.369999885559082,8.770000457763672,8.359999656677246,8.369999885559082
2014-11-28,2662400,9.699999809265137,8.6899995803833,9.899999618530273,8.470000267028809,8.6899995803833
2014-11-26,1476100,11.4399995803833,10.779999732971191,11.59000015258789,10.779999732971191,10.779999732971191
2014-11-25,1051800,11.75,11.460000038146973,11.880000114440918,11.40999984741211,11.460000038146973
2014-11-24,645100,11.9399995803833,11.670000076293945,12.119999885559082,11.479999542236328,11.670000076293945
2014-11-21,1387700,12.140000343322754,11.979999542236328,12.350000381469727,11.90999984741211,11.979999542236328
2014-11-20,1112300,11.25,11.869999885559082,11.890000343322754,11.1899995803833,11.869999885559082
2014-11-19,1115400,11.4399995803833,11.239999771118164,11.640000343322754,11.15999984741211,11.239999771118164
2014-11-18,1132700,11.489999771118164,11.369999885559082,11.699999809265137,11.140000343322754,11.369999885559082
2014-11-17,1209000,11.829999923706055,11.489999771118164,12.069999694824219,11.449999809265137,11.489999771118164
2014-11-14,1505900,11.579999923706055,11.970000267028809,12.039999961853027,11.529999732971191,11.970000267028809
2014-11-13,1704400,11.569999694824219,11.579999923706055,11.770000457763672,11.1899995803833,11.579999923706055
2014-11-12,1911600,11.4399995803833,11.640000343322754,11.850000381469727,11.210000038146973,11.640000343322754
2014-11-11,1573000,11.09000015258789,11.550000190734863,11.59000015258789,10.949999809265137,11.550000190734863
2014-11-10,1422100,11.40999984741211,11.079999923706055,11.699999809265137,11.010000228881836,11.079999923706055
2014-11-07,3753700,11.359999656677246,11.300000190734863,11.479999542236328,10.029999732971191,11.300000190734863
2014-11-06,2603600,10.510000228881836,10.710000038146973,10.890000343322754,9.869999885559082,10.710000038146973
2014-11-05,1462300,10.40999984741211,10.510000228881836,10.829999923706055,10.350000381469727,10.510000228881836
2014-11-04,2316500,10.529999732971191,10.270000457763672,10.529999732971191,9.800000190734863,10.270000457763672
2014-11-03,1308900,11.350000381469727,10.890000343322754,11.729999542236328,10.779999732971191,10.890000343322754
2014-10-31,1237800,10.920000076293945,11.300000190734863,11.319999694824219,10.279999732971191,11.300000190734863
2014-10-30,1259800,10.989999771118164,10.890000343322754,11.119999885559082,10.489999771118164,10.890000343322754
2014-10-29,1344300,10.850000381469727,10.989999771118164,11.1899995803833,10.680000305175781,10.989999771118164
2014-10-28,1616400,10.15999984741211,10.720000267028809,10.850000381469727,9.979999542236328,10.720000267028809
2014-10-27,2039100,10.399999618530273,10.239999771118164,10.510000228881836,9.920000076293945,10.239999771118164
2014-10-24,1236500,11.149999618530273,10.729999542236328,11.149999618530273,10.529999732971191,10.729999542236328
2014-10-23,1283500,10.75,11.149999618530273,11.449999809265137,10.680000305175781,11.149999618530273
2014-10-22,1268000,11.75,10.579999923706055,11.75,10.539999961853027,10.579999923706055
2014-10-21,1311400,10.979999542236328,11.25,11.300000190734863,10.8100004196167,11.25
2014-10-20,1532000,10.75,10.84000015258789,11.130000114440918,10.420000076293945,10.84000015258789
2014-10-17,1627800,11.859999656677246,10.729999542236328,12.210000038146973,10.5600004196167,10.729999542236328
2014-10-16,2213900,10.600000381469727,11.670000076293945,12.079999923706055,10.520000457763672,11.670000076293945
2014-10-15,3365400,9.729999542236328,11.0,11.069999694824219,9.529999732971191,11.0
2014-10-14,3347100,10.899999618530273,9.979999542236328,11.260000228881836,9.84000015258789,9.979999542236328
2014-10-13,2347600,11.40999984741211,10.699999809265137,11.569999694824219,10.609999656677246,10.699999809265137
2014-10-10,2415100,12.239999771118164,11.40999984741211,12.319999694824219,11.289999961853027,11.40999984741211
2014-10-09,1876400,13.380000114440918,12.3100004196167,13.5,12.279999732971191,12.3100004196167
2014-10-08,1455700,13.020000457763672,13.5,13.520000457763672,12.65999984741211,13.5
2014-10-07,822400,13.4399995803833,13.119999885559082,13.729999542236328,13.109999656677246,13.119999885559082
2014-10-06,690800,13.710000038146973,13.59000015258789,13.9399995803833,13.4399995803833,13.59000015258789
2014-10-03,577000,14.079999923706055,13.710000038146973,14.079999923706055,13.710000038146973,13.710000038146973
2014-10-02,1177300,13.729999542236328,13.960000038146973,14.010000228881836,13.470000267028809,13.960000038146973
2014-10-01,1569600,14.25,13.819999694824219,14.760000228881836,13.789999961853027,13.819999694824219
2014-09-30,762100,15.079999923706055,14.220000267028809,15.149999618530273,14.140000343322754,14.220000267028809
2014-09-29,404500,14.779999732971191,15.069999694824219,15.149999618530273,14.579999923706055,15.069999694824219
2014-09-26,497000,14.829999923706055,14.920000076293945,15.210000038146973,14.59000015258789,14.920000076293945
2014-09-25,1260600,15.09000015258789,14.800000190734863,15.149999618530273,14.699999809265137,14.800000190734863
2014-09-24,1003100,14.760000228881836,15.149999618530273,15.3100004196167,14.449999809265137,15.149999618530273
2014-09-23,995200,14.670000076293945,14.760000228881836,15.170000076293945,14.670000076293945,14.760000228881836
2014-09-22,869700,15.050000190734863,14.800000190734863,15.100000381469727,14.489999771118164,14.800000190734863
2014-09-19,1218800,15.399999618530273,15.15999984741211,15.59000015258789,15.15999984741211,15.15999984741211
2014-09-18,1059800,16.049999237060547,15.319999694824219,16.100000381469727,15.25,15.319999694824219
2014-09-17,810500,16.579999923706055,16.020000457763672,16.579999923706055,16.0,16.020000457763672
2014-09-16,767800,15.989999771118164,16.540000915527344,16.6299991607666,15.989999771118164,16.540000915527344
2014-09-15,661600,15.829999923706055,16.059999465942383,16.229999542236328,15.5600004196167,16.059999465942383
2014-09-12,536400,16.18000030517578,15.819999694824219,16.239999771118164,15.710000038146973,15.819999694824219
2014-09-11,689900,15.729999542236328,16.170000076293945,16.270000457763672,15.520000457763672,16.170000076293945
2014-09-10,571100,15.649999618530273,15.890000343322754,15.949999809265137,15.359999656677246,15.890000343322754
2014-09-09,796200,15.960000038146973,15.729999542236328,16.1299991607666,15.569999694824219,15.729999542236328
2014-09-08,483800,16.25,15.949999809265137,16.25,15.800000190734863,15.949999809265137
2014-09-05,501900,16.0,16.360000610351562,16.389999389648438,16.0,16.360000610351562
2014-09-04,496000,16.719999313354492,16.040000915527344,16.760000228881836,15.979999542236328,16.040000915527344
2014-09-03,982400,16.809999465942383,16.709999084472656,16.950000762939453,16.56999969482422,16.709999084472656
2014-09-02,608400,16.920000076293945,16.670000076293945,17.0,16.459999084472656,16.670000076293945
2014-08-29,540600,16.770000457763672,16.850000381469727,16.8700008392334,16.6299991607666,16.850000381469727
2014-08-28,314400,16.65999984741211,16.709999084472656,16.790000915527344,16.579999923706055,16.709999084472656
2014-08-27,600400,16.68000030517578,16.770000457763672,16.850000381469727,16.510000228881836,16.770000457763672
2014-08-26,674500,16.770000457763672,16.600000381469727,16.950000762939453,16.600000381469727,16.600000381469727
2014-08-25,701600,16.579999923706055,16.709999084472656,16.780000686645508,16.56999969482422,16.709999084472656
2014-08-22,365700,16.6299991607666,16.5,16.729999542236328,16.350000381469727,16.5
2014-08-21,760200,16.3700008392334,16.709999084472656,16.770000457763672,16.09000015258789,16.709999084472656
2014-08-20,925400,16.3799991607666,16.399999618530273,16.489999771118164,16.09000015258789,16.399999618530273
2014-08-19,611000,16.1299991607666,16.40999984741211,16.540000915527344,16.1299991607666,16.40999984741211
2014-08-18,632500,16.100000381469727,16.170000076293945,16.229999542236328,15.90999984741211,16.170000076293945
2014-08-15,713300,15.75,15.989999771118164,16.0,15.479999542236328,15.989999771118164
2014-08-14,972400,16.079999923706055,15.59000015258789,16.139999389648438,15.460000038146973,15.59000015258789
2014-08-13,1004900,16.309999465942383,16.030000686645508,16.450000762939453,15.949999809265137,16.030000686645508
2014-08-12,1408700,15.90999984741211,16.209999084472656,16.729999542236328,15.90999984741211,16.209999084472656
2014-08-11,1622600,16.43000030517578,16.709999084472656,17.09000015258789,16.15999984741211,16.709999084472656
2014-08-08,2322700,16.59000015258789,16.43000030517578,17.0,16.059999465942383,16.43000030517578
2014-08-07,1165700,16.299999237060547,15.880000114440918,16.299999237060547,15.739999771118164,15.880000114440918
2014-08-06,1249200,15.739999771118164,16.15999984741211,16.170000076293945,15.520000457763672,16.15999984741211
2014-08-05,1590400,15.899999618530273,15.800000190734863,15.899999618530273,15.489999771118164,15.800000190734863
2014-08-04,859100,15.789999961853027,16.040000915527344,16.190000534057617,15.470000267028809,16.040000915527344
2014-08-01,1349700,15.9399995803833,15.680000305175781,16.0,15.25,15.680000305175781
2014-07-31,1087700,15.770000457763672,16.09000015258789,16.3700008392334,15.75,16.09000015258789
2014-07-30,539100,16.020000457763672,15.930000305175781,16.170000076293945,15.819999694824219,15.930000305175781
2014-07-29,653800,15.65999984741211,15.899999618530273,16.0,15.619999885559082,15.899999618530273
2014-07-28,570500,15.920000076293945,15.6899995803833,16.010000228881836,15.470000267028809,15.6899995803833
2014-07-25,649500,15.989999771118164,15.949999809265137,16.1200008392334,15.850000381469727,15.949999809265137
2014-07-24,562400,16.229999542236328,16.209999084472656,16.31999969482422,16.040000915527344,16.209999084472656
2014-07-23,529700,16.440000534057617,16.209999084472656,16.440000534057617,15.850000381469727,16.209999084472656
2014-07-22,664600,15.539999961853027,16.040000915527344,16.049999237060547,15.539999961853027,16.040000915527344
2014-07-21,599400,15.970000267028809,15.75,16.09000015258789,15.739999771118164,15.75
2014-07-18,602200,15.84000015258789,16.09000015258789,16.110000610351562,15.760000228881836,16.09000015258789
2014-07-17,874800,16.3700008392334,15.949999809265137,16.3700008392334,15.789999961853027,15.949999809265137
2014-07-16,549600,15.630000114440918,16.139999389648438,16.209999084472656,15.630000114440918,16.139999389648438
2014-07-15,835800,16.350000381469727,15.699999809265137,16.450000762939453,15.680000305175781,15.699999809265137
2014-07-14,1630000,16.290000915527344,16.440000534057617,16.690000534057617,16.040000915527344,16.440000534057617
2014-07-11,983300,16.690000534057617,16.139999389648438,16.690000534057617,16.110000610351562,16.139999389648438
2014-07-10,1399800,16.6200008392334,16.75,16.829999923706055,16.399999618530273,16.75
2014-07-09,808400,16.670000076293945,16.920000076293945,16.989999771118164,16.450000762939453,16.920000076293945
2014-07-08,1003800,16.1299991607666,16.639999389648438,16.639999389648438,16.059999465942383,16.639999389648438
2014-07-07,575700,16.469999313354492,16.219999313354492,16.520000457763672,16.149999618530273,16.219999313354492
2014-07-03,217500,16.459999084472656,16.43000030517578,16.6200008392334,16.290000915527344,16.43000030517578
2014-07-02,687100,16.489999771118164,16.40999984741211,16.760000228881836,16.389999389648438,16.40999984741211
2014-07-01,791800,16.3700008392334,16.489999771118164,16.59000015258789,16.219999313354492,16.489999771118164
2014-06-30,881600,16.100000381469727,16.290000915527344,16.309999465942383,15.949999809265137,16.290000915527344
2014-06-27,1101700,16.209999084472656,16.350000381469727,16.360000610351562,16.1200008392334,16.350000381469727
2014-06-26,314600,16.31999969482422,16.299999237060547,16.489999771118164,16.010000228881836,16.299999237060547
2014-06-25,736700,15.90999984741211,16.290000915527344,16.3799991607666,15.90999984741211,16.290000915527344
2014-06-24,1495100,16.93000030517578,16.030000686645508,17.100000381469727,15.859999656677246,16.030000686645508
2014-06-23,601500,17.25,17.06999969482422,17.43000030517578,17.06999969482422,17.06999969482422
2014-06-20,1144600,17.030000686645508,17.100000381469727,17.350000381469727,17.030000686645508,17.100000381469727
2014-06-19,746600,16.8799991607666,17.09000015258789,17.09000015258789,16.729999542236328,17.09000015258789
2014-06-18,667400,16.40999984741211,16.809999465942383,16.850000381469727,16.270000457763672,16.809999465942383
2014-06-17,569300,16.350000381469727,16.40999984741211,16.469999313354492,16.1200008392334,16.40999984741211
2014-06-16,884700,16.510000228881836,16.399999618530273,16.719999313354492,16.309999465942383,16.399999618530273
2014-06-13,730500,16.0,16.40999984741211,16.440000534057617,15.619999885559082,16.40999984741211
2014-06-12,674700,15.470000267028809,15.9399995803833,15.960000038146973,15.470000267028809,15.9399995803833
2014-06-11,582500,15.329999923706055,15.359999656677246,15.5,15.140000343322754,15.359999656677246
2014-06-10,502300,15.3100004196167,15.359999656677246,15.470000267028809,15.170000076293945,15.359999656677246
2014-06-09,594000,15.300000190734863,15.279999732971191,15.470000267028809,15.100000381469727,15.279999732971191
2014-06-06,506700,15.220000267028809,15.270000457763672,15.369999885559082,15.010000228881836,15.270000457763672
2014-06-05,615500,15.079999923706055,15.149999618530273,15.15999984741211,14.800000190734863,15.149999618530273
2014-06-04,485800,15.050000190734863,15.079999923706055,15.25,14.859999656677246,15.079999923706055
2014-06-03,496600,15.0,15.09000015258789,15.170000076293945,14.930000305175781,15.09000015258789
2014-06-02,695900,15.329999923706055,15.079999923706055,15.430000305175781,15.029999732971191,15.079999923706055
2014-05-30,583400,15.479999542236328,15.25,15.479999542236328,15.09000015258789,15.25
2014-05-29,587100,15.399999618530273,15.430000305175781,15.470000267028809,15.180000305175781,15.430000305175781
2014-05-28,1085200,15.039999961853027,15.34000015258789,15.600000381469727,14.859999656677246,15.34000015258789
2014-05-27,491900,14.859999656677246,15.079999923706055,15.130000114440918,14.630000114440918,15.079999923706055
2014-05-23,477200,14.670000076293945,14.819999694824219,14.890000343322754,14.600000381469727,14.819999694824219
2014-05-22,634000,15.109999656677246,14.720000267028809,15.359999656677246,14.720000267028809,14.720000267028809
2014-05-21,732300,14.729999542236328,15.029999732971191,15.119999885559082,14.619999885559082,15.029999732971191
2014-05-20,724800,14.819999694824219,14.720000267028809,14.949999809265137,14.5,14.720000267028809
2014-05-19,560600,14.720000267028809,14.979999542236328,15.039999961853027,14.550000190734863,14.979999542236328
2014-05-16,664800,14.550000190734863,14.699999809265137,14.710000038146973,14.319999694824219,14.699999809265137
2014-05-15,809200,14.90999984741211,14.600000381469727,14.970000267028809,14.430000305175781,14.600000381469727
2014-05-14,779500,14.989999771118164,15.010000228881836,15.210000038146973,14.880000114440918,15.010000228881836
2014-05-13,1267900,14.369999885559082,14.970000267028809,15.100000381469727,14.350000381469727,14.970000267028809
2014-05-12,691500,14.34000015258789,14.369999885559082,14.510000228881836,14.130000114440918,14.369999885559082
2014-05-09,2179000,14.5,14.1899995803833,14.59000015258789,13.8100004196167,14.1899995803833
2014-05-08,958500,15.0600004196167,14.760000228881836,15.119999885559082,14.75,14.760000228881836
2014-05-07,761400,15.319999694824219,15.140000343322754,15.390000343322754,14.899999618530273,15.140000343322754
2014-05-06,1114700,14.989999771118164,15.170000076293945,15.350000381469727,14.989999771118164,15.170000076293945
2014-05-05,599500,14.819999694824219,15.100000381469727,15.380000114440918,14.819999694824219,15.100000381469727
2014-05-02,920000,15.260000228881836,15.010000228881836,15.270000457763672,14.869999885559082,15.010000228881836
2014-05-01,831300,15.520000457763672,15.300000190734863,15.520000457763672,15.109999656677246,15.300000190734863
2014-04-30,717400,15.15999984741211,15.430000305175781,15.4399995803833,14.949999809265137,15.430000305175781
2014-04-29,471400,15.09000015258789,15.279999732971191,15.449999809265137,14.789999961853027,15.279999732971191
2014-04-28,681800,15.039999961853027,14.949999809265137,15.170000076293945,14.829999923706055,14.949999809265137
2014-04-25,754500,15.199999809265137,14.930000305175781,15.239999771118164,14.739999771118164,14.930000305175781
2014-04-24,881600,15.109999656677246,15.380000114440918,15.399999618530273,15.010000228881836,15.380000114440918
2014-04-23,632500,15.109999656677246,15.0600004196167,15.300000190734863,14.949999809265137,15.0600004196167
2014-04-22,555300,15.1899995803833,15.180000305175781,15.3100004196167,14.869999885559082,15.180000305175781
2014-04-21,793000,15.140000343322754,15.1899995803833,15.470000267028809,14.989999771118164,15.1899995803833
2014-04-17,493700,14.720000267028809,15.069999694824219,15.140000343322754,14.510000228881836,15.069999694824219
2014-04-16,392700,15.050000190734863,14.800000190734863,15.050000190734863,14.720000267028809,14.800000190734863
2014-04-15,577500,14.539999961853027,14.869999885559082,14.989999771118164,14.470000267028809,14.869999885559082
2014-04-14,372700,14.390000343322754,14.539999961853027,14.65999984741211,14.199999809265137,14.539999961853027
2014-04-11,452000,14.010000228881836,14.1899995803833,14.399999618530273,14.010000228881836,14.1899995803833
2014-04-10,660600,14.520000457763672,14.170000076293945,14.680000305175781,13.989999771118164,14.170000076293945
2014-04-09,487500,14.460000038146973,14.5600004196167,14.609999656677246,14.170000076293945,14.5600004196167
2014-04-08,775400,13.949999809265137,14.350000381469727,14.430000305175781,13.869999885559082,14.350000381469727
2014-04-07,967100,14.579999923706055,13.979999542236328,14.579999923706055,13.770000457763672,13.979999542236328
2014-04-04,1016700,14.710000038146973,14.600000381469727,15.130000114440918,14.430000305175781,14.600000381469727
2014-04-03,409500,14.539999961853027,14.529999732971191,14.829999923706055,14.479999542236328,14.529999732971191
2014-04-02,495400,14.430000305175781,14.569999694824219,14.619999885559082,14.260000228881836,14.569999694824219
2014-04-01,889800,14.680000305175781,14.460000038146973,14.859999656677246,14.359999656677246,14.460000038146973
2014-03-31,460600,14.5600004196167,14.619999885559082,14.720000267028809,14.369999885559082,14.619999885559082
2014-03-28,635800,14.109999656677246,14.489999771118164,14.520000457763672,14.109999656677246,14.489999771118164
2014-03-27,909900,14.020000457763672,14.109999656677246,14.470000267028809,13.949999809265137,14.109999656677246
2014-03-26,644400,14.369999885559082,13.960000038146973,14.489999771118164,13.960000038146973,13.960000038146973
2014-03-25,1201300,14.0600004196167,14.25,14.5,14.050000190734863,14.25
2014-03-24,937400,13.65999984741211,13.789999961853027,13.899999618530273,13.5600004196167,13.789999961853027
2014-03-21,1340200,13.529999732971191,13.470000267028809,13.630000114440918,13.449999809265137,13.470000267028809
2014-03-20,612600,13.140000343322754,13.489999771118164,13.510000228881836,13.020000457763672,13.489999771118164
2014-03-19,969200,13.329999923706055,13.1899995803833,13.479999542236328,13.170000076293945,13.1899995803833
2014-03-18,3307900,13.609999656677246,13.380000114440918,13.710000038146973,13.3100004196167,13.380000114440918
2014-03-17,512400,13.640000343322754,13.630000114440918,13.930000305175781,13.489999771118164,13.630000114440918
2014-03-14,440400,13.4399995803833,13.649999618530273,13.760000228881836,13.420000076293945,13.649999618530273
2014-03-13,944100,13.449999809265137,13.470000267028809,13.579999923706055,13.210000038146973,13.470000267028809
2014-03-12,892800,13.239999771118164,13.4399995803833,13.619999885559082,13.15999984741211,13.4399995803833
2014-03-11,823000,13.800000190734863,13.329999923706055,13.970000267028809,13.289999961853027,13.329999923706055
2014-03-10,436700,13.800000190734863,13.75,13.920000076293945,13.649999618530273,13.75
2014-03-07,556200,14.140000343322754,13.829999923706055,14.199999809265137,13.800000190734863,13.829999923706055
2014-03-06,404400,14.050000190734863,14.039999961853027,14.210000038146973,13.899999618530273,14.039999961853027
2014-03-05,488200,14.210000038146973,14.050000190734863,14.260000228881836,14.0,14.050000190734863
2014-03-04,1221700,13.770000457763672,14.25,14.350000381469727,13.729999542236328,14.25
2014-03-03,1909700,13.920000076293945,13.680000305175781,14.010000228881836,13.649999618530273,13.680000305175781
2014-02-28,3588900,14.6899995803833,13.920000076293945,14.869999885559082,13.800000190734863,13.920000076293945
2014-02-27,1027200,15.630000114440918,15.350000381469727,15.90999984741211,15.260000228881836,15.350000381469727
2014-02-26,455800,16.0,15.729999542236328,16.010000228881836,15.489999771118164,15.729999542236328
2014-02-25,486000,16.219999313354492,15.960000038146973,16.219999313354492,15.710000038146973,15.960000038146973
2014-02-24,964200,15.779999732971191,16.270000457763672,16.309999465942383,15.6899995803833,16.270000457763672
2014-02-21,493400,15.890000343322754,15.760000228881836,15.989999771118164,15.4399995803833,15.760000228881836
2014-02-20,941400,15.539999961853027,15.789999961853027,16.139999389648438,15.460000038146973,15.789999961853027
2014-02-19,438900,15.699999809265137,15.569999694824219,15.869999885559082,15.529999732971191,15.569999694824219
2014-02-18,510100,15.460000038146973,15.770000457763672,16.0,15.380000114440918,15.770000457763672
2014-02-14,596200,14.609999656677246,15.359999656677246,15.479999542236328,14.609999656677246,15.359999656677246
2014-02-13,575500,14.989999771118164,15.390000343322754,15.5,14.899999618530273,15.390000343322754
2014-02-12,631100,14.979999542236328,15.149999618530273,15.34000015258789,14.920000076293945,15.149999618530273
2014-02-11,673100,14.619999885559082,14.920000076293945,15.079999923706055,14.539999961853027,14.920000076293945
2014-02-10,553700,14.890000343322754,14.649999618530273,14.890000343322754,14.4399995803833,14.649999618530273
2014-02-07,769800,14.75,14.869999885559082,14.949999809265137,14.539999961853027,14.869999885559082
2014-02-06,555000,14.479999542236328,14.649999618530273,14.779999732971191,14.180000305175781,14.649999618530273
2014-02-05,826400,14.630000114440918,14.430000305175781,14.75,14.170000076293945,14.430000305175781
2014-02-04,994400,14.329999923706055,14.649999618530273,14.779999732971191,14.319999694824219,14.649999618530273
2014-02-03,806600,14.520000457763672,14.300000190734863,14.649999618530273,14.010000228881836,14.300000190734863
2014-01-31,866400,14.199999809265137,14.539999961853027,14.720000267028809,14.010000228881836,14.539999961853027
2014-01-30,1072600,15.0600004196167,14.699999809265137,15.319999694824219,14.449999809265137,14.699999809265137
2014-01-29,624000,14.979999542236328,14.899999618530273,15.15999984741211,14.739999771118164,14.899999618530273
2014-01-28,1178600,15.020000457763672,15.130000114440918,15.40999984741211,14.699999809265137,15.130000114440918
2014-01-27,1180300,15.4399995803833,14.970000267028809,15.4399995803833,14.720000267028809,14.970000267028809
2014-01-24,1739600,15.220000267028809,15.460000038146973,15.5600004196167,15.029999732971191,15.460000038146973
2014-01-23,1365900,15.079999923706055,15.329999923706055,15.359999656677246,15.020000457763672,15.329999923706055
2014-01-22,926700,14.550000190734863,15.100000381469727,15.140000343322754,14.279999732971191,15.100000381469727
2014-01-21,474500,14.199999809265137,14.510000228881836,14.510000228881836,14.069999694824219,14.510000228881836
2014-01-17,557100,14.569999694824219,14.100000381469727,14.619999885559082,14.039999961853027,14.100000381469727
2014-01-16,730200,13.890000343322754,14.5600004196167,14.640000343322754,13.890000343322754,14.5600004196167
2014-01-15,1037700,14.029999732971191,14.029999732971191,14.079999923706055,13.680000305175781,14.029999732971191
2014-01-14,285800,13.699999809265137,13.949999809265137,14.029999732971191,13.649999618530273,13.949999809265137
2014-01-13,1000200,13.920000076293945,13.680000305175781,14.029999732971191,13.539999961853027,13.680000305175781
2014-01-10,709900,14.1899995803833,14.010000228881836,14.239999771118164,13.90999984741211,14.010000228881836
2014-01-09,1012900,14.550000190734863,14.149999618530273,14.710000038146973,13.9399995803833,14.149999618530273
2014-01-08,1236700,14.119999885559082,14.4399995803833,14.579999923706055,14.069999694824219,14.4399995803833
2014-01-07,405200,14.020000457763672,14.1899995803833,14.359999656677246,14.020000457763672,14.1899995803833
2014-01-06,760500,14.3100004196167,13.989999771118164,14.460000038146973,13.930000305175781,13.989999771118164
2014-01-03,519500,14.479999542236328,14.279999732971191,14.529999732971191,14.15999984741211,14.279999732971191
2014-01-02,1285600,14.949999809265137,14.489999771118164,15.210000038146973,14.210000038146973,14.489999771118164
2013-12-31,533500,14.90999984741211,15.069999694824219,15.140000343322754,14.75,15.069999694824219
2013-12-30,529700,15.170000076293945,14.890000343322754,15.300000190734863,14.890000343322754,14.890000343322754
2013-12-27,400900,15.050000190734863,15.170000076293945,15.1899995803833,14.770000457763672,15.170000076293945
2013-12-26,445200,15.180000305175781,15.0,15.199999809265137,14.800000190734863,15.0
2013-12-24,204200,15.079999923706055,15.09000015258789,15.1899995803833,14.979999542236328,15.09000015258789
2013-12-23,493100,15.149999618530273,15.119999885559082,15.520000457763672,15.039999961853027,15.119999885559082
2013-12-20,1452800,14.850000381469727,15.079999923706055,15.350000381469727,14.6899995803833,15.079999923706055
2013-12-19,586500,14.75,14.960000038146973,15.0,14.630000114440918,14.960000038146973
2013-12-18,657000,14.75,14.800000190734863,15.020000457763672,14.399999618530273,14.800000190734863
2013-12-17,541000,15.0600004196167,14.720000267028809,15.109999656677246,14.5,14.720000267028809
2013-12-16,1098000,15.029999732971191,15.09000015258789,15.149999618530273,14.770000457763672,15.09000015258789
2013-12-13,587900,14.789999961853027,14.819999694824219,15.0600004196167,14.649999618530273,14.819999694824219
2013-12-12,677700,14.770000457763672,14.779999732971191,14.90999984741211,14.460000038146973,14.779999732971191
2013-12-11,1375900,14.819999694824219,14.84000015258789,14.949999809265137,14.5600004196167,14.84000015258789
2013-12-10,1418600,14.359999656677246,14.760000228881836,15.25,14.300000190734863,14.760000228881836
2013-12-09,983900,14.300000190734863,14.149999618530273,14.430000305175781,13.970000267028809,14.149999618530273
2013-12-06,2302800,15.550000190734863,14.430000305175781,15.699999809265137,14.3100004196167,14.430000305175781
2013-12-05,1180200,15.770000457763672,15.399999618530273,15.979999542236328,15.140000343322754,15.399999618530273
2013-12-04,688200,15.729999542236328,15.850000381469727,16.299999237060547,15.710000038146973,15.850000381469727
2013-12-03,885600,16.079999923706055,15.729999542236328,16.530000686645508,15.65999984741211,15.729999542236328
2013-12-02,492400,15.970000267028809,16.110000610351562,16.190000534057617,15.800000190734863,16.110000610351562
2013-11-29,276200,16.1200008392334,15.949999809265137,16.31999969482422,15.779999732971191,15.949999809265137
2013-11-27,612400,16.399999618530273,16.06999969482422,16.540000915527344,15.869999885559082,16.06999969482422
2013-11-26,482700,16.1299991607666,16.520000457763672,16.579999923706055,15.899999618530273,16.520000457763672
2013-11-25,486200,16.5,16.15999984741211,16.6299991607666,15.84000015258789,16.15999984741211
2013-11-22,438200,16.260000228881836,16.520000457763672,16.56999969482422,16.049999237060547,16.520000457763672
2013-11-21,952800,16.200000762939453,16.329999923706055,16.329999923706055,15.960000038146973,16.329999923706055
2013-11-20,522100,15.9399995803833,16.010000228881836,16.420000076293945,15.90999984741211,16.010000228881836
2013-11-19,539200,15.850000381469727,15.800000190734863,16.200000762939453,15.399999618530273,15.800000190734863
2013-11-18,754500,16.43000030517578,15.899999618530273,16.5,15.789999961853027,15.899999618530273
2013-11-15,300500,16.510000228881836,16.440000534057617,16.670000076293945,16.270000457763672,16.440000534057617
2013-11-14,481100,16.420000076293945,16.540000915527344,16.709999084472656,16.09000015258789,16.540000915527344
2013-11-13,781800,15.90999984741211,16.450000762939453,16.530000686645508,15.90999984741211,16.450000762939453
2013-11-12,758100,16.75,16.100000381469727,16.75,16.010000228881836,16.100000381469727
2013-11-11,742600,16.600000381469727,16.850000381469727,16.969999313354492,16.190000534057617,16.850000381469727
2013-11-08,1424200,15.8100004196167,16.3700008392334,17.170000076293945,15.75,16.3700008392334
2013-11-07,1343600,16.3700008392334,15.710000038146973,16.709999084472656,15.5,15.710000038146973
2013-11-06,916900,16.549999237060547,16.239999771118164,17.06999969482422,16.06999969482422,16.239999771118164
2013-11-05,795100,17.100000381469727,16.440000534057617,17.139999389648438,16.3799991607666,16.440000534057617
2013-11-04,970300,16.110000610351562,17.1299991607666,17.200000762939453,16.110000610351562,17.1299991607666
2013-11-01,1453100,16.399999618530273,16.1200008392334,16.5,15.270000457763672,16.1200008392334
2013-10-31,935500,16.860000610351562,16.43000030517578,17.0,16.280000686645508,16.43000030517578
2013-10-30,915800,17.559999465942383,16.829999923706055,17.75,16.670000076293945,16.829999923706055
2013-10-29,643400,17.219999313354492,17.479999542236328,17.530000686645508,17.0,17.479999542236328
2013-10-28,648500,17.510000228881836,17.229999542236328,17.639999389648438,17.149999618530273,17.229999542236328
2013-10-25,1174100,17.100000381469727,17.40999984741211,17.709999084472656,17.100000381469727,17.40999984741211
2013-10-24,752100,16.68000030517578,17.06999969482422,17.18000030517578,16.170000076293945,17.06999969482422
2013-10-23,1134600,16.56999969482422,16.260000228881836,16.6200008392334,16.059999465942383,16.260000228881836
2013-10-22,1151600,17.079999923706055,16.84000015258789,17.56999969482422,16.809999465942383,16.84000015258789
2013-10-21,1182700,17.489999771118164,17.010000228881836,17.899999618530273,16.889999389648438,17.010000228881836
2013-10-18,1095500,17.25,17.459999084472656,17.469999313354492,16.959999084472656,17.459999084472656
2013-10-17,1645700,17.100000381469727,17.110000610351562,17.170000076293945,16.6299991607666,17.110000610351562
2013-10-16,1542800,16.0,16.850000381469727,16.940000534057617,15.829999923706055,16.850000381469727
2013-10-15,905000,15.449999809265137,15.9399995803833,15.9399995803833,15.420000076293945,15.9399995803833
2013-10-14,607900,15.199999809265137,15.4399995803833,15.640000343322754,15.039999961853027,15.4399995803833
2013-10-11,765700,15.239999771118164,15.609999656677246,15.850000381469727,15.15999984741211,15.609999656677246
2013-10-10,937100,15.130000114440918,15.390000343322754,15.619999885559082,14.710000038146973,15.390000343322754
2013-10-09,1272800,15.050000190734863,14.90999984741211,15.239999771118164,14.699999809265137,14.90999984741211
2013-10-08,1259300,14.699999809265137,15.039999961853027,15.34000015258789,14.539999961853027,15.039999961853027
2013-10-07,700900,14.9399995803833,14.9399995803833,15.329999923706055,14.890000343322754,14.9399995803833
2013-10-04,1052300,15.279999732971191,15.170000076293945,15.390000343322754,15.100000381469727,15.170000076293945
2013-10-03,613100,15.319999694824219,15.289999961853027,15.329999923706055,15.0600004196167,15.289999961853027
2013-10-02,744600,15.569999694824219,15.369999885559082,15.739999771118164,15.1899995803833,15.369999885559082
2013-10-01,1544900,14.34000015258789,15.630000114440918,15.65999984741211,14.3100004196167,15.630000114440918
2013-09-30,757600,14.359999656677246,14.430000305175781,14.630000114440918,13.539999961853027,14.430000305175781
2013-09-27,779900,14.529999732971191,14.640000343322754,14.850000381469727,14.520000457763672,14.640000343322754
2013-09-26,1490100,13.979999542236328,14.649999618530273,14.75,13.970000267028809,14.649999618530273
2013-09-25,909900,13.729999542236328,13.949999809265137,14.170000076293945,13.680000305175781,13.949999809265137
2013-09-24,702100,13.880000114440918,13.710000038146973,13.989999771118164,13.630000114440918,13.710000038146973
2013-09-23,416500,13.640000343322754,13.869999885559082,13.890000343322754,13.600000381469727,13.869999885559082
2013-09-20,908600,13.970000267028809,13.710000038146973,13.989999771118164,13.609999656677246,13.710000038146973
2013-09-19,514500,13.989999771118164,13.829999923706055,14.109999656677246,13.699999809265137,13.829999923706055
2013-09-18,926900,13.59000015258789,13.989999771118164,14.180000305175781,13.5,13.989999771118164
2013-09-17,508800,13.260000228881836,13.619999885559082,13.630000114440918,13.25,13.619999885559082
2013-09-16,609600,13.65999984741211,13.300000190734863,13.699999809265137,13.279999732971191,13.300000190734863
2013-09-13,316500,13.520000457763672,13.460000038146973,13.5600004196167,13.399999618530273,13.460000038146973
2013-09-12,411100,13.710000038146973,13.539999961853027,13.710000038146973,13.420000076293945,13.539999961853027
2013-09-11,882600,13.449999809265137,13.75,13.760000228881836,13.289999961853027,13.75
2013-09-10,833600,13.229999542236328,13.489999771118164,13.529999732971191,13.140000343322754,13.489999771118164
2013-09-09,624200,13.039999961853027,13.149999618530273,13.300000190734863,13.0,13.149999618530273
2013-09-06,497000,13.029999732971191,13.0,13.140000343322754,12.779999732971191,13.0
2013-09-05,554700,12.949999809265137,12.949999809265137,13.180000305175781,12.850000381469727,12.949999809265137
2013-09-04,996900,12.899999618530273,12.920000076293945,12.920000076293945,12.710000038146973,12.920000076293945
2013-09-03,630400,13.199999809265137,12.930000305175781,13.199999809265137,12.850000381469727,12.930000305175781
2013-08-30,789100,13.050000190734863,12.880000114440918,13.109999656677246,12.880000114440918,12.880000114440918
2013-08-29,608300,13.079999923706055,13.100000381469727,13.239999771118164,12.960000038146973,13.100000381469727
2013-08-28,534500,13.069999694824219,13.069999694824219,13.319999694824219,12.949999809265137,13.069999694824219
2013-08-27,702000,13.010000228881836,13.020000457763672,13.239999771118164,12.949999809265137,13.020000457763672
2013-08-26,649600,13.140000343322754,13.180000305175781,13.270000457763672,13.0,13.180000305175781
2013-08-23,1121900,12.819999694824219,12.989999771118164,13.130000114440918,12.729999542236328,12.989999771118164
2013-08-22,1417000,12.050000190734863,12.720000267028809,12.760000228881836,12.050000190734863,12.720000267028809
2013-08-21,953800,12.40999984741211,11.960000038146973,12.460000038146973,11.960000038146973,11.960000038146973
2013-08-20,1074200,12.34000015258789,12.5,12.649999618530273,12.079999923706055,12.5
2013-08-19,1130000,12.40999984741211,12.34000015258789,12.470000267028809,12.300000190734863,12.34000015258789
2013-08-16,1246300,12.029999732971191,12.329999923706055,12.369999885559082,11.949999809265137,12.329999923706055
2013-08-15,1192600,11.949999809265137,12.0,12.029999732971191,11.789999961853027,12.0
2013-08-14,1016000,12.029999732971191,12.020000457763672,12.270000457763672,12.0,12.020000457763672
2013-08-13,1049700,12.5,12.149999618530273,12.520000457763672,12.100000381469727,12.149999618530273
2013-08-12,941100,12.199999809265137,12.380000114440918,12.529999732971191,12.020000457763672,12.380000114440918
2013-08-09,2385500,12.859999656677246,12.329999923706055,13.199999809265137,12.210000038146973,12.329999923706055
2013-08-08,1319500,13.329999923706055,13.359999656677246,13.390000343322754,12.9399995803833,13.359999656677246
2013-08-07,830300,13.369999885559082,13.1899995803833,13.609999656677246,13.15999984741211,13.1899995803833
2013-08-06,1155200,13.949999809265137,13.380000114440918,13.949999809265137,13.34000015258789,13.380000114440918
2013-08-05,734200,13.619999885559082,14.0,14.0,13.619999885559082,14.0
2013-08-02,598500,13.319999694824219,13.5600004196167,13.789999961853027,13.289999961853027,13.5600004196167
2013-08-01,805000,13.449999809265137,13.390000343322754,13.479999542236328,13.220000267028809,13.390000343322754
2013-07-31,571500,13.109999656677246,13.210000038146973,13.369999885559082,13.0,13.210000038146973
2013-07-30,550000,13.149999618530273,13.109999656677246,13.149999618530273,12.800000190734863,13.109999656677246
2013-07-29,578300,13.050000190734863,13.109999656677246,13.270000457763672,12.970000267028809,13.109999656677246
2013-07-26,317500,13.0600004196167,13.050000190734863,13.15999984741211,12.949999809265137,13.050000190734863
2013-07-25,667900,13.15999984741211,13.149999618530273,13.329999923706055,12.90999984741211,13.149999618530273
2013-07-24,776000,13.380000114440918,13.220000267028809,13.380000114440918,13.0,13.220000267028809
2013-07-23,546000,13.529999732971191,13.359999656677246,13.649999618530273,13.260000228881836,13.359999656677246
2013-07-22,865000,13.369999885559082,13.489999771118164,13.729999542236328,13.300000190734863,13.489999771118164
2013-07-19,1020100,13.550000190734863,13.359999656677246,13.550000190734863,13.140000343322754,13.359999656677246
2013-07-18,779400,13.479999542236328,13.770000457763672,13.770000457763672,13.430000305175781,13.770000457763672
2013-07-17,549600,13.489999771118164,13.399999618530273,13.619999885559082,13.380000114440918,13.399999618530273
2013-07-16,550900,13.5,13.390000343322754,13.550000190734863,13.199999809265137,13.390000343322754
2013-07-15,558700,13.710000038146973,13.479999542236328,13.800000190734863,13.449999809265137,13.479999542236328
2013-07-12,838000,14.020000457763672,13.699999809265137,14.079999923706055,13.479999542236328,13.699999809265137
2013-07-11,875200,14.460000038146973,14.100000381469727,14.460000038146973,14.050000190734863,14.100000381469727
2013-07-10,646900,14.109999656677246,14.229999542236328,14.4399995803833,14.109999656677246,14.229999542236328
2013-07-09,688500,14.140000343322754,14.149999618530273,14.149999618530273,13.829999923706055,14.149999618530273
2013-07-08,556100,13.949999809265137,14.029999732971191,14.260000228881836,13.859999656677246,14.029999732971191
2013-07-05,395500,13.949999809265137,13.880000114440918,13.949999809265137,13.5,13.880000114440918
2013-07-03,235100,13.649999618530273,13.680000305175781,13.75,13.25,13.680000305175781
2013-07-02,451800,13.699999809265137,13.65999984741211,13.880000114440918,13.520000457763672,13.65999984741211
2013-07-01,600900,13.229999542236328,13.609999656677246,13.680000305175781,13.100000381469727,13.609999656677246
2013-06-28,2228200,12.819999694824219,13.34000015258789,13.359999656677246,12.819999694824219,13.34000015258789
2013-06-27,518200,13.279999732971191,12.899999618530273,13.279999732971191,12.789999961853027,12.899999618530273
2013-06-26,373600,13.5,13.119999885559082,13.5,13.029999732971191,13.119999885559082
2013-06-25,517600,13.520000457763672,13.359999656677246,13.520000457763672,13.100000381469727,13.359999656677246
2013-06-24,532500,13.0600004196167,13.270000457763672,13.399999618530273,12.8100004196167,13.270000457763672
2013-06-21,972100,13.380000114440918,13.399999618530273,13.449999809265137,12.970000267028809,13.399999618530273
2013-06-20,636400,13.760000228881836,13.3100004196167,13.859999656677246,13.1899995803833,13.3100004196167
2013-06-19,365200,14.25,14.09000015258789,14.34000015258789,14.010000228881836,14.09000015258789
2013-06-18,340400,13.920000076293945,14.180000305175781,14.329999923706055,13.920000076293945,14.180000305175781
2013-06-17,383700,13.930000305175781,13.930000305175781,13.970000267028809,13.630000114440918,13.930000305175781
2013-06-14,277100,13.930000305175781,13.699999809265137,14.100000381469727,13.649999618530273,13.699999809265137
2013-06-13,286600,13.59000015258789,13.90999984741211,13.989999771118164,13.520000457763672,13.90999984741211
2013-06-12,334400,13.970000267028809,13.630000114440918,13.970000267028809,13.539999961853027,13.630000114440918
2013-06-11,441500,13.770000457763672,13.770000457763672,13.9399995803833,13.550000190734863,13.770000457763672
2013-06-10,476500,13.960000038146973,14.050000190734863,14.220000267028809,13.890000343322754,14.050000190734863
2013-06-07,789200,13.550000190734863,13.859999656677246,14.029999732971191,13.420000076293945,13.859999656677246
2013-06-06,412700,13.25,13.529999732971191,13.529999732971191,13.149999618530273,13.529999732971191
2013-06-05,353200,13.4399995803833,13.239999771118164,13.470000267028809,13.199999809265137,13.239999771118164
2013-06-04,764200,13.479999542236328,13.5,13.579999923706055,13.1899995803833,13.5
2013-06-03,764900,13.300000190734863,13.5,13.550000190734863,13.15999984741211,13.5
2013-05-31,535300,13.5,13.170000076293945,13.65999984741211,13.149999618530273,13.170000076293945
2013-05-30,374100,13.779999732971191,13.619999885559082,13.920000076293945,13.510000228881836,13.619999885559082
2013-05-29,591800,13.800000190734863,13.75,14.170000076293945,13.640000343322754,13.75
2013-05-28,763200,13.699999809265137,13.989999771118164,14.140000343322754,13.649999618530273,13.989999771118164
2013-05-24,595500,13.5,13.489999771118164,13.6899995803833,13.260000228881836,13.489999771118164
2013-05-23,851500,13.670000076293945,13.569999694824219,13.789999961853027,13.149999618530273,13.569999694824219
2013-05-22,601800,14.460000038146973,13.890000343322754,14.75,13.75,13.890000343322754
2013-05-21,550800,14.619999885559082,14.479999542236328,14.710000038146973,14.380000114440918,14.479999542236328
2013-05-20,630500,14.229999542236328,14.630000114440918,14.680000305175781,14.15999984741211,14.630000114440918
2013-05-17,536900,13.979999542236328,14.25,14.270000457763672,13.869999885559082,14.25
2013-05-16,438400,13.970000267028809,13.84000015258789,14.0600004196167,13.770000457763672,13.84000015258789
2013-05-15,855300,14.029999732971191,14.069999694824219,14.15999984741211,13.850000381469727,14.069999694824219
2013-05-14,597600,13.800000190734863,14.140000343322754,14.1899995803833,13.5,14.140000343322754
2013-05-13,750800,13.779999732971191,13.84000015258789,14.010000228881836,13.640000343322754,13.84000015258789
2013-05-10,785000,13.449999809265137,13.75,13.789999961853027,13.149999618530273,13.75
2013-05-09,1230600,13.220000267028809,13.510000228881836,13.630000114440918,13.010000228881836,13.510000228881836
2013-05-08,794200,13.239999771118164,13.300000190734863,13.399999618530273,13.010000228881836,13.300000190734863
2013-05-07,1302800,13.600000381469727,13.079999923706055,13.630000114440918,12.760000228881836,13.079999923706055
2013-05-06,1151900,13.100000381469727,13.109999656677246,13.369999885559082,12.949999809265137,13.109999656677246
2013-05-03,1498200,12.760000228881836,13.029999732971191,13.140000343322754,12.720000267028809,13.029999732971191
2013-05-02,1293800,12.140000343322754,12.550000190734863,12.680000305175781,12.029999732971191,12.550000190734863
2013-05-01,10266300,12.75,12.0,12.84000015258789,12.0,12.0
2013-04-30,655500,13.0,12.890000343322754,13.050000190734863,12.779999732971191,12.890000343322754
2013-04-29,642200,12.630000114440918,13.020000457763672,13.149999618530273,12.630000114440918,13.020000457763672
2013-04-26,612900,12.75,12.550000190734863,12.869999885559082,12.40999984741211,12.550000190734863
2013-04-25,976400,12.949999809265137,12.829999923706055,13.3100004196167,12.710000038146973,12.829999923706055
2013-04-24,379600,12.890000343322754,13.199999809265137,13.260000228881836,12.890000343322754,13.199999809265137
2013-04-23,332800,12.720000267028809,12.850000381469727,12.859999656677246,12.550000190734863,12.850000381469727
2013-04-22,467000,12.649999618530273,12.6899995803833,12.760000228881836,12.369999885559082,12.6899995803833
2013-04-19,481400,12.720000267028809,12.609999656677246,12.729999542236328,12.390000343322754,12.609999656677246
2013-04-18,863900,12.40999984741211,12.729999542236328,12.729999542236328,12.039999961853027,12.729999542236328
2013-04-17,964500,12.970000267028809,12.300000190734863,12.970000267028809,12.270000457763672,12.300000190734863
2013-04-16,1755000,12.930000305175781,13.079999923706055,13.210000038146973,12.789999961853027,13.079999923706055
2013-04-15,1249000,13.890000343322754,12.789999961853027,13.890000343322754,12.770000457763672,12.789999961853027
2013-04-12,479200,14.470000267028809,14.029999732971191,14.529999732971191,14.0,14.029999732971191
2013-04-11,362300,14.800000190734863,14.630000114440918,14.989999771118164,14.510000228881836,14.630000114440918
2013-04-10,841100,14.380000114440918,14.829999923706055,14.960000038146973,14.329999923706055,14.829999923706055
2013-04-09,451700,14.300000190734863,14.350000381469727,14.640000343322754,14.229999542236328,14.350000381469727
2013-04-08,727100,13.789999961853027,14.270000457763672,14.369999885559082,13.760000228881836,14.270000457763672
2013-04-05,368800,13.149999618530273,13.729999542236328,13.75,13.149999618530273,13.729999542236328
2013-04-04,923300,13.40999984741211,13.479999542236328,13.609999656677246,13.170000076293945,13.479999542236328
2013-04-03,1197100,13.949999809265137,13.399999618530273,14.100000381469727,13.399999618530273,13.399999618530273
2013-04-02,490500,14.25,13.9399995803833,14.300000190734863,13.850000381469727,13.9399995803833
2013-04-01,713000,14.329999923706055,14.140000343322754,14.479999542236328,14.0,14.140000343322754
2013-03-28,535800,14.579999923706055,14.380000114440918,14.710000038146973,14.3100004196167,14.380000114440918
2013-03-27,554800,14.279999732971191,14.520000457763672,14.609999656677246,14.279999732971191,14.520000457763672
2013-03-26,500500,14.270000457763672,14.40999984741211,14.5,14.149999618530273,14.40999984741211
2013-03-25,558800,14.609999656677246,14.210000038146973,14.800000190734863,14.1899995803833,14.210000038146973
2013-03-22,675600,14.710000038146973,14.489999771118164,14.720000267028809,14.430000305175781,14.489999771118164
2013-03-21,331400,14.479999542236328,14.579999923706055,14.850000381469727,14.430000305175781,14.579999923706055
2013-03-20,333300,14.800000190734863,14.640000343322754,14.800000190734863,14.359999656677246,14.640000343322754
2013-03-19,438100,14.920000076293945,14.619999885559082,15.0600004196167,14.430000305175781,14.619999885559082
2013-03-18,588200,14.90999984741211,14.930000305175781,15.260000228881836,14.75,14.930000305175781
2013-03-15,1188400,15.0600004196167,15.0600004196167,15.319999694824219,14.710000038146973,15.0600004196167
2013-03-14,644100,14.949999809265137,15.029999732971191,15.079999923706055,14.760000228881836,15.029999732971191
2013-03-13,344400,14.899999618530273,14.869999885559082,15.0600004196167,14.850000381469727,14.869999885559082
2013-03-12,442800,14.989999771118164,14.920000076293945,15.140000343322754,14.859999656677246,14.920000076293945
2013-03-11,379900,15.029999732971191,15.020000457763672,15.15999984741211,14.8100004196167,15.020000457763672
2013-03-08,515700,15.020000457763672,15.0600004196167,15.180000305175781,14.800000190734863,15.0600004196167
2013-03-07,827600,14.579999923706055,14.930000305175781,14.9399995803833,14.579999923706055,14.930000305175781
2013-03-06,1214700,14.020000457763672,14.529999732971191,14.5600004196167,13.970000267028809,14.529999732971191
2013-03-05,918500,13.699999809265137,13.920000076293945,14.029999732971191,13.680000305175781,13.920000076293945
2013-03-04,1486600,14.079999923706055,13.619999885559082,14.449999809265137,13.359999656677246,13.619999885559082
2013-03-01,2208500,13.529999732971191,14.130000114440918,14.329999923706055,13.34000015258789,14.130000114440918
2013-02-28,884400,13.960000038146973,13.710000038146973,14.15999984741211,13.680000305175781,13.710000038146973
2013-02-27,1371500,13.520000457763672,13.960000038146973,14.039999961853027,13.449999809265137,13.960000038146973
2013-02-26,555300,13.640000343322754,13.479999542236328,13.640000343322754,13.149999618530273,13.479999542236328
2013-02-25,622800,14.289999961853027,13.5,14.40999984741211,13.5,13.5
2013-02-22,615400,14.050000190734863,14.130000114440918,14.199999809265137,13.869999885559082,14.130000114440918
2013-02-21,1445400,14.0,13.859999656677246,14.100000381469727,13.460000038146973,13.859999656677246
2013-02-20,811700,14.680000305175781,14.0,14.680000305175781,14.0,14.0
2013-02-19,797900,14.460000038146973,14.6899995803833,14.770000457763672,14.430000305175781,14.6899995803833
2013-02-15,1030800,15.0600004196167,14.3100004196167,15.0600004196167,14.289999961853027,14.3100004196167
2013-02-14,631900,14.930000305175781,14.90999984741211,15.25,14.859999656677246,14.90999984741211
2013-02-13,831000,15.40999984741211,15.020000457763672,15.40999984741211,14.789999961853027,15.020000457763672
2013-02-12,3104200,15.399999618530273,15.229999542236328,15.4399995803833,14.34000015258789,15.229999542236328
2013-02-11,343000,16.229999542236328,15.970000267028809,16.239999771118164,15.899999618530273,15.970000267028809
2013-02-08,382200,16.09000015258789,16.209999084472656,16.280000686645508,16.0,16.209999084472656
2013-02-07,389000,16.34000015258789,16.079999923706055,16.399999618530273,16.040000915527344,16.079999923706055
2013-02-06,549500,16.049999237060547,16.350000381469727,16.3799991607666,15.949999809265137,16.350000381469727
2013-02-05,760700,16.1299991607666,16.18000030517578,16.239999771118164,16.059999465942383,16.18000030517578
2013-02-04,711300,16.219999313354492,15.930000305175781,16.360000610351562,15.829999923706055,15.930000305175781
2013-02-01,497100,16.610000610351562,16.34000015258789,16.639999389648438,16.299999237060547,16.34000015258789
2013-01-31,796700,16.690000534057617,16.540000915527344,16.739999771118164,16.219999313354492,16.540000915527344
2013-01-30,1013300,17.190000534057617,17.010000228881836,17.440000534057617,16.940000534057617,17.010000228881836
2013-01-29,700100,17.200000762939453,17.139999389648438,17.3799991607666,17.010000228881836,17.139999389648438
2013-01-28,411200,17.25,17.260000228881836,17.399999618530273,17.149999618530273,17.260000228881836
2013-01-25,299500,17.309999465942383,17.309999465942383,17.399999618530273,17.059999465942383,17.309999465942383
2013-01-24,333500,17.350000381469727,17.270000457763672,17.5,17.06999969482422,17.270000457763672
2013-01-23,459300,17.360000610351562,17.280000686645508,17.549999237060547,17.06999969482422,17.280000686645508
2013-01-22,602100,17.40999984741211,17.450000762939453,17.450000762939453,17.09000015258789,17.450000762939453
2013-01-18,454300,17.3799991607666,17.459999084472656,17.459999084472656,17.170000076293945,17.459999084472656
2013-01-17,384700,17.360000610351562,17.299999237060547,17.479999542236328,17.15999984741211,17.299999237060547
2013-01-16,342200,17.170000076293945,17.25,17.299999237060547,16.950000762939453,17.25
2013-01-15,394800,16.979999542236328,17.15999984741211,17.190000534057617,16.889999389648438,17.15999984741211
2013-01-14,445200,17.0,17.0,17.25,16.799999237060547,17.0
2013-01-11,662300,17.309999465942383,17.06999969482422,17.309999465942383,16.790000915527344,17.06999969482422
2013-01-10,472300,17.389999389648438,17.25,17.450000762939453,17.06999969482422,17.25
2013-01-09,373400,17.18000030517578,17.260000228881836,17.350000381469727,17.06999969482422,17.260000228881836
2013-01-08,508600,17.100000381469727,17.06999969482422,17.239999771118164,17.010000228881836,17.06999969482422
2013-01-07,551000,17.040000915527344,17.100000381469727,17.18000030517578,16.979999542236328,17.100000381469727
2013-01-04,343100,17.139999389648438,17.190000534057617,17.280000686645508,16.950000762939453,17.190000534057617
2013-01-03,509400,17.170000076293945,16.950000762939453,17.43000030517578,16.790000915527344,16.950000762939453
2013-01-02,830300,17.170000076293945,17.079999923706055,17.389999389648438,16.700000762939453,17.079999923706055
2012-12-31,655000,16.110000610351562,16.81999969482422,16.8799991607666,16.110000610351562,16.81999969482422
2012-12-28,447200,16.15999984741211,16.209999084472656,16.440000534057617,16.079999923706055,16.209999084472656
2012-12-27,788000,16.899999618530273,16.34000015258789,16.90999984741211,16.010000228881836,16.34000015258789
2012-12-26,406400,16.989999771118164,16.850000381469727,17.170000076293945,16.790000915527344,16.850000381469727
2012-12-24,279000,16.700000762939453,16.979999542236328,17.0,16.700000762939453,16.979999542236328
2012-12-21,1630500,16.799999237060547,17.18000030517578,17.239999771118164,16.520000457763672,17.18000030517578
2012-12-20,476900,16.989999771118164,17.079999923706055,17.09000015258789,16.65999984741211,17.079999923706055
2012-12-19,469700,16.950000762939453,16.899999618530273,17.09000015258789,16.610000610351562,16.899999618530273
2012-12-18,437200,16.399999618530273,16.940000534057617,16.979999542236328,16.350000381469727,16.940000534057617
2012-12-17,696100,16.40999984741211,16.3700008392334,16.440000534057617,16.139999389648438,16.3700008392334
2012-12-14,504100,16.219999313354492,16.239999771118164,16.469999313354492,16.06999969482422,16.239999771118164
2012-12-13,564600,16.610000610351562,16.15999984741211,16.610000610351562,16.15999984741211,16.15999984741211
2012-12-12,612700,16.739999771118164,16.600000381469727,16.790000915527344,16.479999542236328,16.600000381469727
2012-12-11,614600,16.600000381469727,16.6200008392334,16.8799991607666,16.5,16.6200008392334
2012-12-10,1108100,16.399999618530273,16.5,16.790000915527344,16.309999465942383,16.5
2012-12-07,665600,16.270000457763672,16.450000762939453,16.610000610351562,16.110000610351562,16.450000762939453
2012-12-06,656200,16.100000381469727,16.200000762939453,16.290000915527344,15.8100004196167,16.200000762939453
2012-12-05,801200,15.890000343322754,16.15999984741211,16.350000381469727,15.84000015258789,16.15999984741211
2012-12-04,607500,15.710000038146973,15.859999656677246,16.18000030517578,15.710000038146973,15.859999656677246
2012-12-03,724800,15.699999809265137,15.75,15.989999771118164,15.699999809265137,15.75
2012-11-30,668200,15.510000228881836,15.699999809265137,15.899999618530273,15.479999542236328,15.699999809265137
2012-11-29,745700,15.329999923706055,15.529999732971191,15.640000343322754,15.220000267028809,15.529999732971191
2012-11-28,671500,14.640000343322754,15.130000114440918,15.130000114440918,14.579999923706055,15.130000114440918
2012-11-27,655700,14.930000305175781,14.789999961853027,15.260000228881836,14.779999732971191,14.789999961853027
2012-11-26,401600,14.930000305175781,15.010000228881836,15.170000076293945,14.8100004196167,15.010000228881836
2012-11-23,187700,14.899999618530273,15.039999961853027,15.220000267028809,14.850000381469727,15.039999961853027
2012-11-21,605500,14.859999656677246,14.850000381469727,15.050000190734863,14.670000076293945,14.850000381469727
2012-11-20,737400,14.859999656677246,14.829999923706055,14.970000267028809,14.619999885559082,14.829999923706055
2012-11-19,793800,14.760000228881836,14.960000038146973,15.170000076293945,14.729999542236328,14.960000038146973
2012-11-16,956700,14.180000305175781,14.5,14.550000190734863,13.949999809265137,14.5
2012-11-15,835500,13.869999885559082,14.100000381469727,14.1899995803833,13.729999542236328,14.100000381469727
2012-11-14,1424600,14.260000228881836,13.970000267028809,14.3100004196167,13.75,13.970000267028809
2012-11-13,610500,14.0,14.380000114440918,14.510000228881836,14.0,14.380000114440918
2012-11-12,804900,14.5600004196167,14.15999984741211,14.600000381469727,14.079999923706055,14.15999984741211
2012-11-09,722500,14.5,14.529999732971191,14.949999809265137,14.270000457763672,14.529999732971191
2012-11-08,963000,15.199999809265137,14.59000015258789,15.430000305175781,14.5,14.59000015258789
2012-11-07,795300,15.59000015258789,15.050000190734863,15.59000015258789,14.899999618530273,15.050000190734863
2012-11-06,479200,15.869999885559082,15.899999618530273,16.0,15.5,15.899999618530273
2012-11-05,558600,15.350000381469727,15.699999809265137,15.789999961853027,15.279999732971191,15.699999809265137
2012-11-02,556000,15.670000076293945,15.359999656677246,15.670000076293945,15.3100004196167,15.359999656677246
2012-11-01,1569200,15.1899995803833,15.600000381469727,15.680000305175781,15.0,15.600000381469727
2012-10-31,593900,15.260000228881836,15.15999984741211,15.59000015258789,14.850000381469727,15.15999984741211
2012-10-26,408000,15.359999656677246,15.229999542236328,15.5,15.140000343322754,15.229999542236328
2012-10-25,665700,15.199999809265137,15.319999694824219,15.399999618530273,14.970000267028809,15.319999694824219
2012-10-24,722200,15.59000015258789,15.069999694824219,15.609999656677246,15.0,15.069999694824219
2012-10-23,905800,15.279999732971191,15.479999542236328,15.680000305175781,15.069999694824219,15.479999542236328
2012-10-22,890800,16.31999969482422,15.640000343322754,16.549999237060547,15.539999961853027,15.640000343322754
2012-10-19,1127400,16.479999542236328,16.209999084472656,16.6299991607666,15.970000267028809,16.209999084472656
2012-10-18,3149600,17.100000381469727,16.739999771118164,17.25,16.020000457763672,16.739999771118164
2012-10-17,1457700,17.729999542236328,17.360000610351562,17.8799991607666,17.18000030517578,17.360000610351562
2012-10-16,425100,17.31999969482422,17.760000228881836,17.760000228881836,17.15999984741211,17.760000228881836
2012-10-15,345900,17.229999542236328,17.149999618530273,17.350000381469727,16.829999923706055,17.149999618530273
2012-10-12,814900,17.309999465942383,17.18000030517578,17.59000015258789,16.969999313354492,17.18000030517578
2012-10-11,685200,17.200000762939453,17.40999984741211,17.549999237060547,17.149999618530273,17.40999984741211
2012-10-10,863200,17.200000762939453,17.040000915527344,17.479999542236328,16.950000762939453,17.040000915527344
2012-10-09,911300,16.709999084472656,17.190000534057617,17.280000686645508,16.709999084472656,17.190000534057617
2012-10-08,845400,16.200000762939453,16.649999618530273,16.979999542236328,16.190000534057617,16.649999618530273
2012-10-05,599900,16.43000030517578,16.299999237060547,16.65999984741211,16.229999542236328,16.299999237060547
2012-10-04,416000,16.09000015258789,16.290000915527344,16.399999618530273,16.06999969482422,16.290000915527344
2012-10-03,880100,16.3799991607666,16.049999237060547,16.420000076293945,15.960000038146973,16.049999237060547
2012-10-02,799400,16.469999313354492,16.31999969482422,16.860000610351562,16.200000762939453,16.31999969482422
2012-10-01,1731800,16.6200008392334,16.440000534057617,17.049999237060547,16.350000381469727,16.440000534057617
2012-09-28,684600,16.81999969482422,16.989999771118164,17.329999923706055,16.709999084472656,16.989999771118164
2012-09-27,757700,16.760000228881836,16.920000076293945,17.309999465942383,16.59000015258789,16.920000076293945
2012-09-26,814900,17.030000686645508,16.610000610351562,17.1299991607666,16.5,16.610000610351562
2012-09-25,697600,17.600000381469727,17.209999084472656,17.829999923706055,17.170000076293945,17.209999084472656
2012-09-24,457700,17.59000015258789,17.5,17.729999542236328,17.350000381469727,17.5
2012-09-21,1662000,17.93000030517578,17.790000915527344,18.059999465942383,17.6200008392334,17.790000915527344
2012-09-20,694800,17.6299991607666,17.81999969482422,18.030000686645508,17.6200008392334,17.81999969482422
2012-09-19,1856200,18.540000915527344,17.90999984741211,18.549999237060547,17.360000610351562,17.90999984741211
2012-09-18,762500,19.040000915527344,18.56999969482422,19.209999084472656,18.389999389648438,18.56999969482422
2012-09-17,423700,19.18000030517578,19.030000686645508,19.520000457763672,18.90999984741211,19.030000686645508
2012-09-14,1165600,19.15999984741211,19.389999389648438,19.700000762939453,19.110000610351562,19.389999389648438
2012-09-13,1524000,18.549999237060547,18.950000762939453,18.950000762939453,18.3700008392334,18.950000762939453
2012-09-12,645100,18.989999771118164,18.520000457763672,18.989999771118164,18.40999984741211,18.520000457763672
2012-09-11,634800,18.829999923706055,18.780000686645508,19.079999923706055,18.6200008392334,18.780000686645508
2012-09-10,840100,18.459999084472656,18.649999618530273,19.1299991607666,18.459999084472656,18.649999618530273
2012-09-07,1017500,17.399999618530273,18.43000030517578,18.670000076293945,17.219999313354492,18.43000030517578
2012-09-06,650400,16.979999542236328,17.209999084472656,17.479999542236328,16.90999984741211,17.209999084472656
2012-09-05,659100,16.75,16.739999771118164,17.020000457763672,16.649999618530273,16.739999771118164
2012-09-04,867000,16.290000915527344,16.81999969482422,17.079999923706055,16.110000610351562,16.81999969482422
2012-08-31,527600,16.579999923706055,16.34000015258789,16.600000381469727,16.18000030517578,16.34000015258789
2012-08-30,705300,16.6200008392334,16.329999923706055,16.65999984741211,16.329999923706055,16.329999923706055
2012-08-29,285800,17.020000457763672,16.709999084472656,17.079999923706055,16.68000030517578,16.709999084472656
2012-08-28,531700,16.549999237060547,16.959999084472656,17.0,16.549999237060547,16.959999084472656
2012-08-27,549100,16.68000030517578,16.540000915527344,16.8700008392334,16.479999542236328,16.540000915527344
2012-08-24,951900,16.579999923706055,16.6299991607666,16.950000762939453,16.5,16.6299991607666
2012-08-23,877500,16.93000030517578,16.459999084472656,16.989999771118164,16.40999984741211,16.459999084472656
2012-08-22,332900,16.8700008392334,17.040000915527344,17.110000610351562,16.739999771118164,17.040000915527344
2012-08-21,867400,17.59000015258789,16.959999084472656,17.809999465942383,16.950000762939453,16.959999084472656
2012-08-20,390800,17.649999618530273,17.510000228881836,17.799999237060547,17.450000762939453,17.510000228881836
2012-08-17,445200,17.670000076293945,17.6299991607666,17.81999969482422,17.43000030517578,17.6299991607666
2012-08-16,647500,17.549999237060547,17.709999084472656,17.989999771118164,17.399999618530273,17.709999084472656
2012-08-15,651300,17.139999389648438,17.5,17.6200008392334,17.139999389648438,17.5
2012-08-14,926100,16.8700008392334,17.18000030517578,17.360000610351562,16.65999984741211,17.18000030517578
2012-08-13,654200,16.81999969482422,16.670000076293945,17.100000381469727,16.600000381469727,16.670000076293945
2012-08-10,763900,16.899999618530273,16.780000686645508,17.049999237060547,16.540000915527344,16.780000686645508
2012-08-09,1075100,17.010000228881836,16.579999923706055,17.350000381469727,16.559999465942383,16.579999923706055
2012-08-08,815400,16.719999313354492,16.5,16.899999618530273,16.399999618530273,16.5
2012-08-07,1375500,15.890000343322754,16.770000457763672,17.020000457763672,15.890000343322754,16.770000457763672
2012-08-06,650300,15.4399995803833,15.729999542236328,15.819999694824219,15.380000114440918,15.729999542236328
2012-08-03,903000,15.600000381469727,15.369999885559082,15.979999542236328,15.270000457763672,15.369999885559082
2012-08-02,870300,15.609999656677246,15.220000267028809,16.09000015258789,14.920000076293945,15.220000267028809
2012-08-01,1184900,15.8100004196167,15.850000381469727,16.239999771118164,15.520000457763672,15.850000381469727
2012-07-31,849300,15.609999656677246,15.760000228881836,15.920000076293945,15.550000190734863,15.760000228881836
2012-07-30,673200,15.210000038146973,15.579999923706055,15.649999618530273,15.170000076293945,15.579999923706055
2012-07-27,1152700,14.850000381469727,15.25,15.329999923706055,14.520000457763672,15.25
2012-07-26,1211700,15.15999984741211,14.739999771118164,15.239999771118164,14.399999618530273,14.739999771118164
2012-07-25,962100,15.039999961853027,14.829999923706055,15.199999809265137,14.5,14.829999923706055
2012-07-24,1271000,15.170000076293945,14.949999809265137,15.239999771118164,14.859999656677246,14.949999809265137
2012-07-23,821800,15.569999694824219,15.15999984741211,15.619999885559082,15.0,15.15999984741211
2012-07-20,838800,16.1200008392334,16.0,16.200000762939453,15.680000305175781,16.0
2012-07-19,1041600,15.890000343322754,16.299999237060547,16.440000534057617,15.850000381469727,16.299999237060547
2012-07-18,774800,15.079999923706055,15.739999771118164,15.930000305175781,15.0600004196167,15.739999771118164
2012-07-17,873700,15.239999771118164,15.180000305175781,15.300000190734863,14.670000076293945,15.180000305175781
2012-07-16,1023500,15.149999618530273,15.100000381469727,15.260000228881836,15.029999732971191,15.100000381469727
2012-07-13,1115600,15.279999732971191,15.239999771118164,15.300000190734863,15.0600004196167,15.239999771118164
2012-07-12,1286800,15.319999694824219,15.15999984741211,15.449999809265137,15.010000228881836,15.15999984741211
2012-07-11,1560300,15.380000114440918,15.510000228881836,15.890000343322754,15.300000190734863,15.510000228881836
2012-07-10,824900,16.100000381469727,15.270000457763672,16.190000534057617,15.109999656677246,15.270000457763672
2012-07-09,714800,16.270000457763672,16.010000228881836,16.34000015258789,15.970000267028809,16.010000228881836
2012-07-06,481700,16.469999313354492,16.299999237060547,16.549999237060547,16.110000610351562,16.299999237060547
2012-07-05,511800,16.979999542236328,16.719999313354492,17.149999618530273,16.65999984741211,16.719999313354492
2012-07-03,891200,16.309999465942383,17.059999465942383,17.1200008392334,16.270000457763672,17.059999465942383
2012-07-02,820600,15.760000228881836,16.190000534057617,16.209999084472656,15.729999542236328,16.190000534057617
2012-06-29,1847000,15.9399995803833,15.9399995803833,16.100000381469727,15.779999732971191,15.9399995803833
2012-06-28,996200,15.180000305175781,15.40999984741211,15.539999961853027,14.949999809265137,15.40999984741211
2012-06-27,1000800,15.4399995803833,15.350000381469727,15.619999885559082,15.229999542236328,15.350000381469727
2012-06-26,1092500,15.300000190734863,15.239999771118164,15.479999542236328,14.9399995803833,15.239999771118164
2012-06-25,796400,15.670000076293945,15.1899995803833,15.670000076293945,15.0,15.1899995803833
2012-06-22,1455500,16.110000610351562,15.989999771118164,16.299999237060547,15.569999694824219,15.989999771118164
2012-06-21,1835400,16.719999313354492,15.930000305175781,16.850000381469727,15.739999771118164,15.930000305175781
2012-06-20,1622500,17.139999389648438,16.770000457763672,17.25,16.600000381469727,16.770000457763672
2012-06-19,996600,16.959999084472656,17.200000762939453,17.309999465942383,16.920000076293945,17.200000762939453
2012-06-18,1076100,17.3799991607666,16.8799991607666,17.399999618530273,16.790000915527344,16.8799991607666
2012-06-15,1188400,17.1299991607666,17.610000610351562,17.649999618530273,16.829999923706055,17.610000610351562
2012-06-14,794600,16.690000534057617,17.1200008392334,17.200000762939453,16.420000076293945,17.1200008392334
2012-06-13,675400,17.020000457763672,16.600000381469727,17.34000015258789,16.479999542236328,16.600000381469727
2012-06-12,587400,16.940000534057617,17.06999969482422,17.1299991607666,16.5,17.06999969482422
2012-06-11,680100,17.6299991607666,16.719999313354492,17.90999984741211,16.719999313354492,16.719999313354492
2012-06-08,806300,17.260000228881836,17.299999237060547,17.959999084472656,16.8700008392334,17.299999237060547
2012-06-07,1017800,18.229999542236328,17.260000228881836,18.399999618530273,17.200000762939453,17.260000228881836
2012-06-06,856300,17.5,17.739999771118164,18.040000915527344,17.389999389648438,17.739999771118164
2012-06-05,832500,16.68000030517578,17.260000228881836,17.34000015258789,16.68000030517578,17.260000228881836
2012-06-04,1350600,16.6299991607666,16.780000686645508,17.030000686645508,16.260000228881836,16.780000686645508
2012-06-01,1417300,17.3700008392334,16.6299991607666,17.389999389648438,16.6299991607666,16.6299991607666
2012-05-31,1260400,17.700000762939453,17.93000030517578,18.149999618530273,17.0,17.93000030517578
2012-05-30,548100,17.93000030517578,17.75,18.110000610351562,17.610000610351562,17.75
2012-05-29,1049600,17.829999923706055,18.40999984741211,18.639999389648438,17.729999542236328,18.40999984741211
2012-05-25,1104500,17.010000228881836,17.579999923706055,17.75,17.010000228881836,17.579999923706055
2012-05-24,750100,17.579999923706055,17.200000762939453,17.700000762939453,16.860000610351562,17.200000762939453
2012-05-23,1031400,16.860000610351562,17.520000457763672,17.610000610351562,16.540000915527344,17.520000457763672
2012-05-22,1059800,17.690000534057617,17.059999465942383,17.829999923706055,16.850000381469727,17.059999465942383
2012-05-21,1201100,17.219999313354492,17.440000534057617,17.68000030517578,17.0,17.440000534057617
2012-05-18,860000,17.290000915527344,17.18000030517578,17.799999237060547,17.09000015258789,17.18000030517578
2012-05-17,940600,17.709999084472656,17.280000686645508,17.950000762939453,17.260000228881836,17.280000686645508
2012-05-16,832400,17.969999313354492,17.639999389648438,18.450000762939453,17.610000610351562,17.639999389648438
2012-05-15,1403900,18.020000457763672,17.899999618530273,18.280000686645508,17.770000457763672,17.899999618530273
2012-05-14,963100,18.329999923706055,18.030000686645508,18.3700008392334,17.959999084472656,18.030000686645508
2012-05-11,685100,18.440000534057617,18.59000015258789,19.020000457763672,18.219999313354492,18.59000015258789
2012-05-10,580000,18.600000381469727,18.65999984741211,19.020000457763672,18.469999313354492,18.65999984741211
2012-05-09,888300,18.360000610351562,18.469999313354492,18.799999237060547,18.110000610351562,18.469999313354492
2012-05-08,1226700,18.510000228881836,18.639999389648438,18.709999084472656,17.969999313354492,18.639999389648438
2012-05-07,1067400,18.049999237060547,18.780000686645508,19.09000015258789,17.989999771118164,18.780000686645508
2012-05-04,924700,18.809999465942383,18.690000534057617,19.1200008392334,18.31999969482422,18.690000534057617
2012-05-03,1285700,19.329999923706055,19.06999969482422,19.420000076293945,18.920000076293945,19.06999969482422
2012-05-02,676900,19.059999465942383,19.280000686645508,19.3700008392334,18.940000534057617,19.280000686645508
2012-05-01,1174800,19.530000686645508,19.34000015258789,20.020000457763672,19.260000228881836,19.34000015258789
2012-04-30,653900,19.469999313354492,19.469999313354492,19.649999618530273,19.010000228881836,19.469999313354492
2012-04-27,660900,19.739999771118164,19.469999313354492,19.889999389648438,19.25,19.469999313354492
2012-04-26,619800,19.520000457763672,19.690000534057617,20.0,19.3799991607666,19.690000534057617
2012-04-25,743000,19.450000762939453,19.56999969482422,19.68000030517578,19.100000381469727,19.56999969482422
2012-04-24,513700,19.18000030517578,19.18000030517578,19.489999771118164,19.010000228881836,19.18000030517578
2012-04-23,1544600,19.459999084472656,19.190000534057617,19.459999084472656,18.8799991607666,19.190000534057617
2012-04-20,1309100,20.040000915527344,19.780000686645508,20.209999084472656,19.600000381469727,19.780000686645508
2012-04-19,1652500,19.469999313354492,19.790000915527344,19.799999237060547,19.270000457763672,19.790000915527344
2012-04-18,805800,19.479999542236328,19.399999618530273,19.649999618530273,19.25,19.399999618530273
2012-04-17,1262000,19.139999389648438,19.600000381469727,19.709999084472656,18.989999771118164,19.600000381469727
2012-04-16,2252800,20.040000915527344,19.0,20.149999618530273,18.729999542236328,19.0
2012-04-13,892300,20.540000915527344,19.940000534057617,20.540000915527344,19.899999618530273,19.940000534057617
2012-04-12,860400,19.969999313354492,20.489999771118164,20.690000534057617,19.899999618530273,20.489999771118164
2012-04-11,1049400,20.1200008392334,19.889999389648438,20.459999084472656,19.739999771118164,19.889999389648438
2012-04-10,1394800,20.260000228881836,19.780000686645508,20.399999618530273,19.420000076293945,19.780000686645508
2012-04-09,1011500,20.489999771118164,20.219999313354492,20.510000228881836,19.829999923706055,20.219999313354492
2012-04-05,724200,20.309999465942383,20.190000534057617,20.649999618530273,20.010000228881836,20.190000534057617
2012-04-04,1105700,20.760000228881836,20.31999969482422,20.93000030517578,20.25,20.31999969482422
2012-04-03,851000,20.940000534057617,21.139999389648438,21.270000457763672,20.739999771118164,21.139999389648438
2012-04-02,1017700,20.709999084472656,21.040000915527344,21.399999618530273,20.3700008392334,21.040000915527344
2012-03-30,787600,21.1299991607666,20.739999771118164,21.209999084472656,20.479999542236328,20.739999771118164
2012-03-29,975600,20.68000030517578,20.860000610351562,21.059999465942383,20.290000915527344,20.860000610351562
2012-03-28,1608600,21.030000686645508,20.940000534057617,21.149999618530273,20.040000915527344,20.940000534057617
2012-03-27,1018700,21.8799991607666,21.209999084472656,22.0,21.010000228881836,21.209999084472656
2012-03-26,827700,22.020000457763672,21.90999984741211,22.290000915527344,21.6200008392334,21.90999984741211
2012-03-23,1004600,21.25,21.6299991607666,21.739999771118164,21.139999389648438,21.6299991607666
2012-03-22,969500,21.700000762939453,21.329999923706055,21.729999542236328,21.1200008392334,21.329999923706055
2012-03-21,1256400,22.139999389648438,21.979999542236328,22.200000762939453,21.84000015258789,21.979999542236328
2012-03-20,1909800,22.690000534057617,22.059999465942383,22.690000534057617,22.030000686645508,22.059999465942383
2012-03-19,963800,22.440000534057617,22.1200008392334,22.489999771118164,21.760000228881836,22.1200008392334
2012-03-16,1330800,22.719999313354492,22.1299991607666,22.719999313354492,21.899999618530273,22.1299991607666
2012-03-15,1121800,22.309999465942383,21.989999771118164,22.540000915527344,21.829999923706055,21.989999771118164
2012-03-14,767200,22.81999969482422,22.329999923706055,23.0,22.229999542236328,22.329999923706055
2012-03-13,1021400,22.950000762939453,22.860000610351562,23.139999389648438,22.56999969482422,22.860000610351562
2012-03-12,672400,23.3700008392334,22.799999237060547,23.3700008392334,22.559999465942383,22.799999237060547
2012-03-09,1280500,22.110000610351562,23.34000015258789,23.65999984741211,22.110000610351562,23.34000015258789
2012-03-08,1030500,22.6299991607666,23.1299991607666,23.31999969482422,22.6299991607666,23.1299991607666
2012-03-07,1000200,22.5,22.979999542236328,23.079999923706055,22.229999542236328,22.979999542236328
2012-03-06,1204200,22.40999984741211,22.459999084472656,22.56999969482422,21.90999984741211,22.459999084472656
2012-03-05,1143700,22.709999084472656,22.8700008392334,23.15999984741211,22.5,22.8700008392334
2012-03-02,1706100,23.40999984741211,22.93000030517578,23.479999542236328,22.690000534057617,22.93000030517578
2012-03-01,2458600,23.350000381469727,23.469999313354492,24.270000457763672,23.170000076293945,23.469999313354492
2012-02-29,2975500,25.639999389648438,23.709999084472656,25.700000762939453,22.799999237060547,23.709999084472656
2012-02-28,1503400,26.06999969482422,25.1299991607666,26.06999969482422,24.760000228881836,25.1299991607666
2012-02-27,1455300,25.3799991607666,25.899999618530273,26.209999084472656,25.0,25.899999618530273
2012-02-24,1166700,24.940000534057617,25.59000015258789,25.809999465942383,24.760000228881836,25.59000015258789
2012-02-23,1027000,24.399999618530273,24.809999465942383,25.0,23.75,24.809999465942383
2012-02-22,948300,24.079999923706055,24.420000076293945,24.469999313354492,23.770000457763672,24.420000076293945
2012-02-21,854100,24.3700008392334,24.139999389648438,24.579999923706055,23.979999542236328,24.139999389648438
2012-02-17,795100,24.610000610351562,24.190000534057617,24.719999313354492,23.899999618530273,24.190000534057617
2012-02-16,1218200,23.420000076293945,24.3799991607666,24.489999771118164,23.149999618530273,24.3799991607666
2012-02-15,1696200,24.0,23.43000030517578,24.200000762939453,23.350000381469727,23.43000030517578
2012-02-14,1401400,23.56999969482422,23.739999771118164,23.780000686645508,23.100000381469727,23.739999771118164
2012-02-13,1161900,23.489999771118164,23.639999389648438,23.850000381469727,23.100000381469727,23.639999389648438
2012-02-10,1382700,23.65999984741211,23.09000015258789,23.65999984741211,22.989999771118164,23.09000015258789
2012-02-09,1816300,24.56999969482422,24.110000610351562,24.56999969482422,23.049999237060547,24.110000610351562
2012-02-08,1660700,25.389999389648438,24.350000381469727,25.399999618530273,24.239999771118164,24.350000381469727
2012-02-07,784500,25.18000030517578,25.25,25.709999084472656,24.90999984741211,25.25
2012-02-06,520800,25.190000534057617,25.610000610351562,25.719999313354492,24.729999542236328,25.610000610351562
2012-02-03,970500,25.489999771118164,25.25,25.700000762939453,25.200000762939453,25.25
2012-02-02,658300,24.850000381469727,24.950000762939453,25.540000915527344,24.6200008392334,24.950000762939453
2012-02-01,1486000,25.030000686645508,24.729999542236328,25.239999771118164,24.389999389648438,24.729999542236328
2012-01-31,1035000,25.639999389648438,25.0,25.989999771118164,24.549999237060547,25.0
2012-01-30,1148000,26.270000457763672,25.270000457763672,26.270000457763672,25.18000030517578,25.270000457763672
2012-01-27,1062500,26.0,26.440000534057617,26.790000915527344,25.799999237060547,26.440000534057617
2012-01-26,1337600,27.299999237060547,26.209999084472656,28.0,26.15999984741211,26.209999084472656
2012-01-25,1354700,26.350000381469727,27.06999969482422,27.479999542236328,26.049999237060547,27.06999969482422
2012-01-24,939200,25.790000915527344,26.329999923706055,26.40999984741211,25.549999237060547,26.329999923706055
2012-01-23,874600,25.0,25.989999771118164,26.100000381469727,25.0,25.989999771118164
2012-01-20,1625600,26.469999313354492,25.040000915527344,26.489999771118164,24.510000228881836,25.040000915527344
2012-01-19,1150300,26.059999465942383,26.579999923706055,26.649999618530273,25.989999771118164,26.579999923706055
2012-01-18,1208400,25.270000457763672,26.0,26.110000610351562,25.209999084472656,26.0
2012-01-17,606700,24.940000534057617,25.229999542236328,25.489999771118164,24.719999313354492,25.229999542236328
2012-01-13,628000,24.479999542236328,24.510000228881836,24.540000915527344,24.0,24.510000228881836
2012-01-12,879700,25.229999542236328,24.610000610351562,25.780000686645508,24.520000457763672,24.610000610351562
2012-01-11,731000,24.6299991607666,25.270000457763672,25.59000015258789,24.6299991607666,25.270000457763672
2012-01-10,831300,25.15999984741211,25.3700008392334,25.579999923706055,24.940000534057617,25.3700008392334
2012-01-09,751700,24.479999542236328,24.520000457763672,25.170000076293945,24.049999237060547,24.520000457763672
2012-01-06,928000,25.489999771118164,24.219999313354492,25.489999771118164,24.219999313354492,24.219999313354492
2012-01-05,1284300,25.209999084472656,25.18000030517578,25.450000762939453,24.270000457763672,25.18000030517578
2012-01-04,774100,25.190000534057617,25.719999313354492,25.809999465942383,24.649999618530273,25.719999313354492
2012-01-03,2019900,24.520000457763672,24.889999389648438,25.389999389648438,24.5,24.889999389648438
2011-12-30,437800,23.989999771118164,23.979999542236328,24.229999542236328,23.610000610351562,23.979999542236328
2011-12-29,572700,23.829999923706055,23.770000457763672,24.09000015258789,23.299999237060547,23.770000457763672
2011-12-28,511600,23.829999923706055,23.389999389648438,24.309999465942383,23.18000030517578,23.389999389648438
2011-12-27,384800,23.559999465942383,24.360000610351562,24.649999618530273,23.31999969482422,24.360000610351562
2011-12-23,276400,24.18000030517578,24.149999618530273,24.350000381469727,23.920000076293945,24.149999618530273
2011-12-22,496300,24.06999969482422,24.15999984741211,24.469999313354492,23.829999923706055,24.15999984741211
2011-12-21,588200,23.360000610351562,23.959999084472656,24.139999389648438,22.969999313354492,23.959999084472656
2011-12-20,1204900,22.329999923706055,23.56999969482422,23.979999542236328,22.229999542236328,23.56999969482422
2011-12-19,654000,22.760000228881836,21.670000076293945,23.06999969482422,21.549999237060547,21.670000076293945
2011-12-16,1105400,22.549999237060547,22.59000015258789,22.790000915527344,22.06999969482422,22.59000015258789
2011-12-15,973000,22.31999969482422,22.25,22.75,21.75,22.25
2011-12-14,1292000,23.260000228881836,21.739999771118164,23.479999542236328,21.649999618530273,21.739999771118164
2011-12-13,1079500,24.329999923706055,23.68000030517578,24.90999984741211,23.31999969482422,23.68000030517578
2011-12-12,1075900,24.309999465942383,23.979999542236328,24.40999984741211,23.100000381469727,23.979999542236328
2011-12-09,716200,24.170000076293945,24.959999084472656,25.190000534057617,24.0,24.959999084472656
2011-12-08,729100,25.420000076293945,24.229999542236328,25.56999969482422,24.06999969482422,24.229999542236328
2011-12-07,896900,25.3700008392334,25.56999969482422,26.209999084472656,25.020000457763672,25.56999969482422
2011-12-06,1141800,25.329999923706055,25.84000015258789,26.25,24.709999084472656,25.84000015258789
2011-12-05,1352500,24.940000534057617,25.299999237060547,25.670000076293945,24.6200008392334,25.299999237060547
2011-12-02,1424300,25.920000076293945,24.260000228881836,25.920000076293945,24.200000762939453,24.260000228881836
2011-12-01,1425900,24.399999618530273,24.639999389648438,25.360000610351562,24.100000381469727,24.639999389648438
2011-11-30,1104500,24.079999923706055,24.489999771118164,24.579999923706055,23.670000076293945,24.489999771118164
2011-11-29,957300,22.450000762939453,22.899999618530273,23.079999923706055,21.899999618530273,22.899999618530273
2011-11-28,854500,22.25,22.200000762939453,22.25,21.5,22.200000762939453
2011-11-25,337600,21.0,20.540000915527344,21.5,20.43000030517578,20.540000915527344
2011-11-23,1099500,22.25,21.209999084472656,22.299999237060547,21.040000915527344,21.209999084472656
2011-11-22,757600,22.950000762939453,22.690000534057617,23.299999237060547,22.229999542236328,22.690000534057617
2011-11-21,1235300,22.450000762939453,22.81999969482422,23.079999923706055,21.600000381469727,22.81999969482422
2011-11-18,767400,23.270000457763672,22.739999771118164,23.3799991607666,22.59000015258789,22.739999771118164
2011-11-17,1151000,23.729999542236328,22.850000381469727,24.139999389648438,22.549999237060547,22.850000381469727
2011-11-16,1800400,23.040000915527344,23.729999542236328,25.09000015258789,23.0,23.729999542236328
2011-11-15,779800,22.959999084472656,23.31999969482422,23.729999542236328,22.729999542236328,23.31999969482422
2011-11-14,952000,23.739999771118164,23.18000030517578,24.440000534057617,22.860000610351562,23.18000030517578
2011-11-11,1897200,22.709999084472656,23.579999923706055,23.579999923706055,22.540000915527344,23.579999923706055
2011-11-10,2169000,23.280000686645508,22.389999389648438,23.479999542236328,21.360000610351562,22.389999389648438
2011-11-09,3214700,25.989999771118164,22.610000610351562,25.989999771118164,22.459999084472656,22.610000610351562
2011-11-08,2250600,27.420000076293945,26.84000015258789,27.700000762939453,26.760000228881836,26.84000015258789
2011-11-07,1593700,26.5,26.950000762939453,27.18000030517578,26.200000762939453,26.950000762939453
2011-11-04,1392600,24.920000076293945,26.68000030517578,26.75,24.920000076293945,26.68000030517578
2011-11-03,1593300,24.610000610351562,25.6299991607666,25.75,23.299999237060547,25.6299991607666
2011-11-02,866400,23.25,23.670000076293945,24.09000015258789,22.780000686645508,23.670000076293945
2011-11-01,1219200,22.860000610351562,22.770000457763672,23.43000030517578,22.100000381469727,22.770000457763672
2011-10-31,765700,23.530000686645508,24.170000076293945,24.649999618530273,23.399999618530273,24.170000076293945
2011-10-28,852700,24.56999969482422,24.6299991607666,25.420000076293945,24.190000534057617,24.6299991607666
2011-10-27,2330500,22.709999084472656,24.90999984741211,25.0,22.579999923706055,24.90999984741211
2011-10-26,945800,21.639999389648438,22.280000686645508,22.309999465942383,20.90999984741211,22.280000686645508
2011-10-25,940700,22.440000534057617,21.31999969482422,22.670000076293945,21.25,21.31999969482422
2011-10-24,1148300,21.8799991607666,22.450000762939453,22.5,21.8799991607666,22.450000762939453
2011-10-21,962700,21.850000381469727,21.989999771118164,22.489999771118164,21.5,21.989999771118164
2011-10-20,624400,21.40999984741211,21.360000610351562,21.799999237060547,20.639999389648438,21.360000610351562
2011-10-19,777200,21.780000686645508,21.40999984741211,22.479999542236328,21.229999542236328,21.40999984741211
2011-10-18,1244400,21.200000762939453,21.90999984741211,22.15999984741211,20.34000015258789,21.90999984741211
2011-10-17,1334900,21.010000228881836,20.959999084472656,21.600000381469727,20.81999969482422,20.959999084472656
2011-10-14,751400,19.729999542236328,20.8700008392334,20.969999313354492,19.729999542236328,20.8700008392334
2011-10-13,689800,19.5,19.59000015258789,19.700000762939453,18.959999084472656,19.59000015258789
2011-10-12,1088700,20.690000534057617,19.65999984741211,20.760000228881836,19.530000686645508,19.65999984741211
2011-10-11,828500,19.65999984741211,20.09000015258789,20.420000076293945,19.520000457763672,20.09000015258789
2011-10-10,942000,19.31999969482422,20.100000381469727,20.600000381469727,19.25,20.100000381469727
2011-10-07,1513100,19.479999542236328,18.790000915527344,19.479999542236328,18.200000762939453,18.790000915527344
2011-10-06,1610100,19.3700008392334,19.15999984741211,19.5,18.520000457763672,19.15999984741211
2011-10-05,1238800,20.260000228881836,19.709999084472656,20.469999313354492,19.299999237060547,19.709999084472656
2011-10-04,2081000,17.520000457763672,20.760000228881836,20.950000762939453,16.5,20.760000228881836
2011-10-03,1421600,18.920000076293945,17.860000610351562,19.6200008392334,17.649999618530273,17.860000610351562
2011-09-30,869400,19.270000457763672,19.389999389648438,19.959999084472656,18.8799991607666,19.389999389648438
2011-09-29,749400,20.479999542236328,19.8700008392334,20.649999618530273,19.25,19.8700008392334
2011-09-28,945900,21.540000915527344,19.639999389648438,21.799999237060547,19.5,19.639999389648438
2011-09-27,845100,21.25,21.450000762939453,22.489999771118164,21.059999465942383,21.450000762939453
2011-09-26,877300,20.360000610351562,20.729999542236328,20.799999237060547,19.40999984741211,20.729999542236328
2011-09-23,923200,20.360000610351562,19.760000228881836,21.0,19.469999313354492,19.760000228881836
2011-09-22,1559100,20.979999542236328,20.110000610351562,20.979999542236328,19.059999465942383,20.110000610351562
2011-09-21,2472100,22.520000457763672,21.670000076293945,24.100000381469727,21.610000610351562,21.670000076293945
2011-09-20,799200,22.049999237060547,21.190000534057617,22.639999389648438,21.190000534057617,21.190000534057617
2011-09-19,1019700,22.5,22.030000686645508,22.65999984741211,21.600000381469727,22.030000686645508
2011-09-16,2358800,22.6200008392334,22.93000030517578,22.940000534057617,22.0,22.93000030517578
2011-09-15,1595300,21.280000686645508,22.40999984741211,22.790000915527344,21.270000457763672,22.40999984741211
2011-09-14,754500,21.360000610351562,21.43000030517578,21.729999542236328,20.649999618530273,21.43000030517578
2011-09-13,1638800,20.200000762939453,21.0,21.540000915527344,19.690000534057617,21.0
2011-09-12,1020700,19.299999237060547,20.06999969482422,20.1200008392334,19.100000381469727,20.06999969482422
2011-09-09,909600,19.450000762939453,19.739999771118164,20.229999542236328,19.0,19.739999771118164
2011-09-08,587500,19.639999389648438,19.979999542236328,20.56999969482422,19.6299991607666,19.979999542236328
2011-09-07,1301900,19.510000228881836,20.31999969482422,20.56999969482422,19.270000457763672,20.31999969482422
2011-09-06,763800,19.15999984741211,19.15999984741211,19.209999084472656,18.139999389648438,19.15999984741211
2011-09-02,675300,19.3700008392334,18.860000610351562,19.549999237060547,18.5,18.860000610351562
2011-09-01,985000,20.360000610351562,19.690000534057617,20.59000015258789,19.549999237060547,19.690000534057617
2011-08-31,911500,21.1200008392334,20.420000076293945,21.25,20.059999465942383,20.420000076293945
2011-08-30,818800,19.90999984741211,20.84000015258789,20.979999542236328,19.329999923706055,20.84000015258789
2011-08-29,881200,19.290000915527344,20.1299991607666,20.200000762939453,19.059999465942383,20.1299991607666
2011-08-26,945700,17.579999923706055,18.90999984741211,18.969999313354492,17.18000030517578,18.90999984741211
2011-08-25,780200,18.469999313354492,17.829999923706055,18.6299991607666,17.5,17.829999923706055
2011-08-24,1123500,17.860000610351562,18.139999389648438,18.5,17.420000076293945,18.139999389648438
2011-08-23,1408900,17.5,17.799999237060547,18.110000610351562,16.920000076293945,17.799999237060547
2011-08-22,1090200,18.3799991607666,17.309999465942383,18.5,17.290000915527344,17.309999465942383
2011-08-19,1150900,17.1299991607666,18.040000915527344,18.190000534057617,17.1299991607666,18.040000915527344
2011-08-18,1541900,18.010000228881836,18.06999969482422,18.31999969482422,17.149999618530273,18.06999969482422
2011-08-17,1203200,18.43000030517578,19.059999465942383,19.290000915527344,18.049999237060547,19.059999465942383
2011-08-16,1116500,18.75,18.1299991607666,18.770000457763672,17.770000457763672,18.1299991607666
2011-08-15,1635400,18.989999771118164,19.149999618530273,19.829999923706055,18.920000076293945,19.149999618530273
2011-08-12,1941000,20.020000457763672,18.75,20.479999542236328,18.149999618530273,18.75
2011-08-11,2229300,18.479999542236328,19.780000686645508,20.239999771118164,18.020000457763672,19.780000686645508
2011-08-10,2373500,18.0,17.809999465942383,19.3799991607666,17.079999923706055,17.809999465942383
2011-08-09,5174800,15.720000267028809,18.520000457763672,18.979999542236328,14.569999694824219,18.520000457763672
2011-08-08,3539500,17.229999542236328,13.25,17.479999542236328,13.25,13.25
2011-08-05,2149000,19.5,18.15999984741211,19.719999313354492,17.5,18.15999984741211
2011-08-04,1567600,20.6200008392334,19.18000030517578,20.6200008392334,18.899999618530273,19.18000030517578
2011-08-03,1249300,21.190000534057617,20.8799991607666,21.34000015258789,19.3799991607666,20.8799991607666
2011-08-02,595900,22.209999084472656,21.139999389648438,22.68000030517578,21.1299991607666,21.139999389648438
2011-08-01,805500,23.010000228881836,22.3700008392334,23.540000915527344,21.68000030517578,22.3700008392334
2011-07-29,892900,21.530000686645508,22.139999389648438,22.309999465942383,21.110000610351562,22.139999389648438
2011-07-28,802900,22.579999923706055,22.030000686645508,23.010000228881836,21.899999618530273,22.030000686645508
2011-07-27,1037400,22.920000076293945,22.65999984741211,23.06999969482422,21.940000534057617,22.65999984741211
2011-07-26,848800,23.540000915527344,23.280000686645508,23.799999237060547,22.899999618530273,23.280000686645508
2011-07-25,993500,23.770000457763672,23.450000762939453,24.309999465942383,23.399999618530273,23.450000762939453
2011-07-22,690400,24.31999969482422,24.420000076293945,24.639999389648438,24.059999465942383,24.420000076293945
2011-07-21,829500,25.010000228881836,24.5,25.010000228881836,24.389999389648438,24.5
2011-07-20,1328200,24.6299991607666,24.520000457763672,24.639999389648438,23.790000915527344,24.520000457763672
2011-07-19,2692900,23.110000610351562,24.3799991607666,24.850000381469727,23.110000610351562,24.3799991607666
2011-07-18,1496600,22.889999389648438,22.719999313354492,24.010000228881836,22.229999542236328,22.719999313354492
2011-07-15,1465900,22.770000457763672,22.799999237060547,23.549999237060547,22.5,22.799999237060547
2011-07-14,1144400,23.18000030517578,22.040000915527344,23.780000686645508,21.959999084472656,22.040000915527344
2011-07-13,2568800,22.399999618530273,22.829999923706055,24.079999923706055,22.299999237060547,22.829999923706055
2011-07-12,1346100,21.280000686645508,22.09000015258789,23.0,21.280000686645508,22.09000015258789
2011-07-11,1778400,23.030000686645508,21.469999313354492,23.049999237060547,21.209999084472656,21.469999313354492
2011-07-08,958000,23.290000915527344,23.40999984741211,23.989999771118164,23.1299991607666,23.40999984741211
2011-07-07,1619400,23.25,23.799999237060547,24.31999969482422,23.200000762939453,23.799999237060547
2011-07-06,1421100,22.280000686645508,22.959999084472656,23.290000915527344,22.079999923706055,22.959999084472656
2011-07-05,1297500,21.899999618530273,22.350000381469727,22.459999084472656,21.81999969482422,22.350000381469727
2011-07-01,2070800,21.979999542236328,21.979999542236328,22.68000030517578,21.6200008392334,21.979999542236328
2011-06-30,1857200,22.670000076293945,22.149999618530273,23.34000015258789,21.75,22.149999618530273
2011-06-29,1984100,21.729999542236328,22.299999237060547,22.729999542236328,21.3700008392334,22.299999237060547
2011-06-28,2222600,20.030000686645508,21.530000686645508,22.0,20.030000686645508,21.530000686645508
2011-06-27,1254500,19.170000076293945,20.049999237060547,20.18000030517578,18.649999618530273,20.049999237060547
2011-06-24,2436100,19.020000457763672,19.299999237060547,19.440000534057617,18.829999923706055,19.299999237060547
2011-06-23,3427000,17.889999389648438,19.0,19.100000381469727,16.940000534057617,19.0
2011-06-22,1505000,18.09000015258789,18.219999313354492,18.520000457763672,18.010000228881836,18.219999313354492
2011-06-21,1471600,17.790000915527344,18.190000534057617,18.280000686645508,17.709999084472656,18.190000534057617
2011-06-20,1892400,17.8700008392334,17.6200008392334,18.139999389648438,17.239999771118164,17.6200008392334
2011-06-17,2126300,18.309999465942383,18.06999969482422,18.649999618530273,17.809999465942383,18.06999969482422
2011-06-16,2534400,19.3799991607666,18.290000915527344,19.40999984741211,17.8700008392334,18.290000915527344
2011-06-15,4354200,18.829999923706055,19.209999084472656,20.360000610351562,18.6200008392334,19.209999084472656
2011-06-14,1165400,18.68000030517578,18.920000076293945,19.040000915527344,18.450000762939453,18.920000076293945
2011-06-13,1804500,18.84000015258789,18.489999771118164,19.059999465942383,17.760000228881836,18.489999771118164
2011-06-10,2428900,18.65999984741211,18.81999969482422,19.290000915527344,18.170000076293945,18.81999969482422
2011-06-09,1812900,18.219999313354492,18.75,18.75,17.940000534057617,18.75
2011-06-08,3439400,18.020000457763672,17.84000015258789,19.209999084472656,17.75,17.84000015258789
2011-06-07,2144500,16.8700008392334,17.459999084472656,17.799999237060547,16.6299991607666,17.459999084472656
2011-06-06,1930800,17.799999237060547,17.030000686645508,17.860000610351562,16.81999969482422,17.030000686645508
2011-06-03,2752600,18.049999237060547,17.549999237060547,18.6200008392334,17.420000076293945,17.549999237060547
2011-06-02,1703600,19.020000457763672,18.59000015258789,19.200000762939453,18.329999923706055,18.59000015258789
2011-06-01,2578100,20.200000762939453,18.84000015258789,20.200000762939453,18.639999389648438,18.84000015258789
2011-05-31,2062000,20.610000610351562,20.100000381469727,20.889999389648438,19.75,20.100000381469727
2011-05-27,1496600,20.31999969482422,20.280000686645508,20.850000381469727,19.93000030517578,20.280000686645508
2011-05-26,2249100,19.579999923706055,20.06999969482422,20.670000076293945,19.549999237060547,20.06999969482422
2011-05-25,3913500,19.93000030517578,19.6200008392334,20.020000457763672,19.0,19.6200008392334
2011-05-24,2058300,19.920000076293945,19.950000762939453,20.309999465942383,19.530000686645508,19.950000762939453
2011-05-23,1900000,20.100000381469727,19.559999465942383,20.100000381469727,19.350000381469727,19.559999465942383
2011-05-20,1649300,20.149999618530273,20.729999542236328,21.030000686645508,19.649999618530273,20.729999542236328
2011-05-19,1627800,20.950000762939453,20.290000915527344,21.059999465942383,20.149999618530273,20.290000915527344
2011-05-18,3127000,18.65999984741211,20.719999313354492,20.719999313354492,18.5,20.719999313354492
2011-05-17,3024100,19.3700008392334,18.549999237060547,19.420000076293945,18.510000228881836,18.549999237060547
2011-05-16,2082400,19.809999465942383,19.489999771118164,20.520000457763672,19.440000534057617,19.489999771118164
2011-05-13,2608300,20.229999542236328,20.059999465942383,20.729999542236328,19.959999084472656,20.059999465942383
2011-05-12,3723500,20.3799991607666,20.190000534057617,21.010000228881836,20.0,20.190000534057617
2011-05-11,4620500,21.290000915527344,20.719999313354492,21.3700008392334,19.889999389648438,20.719999313354492
2011-05-10,8771200,21.84000015258789,21.3799991607666,22.31999969482422,19.510000228881836,21.3799991607666
2011-05-09,3758800,20.530000686645508,21.31999969482422,21.520000457763672,20.440000534057617,21.31999969482422
2011-05-06,2763200,20.030000686645508,20.389999389648438,21.290000915527344,19.860000610351562,20.389999389648438
2011-05-05,4800000,20.149999618530273,19.799999237060547,20.690000534057617,19.139999389648438,19.799999237060547
2011-05-04,3698900,21.989999771118164,20.649999618530273,21.989999771118164,20.469999313354492,20.649999618530273
2011-05-03,2012200,23.420000076293945,22.25,23.459999084472656,21.270000457763672,22.25
2011-05-02,2331200,23.940000534057617,23.5,23.989999771118164,23.309999465942383,23.5
2011-04-29,1979800,23.809999465942383,23.760000228881836,23.969999313354492,23.309999465942383,23.760000228881836
2011-04-28,3132000,24.8799991607666,23.600000381469727,25.110000610351562,23.059999465942383,23.600000381469727
2011-04-27,2848400,25.530000686645508,24.6299991607666,25.549999237060547,24.25,24.6299991607666
2011-04-26,3300000,24.889999389648438,25.440000534057617,25.809999465942383,24.559999465942383,25.440000534057617
2011-04-25,3707600,24.020000457763672,24.860000610351562,25.299999237060547,23.43000030517578,24.860000610351562
2011-04-21,1293500,23.649999618530273,23.950000762939453,24.059999465942383,23.049999237060547,23.950000762939453
2011-04-20,2923400,23.65999984741211,23.690000534057617,23.979999542236328,22.989999771118164,23.690000534057617
2011-04-19,2296000,22.229999542236328,23.06999969482422,23.389999389648438,22.049999237060547,23.06999969482422
2011-04-18,3613700,22.90999984741211,22.100000381469727,22.940000534057617,21.780000686645508,22.100000381469727
2011-04-15,2114400,23.739999771118164,23.360000610351562,24.100000381469727,23.31999969482422,23.360000610351562
2011-04-14,1940200,24.270000457763672,23.719999313354492,24.270000457763672,23.360000610351562,23.719999313354492
2011-04-13,2421100,23.940000534057617,24.389999389648438,24.56999969482422,23.549999237060547,24.389999389648438
2011-04-12,2084100,24.020000457763672,23.540000915527344,24.040000915527344,23.149999618530273,23.540000915527344
2011-04-11,1539300,26.209999084472656,24.510000228881836,26.399999618530273,24.190000534057617,24.510000228881836
2011-04-08,2061400,25.940000534057617,25.920000076293945,26.440000534057617,25.770000457763672,25.920000076293945
2011-04-07,2662700,24.229999542236328,25.479999542236328,25.5,23.969999313354492,25.479999542236328
2011-04-06,3305400,25.75,24.15999984741211,25.959999084472656,23.989999771118164,24.15999984741211
2011-04-05,1617400,25.200000762939453,25.639999389648438,25.690000534057617,25.200000762939453,25.639999389648438
2011-04-04,2919800,25.670000076293945,25.489999771118164,25.700000762939453,24.75,25.489999771118164
2011-04-01,1745300,26.950000762939453,26.0,27.25,25.899999618530273,26.0
2011-03-31,1567500,27.450000762939453,26.700000762939453,27.75,26.399999618530273,26.700000762939453
2011-03-30,1903800,27.149999618530273,27.399999618530273,27.450000762939453,26.260000228881836,27.399999618530273
2011-03-29,2208500,26.06999969482422,26.90999984741211,27.149999618530273,25.510000228881836,26.90999984741211
2011-03-28,2572900,27.760000228881836,26.200000762939453,27.899999618530273,26.059999465942383,26.200000762939453
2011-03-25,2938100,26.200000762939453,27.299999237060547,27.600000381469727,25.649999618530273,27.299999237060547
2011-03-24,5158600,25.100000381469727,26.270000457763672,27.190000534057617,24.280000686645508,26.270000457763672
2011-03-23,9979400,28.049999237060547,25.959999084472656,28.049999237060547,25.559999465942383,25.959999084472656
2011-03-22,5319000,29.440000534057617,28.579999923706055,29.670000076293945,28.290000915527344,28.579999923706055
2011-03-21,2479400,28.520000457763672,29.440000534057617,29.5,27.799999237060547,29.440000534057617
2011-03-18,2840100,30.489999771118164,28.25,30.489999771118164,28.25,28.25
2011-03-17,1325800,28.68000030517578,29.579999923706055,30.270000457763672,28.510000228881836,29.579999923706055
2011-03-16,2011300,29.1200008392334,28.059999465942383,29.5,27.81999969482422,28.059999465942383
2011-03-15,1038300,28.229999542236328,29.079999923706055,29.440000534057617,27.760000228881836,29.079999923706055
2011-03-14,1072300,29.309999465942383,29.469999313354492,29.8700008392334,28.329999923706055,29.469999313354492
2011-03-11,1227400,27.899999618530273,29.479999542236328,29.700000762939453,27.25,29.479999542236328
2011-03-10,2265400,29.489999771118164,28.170000076293945,29.5,28.0,28.170000076293945
2011-03-09,1388600,31.040000915527344,30.1299991607666,31.270000457763672,29.950000762939453,30.1299991607666
2011-03-08,1472500,32.400001525878906,31.030000686645508,32.540000915527344,30.260000228881836,31.030000686645508
2011-03-07,1386100,33.72999954223633,32.45000076293945,33.97999954223633,31.719999313354492,32.45000076293945
2011-03-04,1403700,33.0,32.689998626708984,33.09000015258789,32.20000076293945,32.689998626708984
2011-03-03,1448300,32.130001068115234,32.54999923706055,32.810001373291016,31.40999984741211,32.54999923706055
2011-03-02,1644800,31.899999618530273,32.099998474121094,32.33000183105469,30.84000015258789,32.099998474121094
2011-03-01,2227900,32.099998474121094,32.04999923706055,32.099998474121094,31.059999465942383,32.04999923706055
2011-02-28,1942800,32.58000183105469,31.770000457763672,32.880001068115234,31.5,31.770000457763672
2011-02-25,12083800,29.690000534057617,31.700000762939453,31.760000228881836,29.649999618530273,31.700000762939453
2011-02-24,3291600,29.3700008392334,29.530000686645508,30.780000686645508,29.15999984741211,29.530000686645508
2011-02-23,1310000,27.40999984741211,28.31999969482422,28.600000381469727,27.25,28.31999969482422
2011-02-22,1447400,28.700000762939453,27.450000762939453,29.290000915527344,27.329999923706055,27.450000762939453
2011-02-18,876600,27.8700008392334,27.850000381469727,28.100000381469727,27.6200008392334,27.850000381469727
2011-02-17,1384400,28.40999984741211,27.8700008392334,28.40999984741211,27.489999771118164,27.8700008392334
2011-02-16,1484500,28.809999465942383,28.25,28.920000076293945,27.229999542236328,28.25
2011-02-15,1152400,30.110000610351562,28.559999465942383,30.299999237060547,28.200000762939453,28.559999465942383
2011-02-14,1188200,28.8700008392334,29.899999618530273,30.15999984741211,28.8700008392334,29.899999618530273
2011-02-11,1122200,27.3799991607666,28.6299991607666,28.700000762939453,27.149999618530273,28.6299991607666
2011-02-10,422000,26.719999313354492,27.280000686645508,27.350000381469727,26.40999984741211,27.280000686645508
2011-02-09,463400,27.09000015258789,26.850000381469727,27.6299991607666,26.709999084472656,26.850000381469727
2011-02-08,577800,27.020000457763672,27.149999618530273,27.65999984741211,26.549999237060547,27.149999618530273
2011-02-07,406000,27.0,26.899999618530273,27.520000457763672,26.75,26.899999618530273
2011-02-04,659500,27.59000015258789,26.760000228881836,27.700000762939453,26.6299991607666,26.760000228881836
2011-02-03,433000,27.8799991607666,27.43000030517578,27.8799991607666,27.15999984741211,27.43000030517578
2011-02-02,530500,27.860000610351562,27.59000015258789,28.049999237060547,27.399999618530273,27.59000015258789
2011-02-01,655200,27.81999969482422,27.920000076293945,28.1200008392334,27.520000457763672,27.920000076293945
2011-01-31,1009800,26.559999465942383,27.56999969482422,27.75,26.360000610351562,27.56999969482422
2011-01-28,1384800,25.489999771118164,26.229999542236328,26.84000015258789,25.079999923706055,26.229999542236328
2011-01-27,1124100,25.6299991607666,25.459999084472656,26.239999771118164,25.15999984741211,25.459999084472656
2011-01-26,2349600,24.25,25.290000915527344,25.489999771118164,23.5,25.290000915527344
2011-01-25,1156200,24.979999542236328,24.18000030517578,24.979999542236328,23.860000610351562,24.18000030517578
2011-01-24,1125700,25.709999084472656,25.049999237060547,25.809999465942383,24.889999389648438,25.049999237060547
2011-01-21,1092500,26.489999771118164,25.799999237060547,26.899999618530273,25.1200008392334,25.799999237060547
2011-01-20,838300,27.270000457763672,26.3700008392334,27.270000457763672,25.790000915527344,26.3700008392334
2011-01-19,678300,28.0,27.489999771118164,28.0,27.440000534057617,27.489999771118164
2011-01-18,450300,28.149999618530273,28.0,28.700000762939453,27.850000381469727,28.0
2011-01-14,572600,28.0,27.979999542236328,28.18000030517578,27.84000015258789,27.979999542236328
2011-01-13,1131100,27.889999389648438,28.09000015258789,28.1299991607666,27.700000762939453,28.09000015258789
2011-01-12,375600,28.350000381469727,27.68000030517578,28.43000030517578,27.5,27.68000030517578
2011-01-11,392800,28.079999923706055,27.989999771118164,28.280000686645508,27.700000762939453,27.989999771118164
2011-01-10,460800,26.670000076293945,27.420000076293945,27.510000228881836,26.360000610351562,27.420000076293945
2011-01-07,368300,27.200000762939453,26.770000457763672,27.25,26.469999313354492,26.770000457763672
2011-01-06,385700,27.510000228881836,27.010000228881836,27.719999313354492,26.75,27.010000228881836
2011-01-05,410300,26.25,27.350000381469727,27.440000534057617,26.0,27.350000381469727
2011-01-04,866400,27.459999084472656,26.420000076293945,27.469999313354492,26.079999923706055,26.420000076293945
2011-01-03,618100,27.579999923706055,27.219999313354492,28.43000030517578,27.0,27.219999313354492
2010-12-31,390700,27.739999771118164,27.209999084472656,27.8700008392334,27.0,27.209999084472656
2010-12-30,278300,27.84000015258789,27.690000534057617,28.329999923706055,27.65999984741211,27.690000534057617
2010-12-29,342900,27.0,27.8700008392334,28.43000030517578,27.0,27.8700008392334
2010-12-28,257900,27.360000610351562,27.1200008392334,27.399999618530273,27.010000228881836,27.1200008392334
2010-12-27,236100,27.350000381469727,27.209999084472656,27.350000381469727,26.6299991607666,27.209999084472656
2010-12-23,306000,27.510000228881836,27.3700008392334,27.549999237060547,26.8799991607666,27.3700008392334
2010-12-22,425900,27.549999237060547,27.260000228881836,27.549999237060547,26.899999618530273,27.260000228881836
2010-12-21,524000,26.790000915527344,27.1200008392334,27.479999542236328,26.6299991607666,27.1200008392334
2010-12-20,1002000,25.440000534057617,26.6299991607666,26.8799991607666,25.280000686645508,26.6299991607666
2010-12-17,1611700,24.899999618530273,25.190000534057617,25.190000534057617,24.5,25.190000534057617
2010-12-16,568100,25.0,25.0,25.170000076293945,24.690000534057617,25.0
2010-12-15,793900,24.860000610351562,25.0,25.31999969482422,24.75,25.0
2010-12-14,463900,25.280000686645508,24.979999542236328,25.540000915527344,24.860000610351562,24.979999542236328
2010-12-13,691300,25.239999771118164,25.079999923706055,26.149999618530273,25.010000228881836,25.079999923706055
2010-12-10,879600,24.489999771118164,24.969999313354492,25.139999389648438,24.25,24.969999313354492
2010-12-09,661700,24.40999984741211,24.360000610351562,24.75,24.149999618530273,24.360000610351562
2010-12-08,870600,24.34000015258789,24.0,24.489999771118164,23.1200008392334,24.0
2010-12-07,522600,24.739999771118164,24.489999771118164,24.920000076293945,24.399999618530273,24.489999771118164
2010-12-06,609900,24.520000457763672,24.3799991607666,24.860000610351562,24.219999313354492,24.3799991607666
2010-12-03,683200,23.600000381469727,24.440000534057617,24.700000762939453,23.5,24.440000534057617
2010-12-02,603500,23.8799991607666,23.719999313354492,23.90999984741211,23.399999618530273,23.719999313354492
2010-12-01,1075400,23.479999542236328,23.399999618530273,23.8700008392334,23.149999618530273,23.399999618530273
2010-11-30,678600,22.579999923706055,22.850000381469727,23.219999313354492,22.450000762939453,22.850000381469727
2010-11-29,547700,22.59000015258789,22.829999923706055,22.899999618530273,22.309999465942383,22.829999923706055
2010-11-26,224700,22.579999923706055,22.700000762939453,22.760000228881836,22.34000015258789,22.700000762939453
2010-11-24,614600,22.270000457763672,22.690000534057617,22.84000015258789,22.270000457763672,22.690000534057617
2010-11-23,704200,22.239999771118164,22.200000762939453,22.65999984741211,21.8700008392334,22.200000762939453
2010-11-22,1231500,21.950000762939453,22.75,22.84000015258789,21.690000534057617,22.75
2010-11-19,5307300,20.649999618530273,22.06999969482422,22.09000015258789,20.15999984741211,22.06999969482422
2010-11-18,1223200,19.5,20.780000686645508,21.0,19.469999313354492,20.780000686645508
2010-11-17,1632800,18.5,19.329999923706055,19.350000381469727,18.0,19.329999923706055
2010-11-16,636200,19.049999237060547,18.670000076293945,19.079999923706055,18.350000381469727,18.670000076293945
2010-11-15,493900,19.65999984741211,19.219999313354492,19.829999923706055,19.100000381469727,19.219999313354492
2010-11-12,528500,20.239999771118164,19.5,20.31999969482422,19.110000610351562,19.5
2010-11-11,362300,20.09000015258789,20.31999969482422,20.399999618530273,20.020000457763672,20.31999969482422
2010-11-10,428200,20.06999969482422,20.31999969482422,20.34000015258789,19.950000762939453,20.31999969482422
2010-11-09,668000,21.290000915527344,20.049999237060547,21.360000610351562,19.90999984741211,20.049999237060547
2010-11-08,597100,21.43000030517578,20.969999313354492,21.979999542236328,20.8799991607666,20.969999313354492
2010-11-05,755800,20.239999771118164,20.649999618530273,20.729999542236328,20.040000915527344,20.649999618530273
2010-11-04,737200,19.739999771118164,20.209999084472656,20.219999313354492,19.729999542236328,20.209999084472656
2010-11-03,443500,19.239999771118164,19.3700008392334,19.3700008392334,18.860000610351562,19.3700008392334
2010-11-02,309700,19.239999771118164,19.139999389648438,19.5,18.889999389648438,19.139999389648438
2010-11-01,501600,19.899999618530273,18.969999313354492,19.979999542236328,18.530000686645508,18.969999313354492
2010-10-29,452100,19.059999465942383,19.68000030517578,19.81999969482422,18.600000381469727,19.68000030517578
2010-10-28,355900,19.40999984741211,19.219999313354492,19.65999984741211,19.139999389648438,19.219999313354492
2010-10-27,252200,19.100000381469727,19.299999237060547,19.3799991607666,18.729999542236328,19.299999237060547
2010-10-26,383800,19.219999313354492,19.260000228881836,19.510000228881836,19.059999465942383,19.260000228881836
2010-10-25,754800,19.170000076293945,19.299999237060547,19.530000686645508,19.110000610351562,19.299999237060547
2010-10-22,1293800,17.459999084472656,18.889999389648438,19.09000015258789,17.209999084472656,18.889999389648438
2010-10-21,451200,17.8799991607666,17.40999984741211,18.100000381469727,17.06999969482422,17.40999984741211
2010-10-20,371400,17.709999084472656,17.709999084472656,18.350000381469727,17.6200008392334,17.709999084472656
2010-10-19,529700,18.149999618530273,17.770000457763672,18.559999465942383,17.56999969482422,17.770000457763672
2010-10-18,557300,18.459999084472656,18.170000076293945,18.489999771118164,17.739999771118164,18.170000076293945
2010-10-15,503300,19.0,18.420000076293945,19.079999923706055,18.350000381469727,18.420000076293945
2010-10-14,256500,18.889999389648438,18.75,18.889999389648438,18.549999237060547,18.75
2010-10-13,457800,18.920000076293945,18.729999542236328,19.0,18.6299991607666,18.729999542236328
2010-10-12,577200,19.43000030517578,18.700000762939453,19.5,18.540000915527344,18.700000762939453
2010-10-11,427500,19.010000228881836,19.149999618530273,19.5,18.989999771118164,19.149999618530273
2010-10-08,518900,17.969999313354492,18.670000076293945,18.889999389648438,17.90999984741211,18.670000076293945
2010-10-07,385100,18.40999984741211,17.959999084472656,18.489999771118164,17.81999969482422,17.959999084472656
2010-10-06,576800,18.260000228881836,18.190000534057617,18.729999542236328,17.850000381469727,18.190000534057617
2010-10-05,734100,17.989999771118164,18.18000030517578,18.440000534057617,17.889999389648438,18.18000030517578
2010-10-04,506600,17.959999084472656,17.59000015258789,18.1299991607666,16.979999542236328,17.59000015258789
2010-10-01,848000,17.059999465942383,17.969999313354492,18.0,17.059999465942383,17.969999313354492
2010-09-30,437700,16.829999923706055,16.940000534057617,17.110000610351562,16.600000381469727,16.940000534057617
2010-09-29,361400,16.239999771118164,16.799999237060547,16.950000762939453,16.239999771118164,16.799999237060547
2010-09-28,378300,16.270000457763672,16.34000015258789,16.399999618530273,15.710000038146973,16.34000015258789
2010-09-27,330100,16.56999969482422,16.360000610351562,16.690000534057617,16.100000381469727,16.360000610351562
2010-09-24,724900,15.960000038146973,16.559999465942383,16.75,15.920000076293945,16.559999465942383
2010-09-23,343600,15.729999542236328,15.920000076293945,15.949999809265137,15.520000457763672,15.920000076293945
2010-09-22,340500,15.720000267028809,15.869999885559082,16.079999923706055,15.569999694824219,15.869999885559082
2010-09-21,519300,15.550000190734863,15.739999771118164,16.0,15.550000190734863,15.739999771118164
2010-09-20,589500,15.010000228881836,15.510000228881836,15.579999923706055,15.0,15.510000228881836
2010-09-17,604000,15.25,15.0600004196167,15.329999923706055,15.0,15.0600004196167
2010-09-16,349200,14.770000457763672,15.100000381469727,15.279999732971191,14.770000457763672,15.100000381469727
2010-09-15,221200,14.920000076293945,14.960000038146973,15.020000457763672,14.760000228881836,14.960000038146973
2010-09-14,346700,15.1899995803833,15.0,15.289999961853027,14.890000343322754,15.0
2010-09-13,438200,15.25,15.220000267028809,15.460000038146973,15.170000076293945,15.220000267028809
2010-09-10,1037100,15.420000076293945,15.109999656677246,15.550000190734863,15.0600004196167,15.109999656677246
2010-09-09,399100,15.449999809265137,15.369999885559082,15.600000381469727,15.100000381469727,15.369999885559082
2010-09-08,313400,15.229999542236328,15.199999809265137,15.380000114440918,14.9399995803833,15.199999809265137
2010-09-07,383400,15.350000381469727,15.130000114440918,15.449999809265137,14.859999656677246,15.130000114440918
2010-09-03,414800,15.4399995803833,15.479999542236328,15.699999809265137,15.119999885559082,15.479999542236328
2010-09-02,494900,14.890000343322754,15.199999809265137,15.279999732971191,14.640000343322754,15.199999809265137
2010-09-01,472400,14.380000114440918,14.960000038146973,14.970000267028809,14.329999923706055,14.960000038146973
2010-08-31,331900,13.960000038146973,14.039999961853027,14.350000381469727,13.890000343322754,14.039999961853027
2010-08-30,180100,14.34000015258789,14.020000457763672,14.59000015258789,14.020000457763672,14.020000457763672
2010-08-27,442600,14.100000381469727,14.399999618530273,14.520000457763672,13.729999542236328,14.399999618530273
2010-08-26,475500,14.289999961853027,13.979999542236328,14.65999984741211,13.869999885559082,13.979999542236328
2010-08-25,444700,14.029999732971191,14.239999771118164,14.350000381469727,13.359999656677246,14.239999771118164
2010-08-24,464900,14.359999656677246,14.079999923706055,14.630000114440918,13.949999809265137,14.079999923706055
2010-08-23,460900,14.670000076293945,14.640000343322754,15.25,14.600000381469727,14.640000343322754
2010-08-20,403000,14.869999885559082,14.569999694824219,14.869999885559082,14.25,14.569999694824219
2010-08-19,380800,15.470000267028809,14.930000305175781,15.5600004196167,14.890000343322754,14.930000305175781
2010-08-18,482500,15.4399995803833,15.520000457763672,15.600000381469727,15.079999923706055,15.520000457763672
2010-08-17,534700,15.430000305175781,15.4399995803833,15.619999885559082,14.970000267028809,15.4399995803833
2010-08-16,478900,15.0,15.039999961853027,15.3100004196167,14.5,15.039999961853027
2010-08-13,501000,15.09000015258789,15.0600004196167,15.550000190734863,14.850000381469727,15.0600004196167
2010-08-12,527100,15.079999923706055,15.020000457763672,15.359999656677246,14.729999542236328,15.020000457763672
2010-08-11,630700,15.930000305175781,15.25,16.0,15.15999984741211,15.25
2010-08-10,1893500,15.649999618530273,16.360000610351562,16.90999984741211,15.529999732971191,16.360000610351562
2010-08-09,748100,15.529999732971191,15.710000038146973,15.850000381469727,15.25,15.710000038146973
2010-08-06,492300,15.0,14.890000343322754,15.4399995803833,14.65999984741211,14.890000343322754
2010-08-05,240000,15.210000038146973,15.210000038146973,15.579999923706055,15.010000228881836,15.210000038146973
2010-08-04,330400,15.34000015258789,15.210000038146973,15.479999542236328,15.069999694824219,15.210000038146973
2010-08-03,354300,15.199999809265137,15.15999984741211,15.680000305175781,14.989999771118164,15.15999984741211
2010-08-02,516100,15.050000190734863,15.130000114440918,15.600000381469727,15.029999732971191,15.130000114440918
2010-07-30,600600,14.699999809265137,14.680000305175781,14.880000114440918,14.460000038146973,14.680000305175781
2010-07-29,354700,14.970000267028809,14.779999732971191,15.279999732971191,14.699999809265137,14.779999732971191
2010-07-28,427900,15.100000381469727,14.970000267028809,15.199999809265137,14.550000190734863,14.970000267028809
2010-07-27,730900,16.200000762939453,15.100000381469727,16.200000762939453,14.90999984741211,15.100000381469727
2010-07-26,669300,15.609999656677246,16.059999465942383,16.079999923706055,15.510000228881836,16.059999465942383
2010-07-23,663100,15.0600004196167,15.579999923706055,15.680000305175781,14.510000228881836,15.579999923706055
2010-07-22,722600,14.199999809265137,15.010000228881836,15.130000114440918,14.15999984741211,15.010000228881836
2010-07-21,468000,14.479999542236328,13.979999542236328,14.600000381469727,13.960000038146973,13.979999542236328
2010-07-20,392200,13.520000457763672,14.380000114440918,14.40999984741211,12.989999771118164,14.380000114440918
2010-07-19,345300,14.09000015258789,13.850000381469727,14.470000267028809,13.779999732971191,13.850000381469727
2010-07-16,382700,14.479999542236328,14.15999984741211,14.600000381469727,14.029999732971191,14.15999984741211
2010-07-15,484300,14.600000381469727,14.720000267028809,14.850000381469727,14.0,14.720000267028809
2010-07-14,439500,14.319999694824219,14.699999809265137,14.829999923706055,14.010000228881836,14.699999809265137
2010-07-13,517000,14.029999732971191,14.470000267028809,14.720000267028809,13.869999885559082,14.470000267028809
2010-07-12,378700,13.569999694824219,13.65999984741211,13.970000267028809,13.239999771118164,13.65999984741211
2010-07-09,398500,12.930000305175781,13.5600004196167,13.670000076293945,12.930000305175781,13.5600004196167
2010-07-08,534100,13.010000228881836,12.989999771118164,13.319999694824219,12.710000038146973,12.989999771118164
2010-07-07,593200,12.5,12.720000267028809,12.729999542236328,12.149999618530273,12.720000267028809
2010-07-06,670700,12.739999771118164,12.3100004196167,13.079999923706055,12.119999885559082,12.3100004196167
2010-07-02,346500,12.850000381469727,12.470000267028809,13.0,12.270000457763672,12.470000267028809
2010-07-01,504600,12.850000381469727,12.829999923706055,12.960000038146973,11.949999809265137,12.829999923706055
2010-06-30,408800,13.0,12.84000015258789,13.449999809265137,12.720000267028809,12.84000015258789
2010-06-29,629300,13.930000305175781,13.069999694824219,13.930000305175781,12.890000343322754,13.069999694824219
2010-06-28,448800,14.520000457763672,14.199999809265137,14.680000305175781,14.199999809265137,14.199999809265137
2010-06-25,813100,14.029999732971191,14.539999961853027,14.630000114440918,13.960000038146973,14.539999961853027
2010-06-24,548100,13.510000228881836,13.770000457763672,13.850000381469727,13.289999961853027,13.770000457763672
2010-06-23,263000,13.760000228881836,13.6899995803833,13.979999542236328,13.359999656677246,13.6899995803833
2010-06-22,549800,14.430000305175781,13.789999961853027,14.430000305175781,13.670000076293945,13.789999961853027
2010-06-21,772600,14.270000457763672,14.149999618530273,14.850000381469727,14.100000381469727,14.149999618530273
2010-06-18,550000,14.130000114440918,14.069999694824219,14.1899995803833,13.850000381469727,14.069999694824219
2010-06-17,580300,14.270000457763672,14.0,14.270000457763672,13.960000038146973,14.0
2010-06-16,402300,14.149999618530273,14.210000038146973,14.369999885559082,13.920000076293945,14.210000038146973
2010-06-15,848900,14.109999656677246,14.130000114440918,14.420000076293945,13.979999542236328,14.130000114440918
2010-06-14,468800,14.920000076293945,14.010000228881836,14.9399995803833,13.899999618530273,14.010000228881836
2010-06-11,329100,14.140000343322754,14.399999618530273,14.399999618530273,13.779999732971191,14.399999618530273
2010-06-10,394000,13.930000305175781,14.149999618530273,14.239999771118164,13.640000343322754,14.149999618530273
2010-06-09,667100,13.40999984741211,13.479999542236328,14.0600004196167,13.319999694824219,13.479999542236328
2010-06-08,405500,13.300000190734863,13.34000015258789,13.710000038146973,12.920000076293945,13.34000015258789
2010-06-07,585700,14.329999923706055,13.210000038146973,14.329999923706055,13.140000343322754,13.210000038146973
2010-06-04,600100,14.720000267028809,13.729999542236328,15.09000015258789,13.5,13.729999542236328
2010-06-03,499100,14.5,15.079999923706055,15.149999618530273,13.930000305175781,15.079999923706055
2010-06-02,401100,13.529999732971191,14.420000076293945,14.600000381469727,13.199999809265137,14.420000076293945
2010-06-01,492400,14.0,13.350000381469727,14.40999984741211,13.239999771118164,13.350000381469727
2010-05-28,828400,14.619999885559082,14.430000305175781,14.949999809265137,14.079999923706055,14.430000305175781
2010-05-27,493100,13.930000305175781,14.609999656677246,14.65999984741211,13.829999923706055,14.609999656677246
2010-05-26,957000,13.239999771118164,13.329999923706055,14.039999961853027,13.239999771118164,13.329999923706055
2010-05-25,637800,12.109999656677246,12.770000457763672,12.789999961853027,11.720000267028809,12.770000457763672
2010-05-24,364200,12.640000343322754,12.579999923706055,12.899999618530273,12.5,12.579999923706055
2010-05-21,1277600,12.199999809265137,12.569999694824219,13.3100004196167,11.760000228881836,12.569999694824219
2010-05-20,1034700,12.65999984741211,12.369999885559082,12.920000076293945,12.050000190734863,12.369999885559082
2010-05-19,632400,13.210000038146973,13.079999923706055,13.449999809265137,12.649999618530273,13.079999923706055
2010-05-18,608800,14.09000015258789,13.359999656677246,14.399999618530273,13.239999771118164,13.359999656677246
2010-05-17,748800,14.260000228881836,13.6899995803833,14.5,13.539999961853027,13.6899995803833
2010-05-14,737500,15.319999694824219,14.380000114440918,15.319999694824219,14.039999961853027,14.380000114440918
2010-05-13,840900,15.8100004196167,15.289999961853027,15.949999809265137,15.010000228881836,15.289999961853027
2010-05-12,634600,15.569999694824219,15.949999809265137,16.239999771118164,15.569999694824219,15.949999809265137
2010-05-11,612600,15.289999961853027,15.59000015258789,16.110000610351562,14.930000305175781,15.59000015258789
2010-05-10,836000,14.729999542236328,15.289999961853027,15.3100004196167,14.350000381469727,15.289999961853027
2010-05-07,892700,14.0,13.789999961853027,14.4399995803833,13.350000381469727,13.789999961853027
2010-05-06,1310300,15.850000381469727,14.479999542236328,16.0,13.069999694824219,14.479999542236328
2010-05-05,556800,16.6299991607666,15.850000381469727,16.700000762939453,15.75,15.850000381469727
2010-05-04,596200,16.969999313354492,16.809999465942383,17.1200008392334,16.389999389648438,16.809999465942383
2010-05-03,823500,16.420000076293945,17.270000457763672,17.280000686645508,16.420000076293945,17.270000457763672
2010-04-30,1171700,16.309999465942383,16.260000228881836,16.549999237060547,15.930000305175781,16.260000228881836
2010-04-29,572700,16.709999084472656,16.360000610351562,16.709999084472656,15.880000114440918,16.360000610351562
2010-04-28,498000,16.75,16.34000015258789,16.75,15.869999885559082,16.34000015258789
2010-04-27,385900,16.850000381469727,16.6200008392334,17.200000762939453,16.290000915527344,16.6200008392334
2010-04-26,479500,17.030000686645508,16.93000030517578,17.290000915527344,16.690000534057617,16.93000030517578
2010-04-23,529300,17.280000686645508,17.1200008392334,17.280000686645508,16.829999923706055,17.1200008392334
2010-04-22,171300,16.770000457763672,17.229999542236328,17.239999771118164,16.299999237060547,17.229999542236328
2010-04-21,432400,17.309999465942383,17.030000686645508,17.40999984741211,16.81999969482422,17.030000686645508
2010-04-20,701100,16.719999313354492,17.239999771118164,17.43000030517578,16.670000076293945,17.239999771118164
2010-04-19,856500,16.559999465942383,16.600000381469727,16.790000915527344,16.280000686645508,16.600000381469727
2010-04-16,1656500,16.56999969482422,16.850000381469727,16.860000610351562,16.059999465942383,16.850000381469727
2010-04-15,6186400,15.399999618530273,16.799999237060547,17.100000381469727,15.0,16.799999237060547
2010-04-14,1055000,15.800000190734863,15.479999542236328,16.09000015258789,15.399999618530273,15.479999542236328
2010-04-13,1474400,16.350000381469727,15.789999961853027,16.489999771118164,15.699999809265137,15.789999961853027
2010-04-12,1209400,16.420000076293945,16.59000015258789,17.209999084472656,16.190000534057617,16.59000015258789
2010-04-09,937400,16.709999084472656,17.149999618530273,17.329999923706055,16.6299991607666,17.149999618530273
2010-04-08,1481800,16.350000381469727,16.5,16.690000534057617,15.489999771118164,16.5
2010-04-07,1663300,17.600000381469727,16.68000030517578,17.770000457763672,15.699999809265137,16.68000030517578
2010-04-06,1050700,17.690000534057617,17.59000015258789,18.0,17.100000381469727,17.59000015258789
2010-04-05,1479500,16.969999313354492,17.3799991607666,17.75,16.969999313354492,17.3799991607666
2010-04-01,1684700,16.049999237060547,16.700000762939453,17.0,16.040000915527344,16.700000762939453
2010-03-31,1948600,14.899999618530273,15.850000381469727,16.229999542236328,14.899999618530273,15.850000381469727
2010-03-30,882900,14.9399995803833,14.949999809265137,15.199999809265137,14.579999923706055,14.949999809265137
2010-03-29,945100,14.229999542236328,14.8100004196167,14.970000267028809,14.0,14.8100004196167
2010-03-26,840900,13.4399995803833,14.109999656677246,14.109999656677246,13.319999694824219,14.109999656677246
2010-03-25,668700,13.529999732971191,13.449999809265137,13.800000190734863,13.239999771118164,13.449999809265137
2010-03-24,366200,13.350000381469727,13.520000457763672,13.520000457763672,13.010000228881836,13.520000457763672
2010-03-23,303300,13.25,13.359999656677246,13.479999542236328,13.020000457763672,13.359999656677246
2010-03-22,404500,12.819999694824219,13.149999618530273,13.149999618530273,12.25,13.149999618530273
2010-03-19,758100,12.989999771118164,12.989999771118164,13.399999618530273,12.3100004196167,12.989999771118164
2010-03-18,520100,13.390000343322754,13.210000038146973,13.569999694824219,13.020000457763672,13.210000038146973
2010-03-17,464100,13.09000015258789,13.289999961853027,13.579999923706055,13.010000228881836,13.289999961853027
2010-03-16,169900,13.0,12.949999809265137,13.100000381469727,12.75,12.949999809265137
2010-03-15,325100,13.010000228881836,12.970000267028809,13.079999923706055,12.800000190734863,12.970000267028809
2010-03-12,294900,13.270000457763672,13.039999961853027,13.279999732971191,12.970000267028809,13.039999961853027
2010-03-11,459400,12.890000343322754,13.220000267028809,13.229999542236328,12.779999732971191,13.220000267028809
2010-03-10,756100,13.25,13.0,13.369999885559082,12.84000015258789,13.0
2010-03-09,226800,13.40999984741211,13.279999732971191,13.5,13.149999618530273,13.279999732971191
2010-03-08,382200,13.479999542236328,13.520000457763672,13.609999656677246,13.119999885559082,13.520000457763672
2010-03-05,225900,13.270000457763672,13.40999984741211,13.40999984741211,13.210000038146973,13.40999984741211
2010-03-04,235400,13.270000457763672,13.220000267028809,13.449999809265137,13.010000228881836,13.220000267028809
2010-03-03,220400,13.229999542236328,13.109999656677246,13.229999542236328,13.020000457763672,13.109999656677246
2010-03-02,370600,12.890000343322754,13.039999961853027,13.140000343322754,12.600000381469727,13.039999961853027
2010-03-01,323000,12.4399995803833,12.600000381469727,12.680000305175781,12.40999984741211,12.600000381469727
2010-02-26,694400,12.390000343322754,12.359999656677246,12.4399995803833,12.170000076293945,12.359999656677246
2010-02-25,557000,11.710000038146973,12.300000190734863,12.329999923706055,11.109999656677246,12.300000190734863
2010-02-24,331500,12.100000381469727,12.149999618530273,12.399999618530273,11.989999771118164,12.149999618530273
2010-02-23,498600,12.0,12.119999885559082,12.140000343322754,11.789999961853027,12.119999885559082
2010-02-22,126800,12.3100004196167,12.100000381469727,12.369999885559082,12.100000381469727,12.100000381469727
2010-02-19,254900,12.520000457763672,12.229999542236328,12.520000457763672,12.119999885559082,12.229999542236328
2010-02-18,233500,12.3100004196167,12.5,12.609999656677246,12.0,12.5
2010-02-17,216700,12.9399995803833,12.510000228881836,12.9399995803833,12.470000267028809,12.510000228881836
2010-02-16,405300,12.869999885559082,12.609999656677246,12.869999885559082,12.399999618530273,12.609999656677246
2010-02-12,251700,12.1899995803833,12.369999885559082,12.5,12.0,12.369999885559082
2010-02-11,282600,12.15999984741211,12.3100004196167,12.449999809265137,11.90999984741211,12.3100004196167
2010-02-10,972100,11.850000381469727,12.069999694824219,12.109999656677246,11.65999984741211,12.069999694824219
2010-02-09,337200,11.300000190734863,11.4399995803833,11.649999618530273,11.1899995803833,11.4399995803833
2010-02-08,269100,11.109999656677246,11.130000114440918,11.489999771118164,11.069999694824219,11.130000114440918
2010-02-05,514700,10.819999694824219,11.149999618530273,11.319999694824219,10.470000267028809,11.149999618530273
2010-02-04,662100,11.680000305175781,11.079999923706055,11.680000305175781,10.899999618530273,11.079999923706055
2010-02-03,398300,11.680000305175781,11.779999732971191,11.819999694824219,11.199999809265137,11.779999732971191
2010-02-02,746900,11.0,11.59000015258789,11.760000228881836,11.0,11.59000015258789
2010-02-01,614200,11.130000114440918,10.949999809265137,11.220000267028809,10.859999656677246,10.949999809265137
2010-01-29,748800,11.399999618530273,11.050000190734863,11.539999961853027,10.779999732971191,11.050000190734863
2010-01-28,529400,11.75,11.300000190734863,11.770000457763672,11.109999656677246,11.300000190734863
2010-01-27,343900,11.600000381469727,11.640000343322754,11.649999618530273,11.34000015258789,11.640000343322754
2010-01-26,415900,12.020000457763672,11.65999984741211,12.149999618530273,11.529999732971191,11.65999984741211
2010-01-25,450700,11.989999771118164,12.119999885559082,12.130000114440918,11.529999732971191,12.119999885559082
2010-01-22,437000,12.0,11.90999984741211,12.069999694824219,11.649999618530273,11.90999984741211
2010-01-21,742200,12.649999618530273,12.100000381469727,12.649999618530273,11.949999809265137,12.100000381469727
2010-01-20,238300,12.470000267028809,12.380000114440918,12.600000381469727,12.0,12.380000114440918
2010-01-19,304300,12.5,12.609999656677246,12.930000305175781,11.890000343322754,12.609999656677246
2010-01-15,676000,12.479999542236328,12.520000457763672,12.569999694824219,12.180000305175781,12.520000457763672
2010-01-14,383600,11.9399995803833,12.34000015258789,12.390000343322754,11.9399995803833,12.34000015258789
2010-01-13,188100,12.140000343322754,11.9399995803833,12.140000343322754,11.579999923706055,11.9399995803833
2010-01-12,366900,12.199999809265137,12.0,12.210000038146973,11.8100004196167,12.0
2010-01-11,641700,13.5,12.319999694824219,13.640000343322754,12.1899995803833,12.319999694824219
2010-01-08,345300,12.920000076293945,13.039999961853027,13.25,12.8100004196167,13.039999961853027
2010-01-07,684900,13.430000305175781,13.170000076293945,13.619999885559082,12.430000305175781,13.170000076293945
2010-01-06,721400,12.869999885559082,13.619999885559082,13.859999656677246,12.869999885559082,13.619999885559082
2010-01-05,240000,12.569999694824219,12.739999771118164,12.760000228881836,12.319999694824219,12.739999771118164
2010-01-04,360800,11.899999618530273,12.569999694824219,12.609999656677246,11.899999618530273,12.569999694824219
2009-12-31,158600,11.800000190734863,11.84000015258789,12.029999732971191,11.800000190734863,11.84000015258789
2009-12-30,246100,12.130000114440918,12.020000457763672,12.15999984741211,11.850000381469727,12.020000457763672
2009-12-29,230900,12.239999771118164,12.010000228881836,12.34000015258789,11.970000267028809,12.010000228881836
2009-12-28,361700,12.539999961853027,12.229999542236328,12.539999961853027,11.819999694824219,12.229999542236328
2009-12-24,158200,12.40999984741211,12.399999618530273,12.65999984741211,12.270000457763672,12.399999618530273
2009-12-23,619600,11.6899995803833,12.329999923706055,12.430000305175781,11.529999732971191,12.329999923706055
2009-12-22,329300,11.449999809265137,11.529999732971191,11.600000381469727,11.220000267028809,11.529999732971191
2009-12-21,491600,11.479999542236328,11.25,11.609999656677246,10.859999656677246,11.25
2009-12-18,1241800,10.970000267028809,11.460000038146973,11.619999885559082,10.970000267028809,11.460000038146973
2009-12-17,457700,10.710000038146973,11.0,11.109999656677246,10.300000190734863,11.0
2009-12-16,476000,10.5,10.760000228881836,10.760000228881836,10.390000343322754,10.760000228881836
2009-12-15,574800,9.75,10.350000381469727,10.460000038146973,9.75,10.350000381469727
2009-12-14,303800,9.550000190734863,9.949999809265137,9.979999542236328,9.5,9.949999809265137
2009-12-11,224200,9.420000076293945,9.529999732971191,9.550000190734863,9.359999656677246,9.529999732971191
2009-12-10,576500,9.470000267028809,9.430000305175781,9.619999885559082,9.329999923706055,9.430000305175781
2009-12-09,279800,9.229999542236328,9.399999618530273,9.5,9.199999809265137,9.399999618530273
2009-12-08,366200,9.470000267028809,9.329999923706055,9.670000076293945,9.260000228881836,9.329999923706055
2009-12-07,287300,9.680000305175781,9.699999809265137,9.960000038146973,9.520000457763672,9.699999809265137
2009-12-04,303800,9.670000076293945,9.819999694824219,9.930000305175781,9.5600004196167,9.819999694824219
2009-12-03,392800,9.6899995803833,9.670000076293945,9.850000381469727,9.5600004196167,9.670000076293945
2009-12-02,450500,9.350000381469727,9.6899995803833,9.699999809265137,9.329999923706055,9.6899995803833
2009-12-01,325900,9.210000038146973,9.319999694824219,9.319999694824219,9.050000190734863,9.319999694824219
2009-11-30,316900,9.079999923706055,9.149999618530273,9.359999656677246,9.0,9.149999618530273
2009-11-27,182600,9.5,9.329999923706055,9.600000381469727,9.0,9.329999923706055
2009-11-25,266200,9.420000076293945,9.670000076293945,9.829999923706055,9.399999618530273,9.670000076293945
2009-11-24,195100,9.510000228881836,9.399999618530273,9.819999694824219,9.300000190734863,9.399999618530273
2009-11-23,339400,9.819999694824219,9.630000114440918,10.100000381469727,9.569999694824219,9.630000114440918
2009-11-20,149000,9.699999809265137,9.600000381469727,9.850000381469727,9.260000228881836,9.600000381469727
2009-11-19,369800,9.800000190734863,9.84000015258789,9.979999542236328,9.359999656677246,9.84000015258789
2009-11-18,198200,10.010000228881836,9.979999542236328,10.300000190734863,9.8100004196167,9.979999542236328
2009-11-17,182300,10.260000228881836,10.09000015258789,10.34000015258789,9.949999809265137,10.09000015258789
2009-11-16,280300,10.270000457763672,10.300000190734863,10.640000343322754,10.1899995803833,10.300000190734863
2009-11-13,294000,10.149999618530273,10.170000076293945,10.350000381469727,9.899999618530273,10.170000076293945
2009-11-12,449900,11.09000015258789,10.149999618530273,11.100000381469727,10.140000343322754,10.149999618530273
2009-11-11,393600,10.800000190734863,10.800000190734863,11.109999656677246,10.710000038146973,10.800000190734863
2009-11-10,277700,10.630000114440918,10.739999771118164,10.859999656677246,10.600000381469727,10.739999771118164
2009-11-09,800000,10.239999771118164,10.800000190734863,10.880000114440918,10.149999618530273,10.800000190734863
2009-11-06,317300,9.729999542236328,9.890000343322754,10.130000114440918,9.619999885559082,9.890000343322754
2009-11-05,231100,9.65999984741211,9.770000457763672,9.859999656677246,9.600000381469727,9.770000457763672
2009-11-04,417000,9.739999771118164,9.5600004196167,9.859999656677246,9.520000457763672,9.5600004196167
2009-11-03,331900,9.109999656677246,9.630000114440918,9.640000343322754,9.0,9.630000114440918
2009-11-02,693800,9.15999984741211,9.1899995803833,9.399999618530273,9.0,9.1899995803833
2009-10-30,919600,9.1899995803833,9.119999885559082,9.350000381469727,8.789999961853027,9.119999885559082
2009-10-29,408200,9.0600004196167,9.220000267028809,9.479999542236328,8.699999809265137,9.220000267028809
2009-10-28,564900,9.729999542236328,8.619999885559082,9.800000190734863,8.5,8.619999885559082
2009-10-27,371500,9.979999542236328,9.729999542236328,10.140000343322754,9.65999984741211,9.729999542236328
2009-10-26,582400,10.180000305175781,9.960000038146973,10.770000457763672,9.800000190734863,9.960000038146973
2009-10-23,531000,10.279999732971191,10.199999809265137,10.34000015258789,9.800000190734863,10.199999809265137
2009-10-22,571400,10.300000190734863,10.199999809265137,10.600000381469727,10.0600004196167,10.199999809265137
2009-10-21,913100,10.109999656677246,10.569999694824219,10.800000190734863,9.920000076293945,10.569999694824219
2009-10-20,772600,10.25,10.479999542236328,10.550000190734863,10.15999984741211,10.479999542236328
2009-10-19,490200,9.829999923706055,10.210000038146973,10.25,9.65999984741211,10.210000038146973
2009-10-16,532900,9.800000190734863,9.890000343322754,10.100000381469727,9.600000381469727,9.890000343322754
2009-10-15,515700,9.960000038146973,9.989999771118164,10.149999618530273,9.890000343322754,9.989999771118164
2009-10-14,360300,10.100000381469727,10.100000381469727,10.239999771118164,10.029999732971191,10.100000381469727
2009-10-13,376000,9.880000114440918,9.979999542236328,10.100000381469727,9.829999923706055,9.979999542236328
2009-10-12,502700,9.819999694824219,9.869999885559082,10.100000381469727,9.800000190734863,9.869999885559082
2009-10-09,350200,9.65999984741211,9.680000305175781,9.779999732971191,9.539999961853027,9.680000305175781
2009-10-08,429700,9.279999732971191,9.579999923706055,9.65999984741211,9.220000267028809,9.579999923706055
2009-10-07,367300,8.989999771118164,9.149999618530273,9.25,8.930000305175781,9.149999618530273
2009-10-06,414200,8.5600004196167,9.050000190734863,9.119999885559082,8.5,9.050000190734863
2009-10-05,314400,8.020000457763672,8.4399995803833,8.600000381469727,7.860000133514404,8.4399995803833
2009-10-02,282300,7.710000038146973,8.020000457763672,8.149999618530273,7.650000095367432,8.020000457763672
2009-10-01,318200,8.3100004196167,7.989999771118164,8.390000343322754,7.940000057220459,7.989999771118164
2009-09-30,448000,8.40999984741211,8.399999618530273,8.4399995803833,8.109999656677246,8.399999618530273
2009-09-29,240300,8.170000076293945,8.3100004196167,8.380000114440918,8.170000076293945,8.3100004196167
2009-09-28,461800,7.849999904632568,8.1899995803833,8.260000228881836,7.539999961853027,8.1899995803833
2009-09-25,202900,7.460000038146973,7.809999942779541,7.840000152587891,7.460000038146973,7.809999942779541
2009-09-24,209500,7.940000057220459,7.550000190734863,7.940000057220459,7.25,7.550000190734863
2009-09-23,183100,7.980000019073486,7.699999809265137,8.050000190734863,7.630000114440918,7.699999809265137
2009-09-22,261100,7.840000152587891,7.920000076293945,8.100000381469727,7.71999979019165,7.920000076293945
2009-09-21,303800,7.440000057220459,7.670000076293945,7.739999771118164,7.25,7.670000076293945
2009-09-18,268000,7.949999809265137,7.679999828338623,8.039999961853027,7.409999847412109,7.679999828338623
2009-09-17,364600,7.809999942779541,7.949999809265137,8.1899995803833,7.71999979019165,7.949999809265137
2009-09-16,629200,7.579999923706055,8.0600004196167,8.0600004196167,7.53000020980835,8.0600004196167
2009-09-15,283600,7.46999979019165,7.53000020980835,7.670000076293945,7.329999923706055,7.53000020980835
2009-09-14,216500,7.289999961853027,7.46999979019165,7.5,7.119999885559082,7.46999979019165
2009-09-11,313300,7.369999885559082,7.269999980926514,7.550000190734863,7.0,7.269999980926514
2009-09-10,392600,6.900000095367432,7.320000171661377,7.369999885559082,6.849999904632568,7.320000171661377
2009-09-09,376300,6.949999809265137,6.949999809265137,7.050000190734863,6.699999809265137,6.949999809265137
2009-09-08,369100,6.559999942779541,6.789999961853027,6.789999961853027,6.510000228881836,6.789999961853027
2009-09-04,271500,6.400000095367432,6.5,6.579999923706055,6.329999923706055,6.5
2009-09-03,180800,6.510000228881836,6.429999828338623,6.510000228881836,6.269999980926514,6.429999828338623
2009-09-02,121200,6.389999866485596,6.449999809265137,6.579999923706055,6.21999979019165,6.449999809265137
2009-09-01,217400,6.400000095367432,6.440000057220459,6.679999828338623,6.199999809265137,6.440000057220459
2009-08-31,243500,6.550000190734863,6.389999866485596,6.579999923706055,6.360000133514404,6.389999866485596
2009-08-28,173700,6.570000171661377,6.619999885559082,6.699999809265137,6.53000020980835,6.619999885559082
2009-08-27,213800,6.769999980926514,6.559999942779541,6.769999980926514,6.400000095367432,6.559999942779541
2009-08-26,88500,6.829999923706055,6.769999980926514,6.849999904632568,6.679999828338623,6.769999980926514
2009-08-25,162000,6.920000076293945,6.849999904632568,7.0,6.809999942779541,6.849999904632568
2009-08-24,188800,6.880000114440918,6.920000076293945,6.949999809265137,6.800000190734863,6.920000076293945
2009-08-21,272400,6.869999885559082,6.849999904632568,6.949999809265137,6.760000228881836,6.849999904632568
2009-08-20,108800,6.679999828338623,6.769999980926514,6.78000020980835,6.309999942779541,6.769999980926514
2009-08-19,98600,6.440000057220459,6.659999847412109,6.730000019073486,6.150000095367432,6.659999847412109
2009-08-18,178800,6.349999904632568,6.53000020980835,6.75,6.349999904632568,6.53000020980835
2009-08-17,211000,6.550000190734863,6.320000171661377,6.550000190734863,6.050000190734863,6.320000171661377
2009-08-14,365300,6.730000019073486,6.670000076293945,6.869999885559082,6.550000190734863,6.670000076293945
2009-08-13,225800,6.710000038146973,6.730000019073486,6.800000190734863,6.420000076293945,6.730000019073486
2009-08-12,187700,6.380000114440918,6.570000171661377,6.650000095367432,6.300000190734863,6.570000171661377
2009-08-11,177400,6.28000020980835,6.360000133514404,6.409999847412109,6.25,6.360000133514404
2009-08-10,144700,6.440000057220459,6.420000076293945,6.630000114440918,6.300000190734863,6.420000076293945
2009-08-07,154700,6.190000057220459,6.480000019073486,6.539999961853027,6.179999828338623,6.480000019073486
2009-08-06,199400,6.510000228881836,6.099999904632568,6.550000190734863,6.050000190734863,6.099999904632568
2009-08-05,269200,6.380000114440918,6.539999961853027,6.71999979019165,6.199999809265137,6.539999961853027
2009-08-04,178700,6.630000114440918,6.639999866485596,6.690000057220459,6.46999979019165,6.639999866485596
2009-08-03,224100,6.599999904632568,6.710000038146973,6.960000038146973,6.590000152587891,6.710000038146973
2009-07-31,365800,6.300000190734863,6.590000152587891,6.75,6.150000095367432,6.590000152587891
2009-07-30,347600,6.21999979019165,6.340000152587891,6.650000095367432,6.150000095367432,6.340000152587891
2009-07-29,231900,6.75,6.150000095367432,6.75,6.0,6.150000095367432
2009-07-28,130800,6.920000076293945,6.840000152587891,7.0,6.579999923706055,6.840000152587891
2009-07-27,189700,6.960000038146973,7.0,7.199999809265137,6.900000095367432,7.0
2009-07-24,142500,6.949999809265137,6.989999771118164,7.03000020980835,6.570000171661377,6.989999771118164
2009-07-23,198100,6.429999828338623,7.0,7.090000152587891,6.429999828338623,7.0
2009-07-22,86700,6.659999847412109,6.690000057220459,6.75,6.449999809265137,6.690000057220459
2009-07-21,122800,6.840000152587891,6.730000019073486,6.980000019073486,6.570000171661377,6.730000019073486
2009-07-20,183900,6.710000038146973,6.800000190734863,6.849999904632568,6.610000133514404,6.800000190734863
2009-07-17,116200,6.789999961853027,6.639999866485596,6.789999961853027,6.400000095367432,6.639999866485596
2009-07-16,182100,6.510000228881836,6.789999961853027,6.789999961853027,6.050000190734863,6.789999961853027
2009-07-15,274800,5.949999809265137,6.630000114440918,6.800000190734863,5.940000057220459,6.630000114440918
2009-07-14,100700,5.5,5.849999904632568,5.989999771118164,5.46999979019165,5.849999904632568
2009-07-13,125500,5.199999809265137,5.489999771118164,5.489999771118164,4.960000038146973,5.489999771118164
2009-07-10,134000,5.199999809265137,5.190000057220459,5.46999979019165,4.739999771118164,5.190000057220459
2009-07-09,133100,5.289999961853027,5.300000190734863,5.570000171661377,5.199999809265137,5.300000190734863
2009-07-08,279000,5.510000228881836,5.21999979019165,5.599999904632568,4.980000019073486,5.21999979019165
2009-07-07,107400,5.940000057220459,5.619999885559082,5.989999771118164,5.599999904632568,5.619999885559082
2009-07-06,243600,6.010000228881836,5.909999847412109,6.019999980926514,5.550000190734863,5.909999847412109
2009-07-02,135100,6.619999885559082,6.170000076293945,6.619999885559082,6.170000076293945,6.170000076293945
2009-07-01,135300,6.460000038146973,6.619999885559082,6.800000190734863,6.440000057220459,6.619999885559082
2009-06-30,193100,6.679999828338623,6.369999885559082,6.730000019073486,6.369999885559082,6.369999885559082
2009-06-29,220400,6.840000152587891,6.659999847412109,6.989999771118164,6.599999904632568,6.659999847412109
2009-06-26,892700,6.239999771118164,6.840000152587891,6.869999885559082,6.0,6.840000152587891
2009-06-25,285700,5.849999904632568,6.25,6.300000190734863,5.739999771118164,6.25
2009-06-24,401500,6.019999980926514,5.909999847412109,6.150000095367432,5.710000038146973,5.909999847412109
2009-06-23,293800,5.820000171661377,6.079999923706055,6.179999828338623,5.510000228881836,6.079999923706055
2009-06-22,299900,6.619999885559082,5.820000171661377,6.619999885559082,5.670000076293945,5.820000171661377
2009-06-19,477300,7.300000190734863,6.550000190734863,7.489999771118164,6.53000020980835,6.550000190734863
2009-06-18,175000,7.480000019073486,7.139999866485596,7.559999942779541,7.130000114440918,7.139999866485596
2009-06-17,241700,7.789999961853027,7.480000019073486,7.800000190734863,7.010000228881836,7.480000019073486
2009-06-16,157700,7.760000228881836,7.769999980926514,7.900000095367432,7.510000228881836,7.769999980926514
2009-06-15,223000,7.909999847412109,7.590000152587891,7.949999809265137,7.25,7.590000152587891
2009-06-12,277900,8.25,7.900000095367432,8.25,7.0,7.900000095367432
2009-06-11,237500,8.0,8.34000015258789,8.460000038146973,8.0,8.34000015258789
2009-06-10,253100,8.109999656677246,8.039999961853027,8.3100004196167,7.889999866485596,8.039999961853027
2009-06-09,223400,8.0,8.029999732971191,8.170000076293945,7.860000133514404,8.029999732971191
2009-06-08,248400,8.369999885559082,7.869999885559082,8.369999885559082,7.75,7.869999885559082
2009-06-05,193100,8.5,8.270000457763672,8.5,8.149999618530273,8.270000457763672
2009-06-04,318900,7.949999809265137,8.300000190734863,8.890000343322754,7.679999828338623,8.300000190734863
2009-06-03,357200,8.0,7.769999980926514,8.0600004196167,7.309999942779541,7.769999980926514
2009-06-02,295300,8.350000381469727,8.0600004196167,8.649999618530273,7.900000095367432,8.0600004196167
2009-06-01,415200,8.65999984741211,8.229999542236328,8.65999984741211,8.050000190734863,8.229999542236328
2009-05-29,1024100,7.239999771118164,7.909999847412109,8.0,7.110000133514404,7.909999847412109
2009-05-28,418000,6.829999923706055,7.0,7.0,6.150000095367432,7.0
2009-05-27,266400,6.420000076293945,6.639999866485596,6.840000152587891,6.420000076293945,6.639999866485596
2009-05-26,272100,6.0,6.409999847412109,6.440000057220459,5.820000171661377,6.409999847412109
2009-05-22,204600,6.289999961853027,6.059999942779541,6.389999866485596,6.0,6.059999942779541
2009-05-21,176400,6.309999942779541,6.099999904632568,6.369999885559082,5.949999809265137,6.099999904632568
2009-05-20,250800,6.320000171661377,6.449999809265137,6.679999828338623,6.28000020980835,6.449999809265137
2009-05-19,118500,6.289999961853027,6.239999771118164,6.449999809265137,6.090000152587891,6.239999771118164
2009-05-18,115900,5.929999828338623,6.269999980926514,6.28000020980835,5.929999828338623,6.269999980926514
2009-05-15,235600,5.900000095367432,5.860000133514404,5.989999771118164,5.699999809265137,5.860000133514404
2009-05-14,251400,5.75,5.920000076293945,6.099999904632568,5.679999828338623,5.920000076293945
2009-05-13,270300,6.019999980926514,5.809999942779541,6.190000057220459,5.590000152587891,5.809999942779541
2009-05-12,126500,6.510000228881836,6.210000038146973,6.809999942779541,6.0,6.210000038146973
2009-05-11,223400,6.75,6.28000020980835,6.75,6.0,6.28000020980835
2009-05-08,282100,6.400000095367432,6.769999980926514,6.800000190734863,6.260000228881836,6.769999980926514
2009-05-07,284700,6.670000076293945,6.179999828338623,6.670000076293945,6.079999923706055,6.179999828338623
2009-05-06,927800,6.230000019073486,6.389999866485596,6.639999866485596,6.050000190734863,6.389999866485596
2009-05-05,235400,6.050000190734863,6.099999904632568,6.139999866485596,5.75,6.099999904632568
2009-05-04,336000,5.590000152587891,6.0,6.0,5.5,6.0
2009-05-01,213500,5.539999961853027,5.579999923706055,5.760000228881836,5.539999961853027,5.579999923706055
2009-04-30,364100,5.53000020980835,5.710000038146973,5.869999885559082,5.420000076293945,5.710000038146973
2009-04-29,361300,5.170000076293945,5.480000019073486,5.570000171661377,5.039999961853027,5.480000019073486
2009-04-28,434000,5.090000152587891,5.039999961853027,5.190000057220459,4.949999809265137,5.039999961853027
2009-04-27,233500,5.480000019073486,5.179999828338623,5.5,5.090000152587891,5.179999828338623
2009-04-24,242800,5.28000020980835,5.579999923706055,5.599999904632568,5.239999771118164,5.579999923706055
2009-04-23,228800,5.309999942779541,5.210000038146973,5.429999828338623,5.0,5.210000038146973
2009-04-22,299000,4.989999771118164,5.239999771118164,5.320000171661377,4.829999923706055,5.239999771118164
2009-04-21,106800,4.610000133514404,5.039999961853027,5.070000171661377,4.269999980926514,5.039999961853027
2009-04-20,232400,4.929999828338623,4.690000057220459,4.929999828338623,4.559999942779541,4.690000057220459
2009-04-17,180900,4.909999847412109,4.900000095367432,4.949999809265137,4.769999980926514,4.900000095367432
2009-04-16,264500,4.75,4.769999980926514,4.900000095367432,4.690000057220459,4.769999980926514
2009-04-15,172000,4.53000020980835,4.730000019073486,4.730000019073486,4.409999847412109,4.730000019073486
2009-04-14,291600,4.789999961853027,4.550000190734863,4.889999866485596,4.5,4.550000190734863
2009-04-13,252200,4.579999923706055,4.800000190734863,4.800000190734863,4.309999942779541,4.800000190734863
2009-04-09,256300,4.659999847412109,4.650000095367432,4.809999942779541,4.400000095367432,4.650000095367432
2009-04-08,121400,4.050000190734863,4.480000019073486,4.480000019073486,4.050000190734863,4.480000019073486
2009-04-07,179500,4.230000019073486,4.099999904632568,4.230000019073486,4.0,4.099999904632568
2009-04-06,157500,4.349999904632568,4.289999961853027,4.599999904632568,4.199999809265137,4.289999961853027
2009-04-03,226400,4.019999980926514,4.570000171661377,4.710000038146973,4.019999980926514,4.570000171661377
2009-04-02,275900,4.210000038146973,4.420000076293945,4.5,4.119999885559082,4.420000076293945
2009-04-01,271500,3.509999990463257,3.940000057220459,4.119999885559082,3.4000000953674316,3.940000057220459
2009-03-31,362600,3.950000047683716,3.5999999046325684,3.9700000286102295,3.5299999713897705,3.5999999046325684
2009-03-30,227700,3.7699999809265137,3.880000114440918,3.890000104904175,3.369999885559082,3.880000114440918
2009-03-27,171100,4.010000228881836,3.950000047683716,4.079999923706055,3.819999933242798,3.950000047683716
2009-03-26,100700,4.139999866485596,4.119999885559082,4.150000095367432,3.9700000286102295,4.119999885559082
2009-03-25,174700,3.6500000953674316,3.9600000381469727,4.110000133514404,3.6500000953674316,3.9600000381469727
2009-03-24,124100,4.239999771118164,3.8499999046325684,4.239999771118164,3.799999952316284,3.8499999046325684
2009-03-23,363200,3.5,4.059999942779541,4.099999904632568,3.5,4.059999942779541
2009-03-20,351700,3.490000009536743,3.440000057220459,3.75,3.440000057220459,3.440000057220459
2009-03-19,656300,2.9600000381469727,3.3499999046325684,3.380000114440918,2.9600000381469727,3.3499999046325684
2009-03-18,229500,2.9000000953674316,2.9600000381469727,2.9600000381469727,2.619999885559082,2.9600000381469727
2009-03-17,101000,2.5999999046325684,2.950000047683716,2.950000047683716,2.5,2.950000047683716
2009-03-16,121500,2.5399999618530273,2.5899999141693115,2.700000047683716,2.4600000381469727,2.5899999141693115
2009-03-13,159100,2.7699999809265137,2.609999895095825,2.7699999809265137,2.5799999237060547,2.609999895095825
2009-03-12,210900,2.4800000190734863,2.700000047683716,2.700000047683716,2.25,2.700000047683716
2009-03-11,202200,2.5299999713897705,2.369999885559082,2.559999942779541,2.3499999046325684,2.369999885559082
2009-03-10,194300,2.359999895095825,2.569999933242798,2.569999933242798,2.299999952316284,2.569999933242798
2009-03-09,154100,2.390000104904175,2.130000114440918,2.490000009536743,2.0999999046325684,2.130000114440918
2009-03-06,204000,2.299999952316284,2.2200000286102295,2.4800000190734863,2.009999990463257,2.2200000286102295
2009-03-05,123000,2.549999952316284,2.240000009536743,2.640000104904175,2.200000047683716,2.240000009536743
2009-03-04,187800,2.140000104904175,2.5,2.5,2.140000104904175,2.5
2009-03-03,246200,2.359999895095825,2.119999885559082,2.390000104904175,2.009999990463257,2.119999885559082
2009-03-02,166200,2.7100000381469727,2.359999895095825,2.880000114440918,2.359999895095825,2.359999895095825
2009-02-27,104700,2.7799999713897705,2.640000104904175,2.7799999713897705,2.640000104904175,2.640000104904175
2009-02-26,179800,2.859999895095825,2.7300000190734863,3.0,2.6500000953674316,2.7300000190734863
2009-02-25,120400,2.9700000286102295,2.809999942779541,2.9800000190734863,2.759999990463257,2.809999942779541
2009-02-24,133300,2.9700000286102295,2.950000047683716,2.9700000286102295,2.75,2.950000047683716
2009-02-23,98900,3.140000104904175,2.8399999141693115,3.140000104904175,2.8399999141693115,2.8399999141693115
2009-02-20,84600,3.049999952316284,2.9600000381469727,3.049999952316284,2.9000000953674316,2.9600000381469727
2009-02-19,89400,3.140000104904175,3.069999933242798,3.1500000953674316,3.0,3.069999933242798
2009-02-18,143100,3.190000057220459,2.950000047683716,3.190000057220459,2.950000047683716,2.950000047683716
2009-02-17,150300,3.2300000190734863,3.0799999237060547,3.25,3.0399999618530273,3.0799999237060547
2009-02-13,114200,2.940000057220459,3.1600000858306885,3.2100000381469727,2.940000057220459,3.1600000858306885
2009-02-12,99600,3.4800000190734863,2.950000047683716,3.4800000190734863,2.9100000858306885,2.950000047683716
2009-02-11,104300,3.0999999046325684,3.2300000190734863,3.2699999809265137,3.0999999046325684,3.2300000190734863
2009-02-10,142500,3.3499999046325684,3.0899999141693115,3.490000009536743,3.0899999141693115,3.0899999141693115
2009-02-09,148400,3.490000009536743,3.259999990463257,3.490000009536743,3.180000066757202,3.259999990463257
2009-02-06,150500,3.4000000953674316,3.5999999046325684,3.5999999046325684,3.190000057220459,3.5999999046325684
2009-02-05,100600,3.359999895095825,3.359999895095825,3.430000066757202,3.309999942779541,3.359999895095825
2009-02-04,189100,3.240000009536743,3.3499999046325684,3.369999885559082,3.0899999141693115,3.3499999046325684
2009-02-03,144200,3.069999933242798,3.2200000286102295,3.2200000286102295,3.0,3.2200000286102295
2009-02-02,98700,3.009999990463257,3.0399999618530273,3.0799999237060547,2.950000047683716,3.0399999618530273
2009-01-30,139400,3.0799999237060547,3.1600000858306885,3.1600000858306885,2.950000047683716,3.1600000858306885
2009-01-29,126600,3.109999895095825,3.0299999713897705,3.2200000286102295,3.0299999713897705,3.0299999713897705
2009-01-28,134400,3.1600000858306885,3.2300000190734863,3.2300000190734863,3.109999895095825,3.2300000190734863
2009-01-27,125000,3.069999933242798,3.109999895095825,3.180000066757202,2.950000047683716,3.109999895095825
2009-01-26,124400,3.009999990463257,3.069999933242798,3.2300000190734863,2.940000057220459,3.069999933242798
2009-01-23,91700,2.8499999046325684,2.930000066757202,2.990000009536743,2.7799999713897705,2.930000066757202
2009-01-22,59900,2.9700000286102295,2.869999885559082,2.9800000190734863,2.809999942779541,2.869999885559082
2009-01-21,143600,2.799999952316284,3.0299999713897705,3.059999942779541,2.7100000381469727,3.0299999713897705
2009-01-20,108800,2.890000104904175,2.700000047683716,2.9000000953674316,2.700000047683716,2.700000047683716
2009-01-16,208000,3.0199999809265137,2.930000066757202,3.130000114440918,2.7899999618530273,2.930000066757202
2009-01-15,169400,2.940000057220459,3.0,3.0,2.619999885559082,3.0
2009-01-14,168200,2.8299999237060547,2.940000057220459,3.0999999046325684,2.819999933242798,2.940000057220459
2009-01-13,141000,2.890000104904175,2.940000057220459,3.069999933242798,2.869999885559082,2.940000057220459
2009-01-12,169600,3.0199999809265137,2.890000104904175,3.130000114440918,2.8499999046325684,2.890000104904175
2009-01-09,162800,3.4100000858306885,3.069999933242798,3.4100000858306885,2.9700000286102295,3.069999933242798
2009-01-08,162900,3.0799999237060547,3.259999990463257,3.309999942779541,3.0,3.259999990463257
2009-01-07,345600,3.549999952316284,3.0799999237060547,3.549999952316284,2.950000047683716,3.0799999237060547
2009-01-06,1024900,2.799999952316284,3.4800000190734863,3.8399999141693115,2.799999952316284,3.4800000190734863
2009-01-05,294800,2.809999942779541,2.7899999618530273,2.880000114440918,2.5999999046325684,2.7899999618530273
2009-01-02,245000,2.609999895095825,2.6600000858306885,2.75,2.3299999237060547,2.6600000858306885
2008-12-31,356700,2.380000114440918,2.5999999046325684,2.5999999046325684,2.200000047683716,2.5999999046325684
2008-12-30,708800,2.309999942779541,2.380000114440918,2.380000114440918,2.049999952316284,2.380000114440918
2008-12-29,373200,2.4600000381469727,2.259999990463257,2.6500000953674316,2.240000009536743,2.259999990463257
2008-12-26,122200,2.549999952316284,2.450000047683716,2.549999952316284,2.240000009536743,2.450000047683716
2008-12-24,108700,2.109999895095825,2.3399999141693115,2.3499999046325684,2.109999895095825,2.3399999141693115
2008-12-23,317000,2.450000047683716,2.1500000953674316,2.619999885559082,2.119999885559082,2.1500000953674316
2008-12-22,347800,2.809999942779541,2.440000057220459,2.950000047683716,2.3399999141693115,2.440000057220459
2008-12-19,305300,2.9200000762939453,2.7100000381469727,3.0899999141693115,2.7100000381469727,2.7100000381469727
2008-12-18,339100,3.3499999046325684,2.799999952316284,3.3499999046325684,2.799999952316284,2.799999952316284
2008-12-17,265200,3.3499999046325684,3.3399999141693115,3.559999942779541,3.2100000381469727,3.3399999141693115
2008-12-16,305400,3.380000114440918,3.380000114440918,3.450000047683716,3.0999999046325684,3.380000114440918
2008-12-15,215400,3.549999952316284,3.2899999618530273,4.0,3.119999885559082,3.2899999618530273
2008-12-12,351500,3.130000114440918,3.4100000858306885,3.5,3.059999942779541,3.4100000858306885
2008-12-11,355100,3.740000009536743,3.619999885559082,4.25,3.549999952316284,3.619999885559082
2008-12-10,247100,3.5799999237060547,3.700000047683716,3.75,3.4200000762939453,3.700000047683716
2008-12-09,367100,3.0,3.4200000762939453,3.5899999141693115,2.859999895095825,3.4200000762939453
2008-12-08,307800,2.9000000953674316,3.0299999713897705,3.240000009536743,2.5999999046325684,3.0299999713897705
2008-12-05,239000,2.609999895095825,2.4000000953674316,2.680000066757202,2.25,2.4000000953674316
2008-12-04,216000,2.9700000286102295,2.7100000381469727,3.0299999713897705,2.609999895095825,2.7100000381469727
2008-12-03,193600,3.1600000858306885,2.990000009536743,3.25,2.950000047683716,2.990000009536743
2008-12-02,164500,3.450000047683716,3.190000057220459,3.640000104904175,3.069999933242798,3.190000057220459
2008-12-01,113600,4.099999904632568,3.440000057220459,4.099999904632568,3.390000104904175,3.440000057220459
2008-11-28,78500,4.0,4.190000057220459,4.190000057220459,3.890000104904175,4.190000057220459
2008-11-26,260500,3.569999933242798,4.0,4.199999809265137,3.5199999809265137,4.0
2008-11-25,224500,4.039999961853027,3.75,4.039999961853027,3.700000047683716,3.75
2008-11-24,307800,3.490000009536743,4.159999847412109,4.159999847412109,3.2699999809265137,4.159999847412109
2008-11-21,255400,2.740000009536743,3.200000047683716,3.25,2.630000114440918,3.200000047683716
2008-11-20,230800,3.25,2.630000114440918,3.3499999046325684,2.5999999046325684,2.630000114440918
2008-11-19,70200,3.7300000190734863,3.4100000858306885,3.8499999046325684,3.369999885559082,3.4100000858306885
2008-11-18,92400,3.940000057220459,3.75,4.039999961853027,3.680000066757202,3.75
2008-11-17,79900,4.0,3.890000104904175,4.03000020980835,3.799999952316284,3.890000104904175
2008-11-14,155400,4.369999885559082,4.0,4.550000190734863,4.0,4.0
2008-11-13,229400,4.260000228881836,4.329999923706055,4.400000095367432,3.690000057220459,4.329999923706055
2008-11-12,140700,4.71999979019165,4.130000114440918,4.71999979019165,4.130000114440918,4.130000114440918
2008-11-11,92400,4.75,4.650000095367432,4.900000095367432,4.5,4.650000095367432
2008-11-10,133300,5.110000133514404,4.960000038146973,5.320000171661377,4.880000114440918,4.960000038146973
2008-11-07,161100,5.21999979019165,5.03000020980835,5.349999904632568,4.849999904632568,5.03000020980835
2008-11-06,204700,5.619999885559082,5.21999979019165,5.659999847412109,5.010000228881836,5.21999979019165
2008-11-05,173000,5.75,5.659999847412109,5.789999961853027,5.550000190734863,5.659999847412109
2008-11-04,388900,5.849999904632568,5.949999809265137,5.989999771118164,5.5,5.949999809265137
2008-11-03,221100,5.099999904632568,5.360000133514404,5.489999771118164,5.03000020980835,5.360000133514404
2008-10-31,231700,5.0,5.449999809265137,5.449999809265137,4.699999809265137,5.449999809265137
2008-10-30,250700,4.650000095367432,5.059999942779541,5.099999904632568,4.559999942779541,5.059999942779541
2008-10-29,232200,4.300000190734863,4.559999942779541,4.739999771118164,4.090000152587891,4.559999942779541
2008-10-28,152500,4.03000020980835,4.199999809265137,4.199999809265137,3.799999952316284,4.199999809265137
2008-10-27,167600,3.950000047683716,3.8299999237060547,4.380000114440918,3.8299999237060547,3.8299999237060547
2008-10-24,158300,4.010000228881836,4.019999980926514,4.179999828338623,3.859999895095825,4.019999980926514
2008-10-23,191800,4.119999885559082,4.25,4.489999771118164,3.990000009536743,4.25
2008-10-22,186100,4.489999771118164,4.050000190734863,4.489999771118164,4.010000228881836,4.050000190734863
2008-10-21,196400,4.590000152587891,4.559999942779541,4.789999961853027,4.199999809265137,4.559999942779541
2008-10-20,324900,4.269999980926514,4.739999771118164,4.800000190734863,4.110000133514404,4.739999771118164
2008-10-17,307900,3.6600000858306885,4.099999904632568,4.650000095367432,3.609999895095825,4.099999904632568
2008-10-16,604800,3.5399999618530273,3.8299999237060547,3.880000114440918,3.0999999046325684,3.8299999237060547
2008-10-15,428000,3.700000047683716,3.4100000858306885,3.9600000381469727,3.4100000858306885,3.4100000858306885
2008-10-14,425600,4.849999904632568,4.050000190734863,4.989999771118164,3.990000009536743,4.050000190734863
2008-10-13,276100,4.489999771118164,4.670000076293945,4.730000019073486,4.300000190734863,4.670000076293945
2008-10-10,565100,3.859999895095825,4.300000190734863,4.300000190734863,2.5199999809265137,4.300000190734863
2008-10-09,235800,4.929999828338623,4.099999904632568,5.039999961853027,4.0,4.099999904632568
2008-10-08,676000,4.929999828338623,4.75,5.21999979019165,4.409999847412109,4.75
2008-10-07,240000,5.570000171661377,5.269999980926514,5.940000057220459,5.25,5.269999980926514
2008-10-06,539900,5.699999809265137,5.599999904632568,6.0,4.869999885559082,5.599999904632568
2008-10-03,312900,6.510000228881836,6.400000095367432,7.260000228881836,6.360000133514404,6.400000095367432
2008-10-02,453200,7.130000114440918,6.869999885559082,7.809999942779541,6.849999904632568,6.869999885559082
2008-10-01,278100,7.869999885559082,7.599999904632568,8.130000114440918,7.300000190734863,7.599999904632568
2008-09-30,336800,7.800000190734863,8.130000114440918,8.489999771118164,7.269999980926514,8.130000114440918
2008-09-29,680100,8.430000305175781,7.5,8.430000305175781,7.050000190734863,7.5
2008-09-26,560800,8.010000228881836,8.5,8.619999885559082,7.929999828338623,8.5
2008-09-25,437800,7.5,8.40999984741211,8.470000267028809,6.699999809265137,8.40999984741211
2008-09-24,313200,7.400000095367432,7.579999923706055,7.699999809265137,7.400000095367432,7.579999923706055
2008-09-23,144300,7.0,7.320000171661377,7.5,6.699999809265137,7.320000171661377
2008-09-22,368900,7.400000095367432,7.210000038146973,7.510000228881836,6.699999809265137,7.210000038146973
2008-09-19,550300,8.229999542236328,7.289999961853027,8.25,7.190000057220459,7.289999961853027
2008-09-18,436000,6.900000095367432,7.610000133514404,7.639999866485596,6.900000095367432,7.610000133514404
2008-09-17,376700,7.139999866485596,6.920000076293945,7.190000057220459,6.679999828338623,6.920000076293945
2008-09-16,513900,6.699999809265137,7.050000190734863,7.139999866485596,6.25,7.050000190734863
2008-09-15,441100,5.929999828338623,6.710000038146973,6.75,5.639999866485596,6.710000038146973
2008-09-12,354800,6.179999828338623,6.420000076293945,6.570000171661377,6.150000095367432,6.420000076293945
2008-09-11,389500,5.650000095367432,6.119999885559082,6.210000038146973,5.300000190734863,6.119999885559082
2008-09-10,414600,5.269999980926514,5.900000095367432,5.909999847412109,5.139999866485596,5.900000095367432
2008-09-09,362800,6.190000057220459,5.230000019073486,6.190000057220459,5.159999847412109,5.230000019073486
2008-09-08,185500,6.539999961853027,6.110000133514404,6.550000190734863,5.989999771118164,6.110000133514404
2008-09-05,270900,5.909999847412109,6.360000133514404,6.400000095367432,5.809999942779541,6.360000133514404
2008-09-04,657600,6.550000190734863,5.860000133514404,6.639999866485596,5.820000171661377,5.860000133514404
2008-09-03,229700,6.809999942779541,6.659999847412109,6.860000133514404,6.519999980926514,6.659999847412109
2008-09-02,423900,7.309999942779541,6.900000095367432,7.320000171661377,6.699999809265137,6.900000095367432
2008-08-29,331300,7.599999904632568,7.400000095367432,7.75,7.400000095367432,7.400000095367432
2008-08-28,231300,7.980000019073486,7.619999885559082,7.980000019073486,7.550000190734863,7.619999885559082
2008-08-27,253900,7.489999771118164,7.670000076293945,8.050000190734863,7.489999771118164,7.670000076293945
2008-08-26,189900,7.230000019073486,7.400000095367432,7.699999809265137,7.199999809265137,7.400000095367432
2008-08-25,170000,7.309999942779541,7.190000057220459,7.710000038146973,7.039999961853027,7.190000057220459
2008-08-22,147800,7.650000095367432,7.440000057220459,7.650000095367432,7.28000020980835,7.440000057220459
2008-08-21,313500,8.020000457763672,7.690000057220459,8.1899995803833,7.630000114440918,7.690000057220459
2008-08-20,270300,7.739999771118164,7.71999979019165,7.75,7.199999809265137,7.71999979019165
2008-08-19,311900,7.300000190734863,7.389999866485596,7.78000020980835,6.920000076293945,7.389999866485596
2008-08-18,347100,7.699999809265137,7.340000152587891,8.270000457763672,7.210000038146973,7.340000152587891
2008-08-15,315200,8.300000190734863,7.800000190734863,8.550000190734863,7.690000057220459,7.800000190734863
2008-08-14,665300,8.100000381469727,8.369999885559082,8.649999618530273,7.800000190734863,8.369999885559082
2008-08-13,719100,7.489999771118164,8.100000381469727,8.279999732971191,7.300000190734863,8.100000381469727
2008-08-12,344600,6.980000019073486,7.159999847412109,7.239999771118164,6.699999809265137,7.159999847412109
2008-08-11,389300,6.880000114440918,7.039999961853027,7.210000038146973,6.710000038146973,7.039999961853027
2008-08-08,344500,7.199999809265137,7.199999809265137,7.269999980926514,6.900000095367432,7.199999809265137
2008-08-07,508500,7.440000057220459,7.409999847412109,7.980000019073486,7.150000095367432,7.409999847412109
2008-08-06,516500,7.300000190734863,7.130000114440918,7.590000152587891,6.960000038146973,7.130000114440918
2008-08-05,1023000,7.829999923706055,7.21999979019165,7.909999847412109,6.619999885559082,7.21999979019165
2008-08-04,475800,9.050000190734863,7.889999866485596,9.100000381469727,7.869999885559082,7.889999866485596
2008-08-01,165400,9.079999923706055,9.079999923706055,9.380000114440918,9.0,9.079999923706055
2008-07-31,161800,9.5,9.279999732971191,9.680000305175781,9.199999809265137,9.279999732971191
2008-07-30,372700,9.229999542236328,9.510000228881836,9.600000381469727,8.720000267028809,9.510000228881836
2008-07-29,279200,9.6899995803833,9.390000343322754,9.739999771118164,9.180000305175781,9.390000343322754
2008-07-28,807200,9.5,9.489999771118164,9.579999923706055,8.510000228881836,9.489999771118164
2008-07-25,349800,9.949999809265137,9.819999694824219,10.319999694824219,9.699999809265137,9.819999694824219
2008-07-24,410400,10.380000114440918,10.100000381469727,10.699999809265137,9.800000190734863,10.100000381469727
2008-07-23,383700,10.5600004196167,10.609999656677246,10.979999542236328,10.199999809265137,10.609999656677246
2008-07-22,554900,11.970000267028809,11.020000457763672,11.970000267028809,10.800000190734863,11.020000457763672
2008-07-21,846700,12.630000114440918,11.869999885559082,13.0,11.600000381469727,11.869999885559082
2008-07-18,406800,11.199999809265137,11.109999656677246,11.449999809265137,10.649999618530273,11.109999656677246
2008-07-17,696000,11.899999618530273,11.180000305175781,12.050000190734863,10.699999809265137,11.180000305175781
2008-07-16,352100,12.670000076293945,12.220000267028809,12.90999984741211,11.90999984741211,12.220000267028809
2008-07-15,247200,12.760000228881836,12.90999984741211,13.0600004196167,12.260000228881836,12.90999984741211
2008-07-14,256100,13.100000381469727,12.890000343322754,13.25,12.579999923706055,12.890000343322754
2008-07-11,607200,12.550000190734863,13.0,13.5,12.550000190734863,13.0
2008-07-10,574100,11.359999656677246,12.470000267028809,13.0,11.0,12.470000267028809
2008-07-09,322300,12.109999656677246,11.6899995803833,12.84000015258789,11.6899995803833,11.6899995803833
2008-07-08,994400,11.770000457763672,12.1899995803833,12.5,10.119999885559082,12.1899995803833
2008-07-07,662000,12.59000015258789,12.100000381469727,12.789999961853027,11.399999618530273,12.100000381469727
2008-07-03,418900,13.239999771118164,12.789999961853027,13.569999694824219,12.710000038146973,12.789999961853027
2008-07-02,530600,13.890000343322754,13.710000038146973,14.0,13.550000190734863,13.710000038146973
2008-07-01,657100,13.010000228881836,13.390000343322754,13.5,12.5,13.390000343322754
2008-06-30,533600,14.069999694824219,13.279999732971191,14.239999771118164,13.25,13.279999732971191
2008-06-27,1939600,13.760000228881836,14.069999694824219,14.300000190734863,13.260000228881836,14.069999694824219
2008-06-26,411000,14.5,14.350000381469727,14.84000015258789,14.0,14.350000381469727
2008-06-25,762800,15.829999923706055,14.149999618530273,15.829999923706055,13.520000457763672,14.149999618530273
2008-06-24,536500,16.3799991607666,15.180000305175781,16.3799991607666,15.029999732971191,15.180000305175781
2008-06-23,654600,15.779999732971191,15.920000076293945,16.1299991607666,15.5600004196167,15.920000076293945
2008-06-20,736200,15.369999885559082,15.550000190734863,15.550000190734863,14.899999618530273,15.550000190734863
2008-06-19,1196300,16.06999969482422,14.899999618530273,16.399999618530273,14.5,14.899999618530273
2008-06-18,1803700,14.649999618530273,15.84000015258789,15.979999542236328,14.649999618530273,15.84000015258789
2008-06-17,938500,13.710000038146973,14.140000343322754,14.489999771118164,13.710000038146973,14.140000343322754
2008-06-16,457000,13.800000190734863,13.34000015258789,13.84000015258789,13.0,13.34000015258789
2008-06-13,906600,13.90999984741211,13.6899995803833,13.90999984741211,12.699999809265137,13.6899995803833
2008-06-12,463200,14.850000381469727,14.0,14.850000381469727,13.850000381469727,14.0
2008-06-11,428600,14.25,14.369999885559082,14.9399995803833,14.220000267028809,14.369999885559082
2008-06-10,599500,14.819999694824219,14.199999809265137,14.899999618530273,14.0,14.199999809265137
2008-06-09,1107900,14.899999618530273,14.4399995803833,15.109999656677246,14.109999656677246,14.4399995803833
2008-06-06,2089600,14.850000381469727,14.180000305175781,15.100000381469727,14.100000381469727,14.180000305175781
2008-06-05,1186500,13.239999771118164,13.550000190734863,13.760000228881836,12.399999618530273,13.550000190734863
2008-06-04,1329500,12.680000305175781,12.770000457763672,13.5,12.479999542236328,12.770000457763672
2008-06-03,1257900,11.5,12.649999618530273,12.649999618530273,11.319999694824219,12.649999618530273
2008-06-02,769700,11.5,11.430000305175781,12.050000190734863,11.020000457763672,11.430000305175781
2008-05-30,608800,10.399999618530273,11.600000381469727,11.75,10.399999618530273,11.600000381469727
2008-05-29,345800,10.199999809265137,10.5,10.850000381469727,10.149999618530273,10.5
2008-05-28,265700,10.25,10.199999809265137,10.460000038146973,10.119999885559082,10.199999809265137
2008-05-27,226300,10.489999771118164,10.069999694824219,11.0,9.960000038146973,10.069999694824219
2008-05-23,467800,10.010000228881836,10.289999961853027,10.510000228881836,8.880000114440918,10.289999961853027
2008-05-22,504500,11.59000015258789,10.630000114440918,11.84000015258789,10.380000114440918,10.630000114440918
2008-05-21,710300,11.600000381469727,11.399999618530273,11.789999961853027,11.0600004196167,11.399999618530273
2008-05-20,1076700,10.800000190734863,11.390000343322754,11.649999618530273,10.470000267028809,11.390000343322754
2008-05-19,345900,10.800000190734863,10.470000267028809,10.970000267028809,10.40999984741211,10.470000267028809
2008-05-16,312200,11.0,10.770000457763672,11.199999809265137,10.5,10.770000457763672
2008-05-15,547000,10.329999923706055,10.699999809265137,11.0,10.140000343322754,10.699999809265137
2008-05-14,147600,10.25,10.140000343322754,10.460000038146973,10.050000190734863,10.140000343322754
2008-05-13,144600,10.260000228881836,10.220000267028809,10.380000114440918,9.899999618530273,10.220000267028809
2008-05-12,241300,10.729999542236328,10.279999732971191,10.729999542236328,9.899999618530273,10.279999732971191
2008-05-09,236100,10.630000114440918,10.3100004196167,10.800000190734863,10.25,10.3100004196167
2008-05-08,168900,10.829999923706055,10.399999618530273,10.829999923706055,10.25,10.399999618530273
2008-05-07,247800,10.890000343322754,10.600000381469727,10.890000343322754,10.25,10.600000381469727
2008-05-06,717000,10.100000381469727,10.739999771118164,10.890000343322754,10.100000381469727,10.739999771118164
2008-05-05,540900,9.6899995803833,10.109999656677246,10.180000305175781,9.649999618530273,10.109999656677246
2008-05-02,94700,9.600000381469727,9.649999618530273,9.6899995803833,9.40999984741211,9.649999618530273
2008-05-01,107900,9.649999618530273,9.59000015258789,9.75,9.300000190734863,9.59000015258789
2008-04-30,149600,9.510000228881836,9.630000114440918,9.75,9.359999656677246,9.630000114440918
2008-04-29,174500,9.819999694824219,9.600000381469727,9.829999923706055,9.359999656677246,9.600000381469727
2008-04-28,422800,9.479999542236328,9.6899995803833,9.989999771118164,9.25,9.6899995803833
2008-04-25,167100,9.020000457763672,9.25,9.539999961853027,9.0,9.25
2008-04-24,279700,9.899999618530273,9.279999732971191,10.09000015258789,9.109999656677246,9.279999732971191
2008-04-23,176200,10.0,9.8100004196167,10.100000381469727,9.5,9.8100004196167
2008-04-22,380000,9.949999809265137,10.020000457763672,10.140000343322754,8.800000190734863,10.020000457763672
2008-04-21,194300,10.09000015258789,10.100000381469727,10.149999618530273,9.899999618530273,10.100000381469727
2008-04-18,215200,10.220000267028809,10.010000228881836,10.350000381469727,9.850000381469727,10.010000228881836
2008-04-17,297500,10.1899995803833,10.180000305175781,10.239999771118164,10.010000228881836,10.180000305175781
2008-04-16,535800,10.270000457763672,10.100000381469727,10.609999656677246,9.960000038146973,10.100000381469727
2008-04-15,783400,10.149999618530273,9.899999618530273,10.1899995803833,9.40999984741211,9.899999618530273
2008-04-14,1052900,9.470000267028809,9.90999984741211,10.289999961853027,9.1899995803833,9.90999984741211
2008-04-11,428000,8.899999618530273,9.020000457763672,9.25,8.359999656677246,9.020000457763672
2008-04-10,758000,9.289999961853027,8.6899995803833,9.739999771118164,8.420000076293945,8.6899995803833
2008-04-09,833500,8.579999923706055,9.100000381469727,9.100000381469727,8.359999656677246,9.100000381469727
2008-04-08,660300,7.769999980926514,8.180000305175781,8.25,7.699999809265137,8.180000305175781
2008-04-07,530300,7.179999828338623,7.71999979019165,7.820000171661377,7.170000076293945,7.71999979019165
2008-04-04,192100,7.050000190734863,7.170000076293945,7.21999979019165,7.039999961853027,7.170000076293945
2008-04-03,145200,7.0,7.050000190734863,7.050000190734863,6.949999809265137,7.050000190734863
2008-04-02,139100,7.050000190734863,7.039999961853027,7.050000190734863,7.0,7.039999961853027
2008-04-01,203200,7.050000190734863,7.03000020980835,7.150000095367432,7.0,7.03000020980835
2008-03-31,88200,7.090000152587891,7.090000152587891,7.139999866485596,7.0,7.090000152587891
2008-03-28,206500,7.110000133514404,7.050000190734863,7.110000133514404,6.989999771118164,7.050000190734863
2008-03-27,134200,7.130000114440918,7.050000190734863,7.130000114440918,7.019999980926514,7.050000190734863
2008-03-26,389000,7.0,7.090000152587891,7.090000152587891,6.949999809265137,7.090000152587891
2008-03-25,62700,7.050000190734863,7.0,7.050000190734863,6.949999809265137,7.0
2008-03-24,42000,7.099999904632568,7.050000190734863,7.099999904632568,7.0,7.050000190734863
2008-03-20,16700,7.150000095367432,7.050000190734863,7.150000095367432,6.849999904632568,7.050000190734863
2008-03-19,108000,7.25,7.050000190734863,7.300000190734863,7.050000190734863,7.050000190734863
2008-03-18,30900,7.0,7.25,7.25,7.0,7.25
2008-03-17,32800,7.0,7.0,7.0,6.849999904632568,7.0
2008-03-14,27900,7.050000190734863,7.0,7.050000190734863,6.949999809265137,7.0
2008-03-13,47100,7.199999809265137,7.050000190734863,7.199999809265137,6.949999809265137,7.050000190734863
2008-03-12,39500,7.0,7.199999809265137,7.199999809265137,7.0,7.199999809265137
2008-03-11,103600,6.75,7.099999904632568,7.199999809265137,6.599999904632568,7.099999904632568
2008-03-10,43400,6.5,6.75,6.75,6.449999809265137,6.75
2008-03-07,17800,6.650000095367432,6.650000095367432,6.650000095367432,6.5,6.650000095367432
2008-03-06,68900,6.420000076293945,6.650000095367432,6.650000095367432,6.420000076293945,6.650000095367432
2008-03-05,111100,6.5,6.400000095367432,6.519999980926514,6.400000095367432,6.400000095367432
2008-03-04,44000,7.0,6.599999904632568,7.0,6.5,6.599999904632568
2008-03-03,93600,6.75,6.949999809265137,7.050000190734863,6.5,6.949999809265137
2008-02-29,196800,6.550000190734863,6.75,6.75,6.5,6.75
2008-02-28,1158100,6.099999904632568,6.5,6.550000190734863,6.03000020980835,6.5
2008-02-27,57800,5.75,6.079999923706055,6.119999885559082,5.650000095367432,6.079999923706055
2008-02-26,47400,6.0,5.800000190734863,6.0,5.75,5.800000190734863
2008-02-25,94300,6.0,6.0,6.0,5.900000095367432,6.0
2008-02-22,23800,6.050000190734863,6.0,6.050000190734863,5.949999809265137,6.0
2008-02-21,67900,6.0,6.0,6.050000190734863,5.96999979019165,6.0
2008-02-20,45700,5.900000095367432,6.0,6.050000190734863,5.75,6.0
2008-02-19,89000,6.099999904632568,6.0,6.150000095367432,5.949999809265137,6.0
2008-02-15,126300,6.210000038146973,6.150000095367432,6.210000038146973,6.010000228881836,6.150000095367432
2008-02-14,221800,6.199999809265137,6.21999979019165,6.239999771118164,6.179999828338623,6.21999979019165
2008-02-13,20900,6.300000190734863,6.269999980926514,6.300000190734863,6.239999771118164,6.269999980926514
2008-02-12,117800,6.110000133514404,6.300000190734863,6.300000190734863,6.0,6.300000190734863
2008-02-11,231000,6.199999809265137,6.199999809265137,6.260000228881836,6.050000190734863,6.199999809265137
2008-02-08,30100,6.150000095367432,6.150000095367432,6.199999809265137,6.050000190734863,6.150000095367432
2008-02-07,10900,6.019999980926514,6.150000095367432,6.239999771118164,6.0,6.150000095367432
2008-02-06,42800,6.0,6.019999980926514,6.099999904632568,5.980000019073486,6.019999980926514
2008-02-05,5800,6.050000190734863,6.0,6.050000190734863,6.0,6.0
2008-02-04,41200,6.25,6.050000190734863,6.349999904632568,6.050000190734863,6.050000190734863
2008-02-01,22500,6.25,6.289999961853027,6.300000190734863,6.25,6.289999961853027
2008-01-31,28600,6.199999809265137,6.269999980926514,6.269999980926514,6.139999866485596,6.269999980926514
2008-01-30,13600,6.199999809265137,6.199999809265137,6.25,6.150000095367432,6.199999809265137
2008-01-29,394800,6.199999809265137,6.25,6.349999904632568,6.0,6.25
2008-01-28,93600,6.099999904632568,6.300000190734863,6.300000190734863,6.099999904632568,6.300000190734863
2008-01-25,212600,6.099999904632568,6.099999904632568,6.150000095367432,5.75,6.099999904632568
2008-01-24,35200,6.099999904632568,6.099999904632568,6.099999904632568,5.75,6.099999904632568
2008-01-23,47700,5.75,6.099999904632568,6.130000114440918,5.75,6.099999904632568
2008-01-22,23800,6.050000190734863,6.099999904632568,6.099999904632568,5.800000190734863,6.099999904632568
2008-01-18,768100,6.75,6.5,6.75,6.5,6.5
2008-01-17,36900,6.849999904632568,6.75,6.849999904632568,6.71999979019165,6.75
2008-01-16,99800,6.900000095367432,6.849999904632568,6.900000095367432,6.550000190734863,6.849999904632568
2008-01-15,63800,6.860000133514404,6.880000114440918,6.980000019073486,6.599999904632568,6.880000114440918
2008-01-14,31800,6.900000095367432,6.860000133514404,6.900000095367432,6.5,6.860000133514404
2008-01-11,22600,6.699999809265137,6.800000190734863,6.800000190734863,6.699999809265137,6.800000190734863
2008-01-10,115400,7.0,6.800000190734863,7.050000190734863,6.710000038146973,6.800000190734863
2008-01-09,46100,7.0,7.0,7.019999980926514,6.900000095367432,7.0
2008-01-08,38500,6.75,6.900000095367432,6.900000095367432,6.550000190734863,6.900000095367432
2008-01-07,7300,6.75,6.699999809265137,6.849999904632568,6.510000228881836,6.699999809265137
2008-01-04,16500,6.800000190734863,6.75,6.849999904632568,6.599999904632568,6.75
2008-01-03,10200,6.710000038146973,6.800000190734863,6.849999904632568,6.550000190734863,6.800000190734863
2008-01-02,23400,6.5,6.800000190734863,6.949999809265137,6.300000190734863,6.800000190734863
2007-12-31,35300,6.099999904632568,6.949999809265137,6.949999809265137,6.099999904632568,6.949999809265137
2007-12-28,126000,6.5,6.550000190734863,6.579999923706055,6.0,6.550000190734863
2007-12-27,59100,6.650000095367432,6.5,6.650000095367432,6.099999904632568,6.5
2007-12-26,30700,6.900000095367432,6.650000095367432,6.900000095367432,6.5,6.650000095367432
2007-12-24,10500,6.949999809265137,6.900000095367432,6.949999809265137,6.5,6.900000095367432
2007-12-21,76500,6.949999809265137,6.949999809265137,7.0,6.610000133514404,6.949999809265137
2007-12-20,23600,6.949999809265137,6.949999809265137,7.0,6.800000190734863,6.949999809265137
2007-12-19,50600,6.5,7.0,7.199999809265137,6.5,7.0
2007-12-18,12000,7.0,6.510000228881836,7.0,6.510000228881836,6.510000228881836
2007-12-17,12100,6.699999809265137,7.0,7.199999809265137,6.400000095367432,7.0
2007-12-14,39100,7.400000095367432,7.199999809265137,7.550000190734863,6.5,7.199999809265137
2007-12-13,127000,7.75,7.400000095367432,7.75,7.300000190734863,7.400000095367432
2007-12-12,39700,7.800000190734863,7.75,7.800000190734863,7.5,7.75
2007-12-11,53200,7.900000095367432,7.800000190734863,7.909999847412109,7.5,7.800000190734863
2007-12-10,127700,8.350000381469727,7.900000095367432,8.449999809265137,7.550000190734863,7.900000095367432
2007-12-07,132000,6.800000190734863,7.800000190734863,7.900000095367432,6.699999809265137,7.800000190734863
2007-12-06,267800,6.75,6.75,6.849999904632568,6.670000076293945,6.75
2007-12-05,86600,6.440000057220459,6.599999904632568,6.690000057220459,6.300000190734863,6.599999904632568
2007-12-04,43800,6.400000095367432,6.289999961853027,6.5,6.099999904632568,6.289999961853027
2007-12-03,2800,6.449999809265137,6.400000095367432,6.449999809265137,6.349999904632568,6.400000095367432
2007-11-30,120000,6.5,6.389999866485596,6.5,6.0,6.389999866485596
2007-11-29,333200,5.699999809265137,6.099999904632568,6.949999809265137,5.699999809265137,6.099999904632568
2007-11-28,36200,5.400000095367432,5.980000019073486,6.0,5.400000095367432,5.980000019073486
2007-11-27,25900,5.400000095367432,5.400000095367432,5.5,5.400000095367432,5.400000095367432
2007-11-26,15500,5.429999828338623,5.400000095367432,5.449999809265137,5.349999904632568,5.400000095367432
2007-11-23,3000,5.400000095367432,5.400000095367432,5.400000095367432,5.400000095367432,5.400000095367432
2007-11-21,13000,5.300000190734863,5.349999904632568,5.349999904632568,5.300000190734863,5.349999904632568
2007-11-20,14100,5.400000095367432,5.349999904632568,5.400000095367432,5.349999904632568,5.349999904632568
2007-11-19,112000,5.369999885559082,5.400000095367432,5.400000095367432,5.25,5.400000095367432
2007-11-16,100,5.400000095367432,5.400000095367432,5.400000095367432,5.400000095367432,5.400000095367432
2007-11-15,7600,5.300000190734863,5.400000095367432,5.400000095367432,5.199999809265137,5.400000095367432
2007-11-14,10600,5.449999809265137,5.400000095367432,5.449999809265137,5.25,5.400000095367432
2007-11-13,72000,5.489999771118164,5.5,5.5,5.170000076293945,5.5
2007-11-12,7800,5.400000095367432,5.5,5.5,5.400000095367432,5.5
2007-11-09,26900,5.300000190734863,5.480000019073486,5.480000019073486,5.300000190734863,5.480000019073486
2007-11-08,19400,5.099999904632568,5.5,5.550000190734863,5.050000190734863,5.5
2007-11-07,126400,5.75,5.449999809265137,5.75,5.400000095367432,5.449999809265137
2007-11-06,130100,5.75,5.75,5.849999904632568,5.400000095367432,5.75
2007-11-05,8500,5.599999904632568,5.699999809265137,5.75,5.510000228881836,5.699999809265137
2007-11-02,13400,5.400000095367432,5.599999904632568,5.599999904632568,5.400000095367432,5.599999904632568
2007-11-01,31700,5.400000095367432,5.5,5.599999904632568,5.400000095367432,5.5
2007-10-31,17900,5.599999904632568,5.53000020980835,5.599999904632568,5.400000095367432,5.53000020980835
2007-10-30,45000,5.599999904632568,5.599999904632568,5.789999961853027,5.5,5.599999904632568
2007-10-29,16900,5.25,5.5,5.5,5.25,5.5
2007-10-26,18000,4.900000095367432,5.25,5.380000114440918,4.900000095367432,5.25
2007-10-25,23500,5.050000190734863,5.150000095367432,5.150000095367432,5.050000190734863,5.150000095367432
2007-10-24,1500,4.900000095367432,5.199999809265137,5.199999809265137,4.900000095367432,5.199999809265137
2007-10-23,4300,4.949999809265137,5.199999809265137,5.199999809265137,4.949999809265137,5.199999809265137
2007-10-22,1300,5.0,5.0,5.0,5.0,5.0
2007-10-19,100,5.199999809265137,5.199999809265137,5.199999809265137,5.199999809265137,5.199999809265137
2007-10-18,502700,5.0,4.949999809265137,5.0,4.570000171661377,4.949999809265137
2007-10-17,19000,5.300000190734863,4.920000076293945,5.300000190734863,4.920000076293945,4.920000076293945
2007-10-16,80200,4.860000133514404,5.099999904632568,5.099999904632568,4.860000133514404,5.099999904632568
2007-10-15,10000,5.0,5.0,5.0,4.849999904632568,5.0
2007-10-12,2500,4.849999904632568,5.0,5.0,4.849999904632568,5.0
2007-10-11,0,5.0,5.0,5.0,5.0,5.0
2007-10-10,1200,5.0,5.0,5.0,5.0,5.0
2007-10-09,9200,4.800000190734863,5.0,5.050000190734863,4.400000095367432,5.0
2007-10-08,6100,5.119999885559082,5.0,5.130000114440918,4.75,5.0
2007-10-05,15000,5.25,5.119999885559082,5.25,5.099999904632568,5.119999885559082
2007-10-04,30400,5.150000095367432,5.25,5.599999904632568,5.130000114440918,5.25
2007-10-03,3300,5.099999904632568,5.099999904632568,5.099999904632568,5.050000190734863,5.099999904632568
2007-10-02,7100,5.0,5.199999809265137,5.199999809265137,4.5,5.199999809265137
2007-10-01,2200,5.050000190734863,5.0,5.050000190734863,4.800000190734863,5.0
2007-09-28,11600,4.800000190734863,4.949999809265137,4.949999809265137,4.800000190734863,4.949999809265137
2007-09-27,4300,4.949999809265137,4.800000190734863,4.949999809265137,4.800000190734863,4.800000190734863
2007-09-26,0,4.949999809265137,4.949999809265137,4.949999809265137,4.949999809265137,4.949999809265137
2007-09-25,0,4.949999809265137,4.949999809265137,4.949999809265137,4.949999809265137,4.949999809265137
2007-09-24,3800,4.849999904632568,4.949999809265137,4.949999809265137,4.699999809265137,4.949999809265137
2007-09-21,305600,4.949999809265137,5.019999980926514,5.050000190734863,4.269999980926514,5.019999980926514
2007-09-20,11600,4.800000190734863,4.949999809265137,5.050000190734863,4.800000190734863,4.949999809265137
2007-09-19,900,4.800000190734863,4.949999809265137,5.050000190734863,4.800000190734863,4.949999809265137
2007-09-18,1000,5.0,4.949999809265137,5.0,4.949999809265137,4.949999809265137
2007-09-17,0,5.050000190734863,5.050000190734863,5.050000190734863,5.050000190734863,5.050000190734863
2007-09-14,500,5.050000190734863,5.050000190734863,5.050000190734863,5.050000190734863,5.050000190734863
2007-09-13,400,5.0,5.0,5.0,5.0,5.0
2007-09-12,4000,5.199999809265137,5.0,5.199999809265137,5.0,5.0
2007-09-11,7900,4.800000190734863,5.199999809265137,5.199999809265137,4.599999904632568,5.199999809265137
2007-09-10,1000,4.5,4.5,4.5,4.5,4.5
2007-09-07,0,5.199999809265137,5.199999809265137,5.199999809265137,5.199999809265137,5.199999809265137
2007-09-06,0,5.199999809265137,5.199999809265137,5.199999809265137,5.199999809265137,5.199999809265137
2007-09-05,0,5.199999809265137,5.199999809265137,5.199999809265137,5.199999809265137,5.199999809265137
2007-09-04,2200,4.699999809265137,5.199999809265137,5.199999809265137,4.699999809265137,5.199999809265137
2007-08-31,0,5.199999809265137,5.199999809265137,5.199999809265137,5.199999809265137,5.199999809265137
2007-08-30,4700,4.699999809265137,5.199999809265137,5.199999809265137,4.699999809265137,5.199999809265137
2007-08-29,0,5.300000190734863,5.300000190734863,5.300000190734863,5.300000190734863,5.300000190734863
2007-08-28,0,5.300000190734863,5.300000190734863,5.300000190734863,5.300000190734863,5.300000190734863
2007-08-27,0,5.300000190734863,5.300000190734863,5.300000190734863,5.300000190734863,5.300000190734863
2007-08-24,200,5.300000190734863,5.300000190734863,5.300000190734863,5.300000190734863,5.300000190734863
2007-08-23,0,5.5,5.5,5.5,5.5,5.5
2007-08-22,0,5.5,5.5,5.5,5.5,5.5
2007-08-21,3000,5.25,5.5,5.5,5.25,5.5
2007-08-20,1100,5.050000190734863,5.5,5.5,5.050000190734863,5.5
2007-08-17,16800,5.0,5.5,6.5,5.0,5.5
2007-08-16,0,5.0,5.0,5.0,5.0,5.0
2007-08-15,0,5.0,5.0,5.0,5.0,5.0
2007-08-14,13700,4.949999809265137,5.0,5.25,4.949999809265137,5.0
2007-08-13,900,4.849999904632568,4.75,4.849999904632568,4.75,4.75
2007-08-10,1900,4.599999904632568,4.900000095367432,4.989999771118164,4.300000190734863,4.900000095367432
2007-08-09,200,4.300000190734863,5.25,5.25,4.300000190734863,5.25
2007-08-08,1500,5.099999904632568,5.25,5.25,5.099999904632568,5.25
2007-08-07,0,5.25,5.25,5.25,5.25,5.25
2007-08-06,0,5.25,5.25,5.25,5.25,5.25
2007-08-03,300,5.25,5.25,5.25,5.25,5.25
2007-08-02,0,5.25,5.25,5.25,5.25,5.25
2007-08-01,200,5.25,5.25,5.25,5.25,5.25
2007-07-31,700,5.0,5.0,5.0,5.0,5.0
2007-07-30,2500,5.099999904632568,5.0,5.099999904632568,5.0,5.0
2007-07-27,0,5.400000095367432,5.400000095367432,5.400000095367432,5.400000095367432,5.400000095367432
2007-07-26,0,5.400000095367432,5.400000095367432,5.400000095367432,5.400000095367432,5.400000095367432
2007-07-25,0,5.400000095367432,5.400000095367432,5.400000095367432,5.400000095367432,5.400000095367432
2007-07-24,2000,5.400000095367432,5.400000095367432,5.5,5.400000095367432,5.400000095367432
2007-07-23,2100,5.25,5.300000190734863,5.300000190734863,5.25,5.300000190734863
2007-07-20,7200,5.0,5.0,5.0,4.5,5.0
2007-07-19,2400,6.0,5.25,6.0,5.25,5.25
2007-07-18,600,5.5,5.5,5.5,5.5,5.5
2007-07-17,0,5.650000095367432,5.650000095367432,5.650000095367432,5.650000095367432,5.650000095367432
2007-07-16,500,5.650000095367432,5.650000095367432,5.650000095367432,5.650000095367432,5.650000095367432
2007-07-13,0,5.5,5.5,5.5,5.5,5.5
2007-07-12,1000,5.5,5.5,5.5,5.5,5.5
2007-07-11,0,6.0,6.0,6.0,6.0,6.0
2007-07-10,4500,5.699999809265137,6.0,6.0,5.599999904632568,6.0
2007-07-09,10700,5.199999809265137,5.75,5.75,4.400000095367432,5.75
2007-07-06,4900,5.5,5.599999904632568,5.599999904632568,5.5,5.599999904632568
2007-07-05,0,5.5,5.5,5.5,5.5,5.5
2007-07-03,900,4.949999809265137,5.5,5.5,4.949999809265137,5.5
2007-07-02,3600,5.400000095367432,5.400000095367432,5.400000095367432,5.349999904632568,5.400000095367432
2007-06-29,2000,5.25,5.25,5.25,5.25,5.25
2007-06-28,3600,5.099999904632568,5.25,5.25,5.099999904632568,5.25
2007-06-27,19000,4.400000095367432,5.199999809265137,5.25,4.400000095367432,5.199999809265137
2007-06-26,2600,4.300000190734863,4.300000190734863,4.650000095367432,4.199999809265137,4.300000190734863
2007-06-25,4400,5.0,5.0,5.400000095367432,5.0,5.0
2007-06-22,5800,4.599999904632568,5.5,5.5,4.550000190734863,5.5
2007-06-21,2600,4.599999904632568,4.550000190734863,4.599999904632568,4.550000190734863,4.550000190734863
2007-06-20,5300,4.5,4.5,4.5,4.300000190734863,4.5
2007-06-19,2000,4.349999904632568,4.349999904632568,4.349999904632568,4.349999904632568,4.349999904632568
2007-06-18,600,4.0,4.349999904632568,4.349999904632568,4.0,4.349999904632568
2007-06-15,1400,4.349999904632568,4.099999904632568,4.349999904632568,4.099999904632568,4.099999904632568
2007-06-14,3300,4.349999904632568,4.349999904632568,4.349999904632568,4.349999904632568,4.349999904632568
2007-06-13,0,4.349999904632568,4.349999904632568,4.349999904632568,4.349999904632568,4.349999904632568
2007-06-12,1000,4.099999904632568,4.349999904632568,4.349999904632568,4.099999904632568,4.349999904632568
2007-06-11,300,4.300000190734863,4.300000190734863,4.300000190734863,4.300000190734863,4.300000190734863
2007-06-08,3500,4.400000095367432,4.300000190734863,4.400000095367432,4.199999809265137,4.300000190734863
2007-06-07,2200,4.400000095367432,4.300000190734863,4.400000095367432,4.0,4.300000190734863
2007-06-06,5300,4.400000095367432,4.400000095367432,4.400000095367432,4.349999904632568,4.400000095367432
2007-06-05,3500,4.25,4.0,4.25,4.0,4.0
2007-06-04,3400,4.25,4.300000190734863,4.300000190734863,4.150000095367432,4.300000190734863
2007-06-01,1300,4.25,4.25,4.25,4.25,4.25
2007-05-31,1000,4.300000190734863,4.300000190734863,4.300000190734863,4.300000190734863,4.300000190734863
2007-05-30,1000,4.300000190734863,4.150000095367432,4.300000190734863,4.150000095367432,4.150000095367432
2007-05-29,0,4.400000095367432,4.400000095367432,4.400000095367432,4.400000095367432,4.400000095367432
2007-05-25,1000,4.400000095367432,4.400000095367432,4.400000095367432,4.400000095367432,4.400000095367432
2007-05-24,1600,4.199999809265137,4.400000095367432,4.400000095367432,4.099999904632568,4.400000095367432
2007-05-23,200,4.400000095367432,4.400000095367432,4.400000095367432,4.400000095367432,4.400000095367432
2007-05-22,4000,4.400000095367432,4.400000095367432,4.5,4.400000095367432,4.400000095367432
2007-05-21,2100,4.300000190734863,4.5,4.5,4.300000190734863,4.5
2007-05-18,2000,4.800000190734863,4.75,4.800000190734863,4.75,4.75
2007-05-17,0,4.900000095367432,4.900000095367432,4.900000095367432,4.900000095367432,4.900000095367432
2007-05-16,0,4.900000095367432,4.900000095367432,4.900000095367432,4.900000095367432,4.900000095367432
2007-05-15,0,4.900000095367432,4.900000095367432,4.900000095367432,4.900000095367432,4.900000095367432
2007-05-14,500,4.900000095367432,4.900000095367432,4.900000095367432,4.900000095367432,4.900000095367432
2007-05-11,500,4.900000095367432,4.900000095367432,4.900000095367432,4.900000095367432,4.900000095367432
2007-05-10,500,4.900000095367432,4.900000095367432,4.900000095367432,4.900000095367432,4.900000095367432
2007-05-09,0,4.800000190734863,4.800000190734863,4.800000190734863,4.800000190734863,4.800000190734863
2007-05-08,0,4.800000190734863,4.800000190734863,4.800000190734863,4.800000190734863,4.800000190734863
2007-05-07,6900,4.5,4.800000190734863,4.800000190734863,4.0,4.800000190734863
2007-05-04,3100,5.0,4.5,5.0,4.099999904632568,4.5
2007-05-03,5600,4.0,4.75,5.0,4.0,4.75
2007-05-02,2000,3.75,4.0,4.0,3.75,4.0
2007-05-01,0,3.4000000953674316,3.4000000953674316,3.4000000953674316,3.4000000953674316,3.4000000953674316
2007-04-30,0,3.4000000953674316,3.4000000953674316,3.4000000953674316,3.4000000953674316,3.4000000953674316
2007-04-27,2400,3.4000000953674316,3.4000000953674316,3.4000000953674316,3.4000000953674316,3.4000000953674316
2007-04-26,0,3.4000000953674316,3.4000000953674316,3.4000000953674316,3.4000000953674316,3.4000000953674316
2007-04-25,2000,3.4000000953674316,3.4000000953674316,3.4000000953674316,3.4000000953674316,3.4000000953674316
2007-04-24,0,4.0,4.0,4.0,4.0,4.0
2007-04-23,0,4.0,4.0,4.0,4.0,4.0
2007-04-20,0,4.0,4.0,4.0,4.0,4.0
2007-04-19,0,4.0,4.0,4.0,4.0,4.0
2007-04-18,0,4.0,4.0,4.0,4.0,4.0
2007-04-17,0,4.0,4.0,4.0,4.0,4.0
2007-04-16,0,4.0,4.0,4.0,4.0,4.0
2007-04-13,400,4.0,4.0,4.0,4.0,4.0
