date,volume,open,close,high,low,adjclose
2019-04-18,558300,35.45000076293945,36.09000015258789,36.279998779296875,34.5099983215332,36.09000015258789
2019-04-17,951200,37.90999984741211,35.41999816894531,38.06999969482422,35.290000915527344,35.41999816894531
2019-04-16,443800,38.66999816894531,37.86000061035156,38.66999816894531,37.58000183105469,37.86000061035156
2019-04-15,571800,37.459999084472656,38.349998474121094,38.40999984741211,37.04999923706055,38.349998474121094
2019-04-12,446700,38.790000915527344,37.43000030517578,38.939998626708984,37.150001525878906,37.43000030517578
2019-04-11,800500,39.470001220703125,38.599998474121094,40.31999969482422,38.0099983215332,38.599998474121094
2019-04-10,343000,37.900001525878906,38.65999984741211,39.20500183105469,37.869998931884766,38.65999984741211
2019-04-09,830100,36.869998931884766,37.70000076293945,38.29999923706055,36.58000183105469,37.70000076293945
2019-04-08,492900,38.02000045776367,36.880001068115234,38.025001525878906,36.81999969482422,36.880001068115234
2019-04-05,405100,37.63999938964844,38.150001525878906,38.29999923706055,37.310001373291016,38.150001525878906
2019-04-04,542400,38.02000045776367,37.4900016784668,38.02000045776367,36.779998779296875,37.4900016784668
2019-04-03,554300,38.58000183105469,38.040000915527344,38.689998626708984,37.41999816894531,38.040000915527344
2019-04-02,357000,37.9900016784668,38.290000915527344,38.81999969482422,37.75,38.290000915527344
2019-04-01,478500,37.95000076293945,38.04999923706055,38.2400016784668,37.310001373291016,38.04999923706055
2019-03-29,481700,36.869998931884766,37.63999938964844,37.959999084472656,36.470001220703125,37.63999938964844
2019-03-28,348100,36.279998779296875,36.58000183105469,37.13999938964844,35.66999816894531,36.58000183105469
2019-03-27,579200,36.88999938964844,36.279998779296875,37.04999923706055,35.54999923706055,36.279998779296875
2019-03-26,512200,37.79999923706055,36.900001525878906,37.90999984741211,36.41999816894531,36.900001525878906
2019-03-25,456900,37.75,37.529998779296875,38.20000076293945,37.029998779296875,37.529998779296875
2019-03-22,612300,39.130001068115234,37.709999084472656,39.66999816894531,37.63999938964844,37.709999084472656
2019-03-21,714500,37.349998474121094,39.4900016784668,39.630001068115234,37.20000076293945,39.4900016784668
2019-03-20,616100,37.5099983215332,37.77000045776367,38.18000030517578,36.81999969482422,37.77000045776367
2019-03-19,608600,36.970001220703125,37.40999984741211,37.47999954223633,36.209999084472656,37.40999984741211
2019-03-18,888500,36.060001373291016,36.939998626708984,38.029998779296875,35.75,36.939998626708984
2019-03-15,1799300,35.5099983215332,36.150001525878906,36.470001220703125,35.34000015258789,36.150001525878906
2019-03-14,512300,35.04999923706055,35.22999954223633,35.65999984741211,34.84000015258789,35.22999954223633
2019-03-13,477000,34.900001525878906,35.04999923706055,35.13999938964844,34.09000015258789,35.04999923706055
2019-03-12,546300,34.81999969482422,34.720001220703125,35.31999969482422,34.31999969482422,34.720001220703125
2019-03-11,565800,33.619998931884766,34.81999969482422,34.84000015258789,32.959999084472656,34.81999969482422
2019-03-08,487300,33.43000030517578,33.58000183105469,33.68000030517578,32.849998474121094,33.58000183105469
2019-03-07,579000,33.970001220703125,33.41999816894531,33.970001220703125,33.0,33.41999816894531
2019-03-06,801400,34.599998474121094,33.86000061035156,35.2400016784668,33.86000061035156,33.86000061035156
2019-03-05,767000,34.650001525878906,34.9900016784668,35.869998931884766,33.7400016784668,34.9900016784668
2019-03-04,1100700,35.650001525878906,34.650001525878906,36.244998931884766,34.040000915527344,34.650001525878906
2019-03-01,1141000,33.029998779296875,35.560001373291016,35.619998931884766,32.099998474121094,35.560001373291016
2019-02-28,808300,35.34000015258789,34.540000915527344,35.40999984741211,33.900001525878906,34.540000915527344
2019-02-27,718300,34.150001525878906,35.22999954223633,35.40999984741211,34.150001525878906,35.22999954223633
2019-02-26,674900,33.52000045776367,34.209999084472656,34.27000045776367,32.904998779296875,34.209999084472656
2019-02-25,1120200,33.34000015258789,33.77000045776367,34.79999923706055,33.06999969482422,33.77000045776367
2019-02-22,1125100,31.639999389648438,32.939998626708984,33.2599983215332,31.049999237060547,32.939998626708984
2019-02-21,1056500,30.950000762939453,31.3700008392334,31.540000915527344,30.15999984741211,31.3700008392334
2019-02-20,1930400,29.790000915527344,31.1299991607666,31.329999923706055,29.600000381469727,31.1299991607666
2019-02-19,785000,29.690000534057617,29.780000686645508,30.540000915527344,29.639999389648438,29.780000686645508
2019-02-15,805100,29.200000762939453,29.68000030517578,29.739999771118164,29.059999465942383,29.68000030517578
2019-02-14,481600,29.670000076293945,29.049999237060547,29.829999923706055,28.969999313354492,29.049999237060547
2019-02-13,624900,30.729999542236328,29.700000762939453,31.010000228881836,29.610000610351562,29.700000762939453
2019-02-12,802500,30.1200008392334,30.40999984741211,30.979999542236328,29.920000076293945,30.40999984741211
2019-02-11,306500,29.889999389648438,29.889999389648438,30.270000457763672,29.639999389648438,29.889999389648438
2019-02-08,581400,29.5,29.719999313354492,30.09000015258789,29.459999084472656,29.719999313354492
2019-02-07,766900,29.770000457763672,29.530000686645508,30.5049991607666,29.149999618530273,29.530000686645508
2019-02-06,530000,30.5,30.09000015258789,30.850000381469727,30.0,30.09000015258789
2019-02-05,852200,30.84000015258789,30.5,31.600000381469727,30.31999969482422,30.5
2019-02-04,465800,30.850000381469727,30.709999084472656,31.3700008392334,30.579999923706055,30.709999084472656
2019-02-01,1127300,31.1299991607666,30.920000076293945,31.65999984741211,30.6200008392334,30.920000076293945
2019-01-31,1256900,29.670000076293945,31.1299991607666,31.709999084472656,29.59000015258789,31.1299991607666
2019-01-30,1294600,28.84000015258789,29.90999984741211,30.030000686645508,28.719999313354492,29.90999984741211
2019-01-29,586000,28.270000457763672,28.149999618530273,28.389999389648438,27.549999237060547,28.149999618530273
2019-01-28,1465800,28.860000610351562,28.09000015258789,29.280000686645508,27.530000686645508,28.09000015258789
2019-01-25,1507200,29.75,29.420000076293945,29.860000610351562,28.795000076293945,29.420000076293945
2019-01-24,982800,29.899999618530273,29.450000762939453,29.899999618530273,29.280000686645508,29.450000762939453
2019-01-23,5265600,30.219999313354492,29.639999389648438,30.350000381469727,29.149999618530273,29.639999389648438
2019-01-22,739500,34.06999969482422,33.02000045776367,34.06999969482422,32.83000183105469,33.02000045776367
2019-01-18,546400,34.75,34.439998626708984,35.0,33.810001373291016,34.439998626708984
2019-01-17,430300,34.619998931884766,34.61000061035156,35.18000030517578,34.29999923706055,34.61000061035156
2019-01-16,488000,35.02000045776367,34.869998931884766,36.0,34.72999954223633,34.869998931884766
2019-01-15,448300,34.9900016784668,34.95000076293945,35.244998931884766,34.45000076293945,34.95000076293945
2019-01-14,593200,35.47999954223633,34.81999969482422,35.81999969482422,34.689998626708984,34.81999969482422
2019-01-11,462000,37.77000045776367,35.70000076293945,37.77000045776367,35.58000183105469,35.70000076293945
2019-01-10,820900,37.43000030517578,37.959999084472656,38.61000061035156,36.400001525878906,37.959999084472656
2019-01-09,922800,36.38999938964844,37.5099983215332,38.97999954223633,35.2400016784668,37.5099983215332
2019-01-08,1151300,35.83000183105469,36.38999938964844,36.61000061035156,34.04999923706055,36.38999938964844
2019-01-07,1241500,34.810001373291016,35.66999816894531,36.0099983215332,33.90999984741211,35.66999816894531
2019-01-04,985100,33.79999923706055,35.86000061035156,35.97999954223633,32.20000076293945,35.86000061035156
2019-01-03,658100,33.560001373291016,33.43000030517578,34.13999938964844,32.61000061035156,33.43000030517578
2019-01-02,629500,33.599998474121094,33.61000061035156,34.13999938964844,32.959999084472656,33.61000061035156
2018-12-31,896000,32.5,34.31999969482422,34.56999969482422,32.5,34.31999969482422
2018-12-28,569400,31.959999084472656,32.0099983215332,33.06999969482422,31.309999465942383,32.0099983215332
2018-12-27,698100,32.31999969482422,31.940000534057617,32.34000015258789,30.270000457763672,31.940000534057617
2018-12-26,637400,30.139999389648438,32.970001220703125,33.04999923706055,30.099000930786133,32.970001220703125
2018-12-24,249500,29.739999771118164,29.829999923706055,30.540000915527344,28.90999984741211,29.829999923706055
2018-12-21,1614400,31.209999084472656,30.229999542236328,32.143001556396484,29.0,30.229999542236328
2018-12-20,787700,31.90999984741211,31.0,32.994998931884766,30.290000915527344,31.0
2018-12-19,700600,32.720001220703125,32.0,33.4900016784668,31.18000030517578,32.0
2018-12-18,549300,32.83000183105469,32.70000076293945,33.060001373291016,32.040000915527344,32.70000076293945
2018-12-17,633900,33.400001525878906,32.22999954223633,34.15999984741211,31.780000686645508,32.22999954223633
2018-12-14,367700,33.59000015258789,33.630001068115234,34.900001525878906,33.5099983215332,33.630001068115234
2018-12-13,565700,34.88999938964844,33.7599983215332,35.619998931884766,33.65999984741211,33.7599983215332
2018-12-12,555900,35.02000045776367,34.880001068115234,35.72999954223633,33.939998626708984,34.880001068115234
2018-12-11,437200,34.959999084472656,34.66999816894531,35.040000915527344,34.02000045776367,34.66999816894531
2018-12-10,534400,33.13999938964844,34.52000045776367,34.54999923706055,32.86000061035156,34.52000045776367
2018-12-07,866300,35.779998779296875,33.36000061035156,36.349998474121094,33.040000915527344,33.36000061035156
2018-12-06,740500,33.720001220703125,35.88999938964844,35.95000076293945,33.07600021362305,35.88999938964844
2018-12-04,745600,36.290000915527344,34.349998474121094,36.76499938964844,34.20000076293945,34.349998474121094
2018-12-03,769800,36.529998779296875,36.31999969482422,36.56999969482422,35.61000061035156,36.31999969482422
2018-11-30,861900,35.130001068115234,35.52000045776367,35.540000915527344,34.63999938964844,35.52000045776367
2018-11-29,602100,34.41999816894531,35.369998931884766,35.68000030517578,34.25,35.369998931884766
2018-11-28,818200,34.15999984741211,34.720001220703125,35.0,33.2400016784668,34.720001220703125
2018-11-27,423000,34.7599983215332,33.88999938964844,35.119998931884766,33.70000076293945,33.88999938964844
2018-11-26,744400,34.540000915527344,34.88999938964844,35.85499954223633,34.040000915527344,34.88999938964844
2018-11-23,420500,33.27000045776367,34.439998626708984,34.83000183105469,33.2400016784668,34.439998626708984
2018-11-21,546200,32.56999969482422,33.79999923706055,33.994998931884766,31.8700008392334,33.79999923706055
2018-11-20,507300,32.040000915527344,32.08000183105469,33.09000015258789,30.899999618530273,32.08000183105469
2018-11-19,674900,33.81999969482422,32.790000915527344,34.06999969482422,32.58000183105469,32.790000915527344
2018-11-16,578500,33.06999969482422,33.91999816894531,34.060001373291016,32.2599983215332,33.91999816894531
2018-11-15,968900,31.649999618530273,33.2599983215332,33.439998626708984,31.170000076293945,33.2599983215332
2018-11-14,975400,32.41999816894531,31.709999084472656,33.42499923706055,30.31999969482422,31.709999084472656
2018-11-13,759100,32.630001068115234,31.959999084472656,33.47999954223633,31.959999084472656,31.959999084472656
2018-11-12,1361700,33.84000015258789,32.34000015258789,35.4900016784668,31.950000762939453,32.34000015258789
2018-11-09,613900,35.90999984741211,33.7599983215332,36.4900016784668,33.189998626708984,33.7599983215332
2018-11-08,471900,36.599998474121094,36.29999923706055,37.040000915527344,35.939998626708984,36.29999923706055
2018-11-07,841800,34.630001068115234,36.529998779296875,37.65999984741211,34.58000183105469,36.529998779296875
2018-11-06,1514400,35.13999938964844,34.7599983215332,36.79999923706055,32.5,34.7599983215332
2018-11-05,509600,39.86000061035156,37.900001525878906,39.959999084472656,36.880001068115234,37.900001525878906
2018-11-02,575600,41.33000183105469,39.68000030517578,41.95000076293945,39.01499938964844,39.68000030517578
2018-11-01,1044700,38.83000183105469,40.970001220703125,41.25,38.369998931884766,40.970001220703125
2018-10-31,549900,37.54999923706055,38.52000045776367,39.0,36.7599983215332,38.52000045776367
2018-10-30,443900,36.290000915527344,36.97999954223633,37.22999954223633,35.83000183105469,36.97999954223633
2018-10-29,781100,37.709999084472656,36.29999923706055,38.849998474121094,35.459999084472656,36.29999923706055
2018-10-26,586100,35.41999816894531,37.22999954223633,37.709999084472656,34.869998931884766,37.22999954223633
2018-10-25,705100,34.560001373291016,36.06999969482422,37.45500183105469,34.5,36.06999969482422
2018-10-24,874300,36.900001525878906,34.2599983215332,37.29999923706055,33.720001220703125,34.2599983215332
2018-10-23,620600,36.369998931884766,36.970001220703125,37.775001525878906,35.45000076293945,36.970001220703125
2018-10-22,550300,38.15999984741211,37.15999984741211,38.15999984741211,36.38999938964844,37.15999984741211
2018-10-19,424600,39.38999938964844,38.0,39.900001525878906,37.869998931884766,38.0
2018-10-18,457100,39.599998474121094,39.29999923706055,39.959999084472656,38.54999923706055,39.29999923706055
2018-10-17,411800,39.689998626708984,39.72999954223633,39.81999969482422,38.61000061035156,39.72999954223633
2018-10-16,757800,38.5,39.70000076293945,39.79999923706055,38.25,39.70000076293945
2018-10-15,653000,39.470001220703125,38.22999954223633,39.470001220703125,37.2400016784668,38.22999954223633
2018-10-12,698400,39.33000183105469,39.47999954223633,40.07500076293945,38.90999984741211,39.47999954223633
2018-10-11,641500,38.43000030517578,38.560001373291016,39.5099983215332,37.81999969482422,38.560001373291016
2018-10-10,843800,39.5,38.70000076293945,40.369998931884766,38.61000061035156,38.70000076293945
2018-10-09,546200,40.81999969482422,39.63999938964844,41.369998931884766,39.5,39.63999938964844
2018-10-08,844400,40.81999969482422,40.900001525878906,41.599998474121094,39.88999938964844,40.900001525878906
2018-10-05,1040900,40.689998626708984,40.95000076293945,41.334999084472656,38.72999954223633,40.95000076293945
2018-10-04,1081600,44.9900016784668,40.290000915527344,45.029998779296875,39.93000030517578,40.290000915527344
2018-10-03,3405500,44.95000076293945,45.279998779296875,47.470001220703125,38.13999938964844,45.279998779296875
2018-10-02,1059900,46.31999969482422,45.279998779296875,46.31999969482422,43.439998626708984,45.279998779296875
2018-10-01,922400,48.11000061035156,46.5099983215332,48.9900016784668,46.349998474121094,46.5099983215332
2018-09-28,1345100,47.36000061035156,47.0,48.849998474121094,46.689998626708984,47.0
2018-09-27,731700,47.02000045776367,47.060001373291016,47.7400016784668,46.417999267578125,47.060001373291016
2018-09-26,839300,47.439998626708984,46.869998931884766,47.849998474121094,46.540000915527344,46.869998931884766
2018-09-25,799900,45.970001220703125,47.220001220703125,47.56999969482422,45.619998931884766,47.220001220703125
2018-09-24,900600,44.65999984741211,45.91999816894531,46.83000183105469,44.5,45.91999816894531
2018-09-21,1820400,46.36000061035156,45.13999938964844,46.6150016784668,44.790000915527344,45.13999938964844
2018-09-20,845100,45.38999938964844,46.310001373291016,46.720001220703125,45.36000061035156,46.310001373291016
2018-09-19,848200,47.33000183105469,45.369998931884766,47.48500061035156,45.0099983215332,45.369998931884766
2018-09-18,614700,45.810001373291016,47.189998626708984,47.52000045776367,45.41999816894531,47.189998626708984
2018-09-17,1094600,47.63999938964844,45.91999816894531,47.63999938964844,45.650001525878906,45.91999816894531
2018-09-14,1355100,47.400001525878906,47.77000045776367,48.150001525878906,47.1349983215332,47.77000045776367
2018-09-13,948600,47.2599983215332,47.33000183105469,48.25,46.779998779296875,47.33000183105469
2018-09-12,1086200,47.130001068115234,47.02000045776367,47.849998474121094,45.81999969482422,47.02000045776367
2018-09-11,1590100,46.56999969482422,47.38999938964844,48.36000061035156,46.130001068115234,47.38999938964844
2018-09-10,1257600,46.45000076293945,46.97999954223633,48.27899932861328,46.04999923706055,46.97999954223633
2018-09-07,1175600,43.599998474121094,46.54999923706055,47.0,43.41999816894531,46.54999923706055
2018-09-06,873100,43.06999969482422,43.810001373291016,44.04999923706055,42.27000045776367,43.810001373291016
2018-09-05,830500,42.72999954223633,42.470001220703125,43.2400016784668,42.02000045776367,42.470001220703125
2018-09-04,772400,41.43000030517578,42.16999816894531,42.2400016784668,41.2599983215332,42.16999816894531
2018-08-31,611500,41.84000015258789,41.7400016784668,42.38999938964844,41.25,41.7400016784668
2018-08-30,609700,41.540000915527344,42.0,42.40999984741211,41.25,42.0
2018-08-29,1042600,41.0,41.380001068115234,41.58000183105469,40.94499969482422,41.380001068115234
2018-08-28,616100,41.54999923706055,41.09000015258789,42.189998626708984,40.5,41.09000015258789
2018-08-27,966200,41.20000076293945,41.7400016784668,42.63999938964844,40.16999816894531,41.7400016784668
2018-08-24,2501600,44.540000915527344,41.15999984741211,44.69499969482422,40.34000015258789,41.15999984741211
2018-08-23,858400,43.66999816894531,44.52000045776367,44.61000061035156,42.970001220703125,44.52000045776367
2018-08-22,453700,43.09000015258789,43.84000015258789,44.154998779296875,42.599998474121094,43.84000015258789
2018-08-21,440700,42.58000183105469,43.380001068115234,43.41999816894531,42.125,43.380001068115234
2018-08-20,712800,42.599998474121094,42.31999969482422,42.599998474121094,41.685001373291016,42.31999969482422
2018-08-17,732600,42.599998474121094,42.349998474121094,42.61000061035156,41.880001068115234,42.349998474121094
2018-08-16,649100,43.900001525878906,42.689998626708984,44.5099983215332,41.58000183105469,42.689998626708984
2018-08-15,701600,44.58000183105469,43.43000030517578,45.14500045776367,43.06999969482422,43.43000030517578
2018-08-14,731200,43.04999923706055,44.88999938964844,44.900001525878906,43.04999923706055,44.88999938964844
2018-08-13,886900,43.540000915527344,43.13999938964844,44.16999816894531,42.630001068115234,43.13999938964844
2018-08-10,764500,42.56999969482422,43.63999938964844,44.4900016784668,42.0099983215332,43.63999938964844
2018-08-09,1218900,40.47999954223633,43.099998474121094,43.47999954223633,40.47999954223633,43.099998474121094
2018-08-08,1312500,40.810001373291016,40.720001220703125,42.0099983215332,39.5,40.720001220703125
2018-08-07,432600,38.0,38.290000915527344,38.75,37.88999938964844,38.290000915527344
2018-08-06,347300,37.970001220703125,37.97999954223633,38.15999984741211,37.119998931884766,37.97999954223633
2018-08-03,505100,38.16999816894531,37.560001373291016,38.16999816894531,36.9119987487793,37.560001373291016
2018-08-02,361900,37.56999969482422,38.2400016784668,38.5099983215332,37.349998474121094,38.2400016784668
2018-08-01,1130500,38.439998626708984,37.72999954223633,39.349998474121094,37.099998474121094,37.72999954223633
2018-07-31,647600,36.779998779296875,38.06999969482422,38.47999954223633,36.02000045776367,38.06999969482422
2018-07-30,781400,37.939998626708984,36.849998474121094,37.939998626708984,35.779998779296875,36.849998474121094
2018-07-27,534800,39.2400016784668,38.060001373291016,40.29999923706055,37.290000915527344,38.060001373291016
2018-07-26,569900,37.29999923706055,39.16999816894531,39.75,37.02000045776367,39.16999816894531
2018-07-25,749900,39.93000030517578,37.58000183105469,40.939998626708984,37.060001373291016,37.58000183105469
2018-07-24,1114200,40.22999954223633,39.63999938964844,40.88999938964844,39.459999084472656,39.63999938964844
2018-07-23,954600,39.16999816894531,39.459999084472656,40.869998931884766,38.45100021362305,39.459999084472656
2018-07-20,2660100,38.52000045776367,39.97999954223633,40.81999969482422,38.5,39.97999954223633
2018-07-19,1441000,36.099998474121094,36.54999923706055,37.2400016784668,35.11000061035156,36.54999923706055
2018-07-18,632400,35.349998474121094,34.9900016784668,35.880001068115234,34.56999969482422,34.9900016784668
2018-07-17,1005300,35.5,35.22999954223633,35.869998931884766,34.70000076293945,35.22999954223633
2018-07-16,519000,36.470001220703125,36.08000183105469,36.939998626708984,35.619998931884766,36.08000183105469
2018-07-13,547800,36.43000030517578,36.2599983215332,37.290000915527344,36.099998474121094,36.2599983215332
2018-07-12,469200,37.0,36.47999954223633,37.31999969482422,36.119998931884766,36.47999954223633
2018-07-11,356700,36.77000045776367,36.540000915527344,37.09000015258789,35.82500076293945,36.540000915527344
2018-07-10,547300,37.459999084472656,36.7599983215332,37.83000183105469,36.540000915527344,36.7599983215332
2018-07-09,874100,36.689998626708984,37.470001220703125,37.59000015258789,35.63999938964844,37.470001220703125
2018-07-06,817000,34.84000015258789,36.70000076293945,36.970001220703125,34.52000045776367,36.70000076293945
2018-07-05,719600,33.95000076293945,34.63999938964844,34.72999954223633,33.810001373291016,34.63999938964844
2018-07-03,538900,34.13999938964844,33.95000076293945,34.68000030517578,33.40999984741211,33.95000076293945
2018-07-02,971100,32.790000915527344,33.900001525878906,33.91999816894531,32.130001068115234,33.900001525878906
2018-06-29,1271800,32.209999084472656,33.72999954223633,34.595001220703125,32.209999084472656,33.72999954223633
2018-06-28,839400,31.639999389648438,32.18000030517578,32.529998779296875,30.719999313354492,32.18000030517578
2018-06-27,1169100,32.20000076293945,31.719999313354492,32.77000045776367,31.3799991607666,31.719999313354492
2018-06-26,1712200,33.880001068115234,32.47999954223633,33.959999084472656,31.40999984741211,32.47999954223633
2018-06-25,1166200,35.33000183105469,33.779998779296875,35.72999954223633,33.16999816894531,33.779998779296875
2018-06-22,2015900,36.41999816894531,36.0099983215332,36.689998626708984,34.94300079345703,36.0099983215332
2018-06-21,1600700,35.130001068115234,36.310001373291016,36.91999816894531,34.57899856567383,36.310001373291016
2018-06-20,6755600,35.0,35.63999938964844,38.33000183105469,33.310001373291016,35.63999938964844
2018-06-19,10788700,47.689998626708984,33.2400016784668,50.810001373291016,32.2599983215332,33.2400016784668
2018-06-18,12064400,49.540000915527344,47.880001068115234,52.95000076293945,44.5,47.880001068115234
2018-06-15,1322900,38.310001373291016,37.54999923706055,39.040000915527344,37.34000015258789,37.54999923706055
2018-06-14,1056700,38.0,38.38999938964844,38.56999969482422,37.29999923706055,38.38999938964844
2018-06-13,549700,38.0,37.790000915527344,38.290000915527344,37.189998626708984,37.790000915527344
2018-06-12,588000,37.90999984741211,37.959999084472656,38.52000045776367,37.68000030517578,37.959999084472656
2018-06-11,738800,37.25,37.95000076293945,38.16999816894531,36.691001892089844,37.95000076293945
2018-06-08,552300,36.130001068115234,37.119998931884766,37.63999938964844,35.775001525878906,37.119998931884766
2018-06-07,515300,36.189998626708984,36.380001068115234,36.81999969482422,35.685001373291016,36.380001068115234
2018-06-06,421700,36.849998474121094,36.279998779296875,37.060001373291016,35.83000183105469,36.279998779296875
2018-06-05,514900,36.7599983215332,36.77000045776367,37.209999084472656,36.56999969482422,36.77000045776367
2018-06-04,888400,36.099998474121094,36.75,37.040000915527344,34.5099983215332,36.75
2018-06-01,1774900,34.400001525878906,36.11000061035156,36.849998474121094,34.400001525878906,36.11000061035156
2018-05-31,1212300,32.04999923706055,33.900001525878906,34.22999954223633,31.780000686645508,33.900001525878906
2018-05-30,775300,31.0,31.950000762939453,32.01499938964844,31.0,31.950000762939453
2018-05-29,530400,30.56999969482422,30.969999313354492,31.260000228881836,30.239999771118164,30.969999313354492
2018-05-25,578100,30.079999923706055,30.799999237060547,30.889999389648438,29.540000915527344,30.799999237060547
2018-05-24,479100,29.479999542236328,30.010000228881836,30.149999618530273,29.34000015258789,30.010000228881836
2018-05-23,381300,29.8799991607666,29.6299991607666,30.170000076293945,29.540000915527344,29.6299991607666
2018-05-22,410400,30.459999084472656,29.959999084472656,30.670000076293945,29.93000030517578,29.959999084472656
2018-05-21,524700,32.06999969482422,30.520000457763672,32.34000015258789,30.415000915527344,30.520000457763672
2018-05-18,966100,31.6299991607666,31.989999771118164,32.58000183105469,31.329999923706055,31.989999771118164
2018-05-17,621000,31.139999389648438,31.540000915527344,31.860000610351562,31.100000381469727,31.540000915527344
2018-05-16,1489800,31.0049991607666,31.06999969482422,31.350000381469727,29.81999969482422,31.06999969482422
2018-05-15,1157300,29.100000381469727,30.020000457763672,30.059999465942383,28.809999465942383,30.020000457763672
2018-05-14,1484000,29.729999542236328,29.450000762939453,30.18000030517578,29.010000228881836,29.450000762939453
2018-05-11,821400,29.0,29.729999542236328,29.979999542236328,28.850000381469727,29.729999542236328
2018-05-10,1200200,30.799999237060547,28.829999923706055,30.799999237060547,27.649999618530273,28.829999923706055
2018-05-09,470900,30.75,30.739999771118164,30.799999237060547,30.18000030517578,30.739999771118164
2018-05-08,593600,30.790000915527344,30.239999771118164,31.209999084472656,30.09000015258789,30.239999771118164
2018-05-07,425100,31.1299991607666,31.059999465942383,31.25,30.780000686645508,31.059999465942383
2018-05-04,606600,31.31999969482422,31.09000015258789,31.420000076293945,30.65999984741211,31.09000015258789
2018-05-03,1073500,30.149999618530273,31.34000015258789,32.15999984741211,29.871000289916992,31.34000015258789
2018-05-02,841600,29.010000228881836,30.329999923706055,31.174999237060547,29.010000228881836,30.329999923706055
2018-05-01,876400,27.809999465942383,29.190000534057617,29.260000228881836,27.719999313354492,29.190000534057617
2018-04-30,1058200,28.010000228881836,27.729999542236328,29.260000228881836,27.729999542236328,27.729999542236328
2018-04-27,548800,28.09000015258789,27.90999984741211,28.450000762939453,27.450000762939453,27.90999984741211
2018-04-26,1197100,27.889999389648438,27.950000762939453,28.899999618530273,27.13599967956543,27.950000762939453
2018-04-25,894400,26.360000610351562,27.600000381469727,27.65999984741211,25.479999542236328,27.600000381469727
2018-04-24,907500,26.0,26.40999984741211,26.459999084472656,25.479999542236328,26.40999984741211
2018-04-23,588000,26.219999313354492,26.030000686645508,26.760000228881836,25.25,26.030000686645508
2018-04-20,494300,25.950000762939453,26.229999542236328,26.459999084472656,25.600000381469727,26.229999542236328
2018-04-19,694800,25.540000915527344,26.100000381469727,26.110000610351562,25.100000381469727,26.100000381469727
2018-04-18,397500,26.709999084472656,25.760000228881836,26.709999084472656,25.65999984741211,25.760000228881836
2018-04-17,451600,26.649999618530273,26.579999923706055,27.139999389648438,26.489999771118164,26.579999923706055
2018-04-16,403500,26.530000686645508,26.649999618530273,26.920000076293945,25.950000762939453,26.649999618530273
2018-04-13,648900,27.540000915527344,26.479999542236328,27.559999465942383,26.31999969482422,26.479999542236328
2018-04-12,752700,26.920000076293945,27.559999465942383,27.649999618530273,26.760000228881836,27.559999465942383
2018-04-11,751900,26.850000381469727,26.690000534057617,27.5,26.405000686645508,26.690000534057617
2018-04-10,942000,26.5,27.200000762939453,27.389999389648438,26.190000534057617,27.200000762939453
2018-04-09,878900,26.1299991607666,26.18000030517578,26.760000228881836,25.860000610351562,26.18000030517578
2018-04-06,528000,25.690000534057617,25.700000762939453,26.049999237060547,25.270000457763672,25.700000762939453
2018-04-05,690300,26.81999969482422,26.030000686645508,26.8799991607666,25.850000381469727,26.030000686645508
2018-04-04,1003300,24.790000915527344,26.56999969482422,26.799999237060547,24.600000381469727,26.56999969482422
2018-04-03,877600,26.15999984741211,26.1200008392334,26.81999969482422,25.5,26.1200008392334
2018-04-02,1663400,26.93000030517578,25.969999313354492,27.309999465942383,24.774999618530273,25.969999313354492
2018-03-29,3543800,29.260000228881836,27.059999465942383,29.319000244140625,26.719999313354492,27.059999465942383
2018-03-28,2150700,29.540000915527344,27.040000915527344,29.739999771118164,26.579999923706055,27.040000915527344
2018-03-27,438100,32.83000183105469,31.920000076293945,32.869998931884766,31.68000030517578,31.920000076293945
2018-03-26,738000,32.630001068115234,32.59000015258789,32.75,31.6299991607666,32.59000015258789
2018-03-23,571200,31.850000381469727,31.989999771118164,32.849998474121094,31.850000381469727,31.989999771118164
2018-03-22,885300,31.600000381469727,32.0,32.93000030517578,30.979999542236328,32.0
2018-03-21,940200,32.279998779296875,32.290000915527344,33.220001220703125,31.850000381469727,32.290000915527344
2018-03-20,876100,30.25,32.279998779296875,32.709999084472656,30.25,32.279998779296875
2018-03-19,1242000,30.139999389648438,30.1200008392334,31.030000686645508,29.530000686645508,30.1200008392334
2018-03-16,2578000,30.030000686645508,30.200000762939453,30.75,29.809999465942383,30.200000762939453
2018-03-15,1245900,30.389999389648438,30.09000015258789,31.18000030517578,29.940000534057617,30.09000015258789
2018-03-14,1069400,30.0,30.389999389648438,30.8799991607666,29.100000381469727,30.389999389648438
2018-03-13,942800,29.049999237060547,29.889999389648438,29.940000534057617,28.8700008392334,29.889999389648438
2018-03-12,755900,29.1200008392334,28.8700008392334,29.200000762939453,27.950000762939453,28.8700008392334
2018-03-09,892500,27.729999542236328,28.790000915527344,29.280000686645508,27.260000228881836,28.790000915527344
2018-03-08,1010900,28.770000457763672,27.979999542236328,29.600000381469727,27.5,27.979999542236328
2018-03-07,2090600,27.899999618530273,29.329999923706055,31.25,27.0,29.329999923706055
2018-03-06,584400,26.68000030517578,26.84000015258789,26.959999084472656,26.09000015258789,26.84000015258789
2018-03-05,477500,25.6299991607666,26.65999984741211,26.829999923706055,25.239999771118164,26.65999984741211
2018-03-02,579100,24.399999618530273,25.729999542236328,25.920000076293945,24.100000381469727,25.729999542236328
2018-03-01,502900,26.0,24.780000686645508,26.0,24.329999923706055,24.780000686645508
2018-02-28,862100,25.469999313354492,25.75,26.200000762939453,25.209999084472656,25.75
2018-02-27,884800,25.690000534057617,25.469999313354492,26.260000228881836,25.200000762939453,25.469999313354492
2018-02-26,543100,25.530000686645508,26.290000915527344,26.469999313354492,24.31999969482422,26.290000915527344
2018-02-23,573200,25.739999771118164,25.520000457763672,26.34000015258789,24.350000381469727,25.520000457763672
2018-02-22,1095100,25.360000610351562,25.65999984741211,26.649999618530273,25.360000610351562,25.65999984741211
2018-02-21,1147500,24.479999542236328,25.010000228881836,26.229999542236328,24.452999114990234,25.010000228881836
2018-02-20,768900,23.0,24.139999389648438,24.591999053955078,22.799999237060547,24.139999389648438
2018-02-16,581400,24.399999618530273,23.93000030517578,24.979999542236328,23.84000015258789,23.93000030517578
2018-02-15,552900,24.75,24.510000228881836,24.850000381469727,23.549999237060547,24.510000228881836
2018-02-14,404000,23.1299991607666,24.25,24.459999084472656,23.1200008392334,24.25
2018-02-13,358900,22.8700008392334,23.420000076293945,23.979999542236328,22.719999313354492,23.420000076293945
2018-02-12,978000,23.239999771118164,23.079999923706055,24.239999771118164,22.666000366210938,23.079999923706055
2018-02-09,1038700,23.5,22.989999771118164,23.889999389648438,21.969999313354492,22.989999771118164
2018-02-08,647200,24.829999923706055,23.229999542236328,25.020000457763672,23.0,23.229999542236328
2018-02-07,481800,25.049999237060547,24.84000015258789,25.139999389648438,24.530000686645508,24.84000015258789
2018-02-06,858300,23.549999237060547,24.799999237060547,25.084999084472656,23.149999618530273,24.799999237060547
2018-02-05,779100,24.239999771118164,24.049999237060547,25.399999618530273,23.979999542236328,24.049999237060547
2018-02-02,946800,24.90999984741211,24.65999984741211,25.690000534057617,24.1200008392334,24.65999984741211
2018-02-01,671400,26.290000915527344,25.709999084472656,26.5,25.420000076293945,25.709999084472656
2018-01-31,933900,26.920000076293945,26.290000915527344,27.3700008392334,26.110000610351562,26.290000915527344
2018-01-30,1672100,26.489999771118164,26.68000030517578,27.618999481201172,25.344999313354492,26.68000030517578
2018-01-29,3762500,25.190000534057617,27.030000686645508,28.75,24.65999984741211,27.030000686645508
2018-01-26,1186100,23.649999618530273,24.65999984741211,25.190000534057617,23.030000686645508,24.65999984741211
2018-01-25,579500,23.25,23.489999771118164,23.841999053955078,23.040000915527344,23.489999771118164
2018-01-24,476600,23.700000762939453,23.25,23.700000762939453,22.600000381469727,23.25
2018-01-23,740500,22.81999969482422,23.450000762939453,23.600000381469727,22.731000900268555,23.450000762939453
2018-01-22,784900,22.209999084472656,22.5,22.579999923706055,21.6299991607666,22.5
2018-01-19,1282700,21.110000610351562,21.920000076293945,22.350000381469727,20.799999237060547,21.920000076293945
2018-01-18,1120300,21.940000534057617,20.93000030517578,22.049999237060547,20.729999542236328,20.93000030517578
2018-01-17,948800,21.760000228881836,21.950000762939453,21.979999542236328,20.989999771118164,21.950000762939453
2018-01-16,1459900,23.489999771118164,21.489999771118164,23.639999389648438,21.399999618530273,21.489999771118164
2018-01-12,1302100,21.940000534057617,23.290000915527344,23.709999084472656,21.440000534057617,23.290000915527344
2018-01-11,1292900,20.5,21.709999084472656,21.81999969482422,20.209999084472656,21.709999084472656
2018-01-10,935800,20.5,20.510000228881836,21.0,20.020000457763672,20.510000228881836
2018-01-09,1586400,20.3799991607666,20.670000076293945,20.799999237060547,20.25,20.670000076293945
2018-01-08,3803300,18.18000030517578,20.239999771118164,20.649999618530273,18.15999984741211,20.239999771118164
2018-01-05,555700,18.09000015258789,17.93000030517578,18.209999084472656,17.760000228881836,17.93000030517578
2018-01-04,581300,17.940000534057617,17.989999771118164,18.15999984741211,17.415000915527344,17.989999771118164
2018-01-03,969000,17.670000076293945,18.010000228881836,18.170000076293945,17.5,18.010000228881836
2018-01-02,747200,16.860000610351562,17.459999084472656,17.639999389648438,16.3799991607666,17.459999084472656
2017-12-29,607400,17.040000915527344,16.68000030517578,17.200000762939453,16.670000076293945,16.68000030517578
2017-12-28,501900,16.68000030517578,16.709999084472656,16.770000457763672,16.399999618530273,16.709999084472656
2017-12-27,546500,16.610000610351562,16.610000610351562,16.68000030517578,16.31999969482422,16.610000610351562
2017-12-26,336000,16.579999923706055,16.600000381469727,16.709999084472656,16.3700008392334,16.600000381469727
2017-12-22,364600,16.5,16.639999389648438,16.75,16.1299991607666,16.639999389648438
2017-12-21,329100,16.229999542236328,16.3799991607666,16.530000686645508,16.200000762939453,16.3799991607666
2017-12-20,324200,16.31999969482422,16.299999237060547,16.489999771118164,16.149999618530273,16.299999237060547
2017-12-19,386100,16.200000762939453,16.239999771118164,16.670000076293945,16.079999923706055,16.239999771118164
2017-12-18,428100,16.170000076293945,16.219999313354492,16.40999984741211,15.970000267028809,16.219999313354492
2017-12-15,2363000,15.989999771118164,16.1299991607666,16.479999542236328,15.6899995803833,16.1299991607666
2017-12-14,950800,16.6200008392334,15.949999809265137,16.729999542236328,15.670000076293945,15.949999809265137
2017-12-13,871600,16.0,16.649999618530273,16.815000534057617,16.0,16.649999618530273
2017-12-12,629500,16.25,15.9399995803833,16.3700008392334,15.600000381469727,15.9399995803833
2017-12-11,571400,16.81999969482422,16.25,16.8700008392334,16.229999542236328,16.25
2017-12-08,604900,16.850000381469727,16.700000762939453,16.959999084472656,16.56999969482422,16.700000762939453
2017-12-07,782900,16.170000076293945,16.75,16.809999465942383,16.020000457763672,16.75
2017-12-06,522700,15.789999961853027,16.110000610351562,16.229999542236328,15.670000076293945,16.110000610351562
2017-12-05,400700,15.729999542236328,15.970000267028809,16.459999084472656,15.729999542236328,15.970000267028809
2017-12-04,512400,15.949999809265137,15.770000457763672,16.524999618530273,15.710000038146973,15.770000457763672
2017-12-01,987500,15.979999542236328,15.779999732971191,16.15999984741211,15.220000267028809,15.779999732971191
2017-11-30,1545300,15.859999656677246,15.949999809265137,16.200000762939453,15.729999542236328,15.949999809265137
2017-11-29,389000,16.15999984741211,15.920000076293945,16.25,15.75,15.920000076293945
2017-11-28,641000,16.299999237060547,16.15999984741211,16.450000762939453,16.006000518798828,16.15999984741211
2017-11-27,605900,16.520000457763672,16.190000534057617,16.709999084472656,16.135000228881836,16.190000534057617
2017-11-24,376300,16.0,16.59000015258789,16.670000076293945,15.84000015258789,16.59000015258789
2017-11-22,873300,15.84000015258789,15.84000015258789,16.05500030517578,15.699999809265137,15.84000015258789
2017-11-21,881900,15.680000305175781,15.789999961853027,16.0,15.619999885559082,15.789999961853027
2017-11-20,875800,15.979999542236328,15.729999542236328,16.209999084472656,15.277000427246094,15.729999542236328
2017-11-17,1094500,15.789999961853027,15.970000267028809,16.010000228881836,15.479999542236328,15.970000267028809
2017-11-16,1440600,15.819999694824219,15.880000114440918,16.68000030517578,15.800000190734863,15.880000114440918
2017-11-15,445700,15.020000457763672,15.140000343322754,15.600000381469727,14.869999885559082,15.140000343322754
2017-11-14,796400,15.539999961853027,15.15999984741211,15.64900016784668,15.029999732971191,15.15999984741211
2017-11-13,1128700,15.890000343322754,15.529999732971191,15.890000343322754,15.369999885559082,15.529999732971191
2017-11-10,744300,15.800000190734863,16.049999237060547,16.5,15.699999809265137,16.049999237060547
2017-11-09,918100,15.9399995803833,15.850000381469727,16.100000381469727,15.550000190734863,15.850000381469727
2017-11-08,856900,16.780000686645508,16.100000381469727,16.850000381469727,15.970000267028809,16.100000381469727
2017-11-07,756800,17.139999389648438,16.850000381469727,17.229999542236328,16.6200008392334,16.850000381469727
2017-11-06,1045100,17.399999618530273,17.15999984741211,17.639999389648438,17.010000228881836,17.15999984741211
2017-11-03,1254000,17.5,17.440000534057617,18.229999542236328,17.200000762939453,17.440000534057617
2017-11-02,1189200,17.530000686645508,17.850000381469727,18.639999389648438,17.520000457763672,17.850000381469727
2017-11-01,1215700,18.93000030517578,17.770000457763672,19.059999465942383,17.6200008392334,17.770000457763672
2017-10-31,1146000,18.25,18.739999771118164,18.959999084472656,18.25,18.739999771118164
2017-10-30,1134200,17.600000381469727,18.25,18.405000686645508,17.59000015258789,18.25
2017-10-27,1429000,16.25,17.56999969482422,17.719999313354492,15.819999694824219,17.56999969482422
2017-10-26,2944400,16.600000381469727,16.25,17.110000610351562,15.609999656677246,16.25
2017-10-25,4054700,15.989999771118164,17.299999237060547,17.399999618530273,15.199999809265137,17.299999237060547
2017-10-24,1586900,16.979999542236328,16.139999389648438,17.299999237060547,16.030000686645508,16.139999389648438
2017-10-23,1453100,17.809999465942383,16.989999771118164,17.889999389648438,16.719999313354492,16.989999771118164
2017-10-20,683900,17.75,17.790000915527344,17.989999771118164,17.594999313354492,17.790000915527344
2017-10-19,746500,18.149999618530273,17.670000076293945,18.149999618530273,17.280000686645508,17.670000076293945
2017-10-18,476900,18.260000228881836,18.25,18.5,17.709999084472656,18.25
2017-10-17,404900,17.979999542236328,18.1299991607666,18.280000686645508,17.790000915527344,18.1299991607666
2017-10-16,496400,17.829999923706055,17.90999984741211,18.280000686645508,17.575000762939453,17.90999984741211
2017-10-13,528800,17.780000686645508,17.860000610351562,18.010000228881836,17.469999313354492,17.860000610351562
2017-10-12,601700,17.889999389648438,17.829999923706055,18.15999984741211,17.639999389648438,17.829999923706055
2017-10-11,812200,18.25,17.84000015258789,18.44099998474121,17.700000762939453,17.84000015258789
2017-10-10,767700,18.360000610351562,18.18000030517578,18.367000579833984,17.780000686645508,18.18000030517578
2017-10-09,2124500,18.0,18.3799991607666,19.239999771118164,17.969999313354492,18.3799991607666
2017-10-06,505000,19.760000228881836,19.6299991607666,19.90999984741211,19.239999771118164,19.6299991607666
2017-10-05,1228200,18.8799991607666,19.899999618530273,20.190000534057617,18.8799991607666,19.899999618530273
2017-10-04,1117200,18.780000686645508,18.899999618530273,18.979999542236328,18.0,18.899999618530273
2017-10-03,3962100,20.84000015258789,18.6200008392334,21.579999923706055,17.959999084472656,18.6200008392334
2017-10-02,1588300,19.75,20.889999389648438,20.90999984741211,19.239999771118164,20.889999389648438
2017-09-29,5237000,18.31999969482422,20.010000228881836,20.190000534057617,17.75,20.010000228881836
2017-09-28,321000,17.459999084472656,17.459999084472656,17.459999084472656,17.459999084472656,17.459999084472656
2017-09-27,2529300,16.780000686645508,17.459999084472656,17.65999984741211,16.5,17.459999084472656
2017-09-26,9092000,17.049999237060547,16.809999465942383,17.5,14.560999870300293,16.809999465942383
2017-09-25,1813600,18.350000381469727,19.510000228881836,19.790000915527344,17.649999618530273,19.510000228881836
2017-09-22,1412800,19.950000762939453,18.520000457763672,20.05299949645996,18.34000015258789,18.520000457763672
2017-09-21,744000,20.100000381469727,20.049999237060547,20.520000457763672,19.889999389648438,20.049999237060547
2017-09-20,1046700,20.549999237060547,20.1299991607666,20.93000030517578,19.940000534057617,20.1299991607666
2017-09-19,532800,20.5,20.270000457763672,20.709999084472656,19.799999237060547,20.270000457763672
2017-09-18,967900,19.450000762939453,20.40999984741211,20.559999465942383,19.450000762939453,20.40999984741211
2017-09-15,1392900,19.780000686645508,19.420000076293945,20.360000610351562,19.200000762939453,19.420000076293945
2017-09-14,540900,20.0,19.709999084472656,20.270000457763672,19.389999389648438,19.709999084472656
2017-09-13,519000,20.350000381469727,20.170000076293945,20.549999237060547,19.940000534057617,20.170000076293945
2017-09-12,571200,20.530000686645508,20.290000915527344,20.770000457763672,20.049999237060547,20.290000915527344
2017-09-11,512000,20.93000030517578,20.549999237060547,20.959999084472656,20.049999237060547,20.549999237060547
2017-09-08,802200,20.770000457763672,20.510000228881836,21.110000610351562,19.84000015258789,20.510000228881836
2017-09-07,781400,21.170000076293945,20.770000457763672,21.450000762939453,20.719999313354492,20.770000457763672
2017-09-06,807900,21.670000076293945,21.170000076293945,22.0,21.030000686645508,21.170000076293945
2017-09-05,784700,21.0,21.610000610351562,21.690000534057617,20.665000915527344,21.610000610351562
2017-09-01,385700,20.829999923706055,20.93000030517578,21.049999237060547,20.440000534057617,20.93000030517578
2017-08-31,509400,20.389999389648438,20.75,20.940000534057617,20.25,20.75
2017-08-30,525900,19.84000015258789,20.31999969482422,20.690000534057617,19.670000076293945,20.31999969482422
2017-08-29,732300,19.770000457763672,20.079999923706055,21.15999984741211,19.770000457763672,20.079999923706055
2017-08-28,533500,19.360000610351562,20.110000610351562,20.25,19.190000534057617,20.110000610351562
2017-08-25,371700,19.25,19.170000076293945,19.510000228881836,18.780000686645508,19.170000076293945
2017-08-24,582200,18.469999313354492,19.139999389648438,19.200000762939453,18.110000610351562,19.139999389648438
2017-08-23,372500,18.84000015258789,18.420000076293945,19.200000762939453,18.40999984741211,18.420000076293945
2017-08-22,447600,17.899999618530273,19.030000686645508,19.040000915527344,17.899999618530273,19.030000686645508
2017-08-21,491200,17.559999465942383,17.719999313354492,18.030000686645508,17.170000076293945,17.719999313354492
2017-08-18,586900,17.459999084472656,17.5,17.760000228881836,16.899999618530273,17.5
2017-08-17,454200,17.65999984741211,17.559999465942383,18.06999969482422,17.1200008392334,17.559999465942383
2017-08-16,746000,17.959999084472656,17.690000534057617,18.299999237060547,17.530000686645508,17.690000534057617
2017-08-15,528700,18.809999465942383,18.020000457763672,18.809999465942383,17.979999542236328,18.020000457763672
2017-08-14,553900,19.149999618530273,18.690000534057617,19.280000686645508,18.649999618530273,18.690000534057617
2017-08-11,615500,18.440000534057617,18.979999542236328,19.34000015258789,18.020000457763672,18.979999542236328
2017-08-10,1130800,19.40999984741211,18.350000381469727,19.40999984741211,17.860000610351562,18.350000381469727
2017-08-09,1685500,20.0,19.4950008392334,20.93000030517578,19.360000610351562,19.4950008392334
2017-08-08,515400,19.940000534057617,19.100000381469727,20.25,18.969999313354492,19.100000381469727
2017-08-07,472000,19.829999923706055,19.90999984741211,20.166000366210938,19.68000030517578,19.90999984741211
2017-08-04,379400,19.18000030517578,19.75,19.770000457763672,18.774999618530273,19.75
2017-08-03,617900,18.989999771118164,18.959999084472656,19.420000076293945,18.3700008392334,18.959999084472656
2017-08-02,653900,19.850000381469727,19.049999237060547,20.520000457763672,18.860000610351562,19.049999237060547
2017-08-01,670900,20.790000915527344,19.959999084472656,21.190000534057617,19.530000686645508,19.959999084472656
2017-07-31,284600,20.709999084472656,20.6200008392334,21.09000015258789,20.270000457763672,20.6200008392334
2017-07-28,289100,20.170000076293945,20.65999984741211,20.93000030517578,20.15999984741211,20.65999984741211
2017-07-27,542200,20.889999389648438,20.170000076293945,21.520000457763672,20.049999237060547,20.170000076293945
2017-07-26,319700,21.25,20.84000015258789,21.540000915527344,20.65999984741211,20.84000015258789
2017-07-25,456400,21.760000228881836,21.149999618530273,21.850000381469727,20.790000915527344,21.149999618530273
2017-07-24,805400,21.479999542236328,21.549999237060547,21.6200008392334,20.530000686645508,21.549999237060547
2017-07-21,817300,20.469999313354492,21.440000534057617,21.649999618530273,20.309999465942383,21.440000534057617
2017-07-20,1203000,20.0,20.34000015258789,20.889999389648438,19.799999237060547,20.34000015258789
2017-07-19,450100,19.579999923706055,19.43000030517578,19.84000015258789,19.219999313354492,19.43000030517578
2017-07-18,332800,19.34000015258789,19.399999618530273,19.6299991607666,19.059999465942383,19.399999618530273
2017-07-17,515000,19.469999313354492,19.3700008392334,19.739999771118164,19.09000015258789,19.3700008392334
2017-07-14,527400,19.15999984741211,19.389999389648438,19.850000381469727,18.950000762939453,19.389999389648438
2017-07-13,984100,18.729999542236328,19.18000030517578,19.40999984741211,17.989999771118164,19.18000030517578
2017-07-12,712100,19.989999771118164,18.709999084472656,19.989999771118164,18.34000015258789,18.709999084472656
2017-07-11,830400,18.84000015258789,19.860000610351562,19.950000762939453,18.84000015258789,19.860000610351562
2017-07-10,492500,19.25,18.81999969482422,19.559999465942383,18.600000381469727,18.81999969482422
2017-07-07,429900,19.3700008392334,19.290000915527344,19.7189998626709,19.079999923706055,19.290000915527344
2017-07-06,685700,19.40999984741211,19.31999969482422,19.700000762939453,19.075000762939453,19.31999969482422
2017-07-05,759200,18.770000457763672,19.40999984741211,19.700000762939453,18.68000030517578,19.40999984741211
2017-07-03,432700,18.469999313354492,18.850000381469727,19.350000381469727,18.34000015258789,18.850000381469727
2017-06-30,592200,18.360000610351562,18.329999923706055,18.5,18.084999084472656,18.329999923706055
2017-06-29,447000,18.3700008392334,18.459999084472656,18.639999389648438,18.049999237060547,18.459999084472656
2017-06-28,658700,17.940000534057617,18.34000015258789,18.860000610351562,17.729999542236328,18.34000015258789
2017-06-27,771000,18.309999465942383,17.850000381469727,18.690000534057617,17.530000686645508,17.850000381469727
2017-06-26,576900,18.43000030517578,18.389999389648438,18.670000076293945,18.030000686645508,18.389999389648438
2017-06-23,1644300,17.959999084472656,18.280000686645508,18.459999084472656,17.59000015258789,18.280000686645508
2017-06-22,575800,17.489999771118164,17.850000381469727,18.200000762939453,17.31999969482422,17.850000381469727
2017-06-21,910100,17.06999969482422,17.649999618530273,17.739999771118164,17.0,17.649999618530273
2017-06-20,864100,17.209999084472656,17.020000457763672,17.559999465942383,16.81999969482422,17.020000457763672
2017-06-19,1118100,17.100000381469727,17.200000762939453,17.6299991607666,16.790000915527344,17.200000762939453
2017-06-16,1456200,16.600000381469727,16.989999771118164,17.0,16.450000762939453,16.989999771118164
2017-06-15,500400,16.739999771118164,16.78499984741211,17.0,16.34000015258789,16.78499984741211
2017-06-14,565200,16.850000381469727,16.81999969482422,17.049999237060547,16.219999313354492,16.81999969482422
2017-06-13,835300,16.559999465942383,16.809999465942383,17.184999465942383,16.299999237060547,16.809999465942383
2017-06-12,931900,16.3700008392334,16.610000610351562,16.81999969482422,15.729999542236328,16.610000610351562
2017-06-09,880400,16.40999984741211,16.389999389648438,17.0,15.994999885559082,16.389999389648438
2017-06-08,1194400,15.5600004196167,16.3799991607666,16.450000762939453,15.180000305175781,16.3799991607666
2017-06-07,1713600,14.40999984741211,15.470000267028809,15.899999618530273,14.40999984741211,15.470000267028809
2017-06-06,2698200,14.079999923706055,14.3100004196167,14.859999656677246,13.890000343322754,14.3100004196167
2017-06-05,699800,13.170000076293945,13.550000190734863,13.600000381469727,12.984999656677246,13.550000190734863
2017-06-02,460600,12.65999984741211,13.100000381469727,13.180000305175781,12.510000228881836,13.100000381469727
2017-06-01,806400,12.569999694824219,12.619999885559082,12.819999694824219,12.239999771118164,12.619999885559082
2017-05-31,438500,12.579999923706055,12.529999732971191,12.710000038146973,12.229999542236328,12.529999732971191
2017-05-30,494600,12.670000076293945,12.539999961853027,12.770000457763672,12.470000267028809,12.539999961853027
2017-05-26,400200,12.6899995803833,12.59000015258789,12.78499984741211,12.430000305175781,12.59000015258789
2017-05-25,613600,12.899999618530273,12.75,12.979999542236328,12.520999908447266,12.75
2017-05-24,986700,13.5,12.579999923706055,13.5,12.149999618530273,12.579999923706055
2017-05-23,503300,13.229999542236328,13.5,13.630000114440918,13.024999618530273,13.5
2017-05-22,557600,13.630000114440918,13.40999984741211,13.850000381469727,12.920000076293945,13.40999984741211
2017-05-19,648000,13.34000015258789,13.600000381469727,13.8100004196167,13.25,13.600000381469727
2017-05-18,767400,12.9399995803833,13.34000015258789,13.630000114440918,12.930000305175781,13.34000015258789
2017-05-17,453700,12.829999923706055,12.920000076293945,13.09000015258789,12.6899995803833,12.920000076293945
2017-05-16,474800,13.09000015258789,12.960000038146973,13.178999900817871,12.781000137329102,12.960000038146973
2017-05-15,450200,13.029999732971191,13.100000381469727,13.420000076293945,13.0,13.100000381469727
2017-05-12,788000,12.899999618530273,13.0600004196167,13.4399995803833,12.8100004196167,13.0600004196167
2017-05-11,914300,12.579999923706055,12.960000038146973,13.140000343322754,12.449999809265137,12.960000038146973
2017-05-10,927300,11.789999961853027,12.59000015258789,12.704999923706055,11.789999961853027,12.59000015258789
2017-05-09,1381600,10.65999984741211,11.779999732971191,11.779999732971191,10.65999984741211,11.779999732971191
2017-05-08,1500500,11.6899995803833,10.789999961853027,12.34000015258789,10.649999618530273,10.789999961853027
2017-05-05,922800,11.960000038146973,12.25,12.34000015258789,11.960000038146973,12.25
2017-05-04,567200,12.109999656677246,12.130000114440918,12.15999984741211,11.8100004196167,12.130000114440918
2017-05-03,630800,12.40999984741211,12.050000190734863,12.40999984741211,11.930000305175781,12.050000190734863
2017-05-02,1017900,12.220000267028809,12.40999984741211,12.550000190734863,11.869999885559082,12.40999984741211
2017-05-01,760200,12.260000228881836,12.170000076293945,12.369000434875488,11.9399995803833,12.170000076293945
2017-04-28,497200,12.270000457763672,12.149999618530273,12.350000381469727,11.930000305175781,12.149999618530273
2017-04-27,623400,12.069999694824219,12.010000228881836,12.119999885559082,11.880000114440918,12.010000228881836
2017-04-26,1110200,11.819999694824219,12.0,12.199999809265137,11.760000228881836,12.0
2017-04-25,994500,11.649999618530273,11.84000015258789,11.925000190734863,11.5600004196167,11.84000015258789
2017-04-24,928100,11.520000457763672,11.579999923706055,11.739999771118164,11.329999923706055,11.579999923706055
2017-04-21,1204900,11.170000076293945,11.369999885559082,11.489999771118164,11.069999694824219,11.369999885559082
2017-04-20,2546000,11.430000305175781,11.25,11.770000457763672,10.680000305175781,11.25
2017-04-19,1235900,11.079999923706055,11.390000343322754,11.539999961853027,10.829999923706055,11.390000343322754
2017-04-18,1284300,10.619999885559082,11.029999732971191,11.069999694824219,10.569999694824219,11.029999732971191
2017-04-17,1018200,10.390000343322754,10.680000305175781,10.819999694824219,10.210000038146973,10.680000305175781
2017-04-13,1456200,10.529999732971191,10.380000114440918,10.960000038146973,10.239999771118164,10.380000114440918
2017-04-12,1173900,10.420000076293945,10.569999694824219,10.75,10.15999984741211,10.569999694824219
2017-04-11,920400,10.25,10.420000076293945,10.430000305175781,9.829999923706055,10.420000076293945
2017-04-10,871600,9.869999885559082,10.279999732971191,10.40999984741211,9.670000076293945,10.279999732971191
2017-04-07,579300,9.680000305175781,9.84000015258789,9.960000038146973,9.569999694824219,9.84000015258789
2017-04-06,697200,9.6899995803833,9.729999542236328,9.770000457763672,9.406000137329102,9.729999542236328
2017-04-05,768300,9.710000038146973,9.670000076293945,9.869999885559082,9.5,9.670000076293945
2017-04-04,664400,9.720000267028809,9.65999984741211,9.920000076293945,9.550000190734863,9.65999984741211
2017-04-03,917900,9.8100004196167,9.75,9.979999542236328,9.510000228881836,9.75
2017-03-31,1729600,9.319999694824219,9.84000015258789,9.9399995803833,9.0,9.84000015258789
2017-03-30,1585000,8.710000038146973,9.319999694824219,9.350000381469727,8.619999885559082,9.319999694824219
2017-03-29,831100,8.680000305175781,8.739999771118164,8.850000381469727,8.649999618530273,8.739999771118164
2017-03-28,656900,8.779999732971191,8.640000343322754,8.989999771118164,8.539999961853027,8.640000343322754
2017-03-27,917400,8.350000381469727,8.75,8.800000190734863,8.300000190734863,8.75
2017-03-24,598600,8.399999618530273,8.520000457763672,8.6899995803833,8.279999732971191,8.520000457763672
2017-03-23,983400,8.630000114440918,8.449999809265137,8.760000228881836,8.34000015258789,8.449999809265137
2017-03-22,1636200,8.359999656677246,8.640000343322754,8.670000076293945,8.119999885559082,8.640000343322754
2017-03-21,1379900,8.920000076293945,8.369999885559082,8.979999542236328,8.210000038146973,8.369999885559082
2017-03-20,1025600,9.020000457763672,8.899999618530273,9.100000381469727,8.630000114440918,8.899999618530273
2017-03-17,3709000,8.90999984741211,9.0600004196167,9.220000267028809,8.5600004196167,9.0600004196167
2017-03-16,5183500,10.09000015258789,8.84000015258789,10.100000381469727,8.800000190734863,8.84000015258789
2017-03-15,1422000,10.4399995803833,10.899999618530273,11.010000228881836,10.210000038146973,10.899999618530273
2017-03-14,869200,10.6899995803833,10.390000343322754,10.8100004196167,10.109999656677246,10.390000343322754
2017-03-13,932200,10.479999542236328,10.760000228881836,10.84000015258789,10.479999542236328,10.760000228881836
2017-03-10,1347500,10.380000114440918,10.640000343322754,10.699999809265137,10.270000457763672,10.640000343322754
2017-03-09,1383100,10.319999694824219,10.329999923706055,10.670000076293945,10.130000114440918,10.329999923706055
2017-03-08,1564000,9.880000114440918,10.3100004196167,10.550000190734863,9.800000190734863,10.3100004196167
2017-03-07,1112700,10.010000228881836,9.930000305175781,10.380000114440918,9.819999694824219,9.930000305175781
2017-03-06,3113700,10.300000190734863,10.220000267028809,10.539999961853027,9.710000038146973,10.220000267028809
2017-03-03,3096200,10.84000015258789,9.8100004196167,10.859999656677246,9.635000228881836,9.8100004196167
2017-03-02,7638700,11.010000228881836,10.579999923706055,12.050000190734863,10.25,10.579999923706055
2017-03-01,1258300,13.899999618530273,13.180000305175781,14.432999610900879,12.859999656677246,13.180000305175781
2017-02-28,869500,13.579999923706055,13.630000114440918,13.9399995803833,13.0,13.630000114440918
2017-02-27,707200,13.25,13.529999732971191,13.680000305175781,12.970000267028809,13.529999732971191
2017-02-24,447100,12.899999618530273,13.15999984741211,13.279000282287598,12.760000228881836,13.15999984741211
2017-02-23,491800,13.359999656677246,13.069999694824219,13.489999771118164,12.8100004196167,13.069999694824219
2017-02-22,896500,13.4399995803833,13.3100004196167,13.64900016784668,12.869999885559082,13.3100004196167
2017-02-21,880700,14.270000457763672,13.5,14.4399995803833,13.399999618530273,13.5
2017-02-17,1111900,13.930000305175781,14.15999984741211,14.40999984741211,13.5,14.15999984741211
2017-02-16,2625200,12.859999656677246,13.779999732971191,14.119999885559082,12.770000457763672,13.779999732971191
2017-02-15,503200,12.8100004196167,12.760000228881836,13.220000267028809,12.5,12.760000228881836
2017-02-14,293700,12.569999694824219,12.84000015258789,12.960000038146973,12.5,12.84000015258789
2017-02-13,456500,12.890000343322754,12.600000381469727,12.925999641418457,12.479999542236328,12.600000381469727
2017-02-10,943100,13.800000190734863,12.84000015258789,13.800000190734863,12.699999809265137,12.84000015258789
2017-02-09,587200,13.260000228881836,13.819999694824219,14.039999961853027,13.239999771118164,13.819999694824219
2017-02-08,427300,13.329999923706055,13.239999771118164,13.470000267028809,12.90999984741211,13.239999771118164
2017-02-07,531400,13.579999923706055,13.460000038146973,13.739999771118164,13.270000457763672,13.460000038146973
2017-02-06,439000,13.5,13.59000015258789,14.0,13.460000038146973,13.59000015258789
2017-02-03,482900,13.270000457763672,13.489999771118164,13.529000282287598,12.859999656677246,13.489999771118164
2017-02-02,411200,13.050000190734863,13.15999984741211,13.359999656677246,12.520000457763672,13.15999984741211
2017-02-01,595400,13.170000076293945,13.149999618530273,13.399999618530273,12.720000267028809,13.149999618530273
2017-01-31,1127700,12.100000381469727,13.100000381469727,13.25,12.0,13.100000381469727
2017-01-30,580100,13.140000343322754,12.199999809265137,13.140000343322754,12.09000015258789,12.199999809265137
2017-01-27,1269300,13.539999961853027,12.819999694824219,13.619999885559082,12.399999618530273,12.819999694824219
2017-01-26,959800,13.560999870300293,13.800000190734863,14.119999885559082,13.510000228881836,13.800000190734863
2017-01-25,337100,13.470000267028809,13.470000267028809,13.670000076293945,13.329999923706055,13.470000267028809
2017-01-24,724400,13.65999984741211,13.380000114440918,13.979999542236328,12.949999809265137,13.380000114440918
2017-01-23,1034400,14.359999656677246,13.65999984741211,14.449999809265137,13.369999885559082,13.65999984741211
2017-01-20,373500,14.529999732971191,14.430000305175781,14.529999732971191,14.15999984741211,14.430000305175781
2017-01-19,531600,14.380000114440918,14.520000457763672,15.0,14.380000114440918,14.520000457763672
2017-01-18,657700,14.800000190734863,14.420000076293945,15.0,14.25,14.420000076293945
2017-01-17,1065700,15.380000114440918,14.710000038146973,15.380000114440918,14.359999656677246,14.710000038146973
2017-01-13,559600,15.4399995803833,15.470000267028809,15.885000228881836,15.057000160217285,15.470000267028809
2017-01-12,968500,14.819999694824219,15.359999656677246,15.869999885559082,14.399999618530273,15.359999656677246
2017-01-11,2000200,15.010000228881836,15.09000015258789,16.5,14.770000457763672,15.09000015258789
2017-01-10,1289300,14.430000305175781,14.930000305175781,14.967000007629395,14.100000381469727,14.930000305175781
2017-01-09,1149000,13.039999961853027,14.289999961853027,14.5,12.850000381469727,14.289999961853027
2017-01-06,965600,12.90999984741211,12.949999809265137,13.699999809265137,12.711000442504883,12.949999809265137
2017-01-05,866600,11.25,12.680000305175781,12.899999618530273,11.187000274658203,12.680000305175781
2017-01-04,1011200,11.229999542236328,11.75,11.970000267028809,11.199999809265137,11.75
2017-01-03,435500,11.0600004196167,11.229999542236328,11.444000244140625,10.850000381469727,11.229999542236328
2016-12-30,733400,11.149999618530273,10.90999984741211,11.40999984741211,10.670000076293945,10.90999984741211
2016-12-29,934200,11.390000343322754,11.180000305175781,11.699999809265137,10.789999961853027,11.180000305175781
2016-12-28,547600,11.680000305175781,11.430000305175781,11.789999961853027,11.329999923706055,11.430000305175781
2016-12-27,872100,12.329999923706055,11.670000076293945,12.510000228881836,11.619999885559082,11.670000076293945
2016-12-23,638900,12.010000228881836,12.260000228881836,12.300000190734863,11.6899995803833,12.260000228881836
2016-12-22,355000,11.829999923706055,11.729999542236328,12.100000381469727,11.600000381469727,11.729999542236328
2016-12-21,513200,12.15999984741211,11.869999885559082,12.300000190734863,11.850000381469727,11.869999885559082
2016-12-20,499100,12.34000015258789,12.289999961853027,12.600000381469727,12.050000190734863,12.289999961853027
2016-12-19,574400,12.380000114440918,12.239999771118164,12.789999961853027,12.180000305175781,12.239999771118164
2016-12-16,864400,12.180000305175781,12.430000305175781,12.899999618530273,12.180000305175781,12.430000305175781
2016-12-15,800800,12.329999923706055,12.149999618530273,12.510000228881836,11.989999771118164,12.149999618530273
2016-12-14,680000,12.329999923706055,12.329999923706055,12.569999694824219,12.050000190734863,12.329999923706055
2016-12-13,408900,12.680000305175781,12.399999618530273,12.770000457763672,12.260000228881836,12.399999618530273
2016-12-12,423000,12.75,12.5600004196167,12.913999557495117,12.5,12.5600004196167
2016-12-09,709800,12.899999618530273,12.789999961853027,13.329999923706055,12.699999809265137,12.789999961853027
2016-12-08,934100,12.039999961853027,12.859999656677246,12.960000038146973,11.75,12.859999656677246
2016-12-07,603200,12.100000381469727,12.069999694824219,12.380000114440918,11.789999961853027,12.069999694824219
2016-12-06,1026500,12.390000343322754,12.25,12.5600004196167,11.949999809265137,12.25
2016-12-05,910000,11.279999732971191,12.09000015258789,12.199999809265137,11.199999809265137,12.09000015258789
2016-12-02,666600,10.930000305175781,11.079999923706055,11.479999542236328,10.640000343322754,11.079999923706055
2016-12-01,841600,11.010000228881836,10.979999542236328,11.319999694824219,10.8100004196167,10.979999542236328
2016-11-30,790700,11.4399995803833,11.140000343322754,11.720000267028809,10.789999961853027,11.140000343322754
2016-11-29,757400,11.770000457763672,11.470000267028809,11.84000015258789,11.399999618530273,11.470000267028809
2016-11-28,895400,12.25,11.770000457763672,12.390000343322754,11.720000267028809,11.770000457763672
2016-11-25,389900,12.479999542236328,12.40999984741211,12.479999542236328,12.081000328063965,12.40999984741211
2016-11-23,865400,11.4399995803833,12.3100004196167,12.390000343322754,11.329999923706055,12.3100004196167
2016-11-22,985000,12.050000190734863,11.729999542236328,12.5,11.529999732971191,11.729999542236328
2016-11-21,1104300,12.5,12.100000381469727,12.598999977111816,11.850000381469727,12.100000381469727
2016-11-18,1754000,12.739999771118164,12.59000015258789,13.470000267028809,12.3100004196167,12.59000015258789
2016-11-17,1298700,11.880000114440918,12.640000343322754,12.760000228881836,11.800000190734863,12.640000343322754
2016-11-16,1480600,11.880000114440918,11.920000076293945,12.420000076293945,11.729999542236328,11.920000076293945
2016-11-15,2311700,11.960000038146973,12.069999694824219,12.420000076293945,11.460000038146973,12.069999694824219
2016-11-14,6841500,12.0,12.050000190734863,12.789999961853027,11.579999923706055,12.050000190734863
2016-11-11,21662100,10.630000114440918,11.300000190734863,11.630000114440918,9.75,11.300000190734863
2016-11-10,1800800,5.78000020980835,6.0,6.230000019073486,5.699999809265137,6.0
2016-11-09,1420900,5.619999885559082,5.610000133514404,5.849999904632568,5.429999828338623,5.610000133514404
2016-11-08,1560600,5.639999866485596,5.230000019073486,5.650000095367432,5.150000095367432,5.230000019073486
2016-11-07,2601100,5.289999961853027,5.639999866485596,5.960000038146973,5.130000114440918,5.639999866485596
2016-11-04,3471000,4.269999980926514,5.0,5.255000114440918,4.190000057220459,5.0
2016-11-03,6092200,6.25,4.190000057220459,6.349999904632568,4.03000020980835,4.190000057220459
2016-11-02,576200,6.340000152587891,6.25,6.46999979019165,6.210000038146973,6.25
2016-11-01,898100,6.210000038146973,6.349999904632568,6.46999979019165,6.150000095367432,6.349999904632568
2016-10-31,498000,6.380000114440918,6.210000038146973,6.409999847412109,6.119999885559082,6.210000038146973
2016-10-28,564800,6.369999885559082,6.389999866485596,6.550000190734863,6.210000038146973,6.389999866485596
2016-10-27,645800,6.599999904632568,6.409999847412109,6.809999942779541,6.380000114440918,6.409999847412109
2016-10-26,515800,6.539999961853027,6.53000020980835,6.699999809265137,6.449999809265137,6.53000020980835
2016-10-25,863400,6.670000076293945,6.510000228881836,6.860000133514404,6.474999904632568,6.510000228881836
2016-10-24,1096500,6.909999847412109,6.699999809265137,7.089000225067139,6.690000057220459,6.699999809265137
2016-10-21,1806000,7.110000133514404,6.909999847412109,7.349999904632568,6.860000133514404,6.909999847412109
2016-10-20,1516600,6.900000095367432,7.019999980926514,7.289999961853027,6.849999904632568,7.019999980926514
2016-10-19,1928800,7.53000020980835,6.960000038146973,7.579999923706055,6.949999809265137,6.960000038146973
2016-10-18,8279800,7.860000133514404,7.550000190734863,8.3100004196167,6.900000095367432,7.550000190734863
2016-10-17,12008800,10.199999809265137,7.96999979019165,10.300000190734863,7.900000095367432,7.96999979019165
2016-10-14,583700,13.579999923706055,13.270000457763672,13.6899995803833,13.140000343322754,13.270000457763672
2016-10-13,729500,13.229999542236328,13.569999694824219,13.864999771118164,13.090999603271484,13.569999694824219
2016-10-12,556100,13.289999961853027,13.40999984741211,13.704999923706055,13.1899995803833,13.40999984741211
2016-10-11,1562200,13.829999923706055,13.279999732971191,14.569999694824219,13.069999694824219,13.279999732971191
2016-10-10,1790100,13.479999542236328,13.59000015258789,13.779999732971191,12.84000015258789,13.59000015258789
2016-10-07,950200,13.520000457763672,13.34000015258789,13.960000038146973,13.069999694824219,13.34000015258789
2016-10-06,1268600,14.449999809265137,13.59000015258789,14.5,13.350000381469727,13.59000015258789
2016-10-05,1019400,13.350000381469727,13.710000038146973,14.0,13.331000328063965,13.710000038146973
2016-10-04,1141500,13.510000228881836,13.329999923706055,13.869000434875488,13.220000267028809,13.329999923706055
2016-10-03,1782500,14.1899995803833,13.359999656677246,14.1899995803833,13.0,13.359999656677246
2016-09-30,6846300,11.609999656677246,14.010000228881836,14.350000381469727,11.609999656677246,14.010000228881836
2016-09-29,745800,11.720000267028809,11.5600004196167,11.84000015258789,11.380000114440918,11.5600004196167
2016-09-28,929900,11.899999618530273,11.729999542236328,12.140000343322754,11.270000457763672,11.729999542236328
2016-09-27,1159800,11.600000381469727,11.880000114440918,12.239999771118164,11.569999694824219,11.880000114440918
2016-09-26,1143900,11.600000381469727,11.640000343322754,11.970000267028809,11.300000190734863,11.640000343322754
2016-09-23,1685900,10.800000190734863,11.65999984741211,11.829999923706055,10.800000190734863,11.65999984741211
2016-09-22,1516400,10.5,10.9399995803833,11.199999809265137,10.319999694824219,10.9399995803833
2016-09-21,1802300,10.289999961853027,10.4399995803833,10.8100004196167,10.100000381469727,10.4399995803833
2016-09-20,4543500,11.220000267028809,10.210000038146973,11.659000396728516,9.890000343322754,10.210000038146973
2016-09-19,9158500,9.170000076293945,10.989999771118164,11.739999771118164,9.039999961853027,10.989999771118164
2016-09-16,1511700,8.770000457763672,9.109999656677246,9.26200008392334,8.600000381469727,9.109999656677246
2016-09-15,815400,9.029999732971191,8.829999923706055,9.050000190734863,8.640999794006348,8.829999923706055
2016-09-14,2757200,8.5,9.020000457763672,9.5,8.281000137329102,9.020000457763672
2016-09-13,697300,8.34000015258789,8.380000114440918,8.5,8.079999923706055,8.380000114440918
2016-09-12,876800,7.829999923706055,8.449999809265137,8.449999809265137,7.800000190734863,8.449999809265137
2016-09-09,524200,8.010000228881836,7.869999885559082,8.229999542236328,7.789999961853027,7.869999885559082
2016-09-08,482700,8.109999656677246,8.199999809265137,8.359999656677246,7.909999847412109,8.199999809265137
2016-09-07,615200,8.050000190734863,8.180000305175781,8.420000076293945,8.010000228881836,8.180000305175781
2016-09-06,477500,7.940000057220459,8.010000228881836,8.140000343322754,7.849999904632568,8.010000228881836
2016-09-02,543000,7.800000190734863,7.909999847412109,8.050000190734863,7.619999885559082,7.909999847412109
2016-09-01,612900,8.199999809265137,7.789999961853027,8.199999809265137,7.75,7.789999961853027
2016-08-31,1054900,7.659999847412109,8.210000038146973,8.229999542236328,7.514999866485596,8.210000038146973
2016-08-30,360100,7.730000019073486,7.690000057220459,7.940000057220459,7.630000114440918,7.690000057220459
2016-08-29,365100,7.849999904632568,7.730000019073486,7.989999771118164,7.610000133514404,7.730000019073486
2016-08-26,635700,7.920000076293945,7.809999942779541,8.050000190734863,7.699999809265137,7.809999942779541
2016-08-25,1036900,8.039999961853027,7.929999828338623,8.470000267028809,7.730000019073486,7.929999828338623
2016-08-24,1056300,8.25,7.980000019073486,8.739999771118164,7.849999904632568,7.980000019073486
2016-08-23,313700,8.380000114440918,8.289999961853027,8.380000114440918,8.145000457763672,8.289999961853027
2016-08-22,539800,8.09000015258789,8.300000190734863,8.489999771118164,8.029999732971191,8.300000190734863
2016-08-19,304200,8.119999885559082,8.029999732971191,8.220000267028809,7.960000038146973,8.029999732971191
2016-08-18,377600,8.100000381469727,8.140000343322754,8.300000190734863,7.980000019073486,8.140000343322754
2016-08-17,467300,8.199999809265137,8.109999656677246,8.350000381469727,8.029999732971191,8.109999656677246
2016-08-16,995600,8.140000343322754,8.170000076293945,8.470000267028809,7.829999923706055,8.170000076293945
2016-08-15,1042400,8.149999618530273,8.1899995803833,8.539999961853027,8.149999618530273,8.1899995803833
2016-08-12,1600700,7.71999979019165,8.119999885559082,8.244999885559082,7.671000003814697,8.119999885559082
2016-08-11,766600,7.670000076293945,7.730000019073486,7.769999980926514,7.510000228881836,7.730000019073486
2016-08-10,647100,7.789999961853027,7.619999885559082,7.880000114440918,7.579999923706055,7.619999885559082
2016-08-09,846000,7.630000114440918,7.800000190734863,7.880000114440918,7.480000019073486,7.800000190734863
2016-08-08,1242400,7.760000228881836,7.599999904632568,7.820000171661377,7.420000076293945,7.599999904632568
2016-08-05,5340900,6.170000076293945,7.769999980926514,7.989999771118164,6.139999866485596,7.769999980926514
2016-08-04,846600,6.269999980926514,6.090000152587891,6.340000152587891,5.940000057220459,6.090000152587891
2016-08-03,1108700,5.809999942779541,6.260000228881836,6.320000171661377,5.809999942779541,6.260000228881836
2016-08-02,1085300,6.090000152587891,5.860000133514404,6.190000057220459,5.775000095367432,5.860000133514404
2016-08-01,1032200,6.03000020980835,6.099999904632568,6.329999923706055,6.019999980926514,6.099999904632568
2016-07-29,1556800,5.710000038146973,5.96999979019165,6.139999866485596,5.690000057220459,5.96999979019165
2016-07-28,830000,5.710000038146973,5.769999980926514,5.880000114440918,5.639999866485596,5.769999980926514
2016-07-27,1097800,5.900000095367432,5.710000038146973,5.900000095367432,5.659999847412109,5.710000038146973
2016-07-26,2887300,6.380000114440918,5.880000114440918,6.460000038146973,5.818999767303467,5.880000114440918
2016-07-25,1988400,7.21999979019165,6.760000228881836,7.349999904632568,6.269999980926514,6.760000228881836
2016-07-22,478900,7.309999942779541,7.179999828338623,7.539999961853027,7.119999885559082,7.179999828338623
2016-07-21,580800,7.510000228881836,7.300000190734863,7.630000114440918,7.210000038146973,7.300000190734863
2016-07-20,1797900,6.889999866485596,7.409999847412109,7.5,6.829999923706055,7.409999847412109
2016-07-19,522400,7.099999904632568,6.860000133514404,7.25,6.820000171661377,6.860000133514404
2016-07-18,422700,7.130000114440918,7.099999904632568,7.190000057220459,6.929999828338623,7.099999904632568
2016-07-15,509400,6.929999828338623,7.150000095367432,7.170000076293945,6.829999923706055,7.150000095367432
2016-07-14,488900,7.110000133514404,6.909999847412109,7.230000019073486,6.829999923706055,6.909999847412109
2016-07-13,639300,7.460000038146973,6.960000038146973,7.519999980926514,6.960000038146973,6.960000038146973
2016-07-12,434000,7.559999942779541,7.400000095367432,7.599999904632568,7.385000228881836,7.400000095367432
2016-07-11,537100,7.550000190734863,7.46999979019165,7.800000190734863,7.449999809265137,7.46999979019165
2016-07-08,781400,7.510000228881836,7.53000020980835,7.570000171661377,7.21999979019165,7.53000020980835
2016-07-07,2090600,7.849999904632568,7.510000228881836,7.948999881744385,7.409999847412109,7.510000228881836
2016-07-06,562400,6.800000190734863,7.110000133514404,7.239999771118164,6.75,7.110000133514404
2016-07-05,598000,7.050000190734863,6.829999923706055,7.119999885559082,6.75,6.829999923706055
2016-07-01,799700,7.050000190734863,7.150000095367432,7.349999904632568,6.980000019073486,7.150000095367432
2016-06-30,758900,7.0,7.019999980926514,7.289999961853027,6.960000038146973,7.019999980926514
2016-06-29,745800,6.880000114440918,7.03000020980835,7.130000114440918,6.639999866485596,7.03000020980835
2016-06-28,956400,6.429999828338623,6.710000038146973,6.900000095367432,6.418000221252441,6.710000038146973
2016-06-27,1806500,6.610000133514404,6.260000228881836,6.739999771118164,6.25,6.260000228881836
2016-06-24,1936100,6.619999885559082,6.659999847412109,6.789999961853027,6.409999847412109,6.659999847412109
2016-06-23,553400,6.710000038146973,7.0,7.019999980926514,6.610000133514404,7.0
2016-06-22,825500,6.739999771118164,6.599999904632568,7.03000020980835,6.53000020980835,6.599999904632568
2016-06-21,1041100,7.0,6.71999979019165,7.0,6.519999980926514,6.71999979019165
2016-06-20,747700,6.929999828338623,6.980000019073486,7.139999866485596,6.690000057220459,6.980000019073486
2016-06-17,1119100,7.260000228881836,6.820000171661377,7.260000228881836,6.760000228881836,6.820000171661377
2016-06-16,585300,7.119999885559082,7.239999771118164,7.25,6.889999866485596,7.239999771118164
2016-06-15,591900,7.139999866485596,7.21999979019165,7.369999885559082,7.03000020980835,7.21999979019165
2016-06-14,1282700,6.840000152587891,7.090000152587891,7.190000057220459,6.78000020980835,7.090000152587891
2016-06-13,1041400,7.159999847412109,6.860000133514404,7.420000076293945,6.840000152587891,6.860000133514404
2016-06-10,1094200,7.409999847412109,7.239999771118164,7.630000114440918,7.170000076293945,7.239999771118164
2016-06-09,1109900,7.800000190734863,7.539999961853027,7.840000152587891,7.507999897003174,7.539999961853027
2016-06-08,1023800,8.039999961853027,7.889999866485596,8.097999572753906,7.800000190734863,7.889999866485596
2016-06-07,803300,8.229999542236328,8.010000228881836,8.229999542236328,7.900000095367432,8.010000228881836
2016-06-06,1302000,7.619999885559082,8.229999542236328,8.274999618530273,7.349999904632568,8.229999542236328
2016-06-03,1527400,8.300000190734863,7.650000095367432,8.300000190734863,7.650000095367432,7.650000095367432
2016-06-02,1240300,8.130000114440918,8.350000381469727,8.369999885559082,8.079999923706055,8.350000381469727
2016-06-01,971000,8.180000305175781,8.140000343322754,8.354999542236328,7.989999771118164,8.140000343322754
2016-05-31,1176900,7.929999828338623,8.15999984741211,8.399999618530273,7.849999904632568,8.15999984741211
2016-05-27,956700,7.760000228881836,7.840000152587891,7.920000076293945,7.599999904632568,7.840000152587891
2016-05-26,1317200,8.329999923706055,7.869999885559082,8.347999572753906,7.809999942779541,7.869999885559082
2016-05-25,1791700,8.369999885559082,8.369999885559082,8.649999618530273,7.800000190734863,8.369999885559082
2016-05-24,1576800,7.809999942779541,8.140000343322754,8.34000015258789,7.670000076293945,8.140000343322754
2016-05-23,2371900,8.010000228881836,7.710000038146973,8.380000114440918,7.510000228881836,7.710000038146973
2016-05-20,3181500,6.769999980926514,8.0,8.140000343322754,6.699999809265137,8.0
2016-05-19,1027600,6.809999942779541,6.650000095367432,7.110000133514404,6.5,6.650000095367432
2016-05-18,718200,6.929999828338623,6.840000152587891,7.079999923706055,6.710000038146973,6.840000152587891
2016-05-17,816000,7.139999866485596,6.980000019073486,7.400000095367432,6.920000076293945,6.980000019073486
2016-05-16,1026400,6.840000152587891,7.21999979019165,7.376999855041504,6.610000133514404,7.21999979019165
2016-05-13,708900,6.570000171661377,6.760000228881836,6.940000057220459,6.570000171661377,6.760000228881836
2016-05-12,1359800,7.320000171661377,6.599999904632568,7.340000152587891,6.539999961853027,6.599999904632568
2016-05-11,782100,7.550000190734863,7.25,7.610000133514404,7.25,7.25
2016-05-10,1044000,7.760000228881836,7.570000171661377,7.760000228881836,7.150000095367432,7.570000171661377
2016-05-09,1133200,7.130000114440918,7.739999771118164,8.050000190734863,6.980000019073486,7.739999771118164
2016-05-06,1645700,7.659999847412109,7.090000152587891,7.699999809265137,6.789999961853027,7.090000152587891
2016-05-05,983400,7.03000020980835,6.880000114440918,7.130000114440918,6.760000228881836,6.880000114440918
2016-05-04,1269400,7.659999847412109,6.96999979019165,7.789999961853027,6.920000076293945,6.96999979019165
2016-05-03,907600,7.389999866485596,7.699999809265137,7.980000019073486,7.389999866485596,7.699999809265137
2016-05-02,1116100,7.519999980926514,7.75,7.75,7.289999961853027,7.75
2016-04-29,1516700,7.800000190734863,7.420000076293945,7.974999904632568,7.269999980926514,7.420000076293945
2016-04-28,968400,7.78000020980835,7.840000152587891,8.149999618530273,7.559999942779541,7.840000152587891
2016-04-27,1331600,7.96999979019165,7.789999961853027,8.109999656677246,7.650000095367432,7.789999961853027
2016-04-26,1717200,8.3100004196167,8.029999732971191,8.319999694824219,7.458000183105469,8.029999732971191
2016-04-25,1605200,8.260000228881836,8.289999961853027,8.75,8.260000228881836,8.289999961853027
2016-04-22,1490600,8.25,8.300000190734863,8.430000305175781,7.63100004196167,8.300000190734863
2016-04-21,2421400,7.46999979019165,8.25,8.40999984741211,7.449999809265137,8.25
2016-04-20,2687600,7.980000019073486,7.590000152587891,7.980000019073486,7.260000228881836,7.590000152587891
2016-04-19,1640000,8.229999542236328,7.960000038146973,8.600000381469727,7.8379998207092285,7.960000038146973
2016-04-18,7088500,8.399999618530273,8.329999923706055,8.75,7.909999847412109,8.329999923706055
2016-04-15,28675100,6.400000095367432,8.920000076293945,10.149999618530273,6.059999942779541,8.920000076293945
2016-04-14,394700,6.369999885559082,6.230000019073486,6.449999809265137,6.099999904632568,6.230000019073486
2016-04-13,779200,6.170000076293945,6.320000171661377,6.40500020980835,5.909999847412109,6.320000171661377
2016-04-12,945300,6.239999771118164,6.059999942779541,6.309999942779541,5.78000020980835,6.059999942779541
2016-04-11,610400,6.420000076293945,6.21999979019165,6.494999885559082,6.150000095367432,6.21999979019165
2016-04-08,1494900,7.239999771118164,6.369999885559082,7.289999961853027,6.260000228881836,6.369999885559082
2016-04-07,936900,6.909999847412109,7.079999923706055,7.210000038146973,6.739999771118164,7.079999923706055
2016-04-06,1089800,6.579999923706055,6.929999828338623,6.940000057220459,6.389999866485596,6.929999828338623
2016-04-05,621000,6.75,6.579999923706055,6.940000057220459,6.550000190734863,6.579999923706055
2016-04-04,1007800,6.760000228881836,6.789999961853027,7.179999828338623,6.690000057220459,6.789999961853027
2016-04-01,1468300,6.340000152587891,6.760000228881836,7.099999904632568,6.289999961853027,6.760000228881836
2016-03-31,1402200,6.050000190734863,6.440000057220459,6.690000057220459,5.980000019073486,6.440000057220459
2016-03-30,1013900,5.929999828338623,6.090000152587891,6.269999980926514,5.920000076293945,6.090000152587891
2016-03-29,817100,5.480000019073486,5.860000133514404,5.889999866485596,5.300000190734863,5.860000133514404
2016-03-28,573300,5.730000019073486,5.510000228881836,5.849999904632568,5.510000228881836,5.510000228881836
2016-03-24,656900,5.5,5.715000152587891,5.880000114440918,5.400000095367432,5.715000152587891
2016-03-23,1065900,6.25,5.659999847412109,6.440000057220459,5.650000095367432,5.659999847412109
2016-03-22,965000,6.150000095367432,6.230000019073486,6.320000171661377,6.0,6.230000019073486
2016-03-21,1132800,5.869999885559082,6.150000095367432,6.322000026702881,5.75,6.150000095367432
2016-03-18,3307300,5.599999904632568,5.929999828338623,6.039999961853027,5.570000171661377,5.929999828338623
2016-03-17,1388200,5.489999771118164,5.5,5.619999885559082,5.300000190734863,5.5
2016-03-16,1563200,5.599999904632568,5.480000019073486,5.730000019073486,5.269999980926514,5.480000019073486
2016-03-15,1555500,6.21999979019165,5.659999847412109,6.309999942779541,5.619999885559082,5.659999847412109
2016-03-14,1279300,6.090000152587891,6.320000171661377,6.460000038146973,5.949999809265137,6.320000171661377
2016-03-11,1484000,5.880000114440918,6.150000095367432,6.170000076293945,5.690000057220459,6.150000095367432
2016-03-10,1382600,5.989999771118164,5.760000228881836,6.130000114440918,5.619999885559082,5.760000228881836
2016-03-09,1575300,6.210000038146973,5.900000095367432,6.261000156402588,5.829999923706055,5.900000095367432
2016-03-08,1999500,6.190000057220459,6.159999847412109,6.420000076293945,6.159999847412109,6.159999847412109
2016-03-07,2528600,6.239999771118164,6.480000019073486,6.539999961853027,5.96999979019165,6.480000019073486
2016-03-04,2282400,6.099999904632568,6.059999942779541,6.25,5.849999904632568,6.059999942779541
2016-03-03,3727200,6.550000190734863,6.099999904632568,6.800000190734863,6.0,6.099999904632568
2016-03-02,7896500,5.75,6.400000095367432,6.679999828338623,5.571000099182129,6.400000095367432
2016-03-01,13132800,7.559999942779541,5.550000190734863,7.690000057220459,5.289999961853027,5.550000190734863
2016-02-29,6060600,7.929999828338623,7.980000019073486,8.569999694824219,7.789999961853027,7.980000019073486
2016-02-26,7719500,11.510000228881836,7.989999771118164,11.6899995803833,7.829999923706055,7.989999771118164
2016-02-25,7268800,10.949999809265137,11.319999694824219,12.260000228881836,10.520000457763672,11.319999694824219
2016-02-24,6438300,10.609999656677246,10.510000228881836,11.468999862670898,10.109999656677246,10.510000228881836
2016-02-23,26582000,16.1299991607666,10.84000015258789,17.0,10.800000190734863,10.84000015258789
2016-02-22,607600,29.770000457763672,28.260000228881836,29.979999542236328,27.760000228881836,28.260000228881836
2016-02-19,785500,29.15999984741211,28.84000015258789,29.700000762939453,27.559999465942383,28.84000015258789
2016-02-18,676900,29.670000076293945,29.229999542236328,30.229999542236328,28.670000076293945,29.229999542236328
2016-02-17,745700,28.6200008392334,29.770000457763672,30.0,28.09000015258789,29.770000457763672
2016-02-16,670900,26.200000762939453,27.959999084472656,28.219999313354492,25.799999237060547,27.959999084472656
2016-02-12,571200,24.510000228881836,25.510000228881836,25.610000610351562,23.200000762939453,25.510000228881836
2016-02-11,559400,23.139999389648438,24.229999542236328,24.799999237060547,22.670000076293945,24.229999542236328
2016-02-10,489700,24.239999771118164,23.729999542236328,25.809999465942383,23.479999542236328,23.729999542236328
2016-02-09,513900,22.850000381469727,23.760000228881836,25.6200008392334,22.360000610351562,23.760000228881836
2016-02-08,936700,24.299999237060547,23.3700008392334,24.84000015258789,22.645000457763672,23.3700008392334
2016-02-05,779100,26.450000762939453,24.6299991607666,26.889999389648438,24.110000610351562,24.6299991607666
2016-02-04,782300,24.899999618530273,26.700000762939453,27.719999313354492,24.8799991607666,26.700000762939453
2016-02-03,679000,24.239999771118164,25.15999984741211,25.334999084472656,23.290000915527344,25.15999984741211
2016-02-02,584200,24.200000762939453,23.989999771118164,24.700000762939453,23.600000381469727,23.989999771118164
2016-02-01,590500,23.81999969482422,24.739999771118164,25.09000015258789,22.799999237060547,24.739999771118164
2016-01-29,664500,23.0,23.81999969482422,24.552000045776367,22.790000915527344,23.81999969482422
2016-01-28,953700,24.510000228881836,23.030000686645508,24.600000381469727,22.309999465942383,23.030000686645508
2016-01-27,926000,26.0,24.09000015258789,26.229999542236328,23.700000762939453,24.09000015258789
2016-01-26,654700,25.959999084472656,26.079999923706055,26.709999084472656,24.709999084472656,26.079999923706055
2016-01-25,1293400,26.959999084472656,25.809999465942383,27.62299919128418,25.440000534057617,25.809999465942383
2016-01-22,545300,27.59000015258789,27.549999237060547,28.898000717163086,26.700000762939453,27.549999237060547
2016-01-21,1236500,26.75,26.8700008392334,29.350000381469727,26.559999465942383,26.8700008392334
2016-01-20,1324600,23.90999984741211,27.139999389648438,28.260000228881836,22.790000915527344,27.139999389648438
2016-01-19,1889200,23.760000228881836,24.510000228881836,26.200000762939453,23.1200008392334,24.510000228881836
2016-01-15,3401900,21.43000030517578,23.110000610351562,23.65999984741211,18.6299991607666,23.110000610351562
2016-01-14,1096000,22.649999618530273,23.829999923706055,24.389999389648438,20.610000610351562,23.829999923706055
2016-01-13,912300,24.059999465942383,22.65999984741211,24.469999313354492,21.440000534057617,22.65999984741211
2016-01-12,755500,23.31999969482422,23.8700008392334,24.540000915527344,22.030000686645508,23.8700008392334
2016-01-11,979500,26.5,23.18000030517578,26.59000015258789,22.610000610351562,23.18000030517578
2016-01-08,714900,28.190000534057617,26.31999969482422,28.690000534057617,26.139999389648438,26.31999969482422
2016-01-07,1231200,28.489999771118164,27.469999313354492,29.25,27.229999542236328,27.469999313354492
2016-01-06,890600,28.940000534057617,29.309999465942383,29.860000610351562,28.579999923706055,29.309999465942383
2016-01-05,659300,31.040000915527344,29.559999465942383,31.6200008392334,29.1299991607666,29.559999465942383
2016-01-04,751300,31.600000381469727,30.860000610351562,31.889999389648438,30.09000015258789,30.860000610351562
2015-12-31,362900,32.61000061035156,32.400001525878906,33.0,31.801000595092773,32.400001525878906
2015-12-30,353000,33.459999084472656,32.689998626708984,34.650001525878906,32.58000183105469,32.689998626708984
2015-12-29,334600,32.56999969482422,33.540000915527344,33.709999084472656,32.45000076293945,33.540000915527344
2015-12-28,430600,32.689998626708984,32.45000076293945,33.18000030517578,31.75,32.45000076293945
2015-12-24,287500,33.45000076293945,32.439998626708984,33.915000915527344,32.36000061035156,32.439998626708984
2015-12-23,541800,31.8700008392334,33.5,33.7400016784668,31.34000015258789,33.5
2015-12-22,481400,33.349998474121094,31.579999923706055,33.63999938964844,31.520000457763672,31.579999923706055
2015-12-21,677100,32.90999984741211,33.02000045776367,33.15999984741211,32.0,33.02000045776367
2015-12-18,1984500,32.20000076293945,32.5,33.959999084472656,31.040000915527344,32.5
2015-12-17,712500,34.29999923706055,32.5,35.400001525878906,32.2400016784668,32.5
2015-12-16,1762400,29.100000381469727,34.040000915527344,34.720001220703125,29.100000381469727,34.040000915527344
2015-12-15,892000,27.25,28.600000381469727,29.28499984741211,27.079999923706055,28.600000381469727
2015-12-14,890600,26.829999923706055,26.540000915527344,27.799999237060547,26.1200008392334,26.540000915527344
2015-12-11,756800,27.389999389648438,26.899999618530273,28.030000686645508,26.510000228881836,26.899999618530273
2015-12-10,437000,27.309999465942383,28.020000457763672,28.459999084472656,26.959999084472656,28.020000457763672
2015-12-09,438800,27.6299991607666,27.229999542236328,28.0,26.950000762939453,27.229999542236328
2015-12-08,713000,26.18000030517578,27.649999618530273,27.81999969482422,26.0,27.649999618530273
2015-12-07,677800,27.8700008392334,26.530000686645508,27.899999618530273,26.219999313354492,26.530000686645508
2015-12-04,909400,28.0,27.739999771118164,28.3700008392334,26.139999389648438,27.739999771118164
2015-12-03,685700,29.020000457763672,27.8799991607666,29.65999984741211,27.3700008392334,27.8799991607666
2015-12-02,425200,29.450000762939453,28.860000610351562,29.75,28.600000381469727,28.860000610351562
2015-12-01,712500,30.450000762939453,29.399999618530273,30.450000762939453,28.75,29.399999618530273
2015-11-30,693500,29.979999542236328,30.040000915527344,30.739999771118164,28.905000686645508,30.040000915527344
2015-11-27,438000,29.889999389648438,29.559999465942383,29.889999389648438,28.6200008392334,29.559999465942383
2015-11-25,1694600,28.610000610351562,29.520000457763672,30.579999923706055,28.1299991607666,29.520000457763672
2015-11-24,961600,30.520000457763672,31.75,31.799999237060547,29.1299991607666,31.75
2015-11-23,1443900,29.899999618530273,30.809999465942383,31.25,29.149999618530273,30.809999465942383
2015-11-20,2962200,27.8799991607666,29.0,32.119998931884766,27.170000076293945,29.0
2015-11-19,1486200,34.61000061035156,30.1200008392334,34.650001525878906,30.020000457763672,30.1200008392334
2015-11-18,1091900,32.90999984741211,34.68000030517578,34.79999923706055,32.75,34.68000030517578
2015-11-17,1332800,30.90999984741211,33.09000015258789,34.2400016784668,30.079999923706055,33.09000015258789
2015-11-16,635900,29.8799991607666,30.829999923706055,31.219999313354492,29.059999465942383,30.829999923706055
2015-11-13,631500,28.440000534057617,30.270000457763672,31.139999389648438,28.0,30.270000457763672
2015-11-12,743700,28.950000762939453,28.68000030517578,29.950000762939453,28.229999542236328,28.68000030517578
2015-11-11,577100,29.25,28.670000076293945,30.06999969482422,28.389999389648438,28.670000076293945
2015-11-10,1249100,26.799999237060547,29.299999237060547,30.479999542236328,26.420000076293945,29.299999237060547
2015-11-09,561300,28.06999969482422,27.459999084472656,28.670000076293945,27.280000686645508,27.459999084472656
2015-11-06,852700,27.020000457763672,28.09000015258789,28.489999771118164,26.350000381469727,28.09000015258789
2015-11-05,601400,27.489999771118164,27.010000228881836,27.670000076293945,26.030000686645508,27.010000228881836
2015-11-04,841700,27.81999969482422,27.670000076293945,28.479999542236328,26.43000030517578,27.670000076293945
2015-11-03,1185600,27.440000534057617,28.040000915527344,28.329999923706055,25.700000762939453,28.040000915527344
2015-11-02,1047500,25.18000030517578,27.639999389648438,27.70599937438965,24.8700008392334,27.639999389648438
2015-10-30,1028500,23.75,24.8700008392334,25.450000762939453,23.399999618530273,24.8700008392334
2015-10-29,834900,25.219999313354492,23.959999084472656,26.200000762939453,23.700000762939453,23.959999084472656
2015-10-28,1212100,23.420000076293945,25.219999313354492,25.25,22.670000076293945,25.219999313354492
2015-10-27,870400,24.260000228881836,23.639999389648438,25.139999389648438,23.239999771118164,23.639999389648438
2015-10-26,542500,25.219999313354492,24.229999542236328,25.670000076293945,24.079999923706055,24.229999542236328
2015-10-23,840800,24.90999984741211,25.600000381469727,26.399999618530273,24.709999084472656,25.600000381469727
2015-10-22,904000,25.280000686645508,24.989999771118164,26.0,24.100000381469727,24.989999771118164
2015-10-21,1294500,27.5,25.489999771118164,27.670000076293945,24.350000381469727,25.489999771118164
2015-10-20,1436800,30.040000915527344,26.850000381469727,30.7189998626709,26.799999237060547,26.850000381469727
2015-10-19,2745600,34.25,29.59000015258789,35.736000061035156,28.229999542236328,29.59000015258789
2015-10-16,7155000,34.0099983215332,35.25,35.75,31.260000228881836,35.25
2015-10-15,2835000,30.110000610351562,31.739999771118164,31.860000610351562,29.420000076293945,31.739999771118164
2015-10-14,1275700,29.399999618530273,29.979999542236328,30.850000381469727,26.899999618530273,29.979999542236328
2015-10-13,671800,31.139999389648438,29.219999313354492,32.04899978637695,28.8799991607666,29.219999313354492
2015-10-12,1153900,35.0,31.43000030517578,35.4900016784668,31.030000686645508,31.43000030517578
2015-10-09,933000,31.739999771118164,34.22999954223633,35.7599983215332,31.0,34.22999954223633
2015-10-08,1040300,30.979999542236328,31.950000762939453,33.099998474121094,29.520000457763672,31.950000762939453
2015-10-07,1180300,29.18000030517578,31.489999771118164,33.814998626708984,28.670000076293945,31.489999771118164
2015-10-06,794700,29.260000228881836,29.049999237060547,29.739999771118164,26.700000762939453,29.049999237060547
2015-10-05,833500,30.8799991607666,29.459999084472656,31.75,27.010000228881836,29.459999084472656
2015-10-02,866500,26.56999969482422,30.020000457763672,30.079999923706055,26.507999420166016,30.020000457763672
2015-10-01,690200,26.639999389648438,27.18000030517578,27.773000717163086,24.969999313354492,27.18000030517578
2015-09-30,1018100,26.0,26.700000762939453,28.34000015258789,24.75,26.700000762939453
2015-09-29,991300,27.0,25.110000610351562,28.59000015258789,24.6299991607666,25.110000610351562
2015-09-28,841700,29.1299991607666,27.010000228881836,29.549999237060547,26.209999084472656,27.010000228881836
2015-09-25,1097900,32.380001068115234,29.290000915527344,32.4900016784668,28.5,29.290000915527344
2015-09-24,770700,32.18000030517578,32.02000045776367,32.29999923706055,29.312000274658203,32.02000045776367
2015-09-23,576400,35.29999923706055,32.529998779296875,35.29999923706055,32.06999969482422,32.529998779296875
2015-09-22,834200,34.81999969482422,33.56999969482422,35.7400016784668,32.81999969482422,33.56999969482422
2015-09-21,1218500,38.470001220703125,35.22999954223633,38.970001220703125,32.880001068115234,35.22999954223633
2015-09-18,1590400,35.86000061035156,38.099998474121094,39.27000045776367,35.41999816894531,38.099998474121094
2015-09-17,786200,34.29999923706055,35.939998626708984,36.59000015258789,33.67599868774414,35.939998626708984
2015-09-16,1046600,37.150001525878906,34.52000045776367,37.70000076293945,33.75,34.52000045776367
2015-09-15,357300,37.849998474121094,37.13999938964844,38.040000915527344,36.869998931884766,37.13999938964844
2015-09-14,383900,38.040000915527344,37.91999816894531,38.20000076293945,36.79999923706055,37.91999816894531
2015-09-11,551900,37.66999816894531,37.79999923706055,38.27000045776367,36.400001525878906,37.79999923706055
2015-09-10,539000,36.630001068115234,37.91999816894531,38.099998474121094,36.15999984741211,37.91999816894531
2015-09-09,693400,40.11000061035156,36.880001068115234,40.75,36.529998779296875,36.880001068115234
2015-09-08,443800,38.97999954223633,39.540000915527344,39.810001373291016,37.849998474121094,39.540000915527344
2015-09-04,295500,37.369998931884766,38.029998779296875,38.41999816894531,36.68000030517578,38.029998779296875
2015-09-03,773300,38.5,37.84000015258789,39.599998474121094,37.43000030517578,37.84000015258789
2015-09-02,494500,37.7599983215332,38.36000061035156,38.784000396728516,36.77000045776367,38.36000061035156
2015-09-01,530000,37.22999954223633,36.93000030517578,38.810001373291016,36.5099983215332,36.93000030517578
2015-08-31,402300,40.2400016784668,38.189998626708984,41.47999954223633,38.0099983215332,38.189998626708984
2015-08-28,458000,40.88999938964844,40.619998931884766,41.32600021362305,39.5,40.619998931884766
2015-08-27,1086600,39.970001220703125,41.11000061035156,42.0,39.654998779296875,41.11000061035156
2015-08-26,943800,36.470001220703125,39.189998626708984,39.310001373291016,35.83000183105469,39.189998626708984
2015-08-25,1298400,36.75,35.75,37.880001068115234,35.452999114990234,35.75
2015-08-24,795700,32.25,32.70000076293945,35.41999816894531,29.079999923706055,32.70000076293945
2015-08-21,762400,35.11000061035156,35.084999084472656,36.880001068115234,34.189998626708984,35.084999084472656
2015-08-20,588300,38.06999969482422,36.11000061035156,38.65999984741211,36.08000183105469,36.11000061035156
2015-08-19,679800,39.689998626708984,38.43000030517578,39.689998626708984,37.290000915527344,38.43000030517578
2015-08-18,559900,40.439998626708984,39.119998931884766,40.66999816894531,39.0,39.119998931884766
2015-08-17,1131900,37.59000015258789,41.04999923706055,41.27000045776367,36.7599983215332,41.04999923706055
2015-08-14,696800,37.540000915527344,37.25,38.22999954223633,36.439998626708984,37.25
2015-08-13,826300,39.36000061035156,37.720001220703125,39.95000076293945,37.529998779296875,37.720001220703125
2015-08-12,762000,38.88999938964844,39.0099983215332,39.9900016784668,37.367000579833984,39.0099983215332
2015-08-11,2166900,40.0,39.665000915527344,41.30099868774414,37.141998291015625,39.665000915527344
2015-08-10,591700,43.54999923706055,43.34000015258789,45.040000915527344,42.88999938964844,43.34000015258789
2015-08-07,776600,45.540000915527344,43.25,45.93000030517578,42.08000183105469,43.25
2015-08-06,464500,49.619998931884766,45.689998626708984,50.68000030517578,45.58000183105469,45.689998626708984
2015-08-05,378000,49.959999084472656,49.369998931884766,51.38999938964844,49.09000015258789,49.369998931884766
2015-08-04,525800,51.58000183105469,49.7599983215332,52.310001373291016,49.099998474121094,49.7599983215332
2015-08-03,638000,51.2400016784668,51.880001068115234,53.88999938964844,50.900001525878906,51.880001068115234
2015-07-31,548100,50.849998474121094,51.209999084472656,52.20000076293945,49.888999938964844,51.209999084472656
2015-07-30,515900,51.27000045776367,50.7400016784668,51.689998626708984,49.65599822998047,50.7400016784668
2015-07-29,560700,53.560001373291016,51.02000045776367,53.560001373291016,49.86000061035156,51.02000045776367
2015-07-28,752900,53.540000915527344,53.880001068115234,54.61000061035156,52.11000061035156,53.880001068115234
2015-07-27,775300,57.560001373291016,53.380001068115234,57.869998931884766,53.29999923706055,53.380001068115234
2015-07-24,577800,58.900001525878906,58.119998931884766,60.93000030517578,57.650001525878906,58.119998931884766
2015-07-23,608900,59.45000076293945,59.880001068115234,60.76499938964844,58.86000061035156,59.880001068115234
2015-07-22,578000,57.04999923706055,59.619998931884766,59.900001525878906,56.900001525878906,59.619998931884766
2015-07-21,578600,62.04999923706055,57.619998931884766,62.11000061035156,56.970001220703125,57.619998931884766
2015-07-20,821700,60.75,61.849998474121094,62.150001525878906,58.79999923706055,61.849998474121094
2015-07-17,1001100,58.95000076293945,60.189998626708984,60.599998474121094,57.0099983215332,60.189998626708984
2015-07-16,705400,56.5099983215332,58.709999084472656,59.369998931884766,56.0,58.709999084472656
2015-07-15,1994300,53.459999084472656,56.0,57.25,51.7400016784668,56.0
2015-07-14,458900,48.130001068115234,48.939998626708984,50.11000061035156,47.5,48.939998626708984
2015-07-13,415300,46.63999938964844,47.63999938964844,49.189998626708984,46.63999938964844,47.63999938964844
2015-07-10,337500,45.540000915527344,46.4900016784668,47.529998779296875,44.84000015258789,46.4900016784668
2015-07-09,404100,45.099998474121094,44.7400016784668,45.5,44.189998626708984,44.7400016784668
2015-07-08,311900,46.04999923706055,44.47999954223633,47.08000183105469,44.130001068115234,44.47999954223633
2015-07-07,332300,47.560001373291016,46.88999938964844,48.060001373291016,45.349998474121094,46.88999938964844
2015-07-06,457100,47.38999938964844,47.630001068115234,48.45500183105469,46.63999938964844,47.630001068115234
2015-07-02,517600,47.86000061035156,47.83000183105469,48.404998779296875,45.90999984741211,47.83000183105469
2015-07-01,313500,49.02000045776367,47.84000015258789,49.5,47.33000183105469,47.84000015258789
2015-06-30,371100,47.75,48.130001068115234,48.75,46.91999816894531,48.130001068115234
2015-06-29,507000,47.95000076293945,47.43000030517578,49.529998779296875,46.90999984741211,47.43000030517578
2015-06-26,1553400,50.97999954223633,48.849998474121094,51.77000045776367,48.06999969482422,48.849998474121094
2015-06-25,480500,51.959999084472656,51.060001373291016,52.38999938964844,49.900001525878906,51.060001373291016
2015-06-24,391700,52.70000076293945,51.47999954223633,53.5099983215332,51.0629997253418,51.47999954223633
2015-06-23,520300,52.97999954223633,52.709999084472656,53.75,50.95000076293945,52.709999084472656
2015-06-22,645500,49.029998779296875,52.439998626708984,52.54999923706055,47.90999984741211,52.439998626708984
2015-06-19,524400,49.29999923706055,49.22999954223633,49.869998931884766,48.52000045776367,49.22999954223633
2015-06-18,504300,48.47999954223633,49.40999984741211,50.374000549316406,48.27000045776367,49.40999984741211
2015-06-17,410500,47.630001068115234,47.90999984741211,49.36000061035156,47.2599983215332,47.90999984741211
2015-06-16,1199000,50.20000076293945,47.689998626708984,50.209999084472656,46.16999816894531,47.689998626708984
2015-06-15,522900,50.5,50.25,51.130001068115234,48.75,50.25
2015-06-12,565300,52.529998779296875,51.060001373291016,52.86899948120117,50.939998626708984,51.060001373291016
2015-06-11,838700,53.16999816894531,52.5,54.54999923706055,52.04999923706055,52.5
2015-06-10,352300,54.25,53.900001525878906,54.380001068115234,52.90999984741211,53.900001525878906
2015-06-09,578400,54.29999923706055,53.540000915527344,54.34000015258789,52.0099983215332,53.540000915527344
2015-06-08,864500,56.0,54.54999923706055,57.08000183105469,53.22999954223633,54.54999923706055
2015-06-05,367800,56.36000061035156,56.91999816894531,57.459999084472656,54.93000030517578,56.91999816894531
2015-06-04,396100,57.43000030517578,56.45000076293945,58.81999969482422,55.459999084472656,56.45000076293945
2015-06-03,458600,56.66999816894531,58.0099983215332,58.7599983215332,56.209999084472656,58.0099983215332
2015-06-02,649800,55.90999984741211,57.04999923706055,57.479000091552734,55.7599983215332,57.04999923706055
2015-06-01,621400,58.0,56.630001068115234,58.494998931884766,55.90999984741211,56.630001068115234
2015-05-29,566600,55.5099983215332,58.09000015258789,58.45000076293945,55.349998474121094,58.09000015258789
2015-05-28,522600,56.11000061035156,55.849998474121094,56.5099983215332,54.77000045776367,55.849998474121094
2015-05-27,667300,54.529998779296875,56.349998474121094,56.689998626708984,54.52000045776367,56.349998474121094
2015-05-26,552700,54.86000061035156,54.529998779296875,55.75,54.34000015258789,54.529998779296875
2015-05-22,1054300,55.72999954223633,55.0099983215332,56.68899917602539,53.93000030517578,55.0099983215332
2015-05-21,960800,54.0,55.209999084472656,55.369998931884766,53.97999954223633,55.209999084472656
2015-05-20,679200,51.68000030517578,53.939998626708984,54.8849983215332,51.31999969482422,53.939998626708984
2015-05-19,751500,52.47999954223633,51.09000015258789,52.75,50.470001220703125,51.09000015258789
2015-05-18,1235700,52.43000030517578,51.9900016784668,54.2400016784668,51.5,51.9900016784668
2015-05-15,912100,53.40999984741211,52.09000015258789,55.59000015258789,51.779998779296875,52.09000015258789
2015-05-14,347500,55.5,54.33000183105469,55.650001525878906,53.439998626708984,54.33000183105469
2015-05-13,525300,55.13999938964844,55.5099983215332,56.16999816894531,54.630001068115234,55.5099983215332
2015-05-12,692300,54.380001068115234,54.970001220703125,55.04999923706055,53.16999816894531,54.970001220703125
2015-05-11,684000,54.290000915527344,54.88999938964844,56.790000915527344,54.290000915527344,54.88999938964844
2015-05-08,730400,55.5,54.040000915527344,57.04999923706055,53.81999969482422,54.040000915527344
2015-05-07,878400,55.349998474121094,55.130001068115234,56.43000030517578,53.57500076293945,55.130001068115234
2015-05-06,1153600,54.130001068115234,55.0,58.83000183105469,53.2599983215332,55.0
2015-05-05,1991300,55.5,53.130001068115234,58.20000076293945,52.369998931884766,53.130001068115234
2015-05-04,684700,59.2599983215332,60.84000015258789,61.880001068115234,59.20000076293945,60.84000015258789
2015-05-01,710600,59.470001220703125,59.86000061035156,61.0,58.0099983215332,59.86000061035156
2015-04-30,1399400,62.29999923706055,58.75,63.150001525878906,57.810001373291016,58.75
2015-04-29,377200,63.939998626708984,62.47999954223633,66.16000366210938,61.70000076293945,62.47999954223633
2015-04-28,538500,65.95999908447266,64.5199966430664,67.30000305175781,62.939998626708984,64.5199966430664
2015-04-27,994400,70.30000305175781,65.83999633789062,70.4749984741211,63.369998931884766,65.83999633789062
2015-04-24,337900,70.88999938964844,70.4800033569336,73.00499725341797,70.4219970703125,70.4800033569336
2015-04-23,884200,74.4000015258789,71.36000061035156,74.4000015258789,71.33000183105469,71.36000061035156
2015-04-22,528500,71.04000091552734,70.9800033569336,72.30999755859375,69.52999877929688,70.9800033569336
2015-04-21,408600,69.66999816894531,70.9800033569336,71.48999786376953,69.49500274658203,70.9800033569336
2015-04-20,489400,71.56999969482422,69.45999908447266,71.90499877929688,69.0999984741211,69.45999908447266
2015-04-17,685300,70.45999908447266,70.73999786376953,71.97000122070312,69.5999984741211,70.73999786376953
2015-04-16,1180500,70.16000366210938,70.98999786376953,72.9260025024414,68.8499984741211,70.98999786376953
2015-04-15,504900,69.41999816894531,67.3499984741211,69.7300033569336,66.552001953125,67.3499984741211
2015-04-14,381900,71.30000305175781,69.08999633789062,72.13500213623047,69.01000213623047,69.08999633789062
2015-04-13,466600,72.11000061035156,71.12000274658203,73.94000244140625,70.66000366210938,71.12000274658203
2015-04-10,470200,71.94000244140625,71.66000366210938,72.70999908447266,69.62999725341797,71.66000366210938
2015-04-09,1574700,72.94999694824219,71.7699966430664,78.72000122070312,68.87999725341797,71.7699966430664
2015-04-08,705200,66.25,69.48999786376953,69.5,66.25,69.48999786376953
2015-04-07,455200,65.77999877929688,66.1500015258789,68.50499725341797,65.16000366210938,66.1500015258789
2015-04-06,697400,64.70999908447266,66.11000061035156,67.5999984741211,64.20999908447266,66.11000061035156
2015-04-02,709800,62.689998626708984,64.86000061035156,64.95999908447266,61.45000076293945,64.86000061035156
2015-04-01,705900,61.0,62.380001068115234,63.13999938964844,58.099998474121094,62.380001068115234
2015-03-31,685200,64.66000366210938,60.849998474121094,64.81999969482422,60.619998931884766,60.849998474121094
2015-03-30,604700,63.25,64.8499984741211,64.9800033569336,61.19499969482422,64.8499984741211
2015-03-27,694800,60.54999923706055,62.619998931884766,64.83999633789062,60.04999923706055,62.619998931884766
2015-03-26,1335700,61.599998474121094,60.470001220703125,62.040000915527344,58.29499816894531,60.470001220703125
2015-03-25,1307000,65.62000274658203,62.220001220703125,65.7699966430664,61.72999954223633,62.220001220703125
2015-03-24,933500,68.31999969482422,66.02999877929688,69.54499816894531,65.55000305175781,66.02999877929688
2015-03-23,576800,69.9000015258789,68.81999969482422,70.87000274658203,68.33999633789062,68.81999969482422
2015-03-20,1277700,69.7699966430664,70.05000305175781,70.87999725341797,66.81999969482422,70.05000305175781
2015-03-19,1021000,71.38999938964844,69.2300033569336,73.20999908447266,68.0199966430664,69.2300033569336
2015-03-18,806800,77.5,71.55000305175781,77.72000122070312,71.25,71.55000305175781
2015-03-17,556100,72.91000366210938,77.52999877929688,77.87000274658203,72.48999786376953,77.52999877929688
2015-03-16,484100,73.36000061035156,73.70999908447266,74.69000244140625,72.0,73.70999908447266
2015-03-13,786500,75.13999938964844,73.2699966430664,76.63999938964844,73.19999694824219,73.2699966430664
2015-03-12,599300,74.87999725341797,75.04000091552734,76.22000122070312,73.625,75.04000091552734
2015-03-11,590800,72.26000213623047,74.56999969482422,75.23999786376953,71.5199966430664,74.56999969482422
2015-03-10,565300,69.86000061035156,72.23999786376953,73.0999984741211,69.86000061035156,72.23999786376953
2015-03-09,614400,71.12999725341797,71.04000091552734,72.37000274658203,70.0,71.04000091552734
2015-03-06,430500,72.56999969482422,71.12999725341797,73.24400329589844,71.0199966430664,71.12999725341797
2015-03-05,700900,71.55999755859375,72.72000122070312,73.30000305175781,71.55999755859375,72.72000122070312
2015-03-04,628500,69.16000366210938,70.45500183105469,71.88999938964844,68.08000183105469,70.45500183105469
2015-03-03,1048600,69.98999786376953,69.08000183105469,70.98999786376953,66.11000061035156,69.08000183105469
2015-03-02,903300,69.2699966430664,70.29000091552734,71.45999908447266,68.4000015258789,70.29000091552734
2015-02-27,1028700,70.5,71.33000183105469,75.94000244140625,69.76000213623047,71.33000183105469
2015-02-26,754700,73.73999786376953,73.45999908447266,74.8499984741211,71.29000091552734,73.45999908447266
2015-02-25,1684500,71.55000305175781,73.58999633789062,74.93000030517578,70.61399841308594,73.58999633789062
2015-02-24,2161100,67.11000061035156,71.16000366210938,71.52999877929688,64.45999908447266,71.16000366210938
2015-02-23,2357800,54.88999938964844,64.95999908447266,68.44000244140625,54.665000915527344,64.95999908447266
2015-02-20,198000,55.45000076293945,55.189998626708984,55.79999923706055,54.529998779296875,55.189998626708984
2015-02-19,227400,55.77000045776367,55.310001373291016,56.59000015258789,54.4900016784668,55.310001373291016
2015-02-18,289300,53.849998474121094,55.29999923706055,55.31999969482422,51.81999969482422,55.29999923706055
2015-02-17,274300,53.650001525878906,53.83000183105469,55.165000915527344,53.099998474121094,53.83000183105469
2015-02-13,142500,54.25,53.369998931884766,55.290000915527344,52.4379997253418,53.369998931884766
2015-02-12,195900,52.540000915527344,54.11000061035156,54.38999938964844,51.70000076293945,54.11000061035156
2015-02-11,133500,51.5,51.779998779296875,53.83000183105469,51.15999984741211,51.779998779296875
2015-02-10,166700,50.290000915527344,51.79999923706055,52.16999816894531,49.709999084472656,51.79999923706055
2015-02-09,161200,50.22999954223633,49.900001525878906,51.14500045776367,48.689998626708984,49.900001525878906
2015-02-06,209000,51.4900016784668,50.560001373291016,53.599998474121094,50.119998931884766,50.560001373291016
2015-02-05,223500,48.560001373291016,51.709999084472656,52.0,48.30500030517578,51.709999084472656
2015-02-04,438500,50.0099983215332,48.150001525878906,50.220001220703125,46.915000915527344,48.150001525878906
2015-02-03,372200,53.70000076293945,50.220001220703125,54.27000045776367,48.349998474121094,50.220001220703125
2015-02-02,593700,55.33000183105469,53.689998626708984,55.619998931884766,52.220001220703125,53.689998626708984
2015-01-30,248800,55.13999938964844,54.90999984741211,56.58000183105469,54.290000915527344,54.90999984741211
2015-01-29,234900,54.209999084472656,55.43000030517578,55.650001525878906,53.540000915527344,55.43000030517578
2015-01-28,257900,55.34000015258789,53.9900016784668,56.04999923706055,52.72999954223633,53.9900016784668
2015-01-27,210800,55.029998779296875,54.959999084472656,56.029998779296875,53.810001373291016,54.959999084472656
2015-01-26,329100,55.22999954223633,55.93000030517578,56.40999984741211,53.709999084472656,55.93000030517578
2015-01-23,326800,56.650001525878906,55.529998779296875,57.540000915527344,54.869998931884766,55.529998779296875
2015-01-22,858200,58.459999084472656,55.540000915527344,58.797000885009766,53.0,55.540000915527344
2015-01-21,341800,59.68000030517578,57.91999816894531,60.38999938964844,57.59000015258789,57.91999816894531
2015-01-20,631200,59.130001068115234,59.880001068115234,61.16999816894531,58.25,59.880001068115234
2015-01-16,287100,57.31999969482422,58.599998474121094,58.84000015258789,56.2400016784668,58.599998474121094
2015-01-15,531600,57.459999084472656,57.619998931884766,58.72999954223633,56.0,57.619998931884766
2015-01-14,248700,56.61000061035156,57.459999084472656,58.9900016784668,56.25,57.459999084472656
2015-01-13,443900,54.0,57.33000183105469,59.06999969482422,53.75,57.33000183105469
2015-01-12,201900,54.0,53.70000076293945,54.18000030517578,52.52000045776367,53.70000076293945
2015-01-09,177200,54.45000076293945,53.619998931884766,54.45000076293945,51.810001373291016,53.619998931884766
2015-01-08,290800,53.95000076293945,54.18000030517578,56.560001373291016,53.09000015258789,54.18000030517578
2015-01-07,276500,51.900001525878906,53.209999084472656,53.88999938964844,51.310001373291016,53.209999084472656
2015-01-06,275100,53.189998626708984,51.06999969482422,54.150001525878906,49.93000030517578,51.06999969482422
2015-01-05,352400,50.59000015258789,52.68000030517578,53.959999084472656,50.16999816894531,52.68000030517578
2015-01-02,280400,52.529998779296875,51.0,52.810001373291016,50.029998779296875,51.0
2014-12-31,293000,52.84000015258789,51.77000045776367,54.189998626708984,51.61000061035156,51.77000045776367
2014-12-30,185500,53.59000015258789,52.79999923706055,54.5,52.58000183105469,52.79999923706055
2014-12-29,127800,53.06999969482422,53.619998931884766,54.494998931884766,52.31999969482422,53.619998931884766
2014-12-26,155400,51.66999816894531,53.369998931884766,54.040000915527344,51.395999908447266,53.369998931884766
2014-12-24,210900,50.86000061035156,51.65999984741211,53.290000915527344,50.83599853515625,51.65999984741211
2014-12-23,638500,56.59000015258789,50.900001525878906,56.59000015258789,50.5,50.900001525878906
2014-12-22,349600,55.7400016784668,55.25,57.349998474121094,54.70000076293945,55.25
2014-12-19,1629300,57.029998779296875,56.689998626708984,57.5,54.880001068115234,56.689998626708984
2014-12-18,510300,54.70000076293945,54.959999084472656,54.9900016784668,52.599998474121094,54.959999084472656
2014-12-17,398300,48.06999969482422,50.880001068115234,51.27000045776367,48.06999969482422,50.880001068115234
2014-12-16,462900,50.0,48.41999816894531,50.7599983215332,48.38999938964844,48.41999816894531
2014-12-15,600900,56.119998931884766,50.45000076293945,56.9900016784668,50.150001525878906,50.45000076293945
2014-12-12,363900,54.599998474121094,55.869998931884766,56.84000015258789,53.77000045776367,55.869998931884766
2014-12-11,558300,54.0099983215332,55.33000183105469,56.45800018310547,53.87200164794922,55.33000183105469
2014-12-10,586700,55.0099983215332,53.33000183105469,55.849998474121094,53.02000045776367,53.33000183105469
2014-12-09,1003800,52.25,55.0,56.97999954223633,50.40999984741211,55.0
2014-12-08,492400,49.63999938964844,52.290000915527344,53.224998474121094,49.63999938964844,52.290000915527344
2014-12-05,430900,47.20000076293945,49.5,49.779998779296875,47.20000076293945,49.5
2014-12-04,768100,47.75,46.90999984741211,50.29999923706055,46.41999816894531,46.90999984741211
2014-12-03,244700,48.5099983215332,46.900001525878906,48.63999938964844,45.70000076293945,46.900001525878906
2014-12-02,548600,43.099998474121094,47.779998779296875,48.66999816894531,42.5099983215332,47.779998779296875
2014-12-01,207800,44.779998779296875,43.220001220703125,45.18000030517578,43.04999923706055,43.220001220703125
2014-11-28,131100,45.209999084472656,44.75,46.59000015258789,44.560001373291016,44.75
2014-11-26,255600,44.560001373291016,44.81999969482422,45.36000061035156,43.91999816894531,44.81999969482422
2014-11-25,600100,44.65999984741211,44.61000061035156,45.9900016784668,42.15999984741211,44.61000061035156
2014-11-24,633700,42.0,44.40999984741211,44.65999984741211,39.91999816894531,44.40999984741211
2014-11-21,187800,40.16999816894531,39.77000045776367,40.25,38.970001220703125,39.77000045776367
2014-11-20,101900,38.93000030517578,39.439998626708984,40.16999816894531,38.779998779296875,39.439998626708984
2014-11-19,240100,40.31999969482422,38.869998931884766,40.43000030517578,38.619998931884766,38.869998931884766
2014-11-18,266600,39.189998626708984,40.060001373291016,40.75,38.939998626708984,40.060001373291016
2014-11-17,167100,39.029998779296875,39.189998626708984,40.470001220703125,38.5,39.189998626708984
2014-11-14,200000,40.959999084472656,38.88999938964844,41.04999923706055,38.68000030517578,38.88999938964844
2014-11-13,381300,41.209999084472656,41.189998626708984,42.0,40.5,41.189998626708984
2014-11-12,226000,40.27000045776367,41.31999969482422,41.97999954223633,40.08000183105469,41.31999969482422
2014-11-11,318100,41.22999954223633,40.720001220703125,42.099998474121094,40.5099983215332,40.720001220703125
2014-11-10,319800,40.060001373291016,41.66999816894531,41.68000030517578,39.68000030517578,41.66999816894531
2014-11-07,285300,41.900001525878906,40.2400016784668,41.900001525878906,39.78099822998047,40.2400016784668
2014-11-06,422600,39.290000915527344,42.16999816894531,42.2400016784668,38.9900016784668,42.16999816894531
2014-11-05,283500,41.36000061035156,38.970001220703125,41.36000061035156,38.61000061035156,38.970001220703125
2014-11-04,224700,41.11000061035156,40.81999969482422,41.849998474121094,40.220001220703125,40.81999969482422
2014-11-03,329500,40.869998931884766,41.31999969482422,42.0099983215332,40.540000915527344,41.31999969482422
2014-10-31,518000,41.97999954223633,40.869998931884766,42.0,39.970001220703125,40.869998931884766
2014-10-30,465600,39.38999938964844,40.72999954223633,42.77000045776367,39.31999969482422,40.72999954223633
2014-10-29,435200,41.33000183105469,39.630001068115234,41.4900016784668,38.78099822998047,39.630001068115234
2014-10-28,509100,37.900001525878906,41.29999923706055,41.7400016784668,37.599998474121094,41.29999923706055
2014-10-27,299600,36.66999816894531,37.630001068115234,37.689998626708984,35.959999084472656,37.630001068115234
2014-10-24,646500,37.84000015258789,36.45000076293945,38.31999969482422,35.59000015258789,36.45000076293945
2014-10-23,608400,37.7400016784668,37.959999084472656,38.560001373291016,37.04800033569336,37.959999084472656
2014-10-22,282000,37.9900016784668,36.970001220703125,38.380001068115234,36.56999969482422,36.970001220703125
2014-10-21,365400,37.970001220703125,37.900001525878906,38.029998779296875,36.720001220703125,37.900001525878906
2014-10-20,293600,36.84000015258789,37.560001373291016,37.959999084472656,36.83000183105469,37.560001373291016
2014-10-17,476500,38.060001373291016,37.029998779296875,38.119998931884766,36.93000030517578,37.029998779296875
2014-10-16,521500,36.369998931884766,37.54999923706055,37.900001525878906,35.56999969482422,37.54999923706055
2014-10-15,573900,33.81999969482422,37.06999969482422,38.470001220703125,33.02000045776367,37.06999969482422
2014-10-14,643800,36.04999923706055,36.900001525878906,38.0,34.5,36.900001525878906
2014-10-13,602000,34.43000030517578,35.59000015258789,36.84000015258789,33.97999954223633,35.59000015258789
2014-10-10,1622100,36.150001525878906,34.59000015258789,36.75,34.150001525878906,34.59000015258789
2014-10-09,570000,38.58000183105469,36.59000015258789,38.58000183105469,35.40999984741211,36.59000015258789
2014-10-08,526800,39.650001525878906,39.41999816894531,40.54999923706055,37.65999984741211,39.41999816894531
2014-10-07,291600,41.0,40.43000030517578,42.02000045776367,39.930999755859375,40.43000030517578
2014-10-06,508400,43.63999938964844,41.11000061035156,44.0099983215332,40.41999816894531,41.11000061035156
2014-10-03,268300,45.849998474121094,45.83000183105469,46.86199951171875,45.349998474121094,45.83000183105469
2014-10-02,262900,42.52000045776367,45.18000030517578,45.209999084472656,42.040000915527344,45.18000030517578
2014-10-01,407100,43.970001220703125,42.7400016784668,44.27000045776367,41.560001373291016,42.7400016784668
2014-09-30,412900,45.349998474121094,44.0099983215332,45.349998474121094,43.79999923706055,44.0099983215332
2014-09-29,444000,46.0,45.619998931884766,47.0,45.099998474121094,45.619998931884766
2014-09-26,419600,44.540000915527344,46.34000015258789,47.20000076293945,43.68000030517578,46.34000015258789
2014-09-25,852000,43.5,44.470001220703125,46.279998779296875,43.5,44.470001220703125
2014-09-24,365900,41.2599983215332,43.689998626708984,43.97999954223633,40.755001068115234,43.689998626708984
2014-09-23,281600,41.77000045776367,40.45000076293945,41.900001525878906,39.70000076293945,40.45000076293945
2014-09-22,281400,41.02000045776367,41.099998474121094,41.720001220703125,39.11000061035156,41.099998474121094
2014-09-19,690700,40.5,40.93000030517578,41.45000076293945,39.36000061035156,40.93000030517578
2014-09-18,474400,38.58000183105469,40.099998474121094,40.66999816894531,38.209999084472656,40.099998474121094
2014-09-17,338200,36.0,38.380001068115234,38.54999923706055,36.0,38.380001068115234
2014-09-16,369400,35.90999984741211,36.209999084472656,36.4900016784668,35.04999923706055,36.209999084472656
2014-09-15,656800,36.5,36.47999954223633,37.959999084472656,34.63999938964844,36.47999954223633
2014-09-12,183300,33.65999984741211,32.720001220703125,33.928001403808594,32.439998626708984,32.720001220703125
2014-09-11,246800,33.369998931884766,33.86000061035156,34.11000061035156,32.209999084472656,33.86000061035156
2014-09-10,263800,33.540000915527344,33.88999938964844,34.029998779296875,32.70000076293945,33.88999938964844
2014-09-09,585300,33.70000076293945,33.7400016784668,36.165000915527344,33.57600021362305,33.7400016784668
2014-09-08,451200,30.969999313354492,33.91999816894531,33.97999954223633,30.969999313354492,33.91999816894531
2014-09-05,211600,29.549999237060547,30.959999084472656,31.239999771118164,29.18000030517578,30.959999084472656
2014-09-04,195500,30.6200008392334,29.770000457763672,30.781999588012695,29.59000015258789,29.770000457763672
2014-09-03,190800,31.190000534057617,30.540000915527344,31.889999389648438,30.239999771118164,30.540000915527344
2014-09-02,134400,32.27000045776367,31.020000457763672,32.27000045776367,30.610000610351562,31.020000457763672
2014-08-29,221400,31.360000610351562,31.65999984741211,31.780000686645508,30.100000381469727,31.65999984741211
2014-08-28,308500,31.540000915527344,31.329999923706055,32.189998626708984,29.700000762939453,31.329999923706055
2014-08-27,251800,32.45000076293945,32.0,33.327999114990234,31.180999755859375,32.0
2014-08-26,251600,31.690000534057617,32.33000183105469,32.54999923706055,31.68000030517578,32.33000183105469
2014-08-25,194200,30.510000228881836,31.770000457763672,32.2599983215332,30.229999542236328,31.770000457763672
2014-08-22,181200,29.68000030517578,30.0,30.170000076293945,29.139999389648438,30.0
2014-08-21,186400,31.059999465942383,29.790000915527344,31.969999313354492,29.520000457763672,29.790000915527344
2014-08-20,179000,32.36000061035156,31.010000228881836,32.36000061035156,30.940000534057617,31.010000228881836
2014-08-19,214100,33.93000030517578,32.56999969482422,33.959999084472656,32.290000915527344,32.56999969482422
2014-08-18,446900,34.25,33.869998931884766,34.349998474121094,33.27000045776367,33.869998931884766
2014-08-15,523400,32.56999969482422,33.41999816894531,33.7400016784668,32.56999969482422,33.41999816894531
2014-08-14,306700,30.299999237060547,32.220001220703125,32.31999969482422,30.299999237060547,32.220001220703125
2014-08-13,250900,28.950000762939453,30.459999084472656,30.489999771118164,28.770000457763672,30.459999084472656
2014-08-12,284700,27.700000762939453,28.600000381469727,28.860000610351562,27.56999969482422,28.600000381469727
2014-08-11,299200,26.780000686645508,27.959999084472656,28.260000228881836,26.559999465942383,27.959999084472656
2014-08-08,195300,27.25,26.610000610351562,27.25,26.09000015258789,26.610000610351562
2014-08-07,361600,30.100000381469727,27.3799991607666,30.100000381469727,27.139999389648438,27.3799991607666
2014-08-06,263300,29.739999771118164,30.399999618530273,30.700000762939453,29.549999237060547,30.399999618530273
2014-08-05,434800,28.520000457763672,30.270000457763672,30.479999542236328,28.100000381469727,30.270000457763672
2014-08-04,466300,27.979999542236328,28.8799991607666,28.989999771118164,26.020000457763672,28.8799991607666
2014-08-01,265600,26.889999389648438,27.739999771118164,28.315000534057617,26.1299991607666,27.739999771118164
2014-07-31,171400,28.280000686645508,26.420000076293945,28.351999282836914,26.34000015258789,26.420000076293945
2014-07-30,199700,28.329999923706055,28.989999771118164,29.950000762939453,27.559999465942383,28.989999771118164
2014-07-29,124700,27.270000457763672,27.969999313354492,28.56999969482422,26.940000534057617,27.969999313354492
2014-07-28,301700,27.719999313354492,27.270000457763672,27.959999084472656,26.639999389648438,27.270000457763672
2014-07-25,248600,27.6200008392334,27.799999237060547,28.1299991607666,27.18000030517578,27.799999237060547
2014-07-24,232400,28.610000610351562,27.899999618530273,29.100000381469727,27.549999237060547,27.899999618530273
2014-07-23,317000,27.219999313354492,28.350000381469727,28.450000762939453,27.209999084472656,28.350000381469727
2014-07-22,254100,25.510000228881836,26.920000076293945,27.170000076293945,25.040000915527344,26.920000076293945
2014-07-21,104800,23.549999237060547,24.530000686645508,24.899999618530273,22.860000610351562,24.530000686645508
2014-07-18,150000,23.15999984741211,23.81999969482422,23.889999389648438,22.700000762939453,23.81999969482422
2014-07-17,243500,23.049999237060547,23.190000534057617,24.520000457763672,22.899999618530273,23.190000534057617
2014-07-16,168000,24.450000762939453,23.479999542236328,24.450000762939453,23.155000686645508,23.479999542236328
2014-07-15,232100,24.5,24.309999465942383,24.6200008392334,23.209999084472656,24.309999465942383
2014-07-14,69000,24.969999313354492,24.579999923706055,24.969999313354492,24.139999389648438,24.579999923706055
2014-07-11,110400,24.34000015258789,24.510000228881836,25.93000030517578,24.15999984741211,24.510000228881836
2014-07-10,197500,24.020000457763672,24.420000076293945,25.25,23.579999923706055,24.420000076293945
2014-07-09,231500,25.100000381469727,25.1299991607666,25.989999771118164,24.43000030517578,25.1299991607666
2014-07-08,228100,26.68000030517578,25.049999237060547,26.700000762939453,24.56999969482422,25.049999237060547
2014-07-07,267200,27.989999771118164,26.709999084472656,27.989999771118164,26.020000457763672,26.709999084472656
2014-07-03,66200,27.350000381469727,27.260000228881836,27.739999771118164,26.799999237060547,27.260000228881836
2014-07-02,187500,27.729999542236328,27.219999313354492,28.309999465942383,26.920000076293945,27.219999313354492
2014-07-01,435600,26.290000915527344,27.899999618530273,28.5,26.280000686645508,27.899999618530273
2014-06-30,315600,27.700000762939453,26.139999389648438,28.479999542236328,25.799999237060547,26.139999389648438
2014-06-27,1946800,26.540000915527344,27.5,27.979999542236328,26.469999313354492,27.5
2014-06-26,225400,26.8799991607666,26.780000686645508,26.989999771118164,26.264999389648438,26.780000686645508
2014-06-25,211600,25.969999313354492,26.75,26.989999771118164,25.600000381469727,26.75
2014-06-24,189700,26.549999237060547,26.229999542236328,26.979999542236328,25.780000686645508,26.229999542236328
2014-06-23,270200,26.899999618530273,26.600000381469727,26.920000076293945,25.649999618530273,26.600000381469727
2014-06-20,702600,26.25,26.760000228881836,26.979999542236328,25.610000610351562,26.760000228881836
2014-06-19,253300,26.200000762939453,26.149999618530273,26.450000762939453,25.280000686645508,26.149999618530273
2014-06-18,308900,25.3700008392334,26.229999542236328,26.350000381469727,24.90999984741211,26.229999542236328
2014-06-17,161000,25.399999618530273,25.479999542236328,25.809999465942383,24.940000534057617,25.479999542236328
2014-06-16,300000,25.329999923706055,25.299999237060547,25.649999618530273,24.649999618530273,25.299999237060547
2014-06-13,168100,25.56999969482422,25.229999542236328,25.56999969482422,24.059999465942383,25.229999542236328
2014-06-12,175800,25.549999237060547,25.350000381469727,25.81999969482422,24.8799991607666,25.350000381469727
2014-06-11,309400,25.219999313354492,25.8700008392334,25.989999771118164,24.799999237060547,25.8700008392334
2014-06-10,211400,25.0,25.3799991607666,25.8700008392334,24.433000564575195,25.3799991607666
2014-06-09,334400,24.540000915527344,24.899999618530273,25.969999313354492,24.22100067138672,24.899999618530273
2014-06-06,271600,24.280000686645508,24.540000915527344,24.937000274658203,24.040000915527344,24.540000915527344
2014-06-05,439100,23.18000030517578,24.280000686645508,24.649999618530273,22.440000534057617,24.280000686645508
2014-06-04,315500,21.639999389648438,22.149999618530273,22.280000686645508,21.06999969482422,22.149999618530273
2014-06-03,255200,22.700000762939453,21.65999984741211,22.850000381469727,21.149999618530273,21.65999984741211
2014-06-02,323000,23.700000762939453,22.700000762939453,23.940000534057617,22.399999618530273,22.700000762939453
2014-05-30,469800,23.360000610351562,23.709999084472656,24.450000762939453,22.549999237060547,23.709999084472656
2014-05-29,467900,24.75,23.25,25.299999237060547,22.90999984741211,23.25
2014-05-28,1468400,21.299999237060547,24.3700008392334,25.719999313354492,20.8799991607666,24.3700008392334
2014-05-27,1163100,20.229999542236328,21.18000030517578,21.479999542236328,19.56999969482422,21.18000030517578
2014-05-23,10198100,27.690000534057617,20.030000686645508,28.75,19.799999237060547,20.030000686645508
2014-05-22,281200,14.65999984741211,15.319999694824219,15.350000381469727,14.531999588012695,15.319999694824219
2014-05-21,96300,14.899999618530273,14.670000076293945,15.0,14.510000228881836,14.670000076293945
2014-05-20,96300,15.489999771118164,14.9399995803833,15.489999771118164,14.579999923706055,14.9399995803833
2014-05-19,75700,14.9399995803833,15.640000343322754,16.31999969482422,14.9399995803833,15.640000343322754
2014-05-16,102000,15.039999961853027,15.069999694824219,15.119999885559082,14.520000457763672,15.069999694824219
2014-05-15,172400,16.309999465942383,15.170000076293945,16.579999923706055,15.029999732971191,15.170000076293945
2014-05-14,95900,16.65999984741211,16.5,17.350000381469727,16.350000381469727,16.5
2014-05-13,123100,17.34000015258789,16.790000915527344,17.809999465942383,16.634000778198242,16.790000915527344
2014-05-12,319200,17.139999389648438,17.399999618530273,18.360000610351562,17.02199935913086,17.399999618530273
2014-05-09,135400,17.239999771118164,16.959999084472656,17.239999771118164,16.190000534057617,16.959999084472656
2014-05-08,233400,17.5,17.389999389648438,18.253000259399414,16.989999771118164,17.389999389648438
2014-05-07,220800,17.6200008392334,17.600000381469727,17.959999084472656,16.799999237060547,17.600000381469727
2014-05-06,160800,18.68000030517578,17.440000534057617,19.059999465942383,17.34000015258789,17.440000534057617
2014-05-05,103400,18.0,18.670000076293945,19.1299991607666,17.621000289916992,18.670000076293945
2014-05-02,135500,20.690000534057617,18.139999389648438,20.690000534057617,18.0,18.139999389648438
2014-05-01,158600,19.3799991607666,20.520000457763672,20.8799991607666,18.649999618530273,20.520000457763672
2014-04-30,152000,19.200000762939453,19.540000915527344,19.75,17.329999923706055,19.540000915527344
2014-04-29,191800,17.600000381469727,19.350000381469727,19.639999389648438,17.329999923706055,19.350000381469727
2014-04-28,194400,18.049999237060547,17.43000030517578,18.450000762939453,15.979999542236328,17.43000030517578
2014-04-25,174700,18.6299991607666,17.90999984741211,18.809999465942383,17.59000015258789,17.90999984741211
2014-04-24,492400,19.030000686645508,18.829999923706055,20.649999618530273,17.579999923706055,18.829999923706055
2014-04-23,306300,20.299999237060547,18.799999237060547,20.364999771118164,18.719999313354492,18.799999237060547
2014-04-22,354300,18.719999313354492,20.719999313354492,21.059999465942383,18.719999313354492,20.719999313354492
2014-04-21,193800,18.739999771118164,18.579999923706055,20.222000122070312,18.350000381469727,18.579999923706055
2014-04-17,131300,19.6200008392334,18.780000686645508,20.260000228881836,18.579999923706055,18.780000686645508
2014-04-16,704400,19.18000030517578,19.770000457763672,20.389999389648438,18.889999389648438,19.770000457763672
2014-04-15,427800,18.579999923706055,19.040000915527344,19.8700008392334,17.170000076293945,19.040000915527344
2014-04-14,457400,19.670000076293945,18.81999969482422,20.020000457763672,17.8700008392334,18.81999969482422
2014-04-11,347800,20.110000610351562,19.350000381469727,21.540000915527344,19.100000381469727,19.350000381469727
2014-04-10,234600,23.34000015258789,20.389999389648438,24.209999084472656,19.920000076293945,20.389999389648438
2014-04-09,143400,23.09000015258789,23.479999542236328,23.760000228881836,22.530000686645508,23.479999542236328
2014-04-08,146600,23.5,23.09000015258789,24.43000030517578,22.549999237060547,23.09000015258789
2014-04-07,192400,22.18000030517578,23.420000076293945,23.81999969482422,21.469999313354492,23.420000076293945
2014-04-04,336900,24.010000228881836,22.399999618530273,24.8799991607666,21.34000015258789,22.399999618530273
2014-04-03,156700,25.200000762939453,23.84000015258789,26.43000030517578,23.520000457763672,23.84000015258789
2014-04-02,147200,26.510000228881836,25.100000381469727,27.899999618530273,25.0,25.100000381469727
2014-04-01,126900,26.290000915527344,27.079999923706055,28.0,25.760000228881836,27.079999923706055
2014-03-31,237000,25.06999969482422,26.139999389648438,26.5,24.850000381469727,26.139999389648438
2014-03-28,253800,27.219999313354492,24.860000610351562,27.8700008392334,24.56999969482422,24.860000610351562
2014-03-27,205200,26.139999389648438,27.190000534057617,27.389999389648438,25.3700008392334,27.190000534057617
2014-03-26,274100,27.440000534057617,26.06999969482422,27.860000610351562,25.690000534057617,26.06999969482422
2014-03-25,304800,26.700000762939453,27.31999969482422,27.809999465942383,26.309999465942383,27.31999969482422
2014-03-24,448000,31.0,26.5,31.219999313354492,25.6200008392334,26.5
2014-03-21,1144500,31.829999923706055,31.010000228881836,31.829999923706055,28.079999923706055,31.010000228881836
2014-03-20,172600,31.440000534057617,31.809999465942383,32.0,30.520000457763672,31.809999465942383
2014-03-19,104100,31.68000030517578,31.600000381469727,32.380001068115234,30.940000534057617,31.600000381469727
2014-03-18,177000,30.729999542236328,31.75,32.060001373291016,30.43000030517578,31.75
2014-03-17,225300,31.229999542236328,30.809999465942383,31.299999237060547,30.40999984741211,30.809999465942383
2014-03-14,225100,31.770000457763672,30.989999771118164,31.940000534057617,30.559999465942383,30.989999771118164
2014-03-13,353200,32.04999923706055,31.979999542236328,32.4900016784668,31.0,31.979999542236328
2014-03-12,243600,31.3799991607666,32.130001068115234,32.189998626708984,31.0,32.130001068115234
2014-03-11,170800,31.139999389648438,31.6200008392334,32.0,30.260000228881836,31.6200008392334
2014-03-10,209600,30.850000381469727,31.049999237060547,31.309999465942383,29.770000457763672,31.049999237060547
2014-03-07,616000,32.810001373291016,31.0,33.349998474121094,28.229999542236328,31.0
2014-03-06,233200,33.84000015258789,33.380001068115234,34.650001525878906,32.68000030517578,33.380001068115234
2014-03-05,186800,33.869998931884766,33.83000183105469,34.04999923706055,33.220001220703125,33.83000183105469
2014-03-04,202800,32.709999084472656,33.86000061035156,34.290000915527344,31.579999923706055,33.86000061035156
2014-03-03,356800,30.799999237060547,32.380001068115234,32.709999084472656,29.479999542236328,32.380001068115234
2014-02-28,469700,34.20000076293945,31.360000610351562,34.619998931884766,30.059999465942383,31.360000610351562
2014-02-27,214700,32.150001525878906,33.970001220703125,34.220001220703125,31.860000610351562,33.970001220703125
2014-02-26,230100,32.119998931884766,32.349998474121094,33.7400016784668,31.200000762939453,32.349998474121094
2014-02-25,262000,29.899999618530273,32.209999084472656,33.02000045776367,29.030000686645508,32.209999084472656
2014-02-24,176000,29.829999923706055,29.920000076293945,30.459999084472656,29.610000610351562,29.920000076293945
2014-02-21,394000,30.200000762939453,29.959999084472656,31.0,29.600000381469727,29.959999084472656
2014-02-20,454100,28.770000457763672,30.25,30.56999969482422,28.530000686645508,30.25
2014-02-19,143400,28.31999969482422,28.549999237060547,28.989999771118164,27.940000534057617,28.549999237060547
2014-02-18,293500,27.6200008392334,28.43000030517578,29.170000076293945,27.459999084472656,28.43000030517578
2014-02-14,188700,26.299999237060547,26.6200008392334,27.729999542236328,25.90999984741211,26.6200008392334
2014-02-13,2178400,25.600000381469727,26.030000686645508,26.399999618530273,24.690000534057617,26.030000686645508
2014-02-12,103400,23.420000076293945,25.1299991607666,25.489999771118164,22.8700008392334,25.1299991607666
2014-02-11,111800,25.049999237060547,23.479999542236328,25.049999237060547,23.40999984741211,23.479999542236328
2014-02-10,93500,22.829999923706055,25.020000457763672,25.6200008392334,22.829999923706055,25.020000457763672
2014-02-07,89400,22.1299991607666,22.760000228881836,23.09000015258789,21.75,22.760000228881836
2014-02-06,198400,22.030000686645508,22.020000457763672,22.34000015258789,21.799999237060547,22.020000457763672
2014-02-05,174000,22.889999389648438,21.90999984741211,22.940000534057617,21.670000076293945,21.90999984741211
2014-02-04,149500,22.469999313354492,23.0,23.850000381469727,22.3700008392334,23.0
2014-02-03,139700,26.049999237060547,22.299999237060547,26.889999389648438,22.190000534057617,22.299999237060547
2014-01-31,153100,26.350000381469727,26.06999969482422,26.770000457763672,25.829999923706055,26.06999969482422
2014-01-30,464900,25.709999084472656,26.829999923706055,27.43000030517578,24.799999237060547,26.829999923706055
2014-01-29,285600,26.799999237060547,25.709999084472656,26.899999618530273,25.489999771118164,25.709999084472656
2014-01-28,482100,27.010000228881836,27.049999237060547,27.670000076293945,26.6200008392334,27.049999237060547
2014-01-27,274400,26.6299991607666,26.90999984741211,27.75,26.15999984741211,26.90999984741211
2014-01-24,1078300,21.850000381469727,26.899999618530273,27.670000076293945,21.75,26.899999618530273
2014-01-23,257700,26.700000762939453,26.219999313354492,27.010000228881836,25.209999084472656,26.219999313354492
2014-01-22,546000,28.729999542236328,26.84000015258789,28.81999969482422,26.760000228881836,26.84000015258789
2014-01-21,432400,29.31999969482422,28.959999084472656,30.399999618530273,28.540000915527344,28.959999084472656
2014-01-17,481800,26.5,29.31999969482422,30.0,26.5,29.31999969482422
2014-01-16,783000,25.0,26.549999237060547,27.649999618530273,24.43000030517578,26.549999237060547
2014-01-15,437800,21.959999084472656,24.639999389648438,24.989999771118164,21.770000457763672,24.639999389648438
2014-01-14,212500,19.889999389648438,21.8700008392334,21.959999084472656,19.8700008392334,21.8700008392334
2014-01-13,176300,19.75,19.8700008392334,20.790000915527344,19.299999237060547,19.8700008392334
2014-01-10,149200,18.0,19.5,20.219999313354492,17.93000030517578,19.5
2014-01-09,79600,17.989999771118164,18.040000915527344,18.270000457763672,17.780000686645508,18.040000915527344
2014-01-08,110500,16.850000381469727,17.75,17.84000015258789,16.850000381469727,17.75
2014-01-07,59400,16.780000686645508,16.709999084472656,17.09000015258789,16.25,16.709999084472656
2014-01-06,27500,17.540000915527344,16.719999313354492,17.719999313354492,16.469999313354492,16.719999313354492
2014-01-03,67200,16.760000228881836,17.450000762939453,17.510000228881836,16.209999084472656,17.450000762939453
2014-01-02,101100,16.729999542236328,16.739999771118164,17.18000030517578,16.31999969482422,16.739999771118164
2013-12-31,124600,17.5,16.969999313354492,17.579999923706055,16.93000030517578,16.969999313354492
2013-12-30,45600,17.989999771118164,17.5,17.989999771118164,17.440000534057617,17.5
2013-12-27,75700,18.299999237060547,17.799999237060547,18.299999237060547,17.6200008392334,17.799999237060547
2013-12-26,103800,19.0,18.309999465942383,19.200000762939453,17.770000457763672,18.309999465942383
2013-12-24,87200,18.200000762939453,19.100000381469727,19.200000762939453,17.899999618530273,19.100000381469727
2013-12-23,200000,18.829999923706055,18.40999984741211,18.829999923706055,17.639999389648438,18.40999984741211
2013-12-20,780600,18.75,18.84000015258789,19.1200008392334,18.049999237060547,18.84000015258789
2013-12-19,77200,18.93000030517578,18.770000457763672,18.969999313354492,18.459999084472656,18.770000457763672
2013-12-18,181200,19.219999313354492,19.0,19.299999237060547,18.690000534057617,19.0
2013-12-17,325400,19.299999237060547,19.149999618530273,19.719999313354492,18.610000610351562,19.149999618530273
2013-12-16,540300,17.06999969482422,19.34000015258789,19.56999969482422,16.950000762939453,19.34000015258789
2013-12-13,114500,16.860000610351562,16.979999542236328,17.15999984741211,15.630000114440918,16.979999542236328
2013-12-12,85800,15.920000076293945,16.770000457763672,17.1299991607666,15.920000076293945,16.770000457763672
2013-12-11,44600,16.479999542236328,15.960000038146973,16.479999542236328,15.600000381469727,15.960000038146973
2013-12-10,41800,16.979999542236328,16.469999313354492,17.260000228881836,16.020000457763672,16.469999313354492
2013-12-09,72000,16.829999923706055,16.989999771118164,17.260000228881836,16.700000762939453,16.989999771118164
2013-12-06,55900,16.110000610351562,16.6200008392334,16.920000076293945,15.970000267028809,16.6200008392334
2013-12-05,44700,15.729999542236328,15.979999542236328,16.190000534057617,15.510000228881836,15.979999542236328
2013-12-04,60600,15.470000267028809,15.680000305175781,15.930000305175781,15.34000015258789,15.680000305175781
2013-12-03,49800,15.630000114440918,15.59000015258789,15.649999618530273,15.210000038146973,15.59000015258789
2013-12-02,66500,15.75,15.609999656677246,16.610000610351562,15.220000267028809,15.609999656677246
2013-11-29,28400,15.579999923706055,15.670000076293945,16.979999542236328,15.380000114440918,15.670000076293945
2013-11-27,29400,15.119999885559082,15.479999542236328,15.819999694824219,14.65999984741211,15.479999542236328
2013-11-26,96300,14.760000228881836,15.0,15.399999618530273,14.470000267028809,15.0
2013-11-25,18600,14.680000305175781,14.710000038146973,14.890000343322754,14.329999923706055,14.710000038146973
2013-11-22,50800,14.779999732971191,14.75,15.479999542236328,14.6899995803833,14.75
2013-11-21,53900,14.039999961853027,14.75,15.520000457763672,13.8100004196167,14.75
2013-11-20,95300,15.25,14.0600004196167,15.25,13.930000305175781,14.0600004196167
2013-11-19,78900,13.5600004196167,14.15999984741211,14.3100004196167,13.270000457763672,14.15999984741211
2013-11-18,88300,14.59000015258789,13.59000015258789,14.729999542236328,13.149999618530273,13.59000015258789
2013-11-15,259400,15.859999656677246,14.5600004196167,16.100000381469727,14.479999542236328,14.5600004196167
2013-11-14,114300,17.290000915527344,15.869999885559082,17.34000015258789,15.420000076293945,15.869999885559082
2013-11-13,41400,16.34000015258789,16.309999465942383,16.649999618530273,16.049999237060547,16.309999465942383
2013-11-12,138400,16.959999084472656,16.420000076293945,17.1200008392334,15.619999885559082,16.420000076293945
2013-11-11,83400,16.860000610351562,17.030000686645508,17.200000762939453,16.25,17.030000686645508
2013-11-08,61800,16.68000030517578,16.860000610351562,17.309999465942383,16.65999984741211,16.860000610351562
2013-11-07,102000,17.270000457763672,16.700000762939453,17.299999237060547,16.170000076293945,16.700000762939453
2013-11-06,279700,18.1200008392334,17.25,18.329999923706055,16.899999618530273,17.25
2013-11-05,67700,18.270000457763672,17.979999542236328,18.899999618530273,17.969999313354492,17.979999542236328
2013-11-04,215000,17.510000228881836,18.290000915527344,18.3799991607666,16.56999969482422,18.290000915527344
2013-11-01,338300,17.8700008392334,17.5,19.0,16.510000228881836,17.5
2013-10-31,76000,18.270000457763672,18.040000915527344,19.0,17.690000534057617,18.040000915527344
2013-10-30,38600,19.799999237060547,18.290000915527344,19.799999237060547,18.200000762939453,18.290000915527344
2013-10-29,87100,20.420000076293945,19.81999969482422,20.5,19.25,19.81999969482422
2013-10-28,56600,20.65999984741211,20.43000030517578,20.979999542236328,19.93000030517578,20.43000030517578
2013-10-25,429300,20.56999969482422,20.709999084472656,20.770000457763672,20.34000015258789,20.709999084472656
2013-10-24,71700,20.65999984741211,20.479999542236328,20.780000686645508,20.350000381469727,20.479999542236328
2013-10-23,105700,21.079999923706055,20.729999542236328,21.950000762939453,17.739999771118164,20.729999542236328
2013-10-22,263300,20.5,21.239999771118164,21.93000030517578,20.389999389648438,21.239999771118164
2013-10-21,76700,19.200000762939453,20.520000457763672,20.75,18.5,20.520000457763672
2013-10-18,48600,19.469999313354492,19.239999771118164,19.790000915527344,18.670000076293945,19.239999771118164
2013-10-17,91400,18.40999984741211,19.469999313354492,19.670000076293945,18.40999984741211,19.469999313354492
2013-10-16,63500,18.209999084472656,18.440000534057617,18.639999389648438,17.389999389648438,18.440000534057617
2013-10-15,88300,17.670000076293945,18.280000686645508,18.90999984741211,16.899999618530273,18.280000686645508
2013-10-14,113300,17.049999237060547,17.760000228881836,18.280000686645508,16.809999465942383,17.760000228881836
2013-10-11,104700,18.40999984741211,17.200000762939453,18.40999984741211,16.450000762939453,17.200000762939453
2013-10-10,140700,17.239999771118164,17.43000030517578,17.59000015258789,15.59000015258789,17.43000030517578
2013-10-09,248800,16.799999237060547,16.8700008392334,17.219999313354492,15.350000381469727,16.8700008392334
2013-10-08,159000,19.049999237060547,16.84000015258789,19.84000015258789,16.520000457763672,16.84000015258789
2013-10-07,51000,18.829999923706055,19.110000610351562,19.34000015258789,18.829999923706055,19.110000610351562
2013-10-04,75400,19.270000457763672,19.030000686645508,19.600000381469727,18.84000015258789,19.030000686645508
2013-10-03,109900,20.309999465942383,19.389999389648438,20.600000381469727,19.200000762939453,19.389999389648438
2013-10-02,95000,22.299999237060547,20.360000610351562,22.299999237060547,20.190000534057617,20.360000610351562
2013-10-01,182100,21.450000762939453,22.389999389648438,22.420000076293945,20.780000686645508,22.389999389648438
2013-09-30,906000,21.309999465942383,21.459999084472656,21.790000915527344,19.850000381469727,21.459999084472656
2013-09-27,168100,21.770000457763672,21.3700008392334,21.770000457763672,20.170000076293945,21.3700008392334
2013-09-26,124400,21.989999771118164,21.450000762939453,22.510000228881836,20.530000686645508,21.450000762939453
2013-09-25,126400,21.399999618530273,21.84000015258789,22.229999542236328,20.84000015258789,21.84000015258789
2013-09-24,212300,22.3700008392334,21.389999389648438,23.0,20.25,21.389999389648438
2013-09-23,552500,17.899999618530273,22.479999542236328,24.3799991607666,17.899999618530273,22.479999542236328
2013-09-20,125000,18.770000457763672,17.8799991607666,19.31999969482422,17.459999084472656,17.8799991607666
2013-09-19,47400,19.770000457763672,19.520000457763672,20.149999618530273,19.030000686645508,19.520000457763672
2013-09-18,69900,19.65999984741211,19.729999542236328,19.739999771118164,18.350000381469727,19.729999542236328
2013-09-17,58900,20.350000381469727,19.760000228881836,20.889999389648438,19.389999389648438,19.760000228881836
2013-09-16,82600,21.43000030517578,20.780000686645508,21.440000534057617,20.299999237060547,20.780000686645508
2013-09-13,69400,21.200000762939453,21.34000015258789,21.899999618530273,20.299999237060547,21.34000015258789
2013-09-12,70300,20.489999771118164,20.420000076293945,20.850000381469727,20.0,20.420000076293945
2013-09-11,65200,21.989999771118164,20.399999618530273,21.989999771118164,19.579999923706055,20.399999618530273
2013-09-10,151400,21.010000228881836,21.860000610351562,22.3700008392334,20.829999923706055,21.860000610351562
2013-09-09,142600,19.110000610351562,20.8799991607666,21.010000228881836,18.1299991607666,20.8799991607666
2013-09-06,11600,19.450000762939453,19.06999969482422,19.450000762939453,18.670000076293945,19.06999969482422
2013-09-05,32600,18.950000762939453,19.100000381469727,19.25,18.600000381469727,19.100000381469727
2013-09-04,237800,18.299999237060547,18.739999771118164,18.950000762939453,17.950000762939453,18.739999771118164
2013-09-03,84300,19.09000015258789,18.149999618530273,19.09000015258789,17.760000228881836,18.149999618530273
2013-08-30,91200,17.639999389648438,17.940000534057617,18.25,17.639999389648438,17.940000534057617
2013-08-29,25300,16.959999084472656,17.489999771118164,17.510000228881836,16.959999084472656,17.489999771118164
2013-08-28,43400,16.540000915527344,16.6200008392334,17.31999969482422,16.34000015258789,16.6200008392334
2013-08-27,15500,16.360000610351562,16.56999969482422,16.90999984741211,16.360000610351562,16.56999969482422
2013-08-26,24000,16.030000686645508,16.200000762939453,16.989999771118164,15.5600004196167,16.200000762939453
2013-08-23,6800,15.9399995803833,15.819999694824219,16.520000457763672,15.039999961853027,15.819999694824219
2013-08-22,27100,15.729999542236328,16.149999618530273,16.15999984741211,15.0,16.149999618530273
2013-08-21,6200,15.5600004196167,15.59000015258789,15.75,15.34000015258789,15.59000015258789
2013-08-20,43900,15.989999771118164,15.630000114440918,16.030000686645508,15.4399995803833,15.630000114440918
2013-08-19,15700,15.5,15.859999656677246,16.0,15.5,15.859999656677246
2013-08-16,19900,15.579999923706055,15.65999984741211,16.100000381469727,15.4399995803833,15.65999984741211
2013-08-15,17300,15.020000457763672,15.550000190734863,15.579999923706055,15.020000457763672,15.550000190734863
2013-08-14,179300,15.180000305175781,15.640000343322754,15.75,14.350000381469727,15.640000343322754
2013-08-13,103000,15.579999923706055,15.0,15.579999923706055,14.5600004196167,15.0
2013-08-12,52600,15.350000381469727,15.460000038146973,15.710000038146973,14.859999656677246,15.460000038146973
2013-08-09,18700,15.199999809265137,15.420000076293945,16.0,15.199999809265137,15.420000076293945
2013-08-08,206700,15.079999923706055,14.949999809265137,15.699999809265137,14.710000038146973,14.949999809265137
2013-08-07,156100,14.489999771118164,14.859999656677246,15.829999923706055,14.420000076293945,14.859999656677246
2013-08-06,195000,15.0,14.529999732971191,15.199999809265137,14.3100004196167,14.529999732971191
2013-08-05,47000,14.0600004196167,14.920000076293945,15.170000076293945,14.0,14.920000076293945
2013-08-02,186800,14.729999542236328,14.0600004196167,14.729999542236328,13.880000114440918,14.0600004196167
2013-08-01,183100,15.640000343322754,14.619999885559082,16.100000381469727,14.260000228881836,14.619999885559082
2013-07-31,87800,15.489999771118164,15.65999984741211,16.040000915527344,14.40999984741211,15.65999984741211
2013-07-30,239300,16.770000457763672,15.579999923706055,16.889999389648438,15.579999923706055,15.579999923706055
2013-07-29,15400,16.670000076293945,16.549999237060547,16.8700008392334,16.350000381469727,16.549999237060547
2013-07-26,61400,16.18000030517578,16.56999969482422,17.329999923706055,16.18000030517578,16.56999969482422
2013-07-25,84300,16.110000610351562,16.139999389648438,16.229999542236328,15.5,16.139999389648438
2013-07-24,93800,16.739999771118164,16.100000381469727,16.739999771118164,15.90999984741211,16.100000381469727
2013-07-23,148800,17.020000457763672,16.770000457763672,17.219999313354492,16.399999618530273,16.770000457763672
2013-07-22,172100,17.700000762939453,16.979999542236328,17.700000762939453,16.75,16.979999542236328
2013-07-19,251400,17.780000686645508,17.75,18.40999984741211,17.09000015258789,17.75
2013-07-18,149400,18.0,18.399999618530273,18.469999313354492,17.8799991607666,18.399999618530273
2013-07-17,210900,16.780000686645508,17.81999969482422,17.81999969482422,16.75,17.81999969482422
2013-07-16,249800,18.5,16.56999969482422,18.5,16.510000228881836,16.56999969482422
2013-07-15,188800,17.3700008392334,17.170000076293945,17.700000762939453,16.219999313354492,17.170000076293945
2013-07-12,82200,16.940000534057617,16.940000534057617,16.950000762939453,16.312000274658203,16.940000534057617
2013-07-11,87200,16.030000686645508,16.34000015258789,16.5,15.829999923706055,16.34000015258789
2013-07-10,45400,15.5,15.800000190734863,15.800000190734863,15.199999809265137,15.800000190734863
2013-07-09,13900,15.970000267028809,15.515000343322754,15.989999771118164,15.3100004196167,15.515000343322754
2013-07-08,72900,15.199999809265137,15.920000076293945,15.920000076293945,15.1899995803833,15.920000076293945
2013-07-05,12600,15.850000381469727,15.199999809265137,16.229999542236328,15.024999618530273,15.199999809265137
2013-07-03,13000,16.239999771118164,15.15999984741211,16.239999771118164,15.15999984741211,15.15999984741211
2013-07-02,90800,15.510000228881836,16.1299991607666,17.389999389648438,15.043999671936035,16.1299991607666
2013-07-01,59100,14.850000381469727,15.0,15.074000358581543,14.420000076293945,15.0
2013-06-28,166200,13.479999542236328,15.0,15.180000305175781,13.479999542236328,15.0
2013-06-27,580600,16.100000381469727,13.630000114440918,16.190000534057617,13.03499984741211,13.630000114440918
2013-06-26,1056200,16.81999969482422,16.045000076293945,17.0,15.699999809265137,16.045000076293945
2013-06-25,116400,17.40999984741211,17.540000915527344,17.920000076293945,17.3799991607666,17.540000915527344
2013-06-24,146300,17.25,17.350000381469727,17.809999465942383,16.329999923706055,17.350000381469727
2013-06-21,181700,16.75,17.5,17.719999313354492,16.5,17.5
2013-06-20,3371700,15.800000190734863,16.489999771118164,17.399999618530273,15.630000114440918,16.489999771118164
