date,volume,open,close,high,low,adjclose
2019-04-18,155100,20.469999313354492,20.139999389648438,20.959999084472656,19.90999984741211,20.139999389648438
2019-04-17,127200,20.770000457763672,20.3700008392334,20.920000076293945,20.3700008392334,20.3700008392334
2019-04-16,147600,20.799999237060547,20.670000076293945,21.110000610351562,20.510000228881836,20.670000076293945
2019-04-15,79900,20.920000076293945,20.829999923706055,21.09000015258789,20.6299991607666,20.829999923706055
2019-04-12,91900,21.15999984741211,20.93000030517578,21.15999984741211,20.5,20.93000030517578
2019-04-11,67100,21.510000228881836,21.030000686645508,21.610000610351562,20.700000762939453,21.030000686645508
2019-04-10,89700,21.600000381469727,21.510000228881836,21.8700008392334,21.299999237060547,21.510000228881836
2019-04-09,90700,21.6299991607666,21.56999969482422,21.700000762939453,21.15999984741211,21.56999969482422
2019-04-08,110500,21.190000534057617,21.469999313354492,21.610000610351562,21.1200008392334,21.469999313354492
2019-04-05,135900,20.969999313354492,21.239999771118164,21.610000610351562,20.709999084472656,21.239999771118164
2019-04-04,96200,20.65999984741211,20.959999084472656,21.190000534057617,20.31999969482422,20.959999084472656
2019-04-03,186700,20.6200008392334,20.739999771118164,21.360000610351562,20.600000381469727,20.739999771118164
2019-04-02,134500,20.110000610351562,20.3700008392334,20.75,19.649999618530273,20.3700008392334
2019-04-01,249100,19.290000915527344,20.1200008392334,20.469999313354492,18.969999313354492,20.1200008392334
2019-03-29,278200,20.459999084472656,19.3799991607666,20.799999237060547,19.040000915527344,19.3799991607666
2019-03-28,130800,21.299999237060547,20.709999084472656,21.59000015258789,20.299999237060547,20.709999084472656
2019-03-27,207200,21.190000534057617,21.329999923706055,21.530000686645508,20.649999618530273,21.329999923706055
2019-03-26,195000,20.790000915527344,21.459999084472656,21.770000457763672,20.399999618530273,21.459999084472656
2019-03-25,229200,21.860000610351562,20.600000381469727,21.860000610351562,19.709999084472656,20.600000381469727
2019-03-22,317200,21.030000686645508,21.68000030517578,21.979999542236328,20.479999542236328,21.68000030517578
2019-03-21,396400,20.3799991607666,20.700000762939453,21.280000686645508,19.84000015258789,20.700000762939453
2019-03-20,879600,18.510000228881836,20.59000015258789,21.15999984741211,17.420000076293945,20.59000015258789
2019-03-19,403600,17.280000686645508,18.020000457763672,19.299999237060547,17.280000686645508,18.020000457763672
2019-03-18,207000,19.190000534057617,19.350000381469727,19.489999771118164,18.75,19.350000381469727
2019-03-15,236000,19.309999465942383,18.860000610351562,19.479999542236328,18.75,18.860000610351562
2019-03-14,297700,19.0,18.8799991607666,19.649999618530273,18.700000762939453,18.8799991607666
2019-03-13,184600,19.09000015258789,18.850000381469727,19.139999389648438,18.709999084472656,18.850000381469727
2019-03-12,164700,19.309999465942383,18.950000762939453,19.440000534057617,18.850000381469727,18.950000762939453
2019-03-11,182300,19.389999389648438,19.239999771118164,19.440000534057617,18.729999542236328,19.239999771118164
2019-03-08,176900,19.149999618530273,19.3799991607666,20.420000076293945,19.149999618530273,19.3799991607666
2019-03-07,237400,19.520000457763672,19.049999237060547,19.600000381469727,18.780000686645508,19.049999237060547
2019-03-06,463300,20.889999389648438,19.420000076293945,21.190000534057617,19.010000228881836,19.420000076293945
2019-03-05,1181400,25.559999465942383,20.190000534057617,25.799999237060547,19.639999389648438,20.190000534057617
2019-03-04,74600,26.59000015258789,25.56999969482422,26.59000015258789,25.200000762939453,25.56999969482422
2019-03-01,37300,26.889999389648438,26.520000457763672,27.110000610351562,26.200000762939453,26.520000457763672
2019-02-28,48400,26.59000015258789,26.690000534057617,26.90999984741211,26.25,26.690000534057617
2019-02-27,38200,26.190000534057617,26.670000076293945,26.780000686645508,26.010000228881836,26.670000076293945
2019-02-26,31500,26.809999465942383,26.31999969482422,26.809999465942383,25.90999984741211,26.31999969482422
2019-02-25,48900,27.469999313354492,26.760000228881836,27.639999389648438,26.75,26.760000228881836
2019-02-22,83300,26.700000762939453,27.68000030517578,27.93000030517578,26.579999923706055,27.68000030517578
2019-02-21,36000,26.479999542236328,26.8799991607666,26.959999084472656,26.200000762939453,26.8799991607666
2019-02-20,47500,26.549999237060547,26.559999465942383,26.700000762939453,25.75,26.559999465942383
2019-02-19,56200,26.43000030517578,26.450000762939453,26.729999542236328,25.469999313354492,26.450000762939453
2019-02-15,54800,26.860000610351562,26.59000015258789,27.079999923706055,26.3700008392334,26.59000015258789
2019-02-14,89400,26.0,26.790000915527344,27.149999618530273,25.979999542236328,26.790000915527344
2019-02-13,45800,25.649999618530273,26.25,26.59000015258789,25.559999465942383,26.25
2019-02-12,62900,25.709999084472656,25.760000228881836,26.520000457763672,25.190000534057617,25.760000228881836
2019-02-11,65600,25.299999237060547,25.43000030517578,25.719999313354492,24.920000076293945,25.43000030517578
2019-02-08,51100,25.510000228881836,25.3799991607666,25.979999542236328,24.8700008392334,25.3799991607666
2019-02-07,50700,24.690000534057617,25.510000228881836,25.690000534057617,24.559999465942383,25.510000228881836
2019-02-06,48400,25.670000076293945,24.8700008392334,25.84000015258789,24.610000610351562,24.8700008392334
2019-02-05,55900,26.170000076293945,25.850000381469727,26.3799991607666,25.549999237060547,25.850000381469727
2019-02-04,66100,26.510000228881836,26.170000076293945,26.93000030517578,25.81999969482422,26.170000076293945
2019-02-01,60800,26.0,26.40999984741211,27.110000610351562,25.709999084472656,26.40999984741211
2019-01-31,118800,24.719999313354492,26.200000762939453,26.59000015258789,24.719999313354492,26.200000762939453
2019-01-30,72800,25.40999984741211,25.34000015258789,26.0,24.729999542236328,25.34000015258789
2019-01-29,49900,25.020000457763672,25.079999923706055,26.0,24.690000534057617,25.079999923706055
2019-01-28,54200,24.56999969482422,24.940000534057617,25.530000686645508,24.399999618530273,24.940000534057617
2019-01-25,43000,24.649999618530273,24.59000015258789,25.219999313354492,24.450000762939453,24.59000015258789
2019-01-24,41500,25.06999969482422,24.639999389648438,25.170000076293945,24.469999313354492,24.639999389648438
2019-01-23,38300,24.75,24.84000015258789,25.850000381469727,24.479999542236328,24.84000015258789
2019-01-22,95800,24.5,24.729999542236328,25.299999237060547,24.420000076293945,24.729999542236328
2019-01-18,83900,26.43000030517578,25.760000228881836,26.81999969482422,25.200000762939453,25.760000228881836
2019-01-17,93100,25.75,26.450000762939453,26.850000381469727,25.75,26.450000762939453
2019-01-16,71900,26.610000610351562,25.739999771118164,26.899999618530273,25.510000228881836,25.739999771118164
2019-01-15,76500,26.719999313354492,26.639999389648438,27.31999969482422,26.25,26.639999389648438
2019-01-14,51900,26.649999618530273,26.780000686645508,27.90999984741211,26.1200008392334,26.780000686645508
2019-01-11,29700,26.850000381469727,26.780000686645508,26.90999984741211,26.209999084472656,26.780000686645508
2019-01-10,70000,26.829999923706055,26.690000534057617,27.079999923706055,26.469999313354492,26.690000534057617
2019-01-09,46900,27.799999237060547,27.010000228881836,27.799999237060547,26.829999923706055,27.010000228881836
2019-01-08,93300,27.940000534057617,27.84000015258789,28.309999465942383,27.309999465942383,27.84000015258789
2019-01-07,159500,27.40999984741211,28.280000686645508,28.600000381469727,27.059999465942383,28.280000686645508
2019-01-04,89900,26.170000076293945,26.93000030517578,27.0,25.329999923706055,26.93000030517578
2019-01-03,48200,26.549999237060547,25.8799991607666,26.549999237060547,25.719999313354492,25.8799991607666
2019-01-02,125700,25.1299991607666,26.329999923706055,26.549999237060547,24.690000534057617,26.329999923706055
2018-12-31,64600,24.989999771118164,25.190000534057617,25.299999237060547,24.549999237060547,25.190000534057617
2018-12-28,82400,24.75,24.670000076293945,25.360000610351562,23.649999618530273,24.670000076293945
2018-12-27,195100,23.860000610351562,24.81999969482422,24.889999389648438,23.399999618530273,24.81999969482422
2018-12-26,125800,23.0,23.559999465942383,23.700000762939453,22.139999389648438,23.559999465942383
2018-12-24,75300,22.75,22.8700008392334,23.670000076293945,22.40999984741211,22.8700008392334
2018-12-21,544300,23.959999084472656,22.780000686645508,23.969999313354492,22.739999771118164,22.780000686645508
2018-12-20,123100,24.020000457763672,23.829999923706055,24.639999389648438,22.709999084472656,23.829999923706055
2018-12-19,97200,24.690000534057617,24.1200008392334,25.139999389648438,23.209999084472656,24.1200008392334
2018-12-18,67600,24.260000228881836,24.510000228881836,24.780000686645508,23.68000030517578,24.510000228881836
2018-12-17,118600,24.649999618530273,24.489999771118164,24.93000030517578,23.43000030517578,24.489999771118164
2018-12-14,94900,25.399999618530273,24.950000762939453,26.1200008392334,24.8700008392334,24.950000762939453
2018-12-13,120300,25.5,25.81999969482422,25.8700008392334,24.989999771118164,25.81999969482422
2018-12-12,63400,24.540000915527344,24.979999542236328,25.239999771118164,24.510000228881836,24.979999542236328
2018-12-11,65500,24.530000686645508,24.520000457763672,24.700000762939453,23.920000076293945,24.520000457763672
2018-12-10,169800,25.1200008392334,24.489999771118164,25.270000457763672,23.8799991607666,24.489999771118164
2018-12-07,112400,24.270000457763672,24.399999618530273,24.530000686645508,23.489999771118164,24.399999618530273
2018-12-06,113400,22.760000228881836,24.389999389648438,24.450000762939453,22.40999984741211,24.389999389648438
2018-12-04,229800,25.190000534057617,22.860000610351562,25.200000762939453,22.420000076293945,22.860000610351562
2018-12-03,112900,25.059999465942383,25.139999389648438,25.540000915527344,24.170000076293945,25.139999389648438
2018-11-30,130400,26.440000534057617,24.989999771118164,26.469999313354492,24.950000762939453,24.989999771118164
2018-11-29,170600,28.059999465942383,26.420000076293945,28.530000686645508,26.309999465942383,26.420000076293945
2018-11-28,129700,27.530000686645508,28.09000015258789,28.559999465942383,27.34000015258789,28.09000015258789
2018-11-27,49500,27.600000381469727,27.440000534057617,27.709999084472656,27.31999969482422,27.440000534057617
2018-11-26,74800,27.270000457763672,27.469999313354492,27.549999237060547,26.780000686645508,27.469999313354492
2018-11-23,33700,26.670000076293945,27.260000228881836,27.6200008392334,26.670000076293945,27.260000228881836
2018-11-21,220100,27.18000030517578,27.15999984741211,27.469999313354492,27.059999465942383,27.15999984741211
2018-11-20,117800,27.530000686645508,27.190000534057617,27.84000015258789,27.010000228881836,27.190000534057617
2018-11-19,194600,28.0,27.68000030517578,28.0,26.989999771118164,27.68000030517578
2018-11-16,286100,27.649999618530273,28.110000610351562,28.399999618530273,27.059999465942383,28.110000610351562
2018-11-15,82300,27.889999389648438,27.90999984741211,28.510000228881836,27.239999771118164,27.90999984741211
2018-11-14,176700,28.170000076293945,28.110000610351562,28.93000030517578,26.8799991607666,28.110000610351562
2018-11-13,132500,28.65999984741211,28.15999984741211,29.219999313354492,27.989999771118164,28.15999984741211
2018-11-12,345800,28.15999984741211,28.75,29.280000686645508,25.8799991607666,28.75
2018-11-09,1017600,26.299999237060547,28.610000610351562,29.6200008392334,24.049999237060547,28.610000610351562
2018-11-08,163200,21.90999984741211,21.799999237060547,22.389999389648438,21.510000228881836,21.799999237060547
2018-11-07,150700,22.059999465942383,21.940000534057617,23.290000915527344,21.649999618530273,21.940000534057617
2018-11-06,168500,22.989999771118164,21.950000762939453,22.989999771118164,21.920000076293945,21.950000762939453
2018-11-05,149700,22.15999984741211,22.579999923706055,23.149999618530273,21.75,22.579999923706055
2018-11-02,116600,21.68000030517578,22.079999923706055,22.5,21.350000381469727,22.079999923706055
2018-11-01,256800,21.610000610351562,21.68000030517578,21.889999389648438,20.639999389648438,21.68000030517578
2018-10-31,159900,21.6200008392334,21.0,22.190000534057617,20.860000610351562,21.0
2018-10-30,445600,22.5,21.389999389648438,23.079999923706055,20.1200008392334,21.389999389648438
2018-10-29,684000,27.450000762939453,22.780000686645508,28.049999237060547,21.510000228881836,22.780000686645508
2018-10-26,344800,26.700000762939453,27.600000381469727,27.700000762939453,26.190000534057617,27.600000381469727
2018-10-25,596400,25.700000762939453,26.75,26.799999237060547,25.549999237060547,26.75
2018-10-24,445500,25.780000686645508,25.700000762939453,27.350000381469727,25.219999313354492,25.700000762939453
2018-10-23,371000,24.600000381469727,25.579999923706055,26.3700008392334,24.469999313354492,25.579999923706055
2018-10-22,203400,24.790000915527344,24.860000610351562,25.229999542236328,24.219999313354492,24.860000610351562
2018-10-19,478200,24.65999984741211,24.229999542236328,25.68000030517578,23.90999984741211,24.229999542236328
2018-10-18,436900,26.100000381469727,24.459999084472656,26.829999923706055,24.06999969482422,24.459999084472656
2018-10-17,211600,26.190000534057617,26.5,26.81999969482422,25.65999984741211,26.5
2018-10-16,281000,25.149999618530273,26.079999923706055,26.84000015258789,24.809999465942383,26.079999923706055
2018-10-15,191300,24.510000228881836,25.229999542236328,25.25,24.139999389648438,25.229999542236328
2018-10-12,271800,24.280000686645508,24.459999084472656,25.450000762939453,23.959999084472656,24.459999084472656
2018-10-11,386900,23.100000381469727,24.350000381469727,25.489999771118164,22.920000076293945,24.350000381469727
2018-10-10,442900,24.670000076293945,23.959999084472656,25.56999969482422,23.290000915527344,23.959999084472656
2018-10-09,1013300,20.530000686645508,24.489999771118164,25.8799991607666,20.239999771118164,24.489999771118164
2018-10-08,121800,20.239999771118164,20.559999465942383,21.760000228881836,20.110000610351562,20.559999465942383
2018-10-05,91700,20.440000534057617,20.170000076293945,20.610000610351562,19.770000457763672,20.170000076293945
2018-10-04,145800,21.420000076293945,20.3799991607666,21.6200008392334,20.34000015258789,20.3799991607666
2018-10-03,87500,21.670000076293945,21.5,21.790000915527344,21.110000610351562,21.5
2018-10-02,79700,22.1200008392334,21.719999313354492,22.389999389648438,21.59000015258789,21.719999313354492
2018-10-01,78200,22.399999618530273,22.15999984741211,22.5,22.100000381469727,22.15999984741211
2018-09-28,68200,21.75,22.299999237060547,22.950000762939453,21.75,22.299999237060547
2018-09-27,99800,21.149999618530273,22.049999237060547,22.5,21.049999237060547,22.049999237060547
2018-09-26,159000,21.549999237060547,21.25,21.649999618530273,20.899999618530273,21.25
2018-09-25,254000,22.549999237060547,21.100000381469727,22.549999237060547,21.049999237060547,21.100000381469727
2018-09-24,264600,21.25,22.149999618530273,23.149999618530273,21.110000610351562,22.149999618530273
2018-09-21,702500,22.200000762939453,21.25,22.899999618530273,19.440000534057617,21.25
2018-09-20,291200,25.0,24.200000762939453,25.399999618530273,23.75,24.200000762939453
2018-09-19,569200,23.299999237060547,25.200000762939453,25.5,23.299999237060547,25.200000762939453
2018-09-18,129700,23.25,23.25,23.5,22.850000381469727,23.25
2018-09-17,166400,23.25,23.200000762939453,23.25,22.75,23.200000762939453
2018-09-14,176000,21.5,22.850000381469727,22.899999618530273,21.5,22.850000381469727
2018-09-13,103700,20.700000762939453,21.100000381469727,21.200000762939453,20.25,21.100000381469727
2018-09-12,104900,20.950000762939453,20.75,21.299999237060547,20.729999542236328,20.75
2018-09-11,82200,21.600000381469727,21.049999237060547,21.600000381469727,20.600000381469727,21.049999237060547
2018-09-10,83800,23.100000381469727,21.5,23.200000762939453,21.3799991607666,21.5
2018-09-07,49300,22.75,23.100000381469727,23.25,22.700000762939453,23.100000381469727
2018-09-06,106900,23.0,23.0,23.5,22.600000381469727,23.0
2018-09-05,199100,22.5,23.049999237060547,23.200000762939453,22.5,23.049999237060547
2018-09-04,121300,21.75,22.5,22.600000381469727,21.600000381469727,22.5
2018-08-31,109300,21.399999618530273,21.75,21.959999084472656,21.149999618530273,21.75
2018-08-30,108700,20.799999237060547,21.450000762939453,21.5,20.649999618530273,21.450000762939453
2018-08-29,102000,20.799999237060547,20.950000762939453,21.100000381469727,20.75,20.950000762939453
2018-08-28,84200,20.450000762939453,20.799999237060547,21.100000381469727,20.450000762939453,20.799999237060547
2018-08-27,81400,21.049999237060547,20.549999237060547,21.149999618530273,20.200000762939453,20.549999237060547
2018-08-24,150500,20.850000381469727,21.100000381469727,21.479999542236328,20.799999237060547,21.100000381469727
2018-08-23,138200,19.600000381469727,20.950000762939453,21.100000381469727,19.600000381469727,20.950000762939453
2018-08-22,229400,20.5,19.850000381469727,21.149999618530273,19.59000015258789,19.850000381469727
2018-08-21,555100,17.649999618530273,21.149999618530273,21.799999237060547,17.649999618530273,21.149999618530273
2018-08-20,84800,17.350000381469727,17.5,17.549999237060547,17.149999618530273,17.5
2018-08-17,128400,17.5,17.299999237060547,17.700000762939453,17.049999237060547,17.299999237060547
2018-08-16,129900,17.399999618530273,17.450000762939453,17.790000915527344,17.299999237060547,17.450000762939453
2018-08-15,149900,17.600000381469727,17.5,18.0,17.100000381469727,17.5
2018-08-14,138800,17.350000381469727,17.399999618530273,17.75,17.0,17.399999618530273
2018-08-13,190000,17.399999618530273,17.399999618530273,17.6299991607666,16.5,17.399999618530273
2018-08-10,199100,16.0,17.25,17.549999237060547,15.699999809265137,17.25
2018-08-09,276500,14.399999618530273,16.299999237060547,16.299999237060547,14.0,16.299999237060547
2018-08-08,143100,15.75,16.0,16.700000762939453,15.600000381469727,16.0
2018-08-07,58400,15.649999618530273,15.699999809265137,15.899999618530273,15.550000190734863,15.699999809265137
2018-08-06,25600,15.699999809265137,15.699999809265137,15.800000190734863,15.399999618530273,15.699999809265137
2018-08-03,71300,15.850000381469727,15.75,16.399999618530273,15.600000381469727,15.75
2018-08-02,110100,15.050000190734863,15.600000381469727,15.850000381469727,15.050000190734863,15.600000381469727
2018-08-01,256600,15.550000190734863,15.199999809265137,15.850000381469727,15.050000190734863,15.199999809265137
2018-07-31,97200,15.300000190734863,15.600000381469727,15.649999618530273,15.050000190734863,15.600000381469727
2018-07-30,83300,15.149999618530273,15.350000381469727,15.350000381469727,14.850000381469727,15.350000381469727
2018-07-27,89200,16.149999618530273,15.149999618530273,16.200000762939453,15.050000190734863,15.149999618530273
2018-07-26,118400,14.850000381469727,16.200000762939453,16.25,14.850000381469727,16.200000762939453
2018-07-25,208100,15.199999809265137,14.699999809265137,15.199999809265137,14.350000381469727,14.699999809265137
2018-07-24,173000,16.200000762939453,15.199999809265137,16.350000381469727,15.100000381469727,15.199999809265137
2018-07-23,87200,16.299999237060547,16.149999618530273,16.299999237060547,15.899999618530273,16.149999618530273
2018-07-20,58600,16.549999237060547,16.299999237060547,16.700000762939453,16.200000762939453,16.299999237060547
2018-07-19,72500,16.5,16.549999237060547,16.799999237060547,16.200000762939453,16.549999237060547
2018-07-18,173300,16.799999237060547,16.600000381469727,16.799999237060547,16.100000381469727,16.600000381469727
2018-07-17,127700,16.850000381469727,16.75,17.100000381469727,16.450000762939453,16.75
2018-07-16,68400,17.299999237060547,16.950000762939453,17.450000762939453,16.75,16.950000762939453
2018-07-13,30000,17.25,17.350000381469727,17.399999618530273,17.149999618530273,17.350000381469727
2018-07-12,43200,17.299999237060547,17.350000381469727,17.450000762939453,17.149999618530273,17.350000381469727
2018-07-11,59400,17.350000381469727,17.399999618530273,17.450000762939453,17.049999237060547,17.399999618530273
2018-07-10,54400,17.399999618530273,17.350000381469727,17.530000686645508,17.200000762939453,17.350000381469727
2018-07-09,114800,17.450000762939453,17.25,17.610000610351562,17.149999618530273,17.25
2018-07-06,88000,18.0,17.450000762939453,18.200000762939453,17.350000381469727,17.450000762939453
2018-07-05,93100,17.549999237060547,18.0,18.100000381469727,17.399999618530273,18.0
2018-07-03,27100,17.549999237060547,17.399999618530273,17.600000381469727,17.350000381469727,17.399999618530273
2018-07-02,96200,17.399999618530273,17.350000381469727,17.700000762939453,17.149999618530273,17.350000381469727
2018-06-29,154900,16.899999618530273,17.549999237060547,17.549999237060547,16.75,17.549999237060547
2018-06-28,203200,17.200000762939453,16.899999618530273,17.200000762939453,16.799999237060547,16.899999618530273
2018-06-27,124900,18.0,17.200000762939453,18.149999618530273,17.100000381469727,17.200000762939453
2018-06-26,79000,18.350000381469727,18.049999237060547,18.350000381469727,17.799999237060547,18.049999237060547
2018-06-25,179100,18.049999237060547,18.299999237060547,18.299999237060547,17.649999618530273,18.299999237060547
2018-06-22,450900,18.25,18.049999237060547,18.309999465942383,17.850000381469727,18.049999237060547
2018-06-21,111400,18.200000762939453,18.149999618530273,18.399999618530273,17.899999618530273,18.149999618530273
2018-06-20,124600,18.549999237060547,18.299999237060547,18.549999237060547,18.049999237060547,18.299999237060547
2018-06-19,157500,18.600000381469727,18.5,18.899999618530273,18.299999237060547,18.5
2018-06-18,155100,18.899999618530273,18.600000381469727,19.0,18.25,18.600000381469727
2018-06-15,156100,18.799999237060547,18.899999618530273,19.049999237060547,18.600000381469727,18.899999618530273
2018-06-14,190400,18.899999618530273,18.899999618530273,19.450000762939453,18.549999237060547,18.899999618530273
2018-06-13,261700,18.5,18.899999618530273,19.850000381469727,18.5,18.899999618530273
2018-06-12,190500,19.600000381469727,18.700000762939453,19.850000381469727,18.299999237060547,18.700000762939453
2018-06-11,257600,19.0,19.149999618530273,19.3799991607666,18.5,19.149999618530273
2018-06-08,472100,17.75,18.899999618530273,19.950000762939453,17.600000381469727,18.899999618530273
2018-06-07,467200,16.899999618530273,17.399999618530273,18.450000762939453,16.899999618530273,17.399999618530273
2018-06-06,111900,16.549999237060547,16.899999618530273,17.239999771118164,16.549999237060547,16.899999618530273
2018-06-05,137400,16.299999237060547,16.600000381469727,16.950000762939453,16.25,16.600000381469727
2018-06-04,245000,16.549999237060547,16.399999618530273,17.0,16.299999237060547,16.399999618530273
2018-06-01,129200,17.350000381469727,16.5,17.350000381469727,16.5,16.5
2018-05-31,247600,16.799999237060547,17.25,17.600000381469727,16.350000381469727,17.25
2018-05-30,134000,17.0,16.799999237060547,17.149999618530273,16.549999237060547,16.799999237060547
2018-05-29,111200,17.5,16.850000381469727,17.5,16.75,16.850000381469727
2018-05-25,77100,17.399999618530273,17.600000381469727,17.649999618530273,17.299999237060547,17.600000381469727
2018-05-24,104800,17.549999237060547,17.399999618530273,17.799999237060547,17.25,17.399999618530273
2018-05-23,153300,18.649999618530273,17.549999237060547,18.649999618530273,17.25,17.549999237060547
2018-05-22,291100,17.799999237060547,18.850000381469727,19.450000762939453,17.0,18.850000381469727
2018-05-21,86900,18.600000381469727,17.799999237060547,18.600000381469727,17.75,17.799999237060547
2018-05-18,89900,18.350000381469727,18.450000762939453,18.700000762939453,18.100000381469727,18.450000762939453
2018-05-17,124200,17.899999618530273,18.450000762939453,18.75,17.709999084472656,18.450000762939453
2018-05-16,179700,17.049999237060547,17.899999618530273,18.350000381469727,16.700000762939453,17.899999618530273
2018-05-15,178000,17.200000762939453,16.850000381469727,17.200000762939453,16.700000762939453,16.850000381469727
2018-05-14,162300,17.649999618530273,17.299999237060547,17.649999618530273,16.899999618530273,17.299999237060547
2018-05-11,235500,17.899999618530273,17.549999237060547,17.899999618530273,16.649999618530273,17.549999237060547
2018-05-10,260600,18.950000762939453,18.100000381469727,19.799999237060547,17.700000762939453,18.100000381469727
2018-05-09,136100,20.100000381469727,19.899999618530273,20.100000381469727,19.700000762939453,19.899999618530273
2018-05-08,118200,20.549999237060547,20.0,20.700000762939453,19.75,20.0
2018-05-07,110700,20.5,20.549999237060547,20.600000381469727,19.760000228881836,20.549999237060547
2018-05-04,68600,21.350000381469727,20.399999618530273,21.559999465942383,19.950000762939453,20.399999618530273
2018-05-03,51700,21.350000381469727,21.0,21.350000381469727,20.600000381469727,21.0
2018-05-02,109300,22.649999618530273,21.350000381469727,22.649999618530273,21.049999237060547,21.350000381469727
2018-05-01,37200,22.75,22.549999237060547,22.75,22.1200008392334,22.549999237060547
2018-04-30,60200,23.149999618530273,22.799999237060547,23.299999237060547,22.5,22.799999237060547
2018-04-27,55500,22.950000762939453,23.100000381469727,23.5,22.700000762939453,23.100000381469727
2018-04-26,72000,23.049999237060547,22.899999618530273,23.200000762939453,22.75,22.899999618530273
2018-04-25,81700,22.700000762939453,22.799999237060547,23.5,22.5,22.799999237060547
2018-04-24,29600,22.549999237060547,22.649999618530273,22.799999237060547,22.200000762939453,22.649999618530273
2018-04-23,72500,23.200000762939453,22.5,23.40999984741211,22.059999465942383,22.5
2018-04-20,146600,23.399999618530273,23.149999618530273,23.649999618530273,22.25,23.149999618530273
2018-04-19,322300,23.549999237060547,23.549999237060547,24.450000762939453,22.049999237060547,23.549999237060547
2018-04-18,116100,23.549999237060547,23.649999618530273,23.850000381469727,22.700000762939453,23.649999618530273
2018-04-17,131500,21.799999237060547,23.549999237060547,23.799999237060547,21.450000762939453,23.549999237060547
2018-04-16,67700,21.25,21.600000381469727,21.75,20.549999237060547,21.600000381469727
2018-04-13,54700,21.5,21.200000762939453,22.049999237060547,20.75,21.200000762939453
2018-04-12,76900,22.149999618530273,21.5,23.25,21.100000381469727,21.5
2018-04-11,57000,22.25,22.049999237060547,22.5,21.75,22.049999237060547
2018-04-10,63400,23.100000381469727,22.299999237060547,23.100000381469727,22.200000762939453,22.299999237060547
2018-04-09,27300,23.0,22.899999618530273,23.239999771118164,22.700000762939453,22.899999618530273
2018-04-06,52500,23.200000762939453,23.100000381469727,24.100000381469727,22.799999237060547,23.100000381469727
2018-04-05,55000,23.549999237060547,23.25,23.549999237060547,22.5,23.25
2018-04-04,54500,22.600000381469727,23.25,23.350000381469727,22.299999237060547,23.25
2018-04-03,131200,21.850000381469727,23.149999618530273,23.649999618530273,21.600000381469727,23.149999618530273
2018-04-02,113800,20.649999618530273,21.75,21.850000381469727,20.200000762939453,21.75
2018-03-29,65600,20.399999618530273,20.600000381469727,21.399999618530273,20.399999618530273,20.600000381469727
2018-03-28,87800,20.399999618530273,20.399999618530273,20.850000381469727,19.899999618530273,20.399999618530273
2018-03-27,59400,20.5,20.5,20.75,20.200000762939453,20.5
2018-03-26,45400,21.0,20.399999618530273,21.149999618530273,20.25,20.399999618530273
2018-03-23,55900,21.25,20.75,21.450000762939453,20.649999618530273,20.75
2018-03-22,35400,21.700000762939453,21.299999237060547,22.200000762939453,21.25,21.299999237060547
2018-03-21,54300,22.5,21.75,22.600000381469727,21.75,21.75
2018-03-20,65100,23.700000762939453,22.549999237060547,23.899999618530273,22.549999237060547,22.549999237060547
2018-03-19,154900,24.549999237060547,23.399999618530273,24.75,22.549999237060547,23.399999618530273
2018-03-16,893700,21.850000381469727,25.149999618530273,26.799999237060547,19.299999237060547,25.149999618530273
2018-03-15,62500,21.600000381469727,21.5,22.200000762939453,21.200000762939453,21.5
2018-03-14,49100,21.25,21.600000381469727,22.0,20.850000381469727,21.600000381469727
2018-03-13,41700,21.649999618530273,21.200000762939453,21.850000381469727,21.100000381469727,21.200000762939453
2018-03-12,37000,21.350000381469727,21.5,21.649999618530273,21.0,21.5
2018-03-09,60500,22.299999237060547,21.299999237060547,22.299999237060547,21.149999618530273,21.299999237060547
2018-03-08,59200,22.149999618530273,22.350000381469727,22.549999237060547,22.149999618530273,22.350000381469727
2018-03-07,34500,21.899999618530273,22.149999618530273,22.299999237060547,21.850000381469727,22.149999618530273
2018-03-06,46000,21.899999618530273,22.149999618530273,22.350000381469727,21.0,22.149999618530273
2018-03-05,114000,21.450000762939453,21.799999237060547,22.149999618530273,21.100000381469727,21.799999237060547
2018-03-02,48000,20.0,21.649999618530273,21.649999618530273,20.0,21.649999618530273
2018-03-01,58100,19.700000762939453,20.049999237060547,20.200000762939453,19.5,20.049999237060547
2018-02-28,58000,20.450000762939453,19.700000762939453,20.600000381469727,19.700000762939453,19.700000762939453
2018-02-27,49900,21.200000762939453,20.299999237060547,21.299999237060547,20.25,20.299999237060547
2018-02-26,50300,21.0,21.149999618530273,21.700000762939453,20.5,21.149999618530273
2018-02-23,78500,20.25,20.700000762939453,21.0,19.850000381469727,20.700000762939453
2018-02-22,108200,20.100000381469727,20.049999237060547,20.450000762939453,19.700000762939453,20.049999237060547
2018-02-21,35000,20.299999237060547,19.950000762939453,20.950000762939453,19.950000762939453,19.950000762939453
2018-02-20,80900,20.399999618530273,20.25,20.799999237060547,20.149999618530273,20.25
2018-02-16,68100,21.200000762939453,20.600000381469727,21.399999618530273,20.149999618530273,20.600000381469727
2018-02-15,45600,20.799999237060547,21.399999618530273,21.5,20.600000381469727,21.399999618530273
2018-02-14,43900,20.5,20.799999237060547,21.049999237060547,20.5,20.799999237060547
2018-02-13,35700,21.100000381469727,20.799999237060547,21.350000381469727,20.700000762939453,20.799999237060547
2018-02-12,60800,20.649999618530273,21.049999237060547,21.350000381469727,20.0,21.049999237060547
2018-02-09,102000,20.350000381469727,20.399999618530273,20.649999618530273,19.450000762939453,20.399999618530273
2018-02-08,28800,20.649999618530273,20.0,20.850000381469727,20.0,20.0
2018-02-07,75900,20.600000381469727,20.649999618530273,20.75,19.799999237060547,20.649999618530273
2018-02-06,118500,19.700000762939453,20.5,21.549999237060547,19.700000762939453,20.5
2018-02-05,100000,20.049999237060547,19.950000762939453,21.0,19.799999237060547,19.950000762939453
2018-02-02,69000,20.950000762939453,20.200000762939453,21.3799991607666,20.100000381469727,20.200000762939453
2018-02-01,54800,20.350000381469727,21.100000381469727,21.299999237060547,20.149999618530273,21.100000381469727
2018-01-31,98700,21.0,20.5,21.100000381469727,20.0,20.5
2018-01-30,116200,21.75,20.850000381469727,22.200000762939453,20.299999237060547,20.850000381469727
2018-01-29,39300,23.049999237060547,22.0,23.049999237060547,22.0,22.0
2018-01-26,101100,23.0,23.149999618530273,23.149999618530273,22.200000762939453,23.149999618530273
2018-01-25,60900,23.200000762939453,23.0,23.5,23.0,23.0
2018-01-24,109900,22.399999618530273,23.200000762939453,23.75,22.149999618530273,23.200000762939453
2018-01-23,46900,22.299999237060547,22.350000381469727,22.399999618530273,22.0,22.350000381469727
2018-01-22,50100,22.350000381469727,22.399999618530273,22.600000381469727,22.049999237060547,22.399999618530273
2018-01-19,79800,21.600000381469727,22.350000381469727,22.600000381469727,21.600000381469727,22.350000381469727
2018-01-18,50200,21.950000762939453,21.649999618530273,21.950000762939453,21.450000762939453,21.649999618530273
2018-01-17,30900,21.950000762939453,22.049999237060547,22.200000762939453,21.850000381469727,22.049999237060547
2018-01-16,60800,22.350000381469727,21.850000381469727,22.799999237060547,21.649999618530273,21.850000381469727
2018-01-12,50400,22.450000762939453,22.25,22.700000762939453,22.049999237060547,22.25
2018-01-11,138800,21.850000381469727,22.450000762939453,23.899999618530273,21.850000381469727,22.450000762939453
2018-01-10,87000,22.299999237060547,21.850000381469727,22.420000076293945,21.799999237060547,21.850000381469727
2018-01-09,75400,22.399999618530273,22.450000762939453,22.850000381469727,22.149999618530273,22.450000762939453
2018-01-08,39900,22.799999237060547,22.399999618530273,22.799999237060547,22.100000381469727,22.399999618530273
2018-01-05,66200,22.0,22.600000381469727,22.899999618530273,22.0,22.600000381469727
2018-01-04,52600,22.049999237060547,22.0,22.399999618530273,21.75,22.0
2018-01-03,97900,21.950000762939453,21.950000762939453,22.200000762939453,21.700000762939453,21.950000762939453
2018-01-02,58500,21.850000381469727,21.950000762939453,22.200000762939453,21.549999237060547,21.950000762939453
2017-12-29,49500,21.899999618530273,21.799999237060547,22.049999237060547,21.649999618530273,21.799999237060547
2017-12-28,64800,22.100000381469727,22.0,22.100000381469727,21.600000381469727,22.0
2017-12-27,65600,22.899999618530273,22.149999618530273,23.299999237060547,21.950000762939453,22.149999618530273
2017-12-26,71200,22.799999237060547,22.899999618530273,23.350000381469727,22.299999237060547,22.899999618530273
2017-12-22,53400,22.850000381469727,22.899999618530273,23.0,22.149999618530273,22.899999618530273
2017-12-21,48400,22.5,22.700000762939453,23.149999618530273,22.5,22.700000762939453
2017-12-20,41300,22.450000762939453,22.5,22.700000762939453,22.100000381469727,22.5
2017-12-19,72600,22.649999618530273,22.450000762939453,22.90999984741211,22.149999618530273,22.450000762939453
2017-12-18,94300,23.299999237060547,22.5,23.75,22.25,22.5
2017-12-15,199100,22.25,23.100000381469727,23.399999618530273,22.25,23.100000381469727
2017-12-14,81000,22.149999618530273,22.25,22.75,21.75,22.25
2017-12-13,93900,21.149999618530273,22.100000381469727,22.1299991607666,21.149999618530273,22.100000381469727
2017-12-12,71200,21.700000762939453,21.049999237060547,22.0,20.950000762939453,21.049999237060547
2017-12-11,53000,22.299999237060547,21.700000762939453,22.299999237060547,21.350000381469727,21.700000762939453
2017-12-08,42700,22.899999618530273,22.299999237060547,22.899999618530273,22.299999237060547,22.299999237060547
2017-12-07,78700,23.549999237060547,22.75,23.549999237060547,22.350000381469727,22.75
2017-12-06,122000,23.049999237060547,23.5,23.75,22.149999618530273,23.5
2017-12-05,99300,22.350000381469727,23.200000762939453,23.399999618530273,21.799999237060547,23.200000762939453
2017-12-04,90300,22.0,22.350000381469727,22.5,21.600000381469727,22.350000381469727
2017-12-01,77600,22.0,21.75,22.350000381469727,20.850000381469727,21.75
2017-11-30,72600,22.450000762939453,21.899999618530273,22.799999237060547,21.75,21.899999618530273
2017-11-29,125800,20.799999237060547,22.25,22.549999237060547,20.799999237060547,22.25
2017-11-28,77300,20.75,20.850000381469727,20.850000381469727,20.15999984741211,20.850000381469727
2017-11-27,81300,21.0,20.649999618530273,21.1299991607666,20.549999237060547,20.649999618530273
2017-11-24,37000,21.049999237060547,20.850000381469727,21.049999237060547,20.700000762939453,20.850000381469727
2017-11-22,189600,21.0,20.899999618530273,21.299999237060547,20.649999618530273,20.899999618530273
2017-11-21,150800,21.799999237060547,21.0,21.850000381469727,20.700000762939453,21.0
2017-11-20,135200,21.5,21.649999618530273,21.850000381469727,21.350000381469727,21.649999618530273
2017-11-17,104600,21.25,21.5,21.889999389648438,21.200000762939453,21.5
2017-11-16,118000,21.649999618530273,21.399999618530273,22.049999237060547,21.350000381469727,21.399999618530273
2017-11-15,96800,21.5,21.399999618530273,21.850000381469727,21.149999618530273,21.399999618530273
2017-11-14,75400,21.950000762939453,21.700000762939453,22.350000381469727,21.5,21.700000762939453
2017-11-13,74200,21.75,22.25,22.549999237060547,21.649999618530273,22.25
2017-11-10,124100,21.700000762939453,22.049999237060547,22.100000381469727,21.649999618530273,22.049999237060547
2017-11-09,113200,21.950000762939453,21.899999618530273,22.549999237060547,21.75,21.899999618530273
2017-11-08,157300,21.450000762939453,22.350000381469727,22.5,21.399999618530273,22.350000381469727
2017-11-07,152300,23.0,21.549999237060547,23.200000762939453,21.149999618530273,21.549999237060547
2017-11-06,167400,21.950000762939453,22.5,22.68000030517578,21.450000762939453,22.5
2017-11-03,646300,20.850000381469727,22.200000762939453,22.399999618530273,19.899999618530273,22.200000762939453
2017-11-02,126500,22.399999618530273,22.5,22.850000381469727,21.649999618530273,22.5
2017-11-01,134600,22.799999237060547,22.450000762939453,22.950000762939453,21.75,22.450000762939453
2017-10-31,71000,22.450000762939453,22.5,22.850000381469727,22.350000381469727,22.5
2017-10-30,95800,22.549999237060547,22.450000762939453,22.850000381469727,22.149999618530273,22.450000762939453
2017-10-27,147900,21.600000381469727,22.5,22.5,21.299999237060547,22.5
2017-10-26,79000,22.0,21.399999618530273,22.100000381469727,21.299999237060547,21.399999618530273
2017-10-25,214000,21.649999618530273,21.799999237060547,21.950000762939453,21.25,21.799999237060547
2017-10-24,247900,21.450000762939453,21.600000381469727,22.049999237060547,21.100000381469727,21.600000381469727
2017-10-23,196000,22.25,21.299999237060547,22.5,21.299999237060547,21.299999237060547
2017-10-20,180800,21.950000762939453,22.25,22.950000762939453,21.649999618530273,22.25
2017-10-19,102300,22.100000381469727,21.899999618530273,22.450000762939453,21.700000762939453,21.899999618530273
2017-10-18,195400,22.850000381469727,22.700000762939453,23.200000762939453,22.25,22.700000762939453
2017-10-17,139900,22.899999618530273,22.799999237060547,23.149999618530273,22.399999618530273,22.799999237060547
2017-10-16,235900,22.399999618530273,23.149999618530273,23.649999618530273,22.299999237060547,23.149999618530273
2017-10-13,124500,22.299999237060547,22.549999237060547,22.700000762939453,22.100000381469727,22.549999237060547
2017-10-12,174700,21.5,22.299999237060547,22.399999618530273,21.100000381469727,22.299999237060547
2017-10-11,150200,21.549999237060547,21.549999237060547,21.829999923706055,21.25,21.549999237060547
2017-10-10,332900,21.799999237060547,21.5,22.100000381469727,20.75,21.5
2017-10-09,238600,22.950000762939453,21.799999237060547,23.0,21.5,21.799999237060547
2017-10-06,311300,23.0,23.0,23.850000381469727,22.75,23.0
2017-10-05,321300,22.5,22.950000762939453,23.149999618530273,22.299999237060547,22.950000762939453
2017-10-04,265700,23.450000762939453,22.549999237060547,23.899999618530273,22.350000381469727,22.549999237060547
2017-10-03,363400,24.049999237060547,23.549999237060547,24.149999618530273,22.149999618530273,23.549999237060547
2017-10-02,208900,24.549999237060547,24.200000762939453,25.049999237060547,23.950000762939453,24.200000762939453
2017-09-29,856600,27.5,24.549999237060547,27.829999923706055,22.850000381469727,24.549999237060547
2017-09-28,943200,24.200000762939453,27.5,27.899999618530273,24.200000762939453,27.5
2017-09-27,605800,21.899999618530273,24.0,24.25,21.850000381469727,24.0
2017-09-26,574700,20.399999618530273,21.850000381469727,22.0,20.399999618530273,21.850000381469727
2017-09-25,632400,20.200000762939453,20.299999237060547,21.0,19.350000381469727,20.299999237060547
2017-09-22,882700,18.649999618530273,19.899999618530273,20.049999237060547,18.299999237060547,19.899999618530273
2017-09-21,482300,18.0,18.100000381469727,18.600000381469727,17.700000762939453,18.100000381469727
2017-09-20,435100,17.0,18.049999237060547,18.149999618530273,16.899999618530273,18.049999237060547
2017-09-19,738700,15.899999618530273,17.049999237060547,17.350000381469727,15.649999618530273,17.049999237060547
2017-09-18,222500,16.0,16.0,16.149999618530273,15.800000190734863,16.0
2017-09-15,397400,16.049999237060547,16.049999237060547,16.200000762939453,15.699999809265137,16.049999237060547
2017-09-14,412300,16.399999618530273,15.949999809265137,16.399999618530273,15.649999618530273,15.949999809265137
2017-09-13,344000,16.700000762939453,16.450000762939453,17.0,16.25,16.450000762939453
2017-09-12,149400,16.75,16.850000381469727,17.0,16.649999618530273,16.850000381469727
2017-09-11,223100,16.850000381469727,16.75,16.950000762939453,16.5,16.75
2017-09-08,312300,17.0,16.799999237060547,17.0,16.399999618530273,16.799999237060547
2017-09-07,223300,17.0,17.0,17.100000381469727,16.649999618530273,17.0
2017-09-06,261600,17.100000381469727,16.950000762939453,17.25,16.600000381469727,16.950000762939453
2017-09-05,242400,17.100000381469727,17.049999237060547,17.200000762939453,16.649999618530273,17.049999237060547
2017-09-01,228700,16.899999618530273,17.149999618530273,17.450000762939453,16.899999618530273,17.149999618530273
2017-08-31,201600,16.649999618530273,16.899999618530273,17.0,16.600000381469727,16.899999618530273
2017-08-30,210100,16.850000381469727,16.600000381469727,16.899999618530273,16.399999618530273,16.600000381469727
2017-08-29,241300,16.350000381469727,16.899999618530273,17.0,16.100000381469727,16.899999618530273
2017-08-28,250300,16.950000762939453,16.450000762939453,16.950000762939453,16.299999237060547,16.450000762939453
2017-08-25,268900,16.950000762939453,16.950000762939453,17.5,16.700000762939453,16.950000762939453
2017-08-24,286400,17.350000381469727,17.0,17.450000762939453,16.799999237060547,17.0
2017-08-23,290000,17.0,17.299999237060547,17.5,16.799999237060547,17.299999237060547
2017-08-22,296800,17.149999618530273,17.100000381469727,17.600000381469727,16.75,17.100000381469727
2017-08-21,299400,17.5,17.149999618530273,17.600000381469727,16.850000381469727,17.149999618530273
2017-08-18,420500,17.299999237060547,17.450000762939453,17.600000381469727,16.899999618530273,17.450000762939453
2017-08-17,329800,17.950000762939453,17.299999237060547,18.100000381469727,17.299999237060547,17.299999237060547
2017-08-16,210900,18.299999237060547,18.0,18.399999618530273,17.850000381469727,18.0
2017-08-15,429100,18.799999237060547,18.299999237060547,19.0,17.649999618530273,18.299999237060547
2017-08-14,302600,18.5,18.799999237060547,19.299999237060547,18.25,18.799999237060547
2017-08-11,387100,18.149999618530273,18.299999237060547,18.799999237060547,17.700000762939453,18.299999237060547
2017-08-10,394800,19.100000381469727,18.399999618530273,19.100000381469727,18.299999237060547,18.399999618530273
2017-08-09,648300,19.149999618530273,19.100000381469727,19.299999237060547,18.049999237060547,19.100000381469727
2017-08-08,803400,18.5,19.25,19.450000762939453,18.299999237060547,19.25
2017-08-07,703900,16.5,18.5,18.899999618530273,16.299999237060547,18.5
2017-08-04,946700,17.399999618530273,16.600000381469727,17.600000381469727,15.600000381469727,16.600000381469727
2017-08-03,477900,18.299999237060547,17.75,18.399999618530273,17.600000381469727,17.75
2017-08-02,300300,19.049999237060547,18.200000762939453,19.049999237060547,18.100000381469727,18.200000762939453
2017-08-01,224000,19.600000381469727,19.0,19.649999618530273,18.850000381469727,19.0
2017-07-31,237900,20.5,19.549999237060547,20.600000381469727,19.450000762939453,19.549999237060547
2017-07-28,249500,21.350000381469727,20.549999237060547,21.450000762939453,20.25,20.549999237060547
2017-07-27,178500,21.299999237060547,21.350000381469727,21.649999618530273,21.0,21.350000381469727
2017-07-26,90600,21.25,21.299999237060547,21.5,21.0,21.299999237060547
2017-07-25,377400,21.25,21.299999237060547,22.0,21.200000762939453,21.299999237060547
2017-07-24,198900,21.450000762939453,21.149999618530273,21.700000762939453,20.950000762939453,21.149999618530273
2017-07-21,96800,21.75,21.549999237060547,21.75,21.100000381469727,21.549999237060547
2017-07-20,115100,21.850000381469727,21.600000381469727,22.399999618530273,21.549999237060547,21.600000381469727
2017-07-19,261200,20.899999618530273,21.799999237060547,21.950000762939453,20.549999237060547,21.799999237060547
2017-07-18,252700,21.200000762939453,20.899999618530273,21.549999237060547,20.450000762939453,20.899999618530273
2017-07-17,162900,21.649999618530273,21.25,21.850000381469727,21.200000762939453,21.25
2017-07-14,159800,21.649999618530273,21.649999618530273,21.850000381469727,21.049999237060547,21.649999618530273
2017-07-13,151800,22.100000381469727,21.649999618530273,22.149999618530273,21.350000381469727,21.649999618530273
2017-07-12,169100,22.450000762939453,22.149999618530273,22.850000381469727,22.0,22.149999618530273
2017-07-11,180900,22.950000762939453,22.399999618530273,23.5,22.0,22.399999618530273
2017-07-10,165600,23.0,22.950000762939453,23.100000381469727,22.5,22.950000762939453
2017-07-07,96400,22.850000381469727,22.950000762939453,23.100000381469727,22.700000762939453,22.950000762939453
2017-07-06,227400,23.450000762939453,22.850000381469727,23.5,22.780000686645508,22.850000381469727
2017-07-05,150000,24.0,23.5,24.0,23.110000610351562,23.5
2017-07-03,63300,23.75,24.0,24.200000762939453,23.649999618530273,24.0
2017-06-30,165800,24.0,23.700000762939453,24.0,23.450000762939453,23.700000762939453
2017-06-29,128900,24.200000762939453,23.950000762939453,24.329999923706055,23.75,23.950000762939453
2017-06-28,170000,23.799999237060547,24.149999618530273,24.649999618530273,23.799999237060547,24.149999618530273
2017-06-27,181500,23.600000381469727,23.75,24.100000381469727,23.299999237060547,23.75
2017-06-26,145300,23.299999237060547,23.600000381469727,23.850000381469727,23.200000762939453,23.600000381469727
2017-06-23,269300,23.299999237060547,23.049999237060547,23.649999618530273,22.899999618530273,23.049999237060547
2017-06-22,247700,23.5,23.299999237060547,23.649999618530273,22.899999618530273,23.299999237060547
2017-06-21,356900,23.549999237060547,23.450000762939453,23.579999923706055,22.799999237060547,23.450000762939453
2017-06-20,434100,22.950000762939453,23.5,23.600000381469727,22.5,23.5
2017-06-19,369300,22.399999618530273,23.0,23.299999237060547,22.100000381469727,23.0
2017-06-16,309500,21.75,22.200000762939453,22.25,21.049999237060547,22.200000762939453
2017-06-15,352800,20.950000762939453,22.0,22.100000381469727,20.5,22.0
2017-06-14,230200,20.450000762939453,21.0,21.1200008392334,20.149999618530273,21.0
2017-06-13,172100,20.5,20.5,20.899999618530273,19.979999542236328,20.5
2017-06-12,404600,20.450000762939453,20.350000381469727,21.25,20.350000381469727,20.350000381469727
2017-06-09,585300,19.049999237060547,20.5,20.549999237060547,18.850000381469727,20.5
2017-06-08,401600,18.850000381469727,19.049999237060547,19.200000762939453,18.600000381469727,19.049999237060547
2017-06-07,173100,18.799999237060547,18.75,18.899999618530273,18.450000762939453,18.75
2017-06-06,273600,19.0,18.799999237060547,19.0,18.5,18.799999237060547
2017-06-05,193700,18.950000762939453,19.0,19.049999237060547,18.549999237060547,19.0
2017-06-02,260500,18.899999618530273,18.950000762939453,19.200000762939453,18.700000762939453,18.950000762939453
2017-06-01,220100,18.649999618530273,18.850000381469727,19.149999618530273,18.549999237060547,18.850000381469727
2017-05-31,291900,18.75,18.600000381469727,18.75,18.200000762939453,18.600000381469727
2017-05-30,322800,18.899999618530273,18.700000762939453,18.899999618530273,18.149999618530273,18.700000762939453
2017-05-26,253100,19.049999237060547,18.899999618530273,19.149999618530273,18.549999237060547,18.899999618530273
2017-05-25,147500,19.399999618530273,19.049999237060547,19.549999237060547,18.950000762939453,19.049999237060547
2017-05-24,140000,19.549999237060547,19.399999618530273,19.700000762939453,19.299999237060547,19.399999618530273
2017-05-23,288100,19.450000762939453,19.450000762939453,20.0,19.25,19.450000762939453
2017-05-22,270100,19.299999237060547,19.399999618530273,19.899999618530273,19.299999237060547,19.399999618530273
2017-05-19,356200,19.600000381469727,19.25,19.600000381469727,19.0,19.25
2017-05-18,342200,19.899999618530273,19.5,19.93000030517578,19.200000762939453,19.5
2017-05-17,314800,20.25,19.950000762939453,20.5,19.799999237060547,19.950000762939453
2017-05-16,252400,20.25,20.450000762939453,20.75,20.049999237060547,20.450000762939453
2017-05-15,390800,20.149999618530273,20.100000381469727,20.450000762939453,19.950000762939453,20.100000381469727
2017-05-12,431900,21.0,19.899999618530273,21.0,19.799999237060547,19.899999618530273
2017-05-11,201800,21.100000381469727,20.950000762939453,21.149999618530273,20.649999618530273,20.950000762939453
2017-05-10,345000,20.850000381469727,21.100000381469727,21.450000762939453,20.850000381469727,21.100000381469727
2017-05-09,491100,20.350000381469727,20.450000762939453,20.799999237060547,19.799999237060547,20.450000762939453
2017-05-08,1273600,19.549999237060547,20.25,20.549999237060547,19.399999618530273,20.25
2017-05-05,1299800,22.200000762939453,19.299999237060547,22.299999237060547,18.299999237060547,19.299999237060547
2017-05-04,127300,25.549999237060547,25.25,25.649999618530273,24.899999618530273,25.25
2017-05-03,109200,25.75,25.600000381469727,26.0,25.350000381469727,25.600000381469727
2017-05-02,72500,26.0,25.799999237060547,26.25,25.649999618530273,25.799999237060547
2017-05-01,82100,26.049999237060547,25.950000762939453,26.100000381469727,25.600000381469727,25.950000762939453
2017-04-28,73100,26.25,25.950000762939453,26.25,25.799999237060547,25.950000762939453
2017-04-27,77100,26.799999237060547,26.299999237060547,26.850000381469727,26.149999618530273,26.299999237060547
2017-04-26,229200,26.049999237060547,26.649999618530273,26.950000762939453,26.049999237060547,26.649999618530273
2017-04-25,181400,25.850000381469727,26.149999618530273,26.350000381469727,25.700000762939453,26.149999618530273
2017-04-24,77300,25.700000762939453,25.700000762939453,25.950000762939453,25.5,25.700000762939453
2017-04-21,136500,25.600000381469727,25.350000381469727,25.68000030517578,24.700000762939453,25.350000381469727
2017-04-20,102700,25.850000381469727,25.75,25.899999618530273,25.549999237060547,25.75
2017-04-19,110700,25.899999618530273,25.700000762939453,26.100000381469727,25.649999618530273,25.700000762939453
2017-04-18,76600,26.049999237060547,25.799999237060547,26.049999237060547,25.399999618530273,25.799999237060547
2017-04-17,70000,25.950000762939453,26.0,26.049999237060547,25.850000381469727,26.0
2017-04-13,72300,26.25,25.950000762939453,26.299999237060547,25.850000381469727,25.950000762939453
2017-04-12,59500,26.5,26.299999237060547,26.700000762939453,26.049999237060547,26.299999237060547
2017-04-11,84900,26.450000762939453,26.600000381469727,26.799999237060547,26.200000762939453,26.600000381469727
2017-04-10,201500,26.600000381469727,26.5,26.899999618530273,26.450000762939453,26.5
2017-04-07,180000,26.399999618530273,26.450000762939453,26.90999984741211,26.100000381469727,26.450000762939453
2017-04-06,208800,26.399999618530273,26.399999618530273,26.700000762939453,26.100000381469727,26.399999618530273
2017-04-05,109700,27.25,26.399999618530273,27.25,26.399999618530273,26.399999618530273
2017-04-04,79000,27.5,27.100000381469727,27.549999237060547,26.950000762939453,27.100000381469727
2017-04-03,159700,28.049999237060547,27.549999237060547,28.049999237060547,27.25,27.549999237060547
2017-03-31,174000,28.0,27.850000381469727,28.049999237060547,27.649999618530273,27.850000381469727
2017-03-30,67500,28.200000762939453,27.950000762939453,28.350000381469727,27.850000381469727,27.950000762939453
2017-03-29,105300,28.149999618530273,28.100000381469727,28.350000381469727,27.649999618530273,28.100000381469727
2017-03-28,56700,28.200000762939453,28.299999237060547,28.399999618530273,27.850000381469727,28.299999237060547
2017-03-27,61000,27.950000762939453,28.149999618530273,28.350000381469727,27.850000381469727,28.149999618530273
2017-03-24,79600,28.200000762939453,28.200000762939453,28.43000030517578,28.0,28.200000762939453
2017-03-23,134800,28.399999618530273,28.25,28.75,28.100000381469727,28.25
2017-03-22,175800,29.049999237060547,28.25,29.100000381469727,28.0,28.25
2017-03-21,112700,29.799999237060547,29.049999237060547,29.799999237060547,29.0,29.049999237060547
2017-03-20,241000,29.950000762939453,29.799999237060547,30.5,29.299999237060547,29.799999237060547
2017-03-17,325300,29.600000381469727,29.850000381469727,30.149999618530273,29.149999618530273,29.850000381469727
2017-03-16,125500,29.649999618530273,29.549999237060547,29.75,28.75,29.549999237060547
2017-03-15,62400,29.149999618530273,29.149999618530273,29.299999237060547,28.799999237060547,29.149999618530273
2017-03-14,66300,28.950000762939453,28.950000762939453,29.049999237060547,28.299999237060547,28.950000762939453
2017-03-13,73600,28.899999618530273,29.0,29.149999618530273,28.600000381469727,29.0
2017-03-10,179300,28.700000762939453,28.899999618530273,29.100000381469727,28.549999237060547,28.899999618530273
2017-03-09,108100,29.649999618530273,28.600000381469727,29.950000762939453,28.5,28.600000381469727
2017-03-08,83000,30.200000762939453,29.850000381469727,30.200000762939453,29.75,29.850000381469727
2017-03-07,118400,30.399999618530273,30.100000381469727,30.649999618530273,29.850000381469727,30.100000381469727
2017-03-06,353500,32.599998474121094,30.549999237060547,32.599998474121094,29.899999618530273,30.549999237060547
2017-03-03,372000,36.79999923706055,32.650001525878906,36.79999923706055,31.950000762939453,32.650001525878906
2017-03-02,76300,34.20000076293945,34.04999923706055,34.54999923706055,33.849998474121094,34.04999923706055
2017-03-01,81000,34.04999923706055,34.150001525878906,34.400001525878906,33.75,34.150001525878906
2017-02-28,46300,34.5,33.599998474121094,34.900001525878906,33.54999923706055,33.599998474121094
2017-02-27,53700,34.599998474121094,34.650001525878906,34.900001525878906,34.25,34.650001525878906
2017-02-24,35100,34.150001525878906,34.70000076293945,34.75,33.79999923706055,34.70000076293945
2017-02-23,47600,34.75,34.20000076293945,34.849998474121094,34.099998474121094,34.20000076293945
2017-02-22,35600,35.400001525878906,34.75,35.45000076293945,34.45000076293945,34.75
2017-02-21,56400,35.0,35.400001525878906,36.650001525878906,34.650001525878906,35.400001525878906
2017-02-17,92100,34.599998474121094,35.04999923706055,35.25,34.599998474121094,35.04999923706055
2017-02-16,51200,34.79999923706055,34.400001525878906,34.79999923706055,33.95000076293945,34.400001525878906
2017-02-15,71200,33.75,34.70000076293945,34.75,33.650001525878906,34.70000076293945
2017-02-14,56600,33.650001525878906,33.900001525878906,34.0,33.400001525878906,33.900001525878906
2017-02-13,62000,33.650001525878906,33.900001525878906,34.349998474121094,33.5,33.900001525878906
2017-02-10,47100,33.650001525878906,33.650001525878906,33.650001525878906,33.20000076293945,33.650001525878906
2017-02-09,29800,33.70000076293945,33.650001525878906,33.900001525878906,32.70000076293945,33.650001525878906
2017-02-08,64400,33.900001525878906,33.70000076293945,34.04999923706055,33.29999923706055,33.70000076293945
2017-02-07,35900,34.150001525878906,34.0,34.20000076293945,33.849998474121094,34.0
2017-02-06,33300,34.5,33.95000076293945,34.5,33.79999923706055,33.95000076293945
2017-02-03,150000,33.400001525878906,34.45000076293945,34.849998474121094,33.150001525878906,34.45000076293945
2017-02-02,50400,33.0,33.45000076293945,33.849998474121094,32.849998474121094,33.45000076293945
2017-02-01,82400,33.400001525878906,33.04999923706055,33.75,32.900001525878906,33.04999923706055
2017-01-31,57900,32.900001525878906,33.45000076293945,33.5,32.599998474121094,33.45000076293945
2017-01-30,68400,32.95000076293945,33.0,33.349998474121094,32.5,33.0
2017-01-27,66000,33.29999923706055,33.150001525878906,33.599998474121094,33.0,33.150001525878906
2017-01-26,81900,33.70000076293945,33.599998474121094,34.20000076293945,33.150001525878906,33.599998474121094
2017-01-25,122200,34.04999923706055,33.900001525878906,34.54999923706055,33.59000015258789,33.900001525878906
2017-01-24,77100,33.45000076293945,33.79999923706055,33.79999923706055,32.95000076293945,33.79999923706055
2017-01-23,57900,34.04999923706055,33.400001525878906,34.04999923706055,33.099998474121094,33.400001525878906
2017-01-20,101200,32.900001525878906,33.79999923706055,34.0,32.900001525878906,33.79999923706055
2017-01-19,95600,33.900001525878906,32.95000076293945,34.0,32.779998779296875,32.95000076293945
2017-01-18,115300,35.0,33.70000076293945,35.0,33.349998474121094,33.70000076293945
2017-01-17,314300,33.0,34.54999923706055,34.79999923706055,33.0,34.54999923706055
2017-01-13,72400,31.25,32.150001525878906,32.20000076293945,31.25,32.150001525878906
2017-01-12,68500,31.0,31.200000762939453,31.25,30.799999237060547,31.200000762939453
2017-01-11,74800,30.799999237060547,31.0,31.049999237060547,30.549999237060547,31.0
2017-01-10,80100,30.850000381469727,30.899999618530273,31.149999618530273,30.5,30.899999618530273
2017-01-09,63400,31.100000381469727,30.799999237060547,31.100000381469727,30.25,30.799999237060547
2017-01-06,90900,30.600000381469727,31.100000381469727,31.299999237060547,30.350000381469727,31.100000381469727
2017-01-05,41200,30.950000762939453,30.450000762939453,30.950000762939453,30.100000381469727,30.450000762939453
2017-01-04,203000,29.950000762939453,30.899999618530273,31.149999618530273,29.950000762939453,30.899999618530273
2017-01-03,164400,29.299999237060547,29.950000762939453,30.700000762939453,28.850000381469727,29.950000762939453
2016-12-30,110600,29.299999237060547,29.149999618530273,29.399999618530273,28.850000381469727,29.149999618530273
2016-12-29,36900,29.149999618530273,29.200000762939453,29.399999618530273,29.0,29.200000762939453
2016-12-28,70400,29.149999618530273,29.049999237060547,29.25,28.649999618530273,29.049999237060547
2016-12-27,131300,28.899999618530273,29.100000381469727,29.5,28.75,29.100000381469727
2016-12-23,234900,28.350000381469727,29.049999237060547,29.450000762939453,28.350000381469727,29.049999237060547
2016-12-22,170400,28.700000762939453,28.450000762939453,29.049999237060547,28.399999618530273,28.450000762939453
2016-12-21,107800,28.399999618530273,28.5,28.799999237060547,28.299999237060547,28.5
2016-12-20,89300,28.850000381469727,28.600000381469727,28.899999618530273,28.450000762939453,28.600000381469727
2016-12-19,105800,28.899999618530273,28.649999618530273,29.049999237060547,28.399999618530273,28.649999618530273
2016-12-16,160100,29.0,28.75,29.100000381469727,28.729999542236328,28.75
2016-12-15,52300,28.950000762939453,28.799999237060547,29.149999618530273,28.75,28.799999237060547
2016-12-14,146100,29.100000381469727,28.899999618530273,29.649999618530273,28.850000381469727,28.899999618530273
2016-12-13,67500,29.200000762939453,29.200000762939453,30.0,29.100000381469727,29.200000762939453
2016-12-12,36000,29.5,29.149999618530273,30.0,29.079999923706055,29.149999618530273
2016-12-09,55400,29.25,29.649999618530273,29.950000762939453,29.049999237060547,29.649999618530273
2016-12-08,92500,28.649999618530273,29.0,29.149999618530273,28.25,29.0
2016-12-07,54900,28.850000381469727,28.700000762939453,29.100000381469727,28.40999984741211,28.700000762939453
2016-12-06,87700,28.200000762939453,28.75,28.950000762939453,28.149999618530273,28.75
2016-12-05,59200,28.25,28.200000762939453,28.399999618530273,28.0,28.200000762939453
2016-12-02,74700,27.850000381469727,28.049999237060547,28.350000381469727,27.799999237060547,28.049999237060547
2016-12-01,73500,28.0,27.75,28.25,27.649999618530273,27.75
2016-11-30,51600,28.75,27.75,28.75,27.75,27.75
2016-11-29,66700,29.200000762939453,28.5,29.200000762939453,28.399999618530273,28.5
2016-11-28,45400,28.899999618530273,29.049999237060547,29.350000381469727,28.700000762939453,29.049999237060547
2016-11-25,45900,29.299999237060547,28.950000762939453,29.399999618530273,28.700000762939453,28.950000762939453
2016-11-23,72800,28.899999618530273,29.299999237060547,29.399999618530273,28.450000762939453,29.299999237060547
2016-11-22,135700,29.350000381469727,28.950000762939453,29.350000381469727,28.799999237060547,28.950000762939453
2016-11-21,55100,29.049999237060547,29.149999618530273,29.350000381469727,28.850000381469727,29.149999618530273
2016-11-18,62100,29.149999618530273,29.049999237060547,29.200000762939453,28.450000762939453,29.049999237060547
2016-11-17,102600,29.25,29.149999618530273,29.700000762939453,28.850000381469727,29.149999618530273
2016-11-16,66400,28.950000762939453,29.299999237060547,29.299999237060547,28.549999237060547,29.299999237060547
2016-11-15,67900,29.299999237060547,28.799999237060547,29.3799991607666,28.5,28.799999237060547
2016-11-14,83300,29.600000381469727,29.25,29.950000762939453,29.049999237060547,29.25
2016-11-11,140200,27.899999618530273,29.0,29.450000762939453,27.450000762939453,29.0
2016-11-10,213900,28.799999237060547,27.850000381469727,29.049999237060547,27.200000762939453,27.850000381469727
2016-11-09,106600,28.100000381469727,28.649999618530273,29.100000381469727,28.049999237060547,28.649999618530273
2016-11-08,107700,29.5,28.5,29.850000381469727,28.450000762939453,28.5
2016-11-07,123900,30.200000762939453,29.399999618530273,30.549999237060547,29.299999237060547,29.399999618530273
2016-11-04,130900,32.099998474121094,29.600000381469727,32.45000076293945,29.600000381469727,29.600000381469727
2016-11-03,76200,32.650001525878906,32.099998474121094,33.150001525878906,31.850000381469727,32.099998474121094
2016-11-02,49900,33.29999923706055,32.79999923706055,33.5,32.75,32.79999923706055
2016-11-01,90300,34.099998474121094,33.349998474121094,34.099998474121094,32.900001525878906,33.349998474121094
2016-10-31,30400,33.900001525878906,34.0,34.5,33.79999923706055,34.0
2016-10-28,37800,34.5,34.150001525878906,34.650001525878906,34.04999923706055,34.150001525878906
2016-10-27,71400,34.70000076293945,34.400001525878906,34.95000076293945,34.150001525878906,34.400001525878906
2016-10-26,42800,35.04999923706055,34.900001525878906,35.54999923706055,34.79999923706055,34.900001525878906
2016-10-25,80200,35.099998474121094,35.29999923706055,35.75,34.75,35.29999923706055
2016-10-24,17500,35.20000076293945,35.04999923706055,35.25,34.900001525878906,35.04999923706055
2016-10-21,37700,34.75,35.0,35.099998474121094,34.75,35.0
2016-10-20,23200,35.04999923706055,35.099998474121094,35.20000076293945,34.79999923706055,35.099998474121094
2016-10-19,148400,35.29999923706055,35.150001525878906,35.54999923706055,35.0,35.150001525878906
2016-10-18,26200,35.25,35.150001525878906,35.68000030517578,35.099998474121094,35.150001525878906
2016-10-17,31400,35.54999923706055,35.20000076293945,35.54999923706055,34.97999954223633,35.20000076293945
2016-10-14,32900,35.25,35.470001220703125,35.65999984741211,34.83000183105469,35.470001220703125
2016-10-13,40800,35.04999923706055,35.09000015258789,35.209999084472656,34.56999969482422,35.09000015258789
2016-10-12,31800,35.34000015258789,35.33000183105469,35.59000015258789,35.02000045776367,35.33000183105469
2016-10-11,87800,36.33000183105469,35.31999969482422,36.400001525878906,34.880001068115234,35.31999969482422
2016-10-10,75800,36.619998931884766,36.54999923706055,36.90999984741211,36.349998474121094,36.54999923706055
2016-10-07,61700,36.650001525878906,36.459999084472656,36.650001525878906,35.7400016784668,36.459999084472656
2016-10-06,62100,36.34000015258789,36.650001525878906,36.869998931884766,36.13999938964844,36.650001525878906
2016-10-05,105700,36.61000061035156,36.5,36.79999923706055,36.18000030517578,36.5
2016-10-04,53200,36.779998779296875,36.4900016784668,37.43000030517578,36.439998626708984,36.4900016784668
2016-10-03,66900,36.81999969482422,36.810001373291016,36.95000076293945,36.25,36.810001373291016
2016-09-30,63500,36.34000015258789,36.779998779296875,37.02000045776367,36.08000183105469,36.779998779296875
2016-09-29,46400,37.279998779296875,36.150001525878906,37.279998779296875,36.060001373291016,36.150001525878906
2016-09-28,93700,37.7400016784668,37.13999938964844,37.790000915527344,36.29999923706055,37.13999938964844
2016-09-27,73100,36.720001220703125,37.59000015258789,37.959999084472656,36.619998931884766,37.59000015258789
2016-09-26,51600,36.630001068115234,36.79999923706055,36.9900016784668,36.369998931884766,36.79999923706055
2016-09-23,50700,36.040000915527344,36.77000045776367,36.959999084472656,36.0099983215332,36.77000045776367
2016-09-22,103700,35.97999954223633,36.369998931884766,36.529998779296875,35.959999084472656,36.369998931884766
2016-09-21,38200,35.7599983215332,35.84000015258789,35.959999084472656,35.29999923706055,35.84000015258789
2016-09-20,54300,35.88999938964844,35.599998474121094,35.97999954223633,35.5,35.599998474121094
2016-09-19,87900,35.18000030517578,35.77000045776367,35.90999984741211,35.13999938964844,35.77000045776367
2016-09-16,56200,35.04999923706055,35.0099983215332,35.13999938964844,34.27000045776367,35.0099983215332
2016-09-15,29500,35.099998474121094,35.20000076293945,35.43000030517578,34.79999923706055,35.20000076293945
2016-09-14,40200,35.130001068115234,34.9900016784668,35.630001068115234,34.70000076293945,34.9900016784668
2016-09-13,60300,35.65999984741211,35.16999816894531,35.79999923706055,34.84000015258789,35.16999816894531
2016-09-12,46300,35.369998931884766,35.869998931884766,35.90999984741211,35.279998779296875,35.869998931884766
2016-09-09,90800,35.720001220703125,35.56999969482422,36.0099983215332,35.4900016784668,35.56999969482422
2016-09-08,38400,36.33000183105469,36.060001373291016,36.369998931884766,35.880001068115234,36.060001373291016
2016-09-07,29500,36.29999923706055,36.47999954223633,36.4900016784668,36.220001220703125,36.47999954223633
2016-09-06,19700,36.11000061035156,36.290000915527344,36.400001525878906,36.099998474121094,36.290000915527344
2016-09-02,18200,36.029998779296875,36.09000015258789,36.900001525878906,35.900001525878906,36.09000015258789
2016-09-01,42200,36.220001220703125,35.720001220703125,36.59000015258789,35.47999954223633,35.720001220703125
2016-08-31,74800,35.9900016784668,36.189998626708984,36.459999084472656,35.869998931884766,36.189998626708984
2016-08-30,22200,36.33000183105469,35.91999816894531,36.33000183105469,35.66999816894531,35.91999816894531
2016-08-29,14800,36.029998779296875,36.2400016784668,36.31999969482422,36.029998779296875,36.2400016784668
2016-08-26,28200,36.5,36.029998779296875,36.650001525878906,35.459999084472656,36.029998779296875
2016-08-25,38700,35.5,36.06999969482422,36.150001525878906,35.5,36.06999969482422
2016-08-24,18000,35.540000915527344,35.7599983215332,35.779998779296875,35.2400016784668,35.7599983215332
2016-08-23,17400,35.459999084472656,35.61000061035156,35.709999084472656,35.36000061035156,35.61000061035156
2016-08-22,16200,35.470001220703125,35.349998474121094,35.77000045776367,34.939998626708984,35.349998474121094
2016-08-19,36700,35.52000045776367,35.630001068115234,36.029998779296875,35.43000030517578,35.630001068115234
2016-08-18,50600,35.20000076293945,35.849998474121094,35.9900016784668,35.09000015258789,35.849998474121094
2016-08-17,67900,35.060001373291016,35.119998931884766,35.41999816894531,34.75,35.119998931884766
2016-08-16,35600,35.5099983215332,35.209999084472656,35.5099983215332,34.95000076293945,35.209999084472656
2016-08-15,58200,35.7599983215332,35.650001525878906,35.849998474121094,35.5099983215332,35.650001525878906
2016-08-12,29600,35.310001373291016,35.540000915527344,35.83000183105469,35.099998474121094,35.540000915527344
2016-08-11,22300,35.310001373291016,35.25,35.619998931884766,34.630001068115234,35.25
2016-08-10,65200,35.31999969482422,35.279998779296875,35.84000015258789,34.959999084472656,35.279998779296875
2016-08-09,24900,35.220001220703125,35.099998474121094,35.599998474121094,35.08000183105469,35.099998474121094
2016-08-08,23000,35.16999816894531,35.119998931884766,35.2400016784668,34.83000183105469,35.119998931884766
2016-08-05,28700,35.09000015258789,35.22999954223633,35.709999084472656,35.0099983215332,35.22999954223633
2016-08-04,19400,34.9900016784668,35.029998779296875,35.36000061035156,34.709999084472656,35.029998779296875
2016-08-03,36100,34.56999969482422,35.08000183105469,35.47999954223633,34.40999984741211,35.08000183105469
2016-08-02,62900,36.11000061035156,34.77000045776367,36.11000061035156,34.279998779296875,34.77000045776367
2016-08-01,44700,35.4900016784668,35.95000076293945,35.97999954223633,35.2599983215332,35.95000076293945
2016-07-29,113500,33.869998931884766,35.4900016784668,35.81999969482422,33.060001373291016,35.4900016784668
2016-07-28,36100,33.220001220703125,33.2599983215332,33.52000045776367,32.83000183105469,33.2599983215332
2016-07-27,41000,32.77000045776367,33.13999938964844,33.209999084472656,32.77000045776367,33.13999938964844
2016-07-26,39600,32.650001525878906,32.90999984741211,33.130001068115234,32.59000015258789,32.90999984741211
2016-07-25,24900,32.47999954223633,32.47999954223633,32.65999984741211,32.2599983215332,32.47999954223633
2016-07-22,48300,32.75,32.529998779296875,33.0099983215332,32.459999084472656,32.529998779296875
2016-07-21,59700,33.18000030517578,32.86000061035156,33.869998931884766,32.65999984741211,32.86000061035156
2016-07-20,40900,32.900001525878906,33.27000045776367,33.689998626708984,32.560001373291016,33.27000045776367
2016-07-19,56800,33.13999938964844,32.7599983215332,33.13999938964844,32.279998779296875,32.7599983215332
2016-07-18,48200,33.40999984741211,33.09000015258789,33.560001373291016,32.91999816894531,33.09000015258789
2016-07-15,51900,33.41999816894531,33.40999984741211,33.650001525878906,32.9900016784668,33.40999984741211
2016-07-14,60900,33.630001068115234,33.2599983215332,34.0,33.150001525878906,33.2599983215332
2016-07-13,39000,33.45000076293945,33.5099983215332,34.08000183105469,33.130001068115234,33.5099983215332
2016-07-12,97600,33.66999816894531,33.31999969482422,33.97999954223633,32.61000061035156,33.31999969482422
2016-07-11,259500,30.799999237060547,33.290000915527344,34.130001068115234,30.489999771118164,33.290000915527344
2016-07-08,198100,31.309999465942383,30.729999542236328,31.309999465942383,30.6299991607666,30.729999542236328
2016-07-07,38400,31.270000457763672,31.079999923706055,31.43000030517578,30.65999984741211,31.079999923706055
2016-07-06,46100,31.15999984741211,31.06999969482422,31.15999984741211,30.280000686645508,31.06999969482422
2016-07-05,20900,32.0,31.399999618530273,32.0,31.25,31.399999618530273
2016-07-01,42000,32.11000061035156,32.189998626708984,32.52000045776367,31.959999084472656,32.189998626708984
2016-06-30,71000,31.979999542236328,32.18000030517578,32.20000076293945,31.270000457763672,32.18000030517578
2016-06-29,60700,30.799999237060547,31.229999542236328,31.399999618530273,30.579999923706055,31.229999542236328
2016-06-28,57400,30.360000610351562,30.530000686645508,30.940000534057617,29.899999618530273,30.530000686645508
2016-06-27,66800,31.440000534057617,30.200000762939453,31.440000534057617,30.030000686645508,30.200000762939453
2016-06-24,121400,32.47999954223633,31.850000381469727,32.970001220703125,31.600000381469727,31.850000381469727
2016-06-23,56200,32.59000015258789,33.619998931884766,33.7599983215332,31.889999389648438,33.619998931884766
2016-06-22,32700,32.220001220703125,32.36000061035156,32.7599983215332,32.099998474121094,32.36000061035156
2016-06-21,61000,32.95000076293945,32.20000076293945,32.95000076293945,31.799999237060547,32.20000076293945
2016-06-20,82500,33.90999984741211,32.900001525878906,34.09000015258789,32.81999969482422,32.900001525878906
2016-06-17,226100,32.650001525878906,33.25,34.88999938964844,32.31999969482422,33.25
2016-06-16,20400,30.809999465942383,31.149999618530273,31.200000762939453,30.68000030517578,31.149999618530273
2016-06-15,13600,31.170000076293945,31.09000015258789,31.459999084472656,31.020000457763672,31.09000015258789
2016-06-14,26900,31.440000534057617,31.100000381469727,31.540000915527344,30.690000534057617,31.100000381469727
2016-06-13,30600,31.530000686645508,31.450000762939453,31.809999465942383,31.3700008392334,31.450000762939453
2016-06-10,19700,31.610000610351562,31.610000610351562,31.829999923706055,31.479999542236328,31.610000610351562
2016-06-09,31800,32.119998931884766,31.989999771118164,32.529998779296875,31.510000228881836,31.989999771118164
2016-06-08,24900,32.29999923706055,32.150001525878906,32.61000061035156,32.0099983215332,32.150001525878906
2016-06-07,31400,32.68000030517578,32.20000076293945,32.970001220703125,32.060001373291016,32.20000076293945
2016-06-06,42600,31.559999465942383,32.689998626708984,32.72999954223633,31.559999465942383,32.689998626708984
2016-06-03,17600,31.780000686645508,31.670000076293945,31.780000686645508,31.530000686645508,31.670000076293945
2016-06-02,24600,31.389999389648438,31.739999771118164,31.739999771118164,31.350000381469727,31.739999771118164
2016-06-01,18300,30.389999389648438,31.559999465942383,31.610000610351562,30.389999389648438,31.559999465942383
2016-05-31,42900,31.6299991607666,31.18000030517578,31.68000030517578,31.09000015258789,31.18000030517578
2016-05-27,20900,31.739999771118164,31.68000030517578,32.15999984741211,31.59000015258789,31.68000030517578
2016-05-26,44800,31.3700008392334,31.579999923706055,31.65999984741211,31.030000686645508,31.579999923706055
2016-05-25,32900,31.5,30.940000534057617,31.719999313354492,30.889999389648438,30.940000534057617
2016-05-24,37800,31.18000030517578,31.510000228881836,31.81999969482422,30.989999771118164,31.510000228881836
2016-05-23,32000,30.850000381469727,30.920000076293945,31.170000076293945,30.6299991607666,30.920000076293945
2016-05-20,49800,30.90999984741211,30.979999542236328,31.190000534057617,30.219999313354492,30.979999542236328
2016-05-19,41600,30.709999084472656,30.75,31.260000228881836,30.5,30.75
2016-05-18,47000,31.260000228881836,31.040000915527344,31.479999542236328,30.790000915527344,31.040000915527344
2016-05-17,104900,32.400001525878906,31.459999084472656,32.47999954223633,31.040000915527344,31.459999084472656
2016-05-16,37100,32.04999923706055,32.81999969482422,33.02000045776367,31.959999084472656,32.81999969482422
2016-05-13,97600,33.15999984741211,32.31999969482422,33.29999923706055,31.93000030517578,32.31999969482422
2016-05-12,46800,34.31999969482422,33.349998474121094,34.34000015258789,33.099998474121094,33.349998474121094
2016-05-11,69800,34.97999954223633,34.13999938964844,35.15999984741211,34.029998779296875,34.13999938964844
2016-05-10,32200,35.310001373291016,35.13999938964844,35.5099983215332,35.04999923706055,35.13999938964844
2016-05-09,31900,35.4900016784668,35.34000015258789,35.880001068115234,35.0,35.34000015258789
2016-05-06,58200,36.25,35.619998931884766,36.91999816894531,35.47999954223633,35.619998931884766
2016-05-05,75700,36.400001525878906,36.18000030517578,36.599998474121094,36.06999969482422,36.18000030517578
2016-05-04,32000,35.9900016784668,36.470001220703125,36.88999938964844,35.7400016784668,36.470001220703125
2016-05-03,42300,36.849998474121094,35.97999954223633,37.09000015258789,35.709999084472656,35.97999954223633
2016-05-02,30400,36.68000030517578,37.0,37.22999954223633,35.9900016784668,37.0
2016-04-29,31600,36.939998626708984,36.43000030517578,36.95000076293945,36.279998779296875,36.43000030517578
2016-04-28,32200,37.400001525878906,37.06999969482422,37.86000061035156,36.91999816894531,37.06999969482422
2016-04-27,53500,36.65999984741211,37.16999816894531,37.41999816894531,36.65999984741211,37.16999816894531
2016-04-26,51300,36.0,37.0099983215332,37.45000076293945,36.0,37.0099983215332
2016-04-25,47000,36.58000183105469,36.25,36.58000183105469,35.88999938964844,36.25
2016-04-22,40000,36.4900016784668,36.7400016784668,36.849998474121094,36.15999984741211,36.7400016784668
2016-04-21,30400,36.689998626708984,36.58000183105469,36.88999938964844,36.310001373291016,36.58000183105469
2016-04-20,28400,37.099998474121094,36.83000183105469,37.560001373291016,36.72999954223633,36.83000183105469
2016-04-19,24600,37.290000915527344,37.20000076293945,37.400001525878906,36.83000183105469,37.20000076293945
2016-04-18,52600,36.7400016784668,37.06999969482422,37.470001220703125,36.59000015258789,37.06999969482422
2016-04-15,40400,36.90999984741211,36.970001220703125,37.38999938964844,36.540000915527344,36.970001220703125
2016-04-14,106400,36.52000045776367,36.900001525878906,37.11000061035156,35.970001220703125,36.900001525878906
2016-04-13,37300,36.560001373291016,36.52000045776367,36.79999923706055,35.83000183105469,36.52000045776367
2016-04-12,25000,36.54999923706055,36.45000076293945,36.86000061035156,36.290000915527344,36.45000076293945
2016-04-11,56400,36.2599983215332,36.2400016784668,36.790000915527344,35.90999984741211,36.2400016784668
2016-04-08,45700,35.790000915527344,35.880001068115234,36.029998779296875,35.41999816894531,35.880001068115234
2016-04-07,135700,36.16999816894531,35.59000015258789,36.310001373291016,35.08000183105469,35.59000015258789
2016-04-06,29400,36.65999984741211,36.290000915527344,36.86000061035156,36.15999984741211,36.290000915527344
2016-04-05,39300,36.470001220703125,36.709999084472656,37.0,35.970001220703125,36.709999084472656
2016-04-04,58500,36.36000061035156,36.52000045776367,36.869998931884766,36.02000045776367,36.52000045776367
2016-04-01,51400,35.939998626708984,36.599998474121094,36.849998474121094,35.65999984741211,36.599998474121094
2016-03-31,88700,35.810001373291016,36.40999984741211,36.63999938964844,35.5099983215332,36.40999984741211
2016-03-30,71000,36.08000183105469,35.880001068115234,36.529998779296875,35.47999954223633,35.880001068115234
2016-03-29,134000,34.68000030517578,36.0099983215332,36.52000045776367,34.38999938964844,36.0099983215332
2016-03-28,319900,34.439998626708984,34.63999938964844,34.91999816894531,31.360000610351562,34.63999938964844
2016-03-24,92600,35.38999938964844,35.9900016784668,36.04999923706055,35.04999923706055,35.9900016784668
2016-03-23,59500,35.81999969482422,35.4900016784668,36.130001068115234,35.439998626708984,35.4900016784668
2016-03-22,36200,36.2400016784668,35.97999954223633,36.5,35.709999084472656,35.97999954223633
2016-03-21,33600,36.75,36.52000045776367,37.459999084472656,36.470001220703125,36.52000045776367
2016-03-18,93200,36.91999816894531,36.880001068115234,37.13999938964844,36.33000183105469,36.880001068115234
2016-03-17,54400,35.31999969482422,36.59000015258789,36.66999816894531,34.72999954223633,36.59000015258789
2016-03-16,87900,34.43000030517578,35.18000030517578,35.40999984741211,34.060001373291016,35.18000030517578
2016-03-15,86000,35.4900016784668,35.0,35.84000015258789,34.81999969482422,35.0
2016-03-14,74400,35.04999923706055,35.88999938964844,36.56999969482422,35.04999923706055,35.88999938964844
2016-03-11,182000,35.720001220703125,35.060001373291016,37.130001068115234,34.810001373291016,35.060001373291016
2016-03-10,97800,37.20000076293945,35.279998779296875,37.7400016784668,34.7400016784668,35.279998779296875
2016-03-09,38300,37.689998626708984,37.189998626708984,37.88999938964844,37.029998779296875,37.189998626708984
2016-03-08,43600,37.83000183105469,37.439998626708984,37.83000183105469,37.34000015258789,37.439998626708984
2016-03-07,81500,36.619998931884766,37.970001220703125,38.0,35.7400016784668,37.970001220703125
2016-03-04,61200,36.0,36.619998931884766,37.08000183105469,35.77000045776367,36.619998931884766
2016-03-03,51700,35.400001525878906,35.790000915527344,35.91999816894531,34.84000015258789,35.790000915527344
2016-03-02,74800,35.81999969482422,35.56999969482422,36.09000015258789,35.290000915527344,35.56999969482422
2016-03-01,32200,35.279998779296875,35.970001220703125,35.9900016784668,35.279998779296875,35.970001220703125
2016-02-29,100100,35.0099983215332,35.0,36.0,34.599998474121094,35.0
2016-02-26,197200,31.25,35.0,35.849998474121094,31.25,35.0
2016-02-25,70900,29.920000076293945,31.170000076293945,31.459999084472656,29.920000076293945,31.170000076293945
2016-02-24,43200,29.450000762939453,30.450000762939453,30.5,29.450000762939453,30.450000762939453
2016-02-23,81200,29.8700008392334,30.1299991607666,30.6200008392334,29.479999542236328,30.1299991607666
2016-02-22,62600,29.899999618530273,29.989999771118164,30.6299991607666,29.709999084472656,29.989999771118164
2016-02-19,36800,28.829999923706055,29.579999923706055,29.700000762939453,28.81999969482422,29.579999923706055
2016-02-18,48600,29.860000610351562,28.8799991607666,29.860000610351562,28.440000534057617,28.8799991607666
2016-02-17,41400,29.0,29.959999084472656,30.209999084472656,28.979999542236328,29.959999084472656
2016-02-16,50300,27.790000915527344,28.920000076293945,28.979999542236328,27.479999542236328,28.920000076293945
2016-02-12,89500,27.469999313354492,27.559999465942383,27.899999618530273,27.06999969482422,27.559999465942383
2016-02-11,24400,27.729999542236328,27.579999923706055,27.940000534057617,27.1299991607666,27.579999923706055
2016-02-10,29700,28.68000030517578,28.219999313354492,28.8799991607666,28.079999923706055,28.219999313354492
2016-02-09,41100,27.969999313354492,28.389999389648438,28.770000457763672,27.8799991607666,28.389999389648438
2016-02-08,31100,28.049999237060547,28.350000381469727,28.450000762939453,27.56999969482422,28.350000381469727
2016-02-05,79900,28.799999237060547,28.34000015258789,28.81999969482422,28.18000030517578,28.34000015258789
2016-02-04,36300,28.6200008392334,28.81999969482422,28.979999542236328,28.3700008392334,28.81999969482422
2016-02-03,41200,28.75,28.68000030517578,29.110000610351562,27.920000076293945,28.68000030517578
2016-02-02,28500,29.290000915527344,28.530000686645508,29.459999084472656,28.389999389648438,28.530000686645508
2016-02-01,55200,29.389999389648438,29.510000228881836,29.93000030517578,28.690000534057617,29.510000228881836
2016-01-29,81100,28.989999771118164,29.729999542236328,29.8700008392334,28.989999771118164,29.729999542236328
2016-01-28,90100,29.040000915527344,28.979999542236328,29.290000915527344,28.790000915527344,28.979999542236328
2016-01-27,115700,29.299999237060547,28.850000381469727,29.84000015258789,28.5,28.850000381469727
2016-01-26,65000,29.260000228881836,29.299999237060547,29.979999542236328,29.219999313354492,29.299999237060547
2016-01-25,49600,29.989999771118164,29.309999465942383,30.0,29.190000534057617,29.309999465942383
2016-01-22,46500,30.0,30.030000686645508,30.459999084472656,29.700000762939453,30.030000686645508
2016-01-21,61100,30.290000915527344,29.700000762939453,30.540000915527344,29.6299991607666,29.700000762939453
2016-01-20,98500,29.649999618530273,30.280000686645508,30.530000686645508,28.219999313354492,30.280000686645508
2016-01-19,131300,28.280000686645508,29.84000015258789,30.100000381469727,28.280000686645508,29.84000015258789
2016-01-15,134900,26.040000915527344,28.079999923706055,28.40999984741211,26.040000915527344,28.079999923706055
2016-01-14,65400,24.540000915527344,25.170000076293945,25.31999969482422,24.200000762939453,25.170000076293945
2016-01-13,40100,26.079999923706055,24.5,26.110000610351562,24.34000015258789,24.5
2016-01-12,60600,25.84000015258789,26.079999923706055,26.43000030517578,25.520000457763672,26.079999923706055
2016-01-11,46100,25.350000381469727,25.639999389648438,25.899999618530273,25.209999084472656,25.639999389648438
2016-01-08,49200,25.09000015258789,25.280000686645508,25.84000015258789,25.09000015258789,25.280000686645508
2016-01-07,34000,25.8700008392334,25.100000381469727,26.459999084472656,25.020000457763672,25.100000381469727
2016-01-06,82300,26.81999969482422,26.170000076293945,27.479999542236328,25.90999984741211,26.170000076293945
2016-01-05,28800,27.399999618530273,27.290000915527344,27.959999084472656,27.110000610351562,27.290000915527344
2016-01-04,55200,27.290000915527344,27.329999923706055,27.700000762939453,26.290000915527344,27.329999923706055
2015-12-31,79300,27.829999923706055,27.84000015258789,28.399999618530273,27.68000030517578,27.84000015258789
2015-12-30,42300,28.31999969482422,28.030000686645508,28.3700008392334,27.700000762939453,28.030000686645508
2015-12-29,19500,28.1200008392334,28.290000915527344,28.489999771118164,28.06999969482422,28.290000915527344
2015-12-28,21000,28.530000686645508,28.389999389648438,28.709999084472656,28.09000015258789,28.389999389648438
2015-12-24,12400,29.06999969482422,28.709999084472656,29.06999969482422,28.639999389648438,28.709999084472656
2015-12-23,30000,27.920000076293945,29.0,29.139999389648438,27.889999389648438,29.0
2015-12-22,48500,28.299999237060547,27.889999389648438,28.299999237060547,27.59000015258789,27.889999389648438
2015-12-21,38800,28.31999969482422,28.299999237060547,28.8799991607666,27.799999237060547,28.299999237060547
2015-12-18,101400,27.809999465942383,28.020000457763672,28.059999465942383,27.3799991607666,28.020000457763672
2015-12-17,39400,28.170000076293945,27.969999313354492,28.260000228881836,27.549999237060547,27.969999313354492
2015-12-16,48900,27.270000457763672,28.020000457763672,28.149999618530273,27.270000457763672,28.020000457763672
2015-12-15,45600,27.110000610351562,27.200000762939453,27.360000610351562,26.75,27.200000762939453
2015-12-14,69500,26.760000228881836,26.690000534057617,27.260000228881836,26.40999984741211,26.690000534057617
2015-12-11,30900,27.110000610351562,26.780000686645508,27.299999237060547,26.56999969482422,26.780000686645508
2015-12-10,23900,27.6299991607666,27.56999969482422,27.690000534057617,27.15999984741211,27.56999969482422
2015-12-09,72700,28.0,27.56999969482422,28.6299991607666,27.309999465942383,27.56999969482422
2015-12-08,43900,27.84000015258789,28.059999465942383,28.510000228881836,27.649999618530273,28.059999465942383
2015-12-07,58400,28.850000381469727,28.149999618530273,28.850000381469727,27.6299991607666,28.149999618530273
2015-12-04,62600,28.200000762939453,28.700000762939453,29.110000610351562,28.010000228881836,28.700000762939453
2015-12-03,61500,27.920000076293945,27.989999771118164,28.350000381469727,27.440000534057617,27.989999771118164
2015-12-02,163400,27.510000228881836,27.889999389648438,28.6200008392334,27.299999237060547,27.889999389648438
2015-12-01,60800,27.459999084472656,27.610000610351562,27.770000457763672,27.25,27.610000610351562
2015-11-30,63100,27.670000076293945,27.3799991607666,27.670000076293945,27.040000915527344,27.3799991607666
2015-11-27,11200,27.739999771118164,27.709999084472656,27.950000762939453,27.489999771118164,27.709999084472656
2015-11-25,25000,27.709999084472656,27.75,27.950000762939453,27.43000030517578,27.75
2015-11-24,83400,26.799999237060547,27.670000076293945,28.020000457763672,26.719999313354492,27.670000076293945
2015-11-23,17700,26.540000915527344,26.809999465942383,26.940000534057617,26.290000915527344,26.809999465942383
2015-11-20,28700,26.68000030517578,26.479999542236328,26.770000457763672,26.260000228881836,26.479999542236328
2015-11-19,50700,26.719999313354492,26.5,26.920000076293945,26.389999389648438,26.5
2015-11-18,92000,26.360000610351562,26.719999313354492,26.940000534057617,26.09000015258789,26.719999313354492
2015-11-17,99500,27.639999389648438,26.25,27.670000076293945,26.1299991607666,26.25
2015-11-16,51800,28.280000686645508,27.5,28.809999465942383,27.299999237060547,27.5
2015-11-13,89400,29.700000762939453,28.3700008392334,30.0,28.270000457763672,28.3700008392334
2015-11-12,110800,30.309999465942383,30.0,30.989999771118164,29.969999313354492,30.0
2015-11-11,42400,30.190000534057617,30.399999618530273,31.020000457763672,30.190000534057617,30.399999618530273
2015-11-10,80600,29.56999969482422,30.149999618530273,30.540000915527344,29.56999969482422,30.149999618530273
2015-11-09,34900,30.270000457763672,29.65999984741211,30.6200008392334,29.579999923706055,29.65999984741211
2015-11-06,65500,30.09000015258789,30.3799991607666,30.6200008392334,29.6200008392334,30.3799991607666
2015-11-05,26300,30.15999984741211,30.290000915527344,30.75,29.540000915527344,30.290000915527344
2015-11-04,102500,32.20000076293945,30.280000686645508,32.22999954223633,29.479999542236328,30.280000686645508
2015-11-03,24200,32.16999816894531,32.20000076293945,32.38999938964844,31.68000030517578,32.20000076293945
2015-11-02,33900,31.559999465942383,32.36000061035156,32.400001525878906,31.149999618530273,32.36000061035156
2015-10-30,27200,31.459999084472656,31.3700008392334,31.559999465942383,30.8799991607666,31.3700008392334
2015-10-29,48500,31.510000228881836,31.3799991607666,32.150001525878906,31.309999465942383,31.3799991607666
2015-10-28,53100,31.010000228881836,31.639999389648438,31.920000076293945,30.809999465942383,31.639999389648438
2015-10-27,23200,31.049999237060547,31.0,31.6200008392334,30.850000381469727,31.0
2015-10-26,16700,31.8799991607666,31.280000686645508,31.8799991607666,31.270000457763672,31.280000686645508
2015-10-23,22300,31.350000381469727,31.84000015258789,31.979999542236328,31.040000915527344,31.84000015258789
2015-10-22,38300,30.719999313354492,31.209999084472656,31.209999084472656,30.6200008392334,31.209999084472656
2015-10-21,49300,30.59000015258789,30.610000610351562,31.309999465942383,30.280000686645508,30.610000610351562
2015-10-20,74800,30.940000534057617,30.450000762939453,30.940000534057617,30.200000762939453,30.450000762939453
2015-10-19,28200,30.600000381469727,30.860000610351562,31.049999237060547,30.40999984741211,30.860000610351562
2015-10-16,33300,31.030000686645508,30.639999389648438,31.079999923706055,30.459999084472656,30.639999389648438
2015-10-15,43800,30.68000030517578,30.850000381469727,30.899999618530273,30.200000762939453,30.850000381469727
2015-10-14,28200,31.0,30.5,31.3799991607666,30.15999984741211,30.5
2015-10-13,30700,31.15999984741211,30.920000076293945,31.809999465942383,30.729999542236328,30.920000076293945
2015-10-12,12800,31.34000015258789,31.440000534057617,31.600000381469727,31.020000457763672,31.440000534057617
2015-10-09,21700,31.1299991607666,31.440000534057617,31.489999771118164,31.1299991607666,31.440000534057617
2015-10-08,23800,30.520000457763672,31.15999984741211,31.329999923706055,30.459999084472656,31.15999984741211
2015-10-07,47900,30.690000534057617,30.440000534057617,30.93000030517578,30.329999923706055,30.440000534057617
2015-10-06,22700,30.940000534057617,30.639999389648438,30.940000534057617,30.350000381469727,30.639999389648438
2015-10-05,25500,30.170000076293945,30.90999984741211,30.989999771118164,30.170000076293945,30.90999984741211
2015-10-02,21400,29.25,30.1200008392334,30.1200008392334,29.25,30.1200008392334
2015-10-01,31000,29.299999237060547,29.68000030517578,30.0,29.299999237060547,29.68000030517578
2015-09-30,51900,29.0,29.450000762939453,29.59000015258789,28.809999465942383,29.450000762939453
2015-09-29,88500,29.25,28.969999313354492,29.799999237060547,28.530000686645508,28.969999313354492
2015-09-28,49000,30.56999969482422,29.31999969482422,30.56999969482422,29.100000381469727,29.31999969482422
2015-09-25,48200,31.469999313354492,30.579999923706055,31.469999313354492,30.450000762939453,30.579999923706055
2015-09-24,30600,30.90999984741211,31.360000610351562,31.479999542236328,30.389999389648438,31.360000610351562
2015-09-23,28200,31.790000915527344,31.15999984741211,31.959999084472656,30.989999771118164,31.15999984741211
2015-09-22,23400,32.099998474121094,31.729999542236328,32.130001068115234,31.510000228881836,31.729999542236328
2015-09-21,49500,32.150001525878906,32.41999816894531,32.560001373291016,32.09000015258789,32.41999816894531
2015-09-18,124200,31.790000915527344,32.060001373291016,32.439998626708984,31.360000610351562,32.060001373291016
2015-09-17,25900,31.360000610351562,32.18000030517578,32.400001525878906,31.360000610351562,32.18000030517578
2015-09-16,41100,31.719999313354492,31.290000915527344,31.809999465942383,31.030000686645508,31.290000915527344
2015-09-15,19400,31.329999923706055,31.639999389648438,31.700000762939453,31.18000030517578,31.639999389648438
2015-09-14,21600,32.040000915527344,31.229999542236328,32.040000915527344,31.059999465942383,31.229999542236328
2015-09-11,22900,32.0,32.060001373291016,32.11000061035156,31.399999618530273,32.060001373291016
2015-09-10,23500,32.22999954223633,32.189998626708984,32.369998931884766,31.489999771118164,32.189998626708984
2015-09-09,30400,33.099998474121094,32.29999923706055,33.099998474121094,32.209999084472656,32.29999923706055
2015-09-08,33400,32.95000076293945,32.779998779296875,32.970001220703125,32.25,32.779998779296875
2015-09-04,15800,32.27000045776367,32.4900016784668,32.63999938964844,32.2599983215332,32.4900016784668
2015-09-03,34300,32.900001525878906,32.7400016784668,33.08000183105469,32.5,32.7400016784668
2015-09-02,26300,32.560001373291016,32.66999816894531,32.7599983215332,31.979999542236328,32.66999816894531
2015-09-01,105300,32.86000061035156,32.290000915527344,32.86000061035156,31.770000457763672,32.290000915527344
2015-08-31,65300,33.0099983215332,33.34000015258789,33.439998626708984,32.58000183105469,33.34000015258789
2015-08-28,27700,32.630001068115234,33.220001220703125,33.29999923706055,32.59000015258789,33.220001220703125
2015-08-27,40000,32.86000061035156,32.779998779296875,33.099998474121094,32.27000045776367,32.779998779296875
2015-08-26,64200,32.290000915527344,32.86000061035156,32.91999816894531,31.43000030517578,32.86000061035156
2015-08-25,68900,33.41999816894531,31.84000015258789,33.4900016784668,31.5,31.84000015258789
2015-08-24,59600,32.38999938964844,32.540000915527344,33.86000061035156,32.27000045776367,32.540000915527344
2015-08-21,68000,33.15999984741211,33.86000061035156,34.02000045776367,33.15999984741211,33.86000061035156
2015-08-20,50600,34.02000045776367,34.0099983215332,34.36000061035156,33.66999816894531,34.0099983215332
2015-08-19,30600,34.9900016784668,34.470001220703125,35.0,34.09000015258789,34.470001220703125
2015-08-18,44200,35.06999969482422,35.400001525878906,35.5099983215332,34.90999984741211,35.400001525878906
2015-08-17,30900,35.56999969482422,35.22999954223633,36.08000183105469,34.88999938964844,35.22999954223633
2015-08-14,22800,35.150001525878906,35.790000915527344,36.0099983215332,34.93000030517578,35.790000915527344
2015-08-13,30700,35.41999816894531,35.29999923706055,35.72999954223633,34.959999084472656,35.29999923706055
2015-08-12,86100,35.560001373291016,35.38999938964844,35.560001373291016,34.599998474121094,35.38999938964844
2015-08-11,33700,36.45000076293945,35.95000076293945,36.599998474121094,35.880001068115234,35.95000076293945
2015-08-10,26900,36.790000915527344,36.560001373291016,36.95000076293945,36.2599983215332,36.560001373291016
2015-08-07,29500,37.119998931884766,36.4900016784668,37.2400016784668,36.33000183105469,36.4900016784668
2015-08-06,23400,37.400001525878906,37.34000015258789,37.66999816894531,37.029998779296875,37.34000015258789
2015-08-05,26300,36.81999969482422,37.27000045776367,37.5,36.81999969482422,37.27000045776367
2015-08-04,238400,35.939998626708984,36.47999954223633,36.70000076293945,35.939998626708984,36.47999954223633
2015-08-03,71100,36.02000045776367,35.900001525878906,36.209999084472656,35.380001068115234,35.900001525878906
2015-07-31,23600,36.5,35.970001220703125,36.5,35.7400016784668,35.970001220703125
2015-07-30,92300,35.86000061035156,36.4900016784668,36.59000015258789,34.90999984741211,36.4900016784668
2015-07-29,77300,35.189998626708984,35.91999816894531,36.869998931884766,34.5,35.91999816894531
2015-07-28,49600,34.5099983215332,34.470001220703125,34.790000915527344,34.29999923706055,34.470001220703125
2015-07-27,189300,34.7400016784668,34.470001220703125,34.84000015258789,34.25,34.470001220703125
2015-07-24,36200,35.060001373291016,35.0,35.33000183105469,34.22999954223633,35.0
2015-07-23,22400,35.400001525878906,35.16999816894531,35.59000015258789,35.0,35.16999816894531
2015-07-22,24200,34.970001220703125,35.40999984741211,35.5,34.970001220703125,35.40999984741211
2015-07-21,109400,35.470001220703125,35.18000030517578,36.619998931884766,34.93000030517578,35.18000030517578
2015-07-20,54800,35.560001373291016,35.529998779296875,35.79999923706055,35.119998931884766,35.529998779296875
2015-07-17,34300,35.91999816894531,35.599998474121094,35.91999816894531,35.529998779296875,35.599998474121094
2015-07-16,40600,36.25,35.959999084472656,36.5,35.869998931884766,35.959999084472656
2015-07-15,38000,36.29999923706055,36.0,36.720001220703125,35.7599983215332,36.0
2015-07-14,33800,36.790000915527344,36.41999816894531,36.880001068115234,36.189998626708984,36.41999816894531
2015-07-13,26700,36.65999984741211,36.439998626708984,36.65999984741211,36.029998779296875,36.439998626708984
2015-07-10,24600,36.029998779296875,36.31999969482422,36.599998474121094,35.939998626708984,36.31999969482422
2015-07-09,36700,36.47999954223633,35.81999969482422,36.5,35.58000183105469,35.81999969482422
2015-07-08,43700,36.65999984741211,36.150001525878906,36.90999984741211,35.810001373291016,36.150001525878906
2015-07-07,32800,36.599998474121094,37.0,37.25,36.20000076293945,37.0
2015-07-06,30400,36.720001220703125,36.70000076293945,36.849998474121094,36.58000183105469,36.70000076293945
2015-07-02,30800,37.2599983215332,36.83000183105469,37.2599983215332,36.66999816894531,36.83000183105469
2015-07-01,38400,36.84000015258789,37.119998931884766,37.380001068115234,36.45000076293945,37.119998931884766
2015-06-30,59200,37.060001373291016,36.709999084472656,37.2599983215332,36.349998474121094,36.709999084472656
2015-06-29,50900,36.9900016784668,36.68000030517578,37.290000915527344,36.27000045776367,36.68000030517578
2015-06-26,48100,37.310001373291016,37.11000061035156,37.75,36.93000030517578,37.11000061035156
2015-06-25,30600,37.130001068115234,37.45000076293945,37.5,36.7599983215332,37.45000076293945
2015-06-24,35000,37.58000183105469,37.16999816894531,37.58000183105469,36.79999923706055,37.16999816894531
2015-06-23,23400,37.9900016784668,37.7400016784668,37.9900016784668,37.06999969482422,37.7400016784668
2015-06-22,26500,37.349998474121094,37.529998779296875,38.0,37.119998931884766,37.529998779296875
2015-06-19,71300,37.25,37.27000045776367,37.65999984741211,36.939998626708984,37.27000045776367
2015-06-18,50700,37.029998779296875,37.130001068115234,37.720001220703125,36.88999938964844,37.130001068115234
2015-06-17,33000,36.310001373291016,36.970001220703125,37.040000915527344,36.13999938964844,36.970001220703125
2015-06-16,44500,36.220001220703125,36.36000061035156,36.66999816894531,36.220001220703125,36.36000061035156
2015-06-15,45000,36.43000030517578,36.15999984741211,36.43000030517578,35.88999938964844,36.15999984741211
2015-06-12,19000,37.040000915527344,36.75,37.16999816894531,36.56999969482422,36.75
2015-06-11,61900,36.380001068115234,37.15999984741211,37.189998626708984,36.15999984741211,37.15999984741211
2015-06-10,63000,36.189998626708984,36.22999954223633,36.58000183105469,35.880001068115234,36.22999954223633
2015-06-09,27300,36.18000030517578,36.11000061035156,36.279998779296875,36.0099983215332,36.11000061035156
2015-06-08,41600,36.290000915527344,36.27000045776367,36.369998931884766,36.0,36.27000045776367
2015-06-05,23400,36.2599983215332,36.4900016784668,36.56999969482422,36.13999938964844,36.4900016784668
2015-06-04,28900,36.43000030517578,36.47999954223633,36.75,36.22999954223633,36.47999954223633
2015-06-03,40900,36.52000045776367,36.84000015258789,36.95000076293945,36.189998626708984,36.84000015258789
2015-06-02,32200,36.540000915527344,36.66999816894531,37.13999938964844,36.43000030517578,36.66999816894531
2015-06-01,44100,37.0099983215332,36.79999923706055,37.040000915527344,36.59000015258789,36.79999923706055
2015-05-29,127700,37.16999816894531,36.90999984741211,37.77000045776367,36.869998931884766,36.90999984741211
2015-05-28,52400,37.02000045776367,37.31999969482422,37.36000061035156,36.83000183105469,37.31999969482422
2015-05-27,50200,37.029998779296875,37.2599983215332,37.369998931884766,36.56999969482422,37.2599983215332
2015-05-26,59000,36.869998931884766,36.869998931884766,37.45000076293945,36.63999938964844,36.869998931884766
2015-05-22,31100,37.18000030517578,37.09000015258789,37.380001068115234,36.65999984741211,37.09000015258789
2015-05-21,45000,36.689998626708984,37.18000030517578,37.36000061035156,36.689998626708984,37.18000030517578
2015-05-20,40700,36.369998931884766,36.84000015258789,36.900001525878906,36.130001068115234,36.84000015258789
2015-05-19,40200,36.83000183105469,36.36000061035156,36.83000183105469,36.09000015258789,36.36000061035156
2015-05-18,39500,36.15999984741211,36.709999084472656,36.83000183105469,35.790000915527344,36.709999084472656
2015-05-15,83000,35.93000030517578,36.11000061035156,36.27000045776367,35.599998474121094,36.11000061035156
2015-05-14,116100,35.75,36.0,36.439998626708984,35.45000076293945,36.0
2015-05-13,28000,35.630001068115234,35.529998779296875,35.84000015258789,35.369998931884766,35.529998779296875
2015-05-12,48200,35.810001373291016,35.52000045776367,35.83000183105469,35.20000076293945,35.52000045776367
2015-05-11,49600,35.83000183105469,35.81999969482422,36.18000030517578,35.540000915527344,35.81999969482422
2015-05-08,70000,35.52000045776367,36.029998779296875,36.439998626708984,35.349998474121094,36.029998779296875
2015-05-07,161400,37.5,36.0099983215332,37.5,34.310001373291016,36.0099983215332
2015-05-06,42500,38.650001525878906,38.880001068115234,39.2400016784668,38.38999938964844,38.880001068115234
2015-05-05,70200,38.7400016784668,38.61000061035156,38.849998474121094,38.11000061035156,38.61000061035156
2015-05-04,41500,39.31999969482422,39.0,39.849998474121094,38.849998474121094,39.0
2015-05-01,61300,39.13999938964844,39.150001525878906,39.540000915527344,38.849998474121094,39.150001525878906
2015-04-30,83500,39.810001373291016,39.11000061035156,39.83000183105469,39.029998779296875,39.11000061035156
2015-04-29,44200,40.150001525878906,39.9900016784668,40.439998626708984,39.779998779296875,39.9900016784668
2015-04-28,39300,39.720001220703125,40.279998779296875,40.68000030517578,39.4900016784668,40.279998779296875
2015-04-27,39500,40.18000030517578,40.029998779296875,41.119998931884766,39.810001373291016,40.029998779296875
2015-04-24,46400,40.029998779296875,40.25,40.4900016784668,39.97999954223633,40.25
2015-04-23,37100,39.959999084472656,40.349998474121094,40.47999954223633,39.849998474121094,40.349998474121094
2015-04-22,39200,39.88999938964844,39.9900016784668,40.13999938964844,39.650001525878906,39.9900016784668
2015-04-21,72700,39.7599983215332,39.97999954223633,40.20000076293945,39.560001373291016,39.97999954223633
2015-04-20,58200,39.529998779296875,39.54999923706055,39.9900016784668,39.209999084472656,39.54999923706055
2015-04-17,45400,39.869998931884766,39.43000030517578,40.040000915527344,39.27000045776367,39.43000030517578
2015-04-16,60000,40.470001220703125,40.13999938964844,41.060001373291016,39.90999984741211,40.13999938964844
2015-04-15,82700,40.63999938964844,40.720001220703125,41.130001068115234,40.41999816894531,40.720001220703125
2015-04-14,37600,40.38999938964844,40.630001068115234,40.91999816894531,40.029998779296875,40.630001068115234
2015-04-13,36300,40.61000061035156,40.189998626708984,40.75,39.849998474121094,40.189998626708984
2015-04-10,41300,40.75,40.560001373291016,41.08000183105469,40.36000061035156,40.560001373291016
2015-04-09,38300,41.369998931884766,40.5,41.650001525878906,40.41999816894531,40.5
2015-04-08,45700,40.5099983215332,41.18000030517578,41.52000045776367,40.5099983215332,41.18000030517578
2015-04-07,54800,40.959999084472656,40.83000183105469,41.5,40.790000915527344,40.83000183105469
2015-04-06,75600,40.650001525878906,40.810001373291016,41.369998931884766,40.61000061035156,40.810001373291016
2015-04-02,51800,41.060001373291016,40.7599983215332,41.66999816894531,40.599998474121094,40.7599983215332
2015-04-01,50900,41.34000015258789,40.810001373291016,41.439998626708984,40.34000015258789,40.810001373291016
2015-03-31,142000,39.790000915527344,41.20000076293945,41.25,39.790000915527344,41.20000076293945
2015-03-30,52500,39.7599983215332,39.84000015258789,40.11000061035156,39.68000030517578,39.84000015258789
2015-03-27,53400,39.900001525878906,39.66999816894531,40.369998931884766,39.560001373291016,39.66999816894531
2015-03-26,88300,39.279998779296875,39.7400016784668,39.95000076293945,39.2599983215332,39.7400016784668
2015-03-25,45600,39.81999969482422,39.470001220703125,39.959999084472656,39.41999816894531,39.470001220703125
2015-03-24,107400,39.720001220703125,39.630001068115234,40.150001525878906,39.2599983215332,39.630001068115234
2015-03-23,100300,38.97999954223633,39.68000030517578,39.939998626708984,38.95000076293945,39.68000030517578
2015-03-20,216500,38.09000015258789,38.88999938964844,39.25,37.97999954223633,38.88999938964844
2015-03-19,87800,38.130001068115234,37.88999938964844,38.13999938964844,37.279998779296875,37.88999938964844
2015-03-18,129300,37.77000045776367,37.970001220703125,38.25,37.61000061035156,37.970001220703125
2015-03-17,145300,36.540000915527344,37.560001373291016,37.75,36.5,37.560001373291016
2015-03-16,135000,35.95000076293945,36.45000076293945,36.88999938964844,35.65999984741211,36.45000076293945
2015-03-13,49100,35.70000076293945,35.63999938964844,35.7400016784668,35.290000915527344,35.63999938964844
2015-03-12,103000,33.33000183105469,35.54999923706055,35.7400016784668,32.52000045776367,35.54999923706055
2015-03-11,55900,32.130001068115234,33.029998779296875,33.029998779296875,32.130001068115234,33.029998779296875
2015-03-10,34800,33.08000183105469,33.0,33.349998474121094,32.72999954223633,33.0
2015-03-09,49000,33.720001220703125,33.560001373291016,33.7599983215332,33.27000045776367,33.560001373291016
2015-03-06,24300,33.68000030517578,33.720001220703125,33.95000076293945,33.599998474121094,33.720001220703125
2015-03-05,20300,34.02000045776367,33.959999084472656,34.02000045776367,33.52000045776367,33.959999084472656
2015-03-04,27100,33.880001068115234,33.95000076293945,34.0099983215332,33.540000915527344,33.95000076293945
2015-03-03,22300,34.029998779296875,33.849998474121094,34.220001220703125,33.7400016784668,33.849998474121094
2015-03-02,38200,33.93000030517578,34.029998779296875,34.150001525878906,33.7599983215332,34.029998779296875
2015-02-27,47700,33.36000061035156,33.7599983215332,33.9900016784668,33.36000061035156,33.7599983215332
2015-02-26,27900,33.43000030517578,33.5,33.959999084472656,33.220001220703125,33.5
2015-02-25,17300,33.900001525878906,33.52000045776367,33.900001525878906,33.400001525878906,33.52000045776367
2015-02-24,17200,33.93000030517578,33.97999954223633,34.18000030517578,33.709999084472656,33.97999954223633
2015-02-23,26100,34.27000045776367,33.81999969482422,34.27000045776367,33.70000076293945,33.81999969482422
2015-02-20,15100,33.779998779296875,34.09000015258789,34.31999969482422,33.59000015258789,34.09000015258789
2015-02-19,48800,34.52000045776367,33.70000076293945,34.52000045776367,33.619998931884766,33.70000076293945
2015-02-18,16200,34.27000045776367,34.369998931884766,34.58000183105469,34.119998931884766,34.369998931884766
2015-02-17,60000,33.209999084472656,34.13999938964844,34.619998931884766,32.650001525878906,34.13999938964844
2015-02-13,27800,32.97999954223633,33.04999923706055,33.380001068115234,32.86000061035156,33.04999923706055
2015-02-12,56400,32.52000045776367,32.91999816894531,33.040000915527344,32.52000045776367,32.91999816894531
2015-02-11,46800,33.029998779296875,32.7400016784668,33.09000015258789,32.5099983215332,32.7400016784668
2015-02-10,28400,33.02000045776367,33.040000915527344,33.31999969482422,32.959999084472656,33.040000915527344
2015-02-09,34300,33.36000061035156,33.09000015258789,34.20000076293945,32.970001220703125,33.09000015258789
2015-02-06,123300,34.52000045776367,33.56999969482422,34.970001220703125,33.0,33.56999969482422
2015-02-05,48700,34.25,34.349998474121094,34.959999084472656,33.91999816894531,34.349998474121094
2015-02-04,52400,33.0,33.959999084472656,34.34000015258789,33.0,33.959999084472656
2015-02-03,62600,32.97999954223633,33.0,33.119998931884766,32.5,33.0
2015-02-02,30000,32.619998931884766,33.06999969482422,33.15999984741211,32.43000030517578,33.06999969482422
2015-01-30,36700,33.47999954223633,32.7400016784668,33.65999984741211,32.619998931884766,32.7400016784668
2015-01-29,64100,32.88999938964844,33.88999938964844,34.33000183105469,32.88999938964844,33.88999938964844
2015-01-28,38200,33.2599983215332,32.650001525878906,33.689998626708984,32.52000045776367,32.650001525878906
2015-01-27,41400,33.22999954223633,32.88999938964844,33.7599983215332,32.7599983215332,32.88999938964844
2015-01-26,33900,33.0,33.36000061035156,33.43000030517578,33.0,33.36000061035156
2015-01-23,60300,34.11000061035156,33.099998474121094,34.279998779296875,32.75,33.099998474121094
2015-01-22,65600,32.66999816894531,34.20000076293945,34.279998779296875,32.40999984741211,34.20000076293945
2015-01-21,24600,32.79999923706055,32.63999938964844,33.119998931884766,32.5,32.63999938964844
2015-01-20,99100,33.13999938964844,32.72999954223633,33.36000061035156,32.099998474121094,32.72999954223633
2015-01-16,25500,32.13999938964844,32.93000030517578,33.459999084472656,32.13999938964844,32.93000030517578
2015-01-15,50600,33.209999084472656,32.31999969482422,33.209999084472656,32.0,32.31999969482422
2015-01-14,30700,32.27000045776367,33.060001373291016,33.18000030517578,32.27000045776367,33.060001373291016
2015-01-13,96600,33.290000915527344,32.54999923706055,33.290000915527344,32.150001525878906,32.54999923706055
2015-01-12,16300,33.59000015258789,33.130001068115234,33.86000061035156,32.90999984741211,33.130001068115234
2015-01-09,21200,33.83000183105469,33.38999938964844,33.9900016784668,33.29999923706055,33.38999938964844
2015-01-08,68100,33.650001525878906,33.970001220703125,34.77000045776367,33.52000045776367,33.970001220703125
2015-01-07,35100,33.650001525878906,33.52000045776367,33.95000076293945,32.66999816894531,33.52000045776367
2015-01-06,88100,33.779998779296875,33.36000061035156,33.849998474121094,33.2400016784668,33.36000061035156
2015-01-05,22000,33.61000061035156,33.4900016784668,33.88999938964844,33.34000015258789,33.4900016784668
2015-01-02,23200,34.529998779296875,33.81999969482422,34.97999954223633,33.5099983215332,33.81999969482422
2014-12-31,32100,34.4900016784668,34.15999984741211,34.63999938964844,33.939998626708984,34.15999984741211
2014-12-30,18200,34.650001525878906,34.459999084472656,34.779998779296875,34.369998931884766,34.459999084472656
2014-12-29,24100,34.4900016784668,34.91999816894531,34.9900016784668,34.380001068115234,34.91999816894531
2014-12-26,37600,34.95000076293945,34.369998931884766,35.13999938964844,33.880001068115234,34.369998931884766
2014-12-24,46800,35.689998626708984,34.97999954223633,35.70000076293945,34.83000183105469,34.97999954223633
2014-12-23,21000,35.099998474121094,35.54999923706055,35.790000915527344,35.099998474121094,35.54999923706055
2014-12-22,36300,35.02000045776367,35.040000915527344,35.38999938964844,34.54999923706055,35.040000915527344
2014-12-19,99700,34.52000045776367,34.880001068115234,35.529998779296875,34.52000045776367,34.880001068115234
2014-12-18,58400,33.68000030517578,34.56999969482422,34.7400016784668,33.40999984741211,34.56999969482422
2014-12-17,46900,32.34000015258789,33.220001220703125,33.349998474121094,32.16999816894531,33.220001220703125
2014-12-16,28400,32.09000015258789,32.380001068115234,32.970001220703125,32.09000015258789,32.380001068115234
2014-12-15,24600,32.68000030517578,32.0099983215332,32.9900016784668,31.809999465942383,32.0099983215332
2014-12-12,41600,33.0099983215332,32.65999984741211,33.29999923706055,32.630001068115234,32.65999984741211
2014-12-11,30600,34.36000061035156,33.68000030517578,34.58000183105469,33.5,33.68000030517578
2014-12-10,46200,34.34000015258789,34.06999969482422,34.939998626708984,33.900001525878906,34.06999969482422
2014-12-09,30800,33.779998779296875,34.290000915527344,34.5099983215332,33.220001220703125,34.290000915527344
2014-12-08,73800,34.52000045776367,34.04999923706055,34.7599983215332,33.900001525878906,34.04999923706055
2014-12-05,41600,33.939998626708984,34.459999084472656,34.56999969482422,33.900001525878906,34.459999084472656
2014-12-04,46900,33.58000183105469,33.939998626708984,34.11000061035156,33.470001220703125,33.939998626708984
2014-12-03,44400,33.13999938964844,33.529998779296875,33.689998626708984,32.88999938964844,33.529998779296875
2014-12-02,25100,32.88999938964844,33.130001068115234,33.20000076293945,32.880001068115234,33.130001068115234
2014-12-01,32300,32.91999816894531,32.689998626708984,32.959999084472656,32.400001525878906,32.689998626708984
2014-11-28,34600,32.720001220703125,32.959999084472656,33.29999923706055,32.709999084472656,32.959999084472656
2014-11-26,34000,33.25,32.560001373291016,33.25,32.36000061035156,32.560001373291016
2014-11-25,31000,33.02000045776367,33.220001220703125,33.29999923706055,32.95000076293945,33.220001220703125
2014-11-24,28900,32.83000183105469,33.20000076293945,33.27000045776367,32.400001525878906,33.20000076293945
2014-11-21,21400,33.25,32.619998931884766,33.25,32.529998779296875,32.619998931884766
2014-11-20,21800,32.5,32.75,33.0099983215332,32.439998626708984,32.75
2014-11-19,35600,33.540000915527344,32.7599983215332,33.540000915527344,32.56999969482422,32.7599983215332
2014-11-18,41900,32.650001525878906,32.959999084472656,33.61000061035156,32.5,32.959999084472656
2014-11-17,27700,33.22999954223633,32.75,33.38999938964844,32.560001373291016,32.75
2014-11-14,28100,33.459999084472656,33.18000030517578,33.77000045776367,33.04999923706055,33.18000030517578
2014-11-13,45500,33.7400016784668,33.560001373291016,34.400001525878906,33.43000030517578,33.560001373291016
2014-11-12,45000,33.63999938964844,33.58000183105469,33.97999954223633,33.4900016784668,33.58000183105469
2014-11-11,44000,33.63999938964844,33.79999923706055,33.9900016784668,33.43000030517578,33.79999923706055
2014-11-10,41200,33.47999954223633,33.77000045776367,33.83000183105469,32.900001525878906,33.77000045776367
2014-11-07,63500,33.970001220703125,33.560001373291016,33.970001220703125,33.27000045776367,33.560001373291016
2014-11-06,44500,33.939998626708984,34.119998931884766,34.52000045776367,33.869998931884766,34.119998931884766
2014-11-05,65100,34.279998779296875,34.13999938964844,34.279998779296875,33.75,34.13999938964844
2014-11-04,62000,33.900001525878906,33.97999954223633,34.459999084472656,33.65999984741211,33.97999954223633
2014-11-03,38500,34.369998931884766,34.060001373291016,34.40999984741211,33.959999084472656,34.060001373291016
2014-10-31,73100,34.5,34.29999923706055,34.5,33.970001220703125,34.29999923706055
2014-10-30,72500,33.630001068115234,34.0,34.130001068115234,33.5,34.0
2014-10-29,116400,33.52000045776367,34.09000015258789,35.2599983215332,33.52000045776367,34.09000015258789
2014-10-28,51600,32.939998626708984,33.540000915527344,33.560001373291016,32.900001525878906,33.540000915527344
2014-10-27,24300,32.86000061035156,32.63999938964844,33.119998931884766,32.439998626708984,32.63999938964844
2014-10-24,45500,33.09000015258789,33.0,33.47999954223633,32.709999084472656,33.0
2014-10-23,62900,32.970001220703125,32.91999816894531,33.43000030517578,32.61000061035156,32.91999816894531
2014-10-22,46300,33.25,32.59000015258789,34.0,32.31999969482422,32.59000015258789
2014-10-21,34700,32.400001525878906,33.16999816894531,33.400001525878906,32.400001525878906,33.16999816894531
2014-10-20,43300,31.889999389648438,32.380001068115234,32.43000030517578,31.739999771118164,32.380001068115234
2014-10-17,50600,32.95000076293945,32.130001068115234,32.95000076293945,31.950000762939453,32.130001068115234
2014-10-16,45600,31.6299991607666,32.47999954223633,32.720001220703125,31.209999084472656,32.47999954223633
2014-10-15,68500,32.5099983215332,32.099998474121094,32.86000061035156,30.860000610351562,32.099998474121094
2014-10-14,53600,32.66999816894531,32.790000915527344,33.25,32.439998626708984,32.790000915527344
2014-10-13,38900,32.119998931884766,32.27000045776367,32.84000015258789,32.08000183105469,32.27000045776367
2014-10-10,62900,30.90999984741211,31.93000030517578,32.939998626708984,30.90999984741211,31.93000030517578
2014-10-09,43400,32.380001068115234,31.100000381469727,32.380001068115234,31.010000228881836,31.100000381469727
2014-10-08,31700,31.389999389648438,32.4900016784668,32.529998779296875,31.020000457763672,32.4900016784668
2014-10-07,40400,31.600000381469727,31.510000228881836,32.209999084472656,31.280000686645508,31.510000228881836
2014-10-06,18600,32.08000183105469,31.700000762939453,32.08000183105469,31.6200008392334,31.700000762939453
2014-10-03,23000,31.75,31.899999618530273,32.06999969482422,31.559999465942383,31.899999618530273
2014-10-02,36400,31.079999923706055,31.34000015258789,31.649999618530273,30.56999969482422,31.34000015258789
2014-10-01,31200,31.780000686645508,31.040000915527344,31.780000686645508,30.950000762939453,31.040000915527344
2014-09-30,42100,32.0,31.690000534057617,32.0,31.520000457763672,31.690000534057617
2014-09-29,32000,31.809999465942383,31.950000762939453,31.969999313354492,31.200000762939453,31.950000762939453
2014-09-26,16600,31.8799991607666,32.08000183105469,32.099998474121094,31.709999084472656,32.08000183105469
2014-09-25,31800,32.15999984741211,31.700000762939453,32.15999984741211,31.43000030517578,31.700000762939453
2014-09-24,25400,32.52000045776367,32.34000015258789,32.52000045776367,31.739999771118164,32.34000015258789
2014-09-23,32500,32.86000061035156,32.02000045776367,32.86000061035156,32.0,32.02000045776367
2014-09-22,37600,32.15999984741211,33.040000915527344,33.31999969482422,31.670000076293945,33.040000915527344
2014-09-19,68100,32.59000015258789,32.43000030517578,32.84000015258789,31.809999465942383,32.43000030517578
2014-09-18,23700,32.7400016784668,32.529998779296875,32.7400016784668,32.349998474121094,32.529998779296875
2014-09-17,26100,32.619998931884766,32.709999084472656,32.7599983215332,32.369998931884766,32.709999084472656
2014-09-16,18000,32.290000915527344,32.599998474121094,32.849998474121094,32.09000015258789,32.599998474121094
2014-09-15,29900,33.029998779296875,32.459999084472656,33.099998474121094,32.40999984741211,32.459999084472656
2014-09-12,38500,33.61000061035156,33.099998474121094,33.63999938964844,32.619998931884766,33.099998474121094
2014-09-11,29100,33.5,33.470001220703125,34.08000183105469,33.380001068115234,33.470001220703125
2014-09-10,33000,33.34000015258789,33.5099983215332,33.91999816894531,33.060001373291016,33.5099983215332
2014-09-09,56400,33.61000061035156,33.29999923706055,33.7400016784668,33.02000045776367,33.29999923706055
2014-09-08,19800,34.400001525878906,33.81999969482422,34.810001373291016,33.720001220703125,33.81999969482422
2014-09-05,41000,34.31999969482422,34.369998931884766,34.540000915527344,34.0,34.369998931884766
2014-09-04,22000,34.560001373291016,34.38999938964844,35.04999923706055,34.349998474121094,34.38999938964844
2014-09-03,31500,35.09000015258789,34.38999938964844,35.13999938964844,34.279998779296875,34.38999938964844
2014-09-02,42400,34.060001373291016,34.9900016784668,35.130001068115234,33.84000015258789,34.9900016784668
2014-08-29,61700,33.939998626708984,33.970001220703125,34.59000015258789,33.709999084472656,33.970001220703125
2014-08-28,45100,33.880001068115234,33.93000030517578,34.189998626708984,33.7400016784668,33.93000030517578
2014-08-27,48200,33.93000030517578,33.7599983215332,34.31999969482422,33.41999816894531,33.7599983215332
2014-08-26,42300,34.029998779296875,33.95000076293945,34.31999969482422,33.869998931884766,33.95000076293945
2014-08-25,52600,33.540000915527344,33.9900016784668,34.27000045776367,33.540000915527344,33.9900016784668
2014-08-22,46400,33.220001220703125,33.2400016784668,33.95000076293945,33.20000076293945,33.2400016784668
2014-08-21,17100,33.36000061035156,33.29999923706055,33.369998931884766,32.7400016784668,33.29999923706055
2014-08-20,35400,32.880001068115234,33.290000915527344,33.65999984741211,32.63999938964844,33.290000915527344
2014-08-19,76700,33.43000030517578,32.97999954223633,33.43000030517578,32.900001525878906,32.97999954223633
2014-08-18,34800,33.41999816894531,33.25,33.52000045776367,33.099998474121094,33.25
2014-08-15,94400,32.369998931884766,32.97999954223633,33.08000183105469,31.739999771118164,32.97999954223633
2014-08-14,50900,30.860000610351562,32.15999984741211,32.18000030517578,30.860000610351562,32.15999984741211
2014-08-13,20100,30.43000030517578,30.81999969482422,30.969999313354492,30.3799991607666,30.81999969482422
2014-08-12,22600,30.989999771118164,30.540000915527344,31.18000030517578,30.40999984741211,30.540000915527344
2014-08-11,27500,30.5,30.979999542236328,31.190000534057617,30.280000686645508,30.979999542236328
2014-08-08,19200,30.0,30.40999984741211,30.5,29.979999542236328,30.40999984741211
2014-08-07,59700,30.43000030517578,30.059999465942383,30.450000762939453,29.81999969482422,30.059999465942383
2014-08-06,33900,29.670000076293945,30.440000534057617,30.5,29.520000457763672,30.440000534057617
2014-08-05,50500,30.15999984741211,29.969999313354492,30.260000228881836,29.739999771118164,29.969999313354492
2014-08-04,27300,30.530000686645508,30.389999389648438,30.59000015258789,30.270000457763672,30.389999389648438
2014-08-01,31600,30.450000762939453,30.489999771118164,30.700000762939453,30.170000076293945,30.489999771118164
2014-07-31,45400,30.549999237060547,30.5,30.90999984741211,30.329999923706055,30.5
2014-07-30,78500,29.75,30.709999084472656,31.020000457763672,29.75,30.709999084472656
2014-07-29,33800,29.90999984741211,29.770000457763672,29.90999984741211,29.610000610351562,29.770000457763672
2014-07-28,38400,30.040000915527344,29.75,30.040000915527344,29.40999984741211,29.75
2014-07-25,34500,30.1299991607666,29.899999618530273,30.34000015258789,29.799999237060547,29.899999618530273
2014-07-24,46100,30.489999771118164,30.3700008392334,31.030000686645508,30.290000915527344,30.3700008392334
2014-07-23,31500,30.25,30.329999923706055,30.399999618530273,29.989999771118164,30.329999923706055
2014-07-22,43700,29.93000030517578,30.15999984741211,30.290000915527344,29.93000030517578,30.15999984741211
2014-07-21,81700,30.31999969482422,29.860000610351562,30.31999969482422,29.799999237060547,29.860000610351562
2014-07-18,49600,29.899999618530273,30.459999084472656,30.81999969482422,29.81999969482422,30.459999084472656
2014-07-17,131900,30.079999923706055,30.0,30.25,29.799999237060547,30.0
2014-07-16,55100,30.639999389648438,30.18000030517578,30.690000534057617,30.100000381469727,30.18000030517578
2014-07-15,45800,30.6299991607666,30.5,30.959999084472656,30.3700008392334,30.5
2014-07-14,22400,31.09000015258789,30.700000762939453,31.100000381469727,30.68000030517578,30.700000762939453
2014-07-11,36100,31.139999389648438,30.989999771118164,31.15999984741211,30.809999465942383,30.989999771118164
2014-07-10,56400,31.25,31.030000686645508,31.549999237060547,30.8700008392334,31.030000686645508
2014-07-09,67300,31.229999542236328,31.809999465942383,32.290000915527344,31.1299991607666,31.809999465942383
2014-07-08,28400,31.06999969482422,31.1200008392334,31.34000015258789,30.739999771118164,31.1200008392334
2014-07-07,69500,30.81999969482422,31.149999618530273,31.729999542236328,30.6200008392334,31.149999618530273
2014-07-03,18600,30.790000915527344,30.920000076293945,30.920000076293945,30.579999923706055,30.920000076293945
2014-07-02,37000,30.489999771118164,30.6200008392334,30.760000228881836,30.3700008392334,30.6200008392334
2014-07-01,53700,30.690000534057617,30.65999984741211,30.90999984741211,30.239999771118164,30.65999984741211
2014-06-30,54800,30.0,30.5,30.709999084472656,29.899999618530273,30.5
2014-06-27,77200,29.6200008392334,30.100000381469727,30.290000915527344,29.6200008392334,30.100000381469727
2014-06-26,65500,29.84000015258789,29.889999389648438,29.940000534057617,29.190000534057617,29.889999389648438
2014-06-25,71000,29.5,29.829999923706055,30.260000228881836,28.809999465942383,29.829999923706055
2014-06-24,36600,30.110000610351562,29.770000457763672,30.469999313354492,29.700000762939453,29.770000457763672
2014-06-23,33400,31.09000015258789,30.280000686645508,31.219999313354492,30.200000762939453,30.280000686645508
2014-06-20,80800,31.450000762939453,31.18000030517578,31.540000915527344,30.59000015258789,31.18000030517578
2014-06-19,16900,31.190000534057617,31.309999465942383,31.40999984741211,30.850000381469727,31.309999465942383
2014-06-18,66100,30.399999618530273,31.059999465942383,31.579999923706055,29.950000762939453,31.059999465942383
2014-06-17,26700,30.239999771118164,30.459999084472656,30.56999969482422,30.049999237060547,30.459999084472656
2014-06-16,26500,30.34000015258789,30.389999389648438,30.489999771118164,30.0,30.389999389648438
2014-06-13,38000,30.329999923706055,30.520000457763672,30.559999465942383,30.09000015258789,30.520000457763672
2014-06-12,28000,30.610000610351562,30.3700008392334,30.610000610351562,30.15999984741211,30.3700008392334
2014-06-11,38600,30.8799991607666,30.75,31.06999969482422,30.65999984741211,30.75
2014-06-10,32700,30.860000610351562,31.1200008392334,31.149999618530273,30.829999923706055,31.1200008392334
2014-06-09,55400,30.31999969482422,30.860000610351562,30.889999389648438,30.31999969482422,30.860000610351562
2014-06-06,92300,31.15999984741211,31.010000228881836,31.450000762939453,30.670000076293945,31.010000228881836
2014-06-05,47900,30.920000076293945,31.040000915527344,31.200000762939453,30.200000762939453,31.040000915527344
2014-06-04,42300,30.18000030517578,30.770000457763672,30.93000030517578,30.18000030517578,30.770000457763672
2014-06-03,48000,30.5,30.43000030517578,30.75,30.1200008392334,30.43000030517578
2014-06-02,58500,31.59000015258789,30.559999465942383,31.59000015258789,30.489999771118164,30.559999465942383
2014-05-30,105800,30.709999084472656,31.520000457763672,31.850000381469727,30.65999984741211,31.520000457763672
2014-05-29,72700,30.280000686645508,30.639999389648438,30.65999984741211,29.920000076293945,30.639999389648438
2014-05-28,69100,30.790000915527344,30.040000915527344,30.829999923706055,30.020000457763672,30.040000915527344
2014-05-27,36000,30.510000228881836,30.899999618530273,31.09000015258789,30.309999465942383,30.899999618530273
2014-05-23,33700,30.059999465942383,30.510000228881836,30.520000457763672,29.809999465942383,30.510000228881836
2014-05-22,26500,30.15999984741211,30.020000457763672,30.239999771118164,29.8700008392334,30.020000457763672
2014-05-21,29600,30.56999969482422,30.1200008392334,30.84000015258789,29.93000030517578,30.1200008392334
2014-05-20,58600,30.450000762939453,30.329999923706055,30.600000381469727,29.950000762939453,30.329999923706055
2014-05-19,85000,29.40999984741211,30.440000534057617,30.5,29.079999923706055,30.440000534057617
2014-05-16,33400,29.280000686645508,29.3700008392334,29.860000610351562,28.90999984741211,29.3700008392334
2014-05-15,39400,29.31999969482422,29.190000534057617,29.31999969482422,28.809999465942383,29.190000534057617
2014-05-14,57800,29.65999984741211,29.31999969482422,29.889999389648438,29.059999465942383,29.31999969482422
2014-05-13,106600,30.079999923706055,29.639999389648438,30.170000076293945,29.56999969482422,29.639999389648438
2014-05-12,55100,29.520000457763672,30.299999237060547,30.610000610351562,29.3799991607666,30.299999237060547
2014-05-09,39300,28.690000534057617,29.360000610351562,29.389999389648438,28.6299991607666,29.360000610351562
2014-05-08,53000,29.0,28.829999923706055,29.479999542236328,28.6299991607666,28.829999923706055
2014-05-07,57100,29.469999313354492,29.100000381469727,29.5,28.600000381469727,29.100000381469727
2014-05-06,102000,29.90999984741211,29.299999237060547,29.959999084472656,29.229999542236328,29.299999237060547
2014-05-05,72500,29.81999969482422,30.09000015258789,30.209999084472656,29.649999618530273,30.09000015258789
2014-05-02,140300,30.049999237060547,30.020000457763672,30.190000534057617,29.829999923706055,30.020000457763672
2014-05-01,202700,30.139999389648438,30.010000228881836,30.209999084472656,29.860000610351562,30.010000228881836
2014-04-30,153500,30.010000228881836,30.139999389648438,30.610000610351562,29.600000381469727,30.139999389648438
2014-04-29,62400,29.799999237060547,29.690000534057617,30.0,29.600000381469727,29.690000534057617
2014-04-28,53300,29.969999313354492,29.790000915527344,30.200000762939453,29.600000381469727,29.790000915527344
2014-04-25,87000,29.799999237060547,29.809999465942383,29.979999542236328,29.270000457763672,29.809999465942383
2014-04-24,63000,29.43000030517578,29.829999923706055,29.850000381469727,29.200000762939453,29.829999923706055
2014-04-23,54300,29.329999923706055,29.260000228881836,29.6200008392334,28.850000381469727,29.260000228881836
2014-04-22,140600,28.34000015258789,29.15999984741211,29.5,28.149999618530273,29.15999984741211
2014-04-21,209700,28.0,28.149999618530273,28.559999465942383,27.5,28.149999618530273
2014-04-17,31300,26.149999618530273,26.56999969482422,26.719999313354492,26.100000381469727,26.56999969482422
2014-04-16,65100,26.0,26.139999389648438,26.389999389648438,25.670000076293945,26.139999389648438
2014-04-15,45200,25.709999084472656,25.739999771118164,25.84000015258789,25.260000228881836,25.739999771118164
2014-04-14,35900,25.719999313354492,25.649999618530273,25.8799991607666,25.5,25.649999618530273
2014-04-11,45900,25.600000381469727,25.450000762939453,26.190000534057617,25.260000228881836,25.450000762939453
2014-04-10,54600,25.940000534057617,25.809999465942383,26.209999084472656,25.309999465942383,25.809999465942383
2014-04-09,32100,25.600000381469727,25.920000076293945,26.049999237060547,25.34000015258789,25.920000076293945
2014-04-08,51600,25.40999984741211,25.6299991607666,25.729999542236328,25.1299991607666,25.6299991607666
2014-04-07,67400,25.559999465942383,25.399999618530273,25.6299991607666,25.25,25.399999618530273
2014-04-04,83200,25.799999237060547,25.700000762939453,25.90999984741211,25.15999984741211,25.700000762939453
2014-04-03,24500,25.729999542236328,25.610000610351562,25.790000915527344,25.530000686645508,25.610000610351562
2014-04-02,20900,25.799999237060547,25.6299991607666,25.889999389648438,25.5,25.6299991607666
2014-04-01,52700,25.559999465942383,25.799999237060547,26.049999237060547,25.5,25.799999237060547
2014-03-31,53400,25.459999084472656,25.549999237060547,25.93000030517578,25.309999465942383,25.549999237060547
2014-03-28,100000,25.31999969482422,25.360000610351562,25.709999084472656,24.93000030517578,25.360000610351562
2014-03-27,73900,25.420000076293945,25.290000915527344,25.950000762939453,25.0,25.290000915527344
2014-03-26,46900,26.399999618530273,25.489999771118164,26.399999618530273,25.360000610351562,25.489999771118164
2014-03-25,30200,26.299999237060547,26.290000915527344,26.520000457763672,25.899999618530273,26.290000915527344
2014-03-24,38300,26.420000076293945,26.149999618530273,26.440000534057617,26.1299991607666,26.149999618530273
2014-03-21,52700,26.479999542236328,26.360000610351562,26.940000534057617,26.260000228881836,26.360000610351562
2014-03-20,63900,26.440000534057617,26.329999923706055,26.899999618530273,25.479999542236328,26.329999923706055
2014-03-19,37400,26.639999389648438,26.56999969482422,27.100000381469727,26.399999618530273,26.56999969482422
2014-03-18,81200,27.100000381469727,26.729999542236328,27.200000762939453,26.6299991607666,26.729999542236328
2014-03-17,30400,26.90999984741211,27.0,27.200000762939453,26.6299991607666,27.0
2014-03-14,48200,27.059999465942383,26.81999969482422,27.309999465942383,26.440000534057617,26.81999969482422
2014-03-13,88300,27.6299991607666,27.139999389648438,28.09000015258789,26.940000534057617,27.139999389648438
2014-03-12,55500,27.399999618530273,27.579999923706055,27.739999771118164,27.229999542236328,27.579999923706055
2014-03-11,106600,27.540000915527344,27.530000686645508,28.229999542236328,27.020000457763672,27.530000686645508
2014-03-10,105100,26.5,27.520000457763672,27.520000457763672,26.290000915527344,27.520000457763672
2014-03-07,90400,24.93000030517578,26.559999465942383,26.68000030517578,24.93000030517578,26.559999465942383
2014-03-06,77900,24.559999465942383,24.770000457763672,24.989999771118164,24.15999984741211,24.770000457763672
2014-03-05,119900,24.8700008392334,24.540000915527344,24.8700008392334,23.309999465942383,24.540000915527344
2014-03-04,129200,24.0,24.920000076293945,25.0,24.0,24.920000076293945
2014-03-03,56700,23.469999313354492,23.739999771118164,23.799999237060547,23.020000457763672,23.739999771118164
2014-02-28,53800,24.059999465942383,23.610000610351562,24.110000610351562,23.559999465942383,23.610000610351562
2014-02-27,30600,23.899999618530273,24.1299991607666,24.239999771118164,23.700000762939453,24.1299991607666
2014-02-26,24800,24.1299991607666,23.959999084472656,24.260000228881836,23.75,23.959999084472656
2014-02-25,34700,24.200000762939453,24.06999969482422,24.3799991607666,23.59000015258789,24.06999969482422
2014-02-24,25600,23.799999237060547,24.31999969482422,24.5,23.799999237060547,24.31999969482422
2014-02-21,41400,24.09000015258789,23.760000228881836,24.18000030517578,23.440000534057617,23.760000228881836
2014-02-20,35100,23.479999542236328,24.030000686645508,24.100000381469727,23.440000534057617,24.030000686645508
2014-02-19,39400,24.049999237060547,23.469999313354492,24.40999984741211,23.43000030517578,23.469999313354492
2014-02-18,66800,24.309999465942383,24.110000610351562,24.540000915527344,23.899999618530273,24.110000610351562
2014-02-14,49700,24.209999084472656,24.309999465942383,24.530000686645508,23.790000915527344,24.309999465942383
2014-02-13,32200,23.0,24.229999542236328,24.280000686645508,23.0,24.229999542236328
2014-02-12,40600,23.3700008392334,23.139999389648438,23.790000915527344,22.860000610351562,23.139999389648438
2014-02-11,46200,22.59000015258789,23.479999542236328,23.5,22.59000015258789,23.479999542236328
2014-02-10,112100,22.81999969482422,22.610000610351562,22.81999969482422,22.399999618530273,22.610000610351562
2014-02-07,36900,22.790000915527344,22.809999465942383,23.020000457763672,22.6200008392334,22.809999465942383
2014-02-06,47100,22.81999969482422,22.739999771118164,23.010000228881836,22.68000030517578,22.739999771118164
2014-02-05,51100,22.799999237060547,22.75,23.0,22.25,22.75
2014-02-04,57200,22.760000228881836,22.799999237060547,23.670000076293945,22.729999542236328,22.799999237060547
2014-02-03,92000,23.479999542236328,22.6299991607666,23.799999237060547,22.399999618530273,22.6299991607666
2014-01-31,82900,22.670000076293945,23.479999542236328,23.829999923706055,22.670000076293945,23.479999542236328
2014-01-30,49100,22.700000762939453,23.110000610351562,23.260000228881836,22.6200008392334,23.110000610351562
2014-01-29,56200,22.719999313354492,22.540000915527344,22.770000457763672,22.3799991607666,22.540000915527344
2014-01-28,48100,22.670000076293945,22.8700008392334,23.1299991607666,22.600000381469727,22.8700008392334
2014-01-27,57900,22.850000381469727,22.670000076293945,23.1200008392334,22.1200008392334,22.670000076293945
2014-01-24,88400,23.1200008392334,22.889999389648438,23.3799991607666,22.420000076293945,22.889999389648438
2014-01-23,72000,23.43000030517578,23.329999923706055,23.5,22.75,23.329999923706055
2014-01-22,86000,23.489999771118164,23.479999542236328,23.5,23.059999465942383,23.479999542236328
2014-01-21,58900,23.75,23.43000030517578,23.75,23.0,23.43000030517578
2014-01-17,112000,24.31999969482422,23.760000228881836,24.34000015258789,23.3799991607666,23.760000228881836
2014-01-16,53100,24.25,24.540000915527344,24.65999984741211,24.079999923706055,24.540000915527344
2014-01-15,57800,24.469999313354492,24.3700008392334,24.549999237060547,24.06999969482422,24.3700008392334
2014-01-14,42900,24.299999237060547,24.440000534057617,24.65999984741211,24.270000457763672,24.440000534057617
2014-01-13,68400,24.600000381469727,24.270000457763672,24.739999771118164,24.170000076293945,24.270000457763672
2014-01-10,29600,24.969999313354492,24.610000610351562,25.0,24.600000381469727,24.610000610351562
2014-01-09,68200,24.8799991607666,24.90999984741211,25.030000686645508,24.600000381469727,24.90999984741211
2014-01-08,152500,25.530000686645508,24.709999084472656,26.1200008392334,24.600000381469727,24.709999084472656
2014-01-07,60200,25.139999389648438,25.520000457763672,25.719999313354492,25.010000228881836,25.520000457763672
2014-01-06,61600,25.850000381469727,25.030000686645508,26.0,24.799999237060547,25.030000686645508
2014-01-03,40100,25.229999542236328,25.84000015258789,25.969999313354492,25.0,25.84000015258789
2014-01-02,36300,24.899999618530273,25.229999542236328,25.299999237060547,24.850000381469727,25.229999542236328
2013-12-31,29600,24.670000076293945,24.959999084472656,25.139999389648438,24.459999084472656,24.959999084472656
2013-12-30,40800,24.350000381469727,24.559999465942383,24.68000030517578,24.18000030517578,24.559999465942383
2013-12-27,39700,24.920000076293945,24.43000030517578,24.920000076293945,24.260000228881836,24.43000030517578
2013-12-26,35500,25.110000610351562,24.81999969482422,25.139999389648438,24.709999084472656,24.81999969482422
2013-12-24,23800,24.860000610351562,25.020000457763672,25.5,24.860000610351562,25.020000457763672
2013-12-23,60300,25.0,24.84000015258789,25.200000762939453,24.520000457763672,24.84000015258789
2013-12-20,130400,24.229999542236328,24.850000381469727,25.0,24.229999542236328,24.850000381469727
2013-12-19,62500,24.09000015258789,24.329999923706055,24.43000030517578,23.809999465942383,24.329999923706055
2013-12-18,79600,24.579999923706055,24.260000228881836,24.610000610351562,24.0,24.260000228881836
2013-12-17,49000,25.049999237060547,24.479999542236328,25.049999237060547,24.420000076293945,24.479999542236328
2013-12-16,56300,25.049999237060547,25.149999618530273,25.389999389648438,24.760000228881836,25.149999618530273
2013-12-13,61400,24.399999618530273,24.899999618530273,25.1299991607666,23.940000534057617,24.899999618530273
2013-12-12,74200,24.1200008392334,24.3799991607666,24.440000534057617,23.610000610351562,24.3799991607666
2013-12-11,50900,24.600000381469727,24.100000381469727,24.610000610351562,24.0,24.100000381469727
2013-12-10,57000,24.950000762939453,24.610000610351562,24.959999084472656,24.190000534057617,24.610000610351562
2013-12-09,87500,25.0,24.889999389648438,25.600000381469727,24.65999984741211,24.889999389648438
2013-12-06,32400,25.139999389648438,25.0,25.229999542236328,24.530000686645508,25.0
2013-12-05,37100,24.889999389648438,24.860000610351562,25.010000228881836,24.360000610351562,24.860000610351562
2013-12-04,77100,25.739999771118164,25.0,25.790000915527344,24.709999084472656,25.0
2013-12-03,107700,25.950000762939453,25.90999984741211,26.420000076293945,25.6299991607666,25.90999984741211
2013-12-02,37400,26.399999618530273,26.059999465942383,26.709999084472656,25.780000686645508,26.059999465942383
2013-11-29,25400,26.729999542236328,26.399999618530273,26.940000534057617,26.209999084472656,26.399999618530273
2013-11-27,35100,26.329999923706055,26.600000381469727,26.84000015258789,26.329999923706055,26.600000381469727
2013-11-26,55200,25.31999969482422,26.31999969482422,26.56999969482422,25.299999237060547,26.31999969482422
2013-11-25,85200,25.549999237060547,25.290000915527344,26.270000457763672,25.190000534057617,25.290000915527344
2013-11-22,94200,24.6299991607666,25.450000762939453,25.6200008392334,24.6299991607666,25.450000762939453
2013-11-21,28700,24.510000228881836,24.59000015258789,24.860000610351562,24.3799991607666,24.59000015258789
2013-11-20,43300,24.389999389648438,24.450000762939453,24.780000686645508,24.219999313354492,24.450000762939453
2013-11-19,43400,24.459999084472656,24.280000686645508,24.81999969482422,24.100000381469727,24.280000686645508
2013-11-18,136900,24.649999618530273,24.5,25.43000030517578,24.25,24.5
2013-11-15,69500,24.25,24.559999465942383,24.700000762939453,23.690000534057617,24.559999465942383
2013-11-14,23900,24.239999771118164,24.260000228881836,24.3700008392334,24.0,24.260000228881836
2013-11-13,80800,23.65999984741211,24.25,24.559999465942383,23.270000457763672,24.25
2013-11-12,55300,23.739999771118164,23.760000228881836,24.020000457763672,23.219999313354492,23.760000228881836
2013-11-11,56800,24.010000228881836,24.110000610351562,24.309999465942383,23.81999969482422,24.110000610351562
2013-11-08,79800,23.479999542236328,24.010000228881836,24.31999969482422,23.479999542236328,24.010000228881836
2013-11-07,104800,23.420000076293945,23.510000228881836,24.15999984741211,23.139999389648438,23.510000228881836
2013-11-06,58900,23.56999969482422,23.31999969482422,23.56999969482422,23.1299991607666,23.31999969482422
2013-11-05,113400,23.889999389648438,23.450000762939453,23.889999389648438,23.260000228881836,23.450000762939453
2013-11-04,107400,23.350000381469727,23.8700008392334,24.0,23.350000381469727,23.8700008392334
2013-11-01,147200,23.75,23.350000381469727,23.8700008392334,23.1200008392334,23.350000381469727
2013-10-31,88800,24.3799991607666,23.75,24.399999618530273,23.75,23.75
2013-10-30,56700,24.5,24.350000381469727,24.6200008392334,24.350000381469727,24.350000381469727
2013-10-29,36700,24.93000030517578,24.540000915527344,24.950000762939453,24.450000762939453,24.540000915527344
2013-10-28,113800,25.0,24.799999237060547,25.18000030517578,24.670000076293945,24.799999237060547
2013-10-25,193400,26.040000915527344,24.950000762939453,26.059999465942383,24.299999237060547,24.950000762939453
2013-10-24,83100,27.299999237060547,26.06999969482422,27.360000610351562,26.0,26.06999969482422
2013-10-23,44300,28.170000076293945,27.6200008392334,28.170000076293945,27.469999313354492,27.6200008392334
2013-10-22,34800,28.350000381469727,28.25,28.549999237060547,27.8700008392334,28.25
2013-10-21,90700,28.850000381469727,28.350000381469727,28.850000381469727,27.809999465942383,28.350000381469727
2013-10-18,34500,29.309999465942383,29.1200008392334,29.309999465942383,28.719999313354492,29.1200008392334
2013-10-17,40500,28.399999618530273,29.040000915527344,29.229999542236328,28.399999618530273,29.040000915527344
2013-10-16,40700,28.329999923706055,28.5,28.84000015258789,28.329999923706055,28.5
2013-10-15,64200,27.65999984741211,28.079999923706055,28.360000610351562,27.5,28.079999923706055
2013-10-14,66700,26.93000030517578,27.639999389648438,27.719999313354492,26.690000534057617,27.639999389648438
2013-10-11,73000,26.170000076293945,27.25,27.260000228881836,26.139999389648438,27.25
2013-10-10,61300,26.5,26.31999969482422,26.579999923706055,26.149999618530273,26.31999969482422
2013-10-09,71100,26.270000457763672,26.100000381469727,26.479999542236328,25.809999465942383,26.100000381469727
2013-10-08,71000,27.309999465942383,26.049999237060547,27.6299991607666,25.860000610351562,26.049999237060547
2013-10-07,26700,27.75,27.309999465942383,27.940000534057617,27.290000915527344,27.309999465942383
2013-10-04,19500,27.68000030517578,27.889999389648438,28.049999237060547,27.68000030517578,27.889999389648438
2013-10-03,41600,27.860000610351562,27.709999084472656,27.889999389648438,27.049999237060547,27.709999084472656
2013-10-02,95400,27.709999084472656,27.8700008392334,28.06999969482422,27.520000457763672,27.8700008392334
2013-10-01,87900,27.770000457763672,28.0,28.110000610351562,27.770000457763672,28.0
2013-09-30,116100,27.600000381469727,27.770000457763672,28.079999923706055,27.200000762939453,27.770000457763672
2013-09-27,59400,27.899999618530273,27.979999542236328,28.020000457763672,27.739999771118164,27.979999542236328
2013-09-26,156900,27.420000076293945,28.0,28.420000076293945,27.290000915527344,28.0
2013-09-25,62700,26.459999084472656,27.389999389648438,27.5,26.229999542236328,27.389999389648438
2013-09-24,58000,26.31999969482422,26.510000228881836,26.75,25.989999771118164,26.510000228881836
2013-09-23,34600,26.059999465942383,26.209999084472656,26.43000030517578,25.790000915527344,26.209999084472656
2013-09-20,73800,25.770000457763672,26.110000610351562,26.5,25.600000381469727,26.110000610351562
2013-09-19,36400,25.75,25.6299991607666,25.760000228881836,25.059999465942383,25.6299991607666
2013-09-18,67100,25.860000610351562,25.75,25.979999542236328,25.31999969482422,25.75
2013-09-17,46200,25.889999389648438,25.799999237060547,25.920000076293945,25.729999542236328,25.799999237060547
2013-09-16,39000,26.219999313354492,25.75,26.270000457763672,25.600000381469727,25.75
2013-09-13,49500,25.739999771118164,25.799999237060547,25.989999771118164,25.479999542236328,25.799999237060547
2013-09-12,58600,25.56999969482422,25.59000015258789,26.489999771118164,25.5,25.59000015258789
2013-09-11,103700,24.770000457763672,25.59000015258789,25.860000610351562,24.56999969482422,25.59000015258789
2013-09-10,30100,24.260000228881836,24.450000762939453,24.530000686645508,24.110000610351562,24.450000762939453
2013-09-09,35400,24.43000030517578,24.209999084472656,24.850000381469727,23.920000076293945,24.209999084472656
2013-09-06,77700,24.110000610351562,24.389999389648438,24.649999618530273,23.760000228881836,24.389999389648438
2013-09-05,44600,23.90999984741211,24.040000915527344,24.059999465942383,23.790000915527344,24.040000915527344
2013-09-04,38300,23.309999465942383,23.739999771118164,23.93000030517578,23.309999465942383,23.739999771118164
2013-09-03,48500,22.59000015258789,23.309999465942383,23.5,22.59000015258789,23.309999465942383
2013-08-30,38000,22.950000762939453,22.3799991607666,23.1299991607666,22.139999389648438,22.3799991607666
2013-08-29,30000,22.6200008392334,22.940000534057617,23.190000534057617,22.579999923706055,22.940000534057617
2013-08-28,23500,22.850000381469727,22.610000610351562,23.239999771118164,22.549999237060547,22.610000610351562
2013-08-27,48600,23.219999313354492,22.799999237060547,23.579999923706055,22.68000030517578,22.799999237060547
2013-08-26,24400,23.59000015258789,23.40999984741211,23.780000686645508,23.31999969482422,23.40999984741211
2013-08-23,33600,23.969999313354492,23.479999542236328,24.049999237060547,23.260000228881836,23.479999542236328
2013-08-22,34500,23.540000915527344,23.889999389648438,23.940000534057617,23.389999389648438,23.889999389648438
2013-08-21,57700,23.729999542236328,23.389999389648438,23.899999618530273,23.010000228881836,23.389999389648438
2013-08-20,35700,23.440000534057617,23.75,23.81999969482422,23.309999465942383,23.75
2013-08-19,64200,24.190000534057617,23.329999923706055,24.360000610351562,23.290000915527344,23.329999923706055
2013-08-16,45900,24.170000076293945,24.229999542236328,24.3799991607666,24.030000686645508,24.229999542236328
2013-08-15,56800,24.739999771118164,24.299999237060547,24.8700008392334,24.200000762939453,24.299999237060547
2013-08-14,63400,24.729999542236328,24.860000610351562,24.959999084472656,24.530000686645508,24.860000610351562
2013-08-13,31800,25.040000915527344,24.68000030517578,25.3799991607666,24.6200008392334,24.68000030517578
2013-08-12,51800,24.489999771118164,25.010000228881836,25.06999969482422,24.270000457763672,25.010000228881836
2013-08-09,94200,24.440000534057617,24.59000015258789,25.149999618530273,24.229999542236328,24.59000015258789
2013-08-08,126400,24.8700008392334,24.489999771118164,24.8700008392334,24.139999389648438,24.489999771118164
2013-08-07,125000,25.40999984741211,24.829999923706055,25.56999969482422,24.65999984741211,24.829999923706055
2013-08-06,106400,26.3799991607666,25.6200008392334,27.020000457763672,25.360000610351562,25.6200008392334
2013-08-05,232700,25.0,26.15999984741211,26.579999923706055,24.84000015258789,26.15999984741211
2013-08-02,46000,24.90999984741211,24.5,25.0,24.270000457763672,24.5
2013-08-01,48900,25.270000457763672,24.959999084472656,25.3700008392334,24.56999969482422,24.959999084472656
2013-07-31,76600,24.760000228881836,25.09000015258789,25.450000762939453,24.3700008392334,25.09000015258789
2013-07-30,80700,24.889999389648438,24.850000381469727,25.010000228881836,24.6200008392334,24.850000381469727
2013-07-29,73400,24.56999969482422,24.799999237060547,25.0,24.56999969482422,24.799999237060547
2013-07-26,58600,24.68000030517578,24.6299991607666,25.040000915527344,24.350000381469727,24.6299991607666
2013-07-25,43600,25.100000381469727,25.489999771118164,25.739999771118164,25.059999465942383,25.489999771118164
2013-07-24,42000,25.40999984741211,25.200000762939453,25.5,24.829999923706055,25.200000762939453
2013-07-23,67300,25.0,25.399999618530273,25.450000762939453,24.739999771118164,25.399999618530273
2013-07-22,73800,24.799999237060547,24.8799991607666,25.360000610351562,24.75,24.8799991607666
2013-07-19,86100,24.350000381469727,24.8700008392334,24.889999389648438,24.030000686645508,24.8700008392334
2013-07-18,36100,24.790000915527344,24.3700008392334,25.0,24.329999923706055,24.3700008392334
2013-07-17,29300,24.68000030517578,24.709999084472656,25.0,24.549999237060547,24.709999084472656
2013-07-16,39400,24.8700008392334,24.56999969482422,24.950000762939453,24.510000228881836,24.56999969482422
2013-07-15,59200,23.969999313354492,24.850000381469727,25.239999771118164,23.969999313354492,24.850000381469727
2013-07-12,46800,24.1299991607666,23.8700008392334,24.239999771118164,23.5,23.8700008392334
2013-07-11,82200,24.510000228881836,24.139999389648438,24.579999923706055,24.049999237060547,24.139999389648438
2013-07-10,116800,23.940000534057617,24.049999237060547,24.31999969482422,23.899999618530273,24.049999237060547
2013-07-09,74200,24.420000076293945,24.010000228881836,24.549999237060547,23.899999618530273,24.010000228881836
2013-07-08,100100,24.790000915527344,24.299999237060547,24.989999771118164,24.139999389648438,24.299999237060547
2013-07-05,87700,24.0,24.790000915527344,24.93000030517578,23.670000076293945,24.790000915527344
2013-07-03,43400,22.469999313354492,23.239999771118164,23.469999313354492,22.43000030517578,23.239999771118164
2013-07-02,36100,22.540000915527344,22.639999389648438,23.0,22.399999618530273,22.639999389648438
2013-07-01,100300,22.239999771118164,22.5,22.989999771118164,22.239999771118164,22.5
2013-06-28,154900,22.549999237060547,22.059999465942383,22.600000381469727,22.030000686645508,22.059999465942383
2013-06-27,58700,22.450000762939453,22.6200008392334,22.75,22.360000610351562,22.6200008392334
2013-06-26,65700,22.75,22.25,22.75,22.020000457763672,22.25
2013-06-25,144300,22.25,22.510000228881836,22.75,21.780000686645508,22.510000228881836
2013-06-24,228600,19.950000762939453,21.760000228881836,21.93000030517578,19.950000762939453,21.760000228881836
2013-06-21,82400,19.93000030517578,19.559999465942383,20.149999618530273,19.5,19.559999465942383
2013-06-20,63100,19.6200008392334,19.860000610351562,20.0,19.5,19.860000610351562
2013-06-19,35400,20.0,19.969999313354492,20.170000076293945,19.809999465942383,19.969999313354492
2013-06-18,29700,20.100000381469727,20.1299991607666,20.260000228881836,19.850000381469727,20.1299991607666
2013-06-17,14300,20.010000228881836,20.100000381469727,20.350000381469727,19.81999969482422,20.100000381469727
2013-06-14,33800,20.639999389648438,20.059999465942383,20.81999969482422,19.979999542236328,20.059999465942383
2013-06-13,81600,20.0,20.639999389648438,20.739999771118164,19.6200008392334,20.639999389648438
2013-06-12,21100,19.989999771118164,19.90999984741211,20.049999237060547,19.770000457763672,19.90999984741211
2013-06-11,41900,19.6200008392334,19.850000381469727,20.0,19.6200008392334,19.850000381469727
2013-06-10,14000,19.90999984741211,19.940000534057617,20.1299991607666,19.739999771118164,19.940000534057617
2013-06-07,18600,19.989999771118164,19.729999542236328,19.989999771118164,19.65999984741211,19.729999542236328
2013-06-06,45800,19.719999313354492,19.81999969482422,19.899999618530273,19.690000534057617,19.81999969482422
2013-06-05,29700,19.780000686645508,19.75,19.889999389648438,19.6299991607666,19.75
2013-06-04,31000,19.850000381469727,19.780000686645508,19.93000030517578,19.6200008392334,19.780000686645508
2013-06-03,95900,19.959999084472656,19.860000610351562,20.190000534057617,19.3700008392334,19.860000610351562
2013-05-31,55500,19.850000381469727,19.899999618530273,20.149999618530273,19.850000381469727,19.899999618530273
2013-05-30,36900,19.65999984741211,19.93000030517578,20.0,19.610000610351562,19.93000030517578
2013-05-29,25700,19.8700008392334,19.6299991607666,19.8700008392334,19.440000534057617,19.6299991607666
2013-05-28,53400,19.969999313354492,19.920000076293945,20.170000076293945,19.68000030517578,19.920000076293945
2013-05-24,27800,19.31999969482422,19.6299991607666,19.670000076293945,19.200000762939453,19.6299991607666
2013-05-23,23400,19.329999923706055,19.520000457763672,19.729999542236328,19.329999923706055,19.520000457763672
2013-05-22,42800,19.3799991607666,19.600000381469727,19.8799991607666,19.260000228881836,19.600000381469727
2013-05-21,28700,19.6299991607666,19.40999984741211,19.6299991607666,19.229999542236328,19.40999984741211
2013-05-20,18800,19.059999465942383,19.579999923706055,19.68000030517578,19.059999465942383,19.579999923706055
2013-05-17,56900,19.100000381469727,19.100000381469727,19.18000030517578,18.950000762939453,19.100000381469727
2013-05-16,27800,19.219999313354492,19.049999237060547,19.219999313354492,18.969999313354492,19.049999237060547
2013-05-15,23600,19.110000610351562,19.25,19.34000015258789,19.010000228881836,19.25
2013-05-14,41900,18.850000381469727,19.110000610351562,19.149999618530273,18.709999084472656,19.110000610351562
2013-05-13,13500,18.84000015258789,18.860000610351562,19.010000228881836,18.760000228881836,18.860000610351562
2013-05-10,20700,19.059999465942383,18.8799991607666,19.059999465942383,18.75,18.8799991607666
2013-05-09,30800,19.18000030517578,18.950000762939453,19.18000030517578,18.760000228881836,18.950000762939453
2013-05-08,26400,19.280000686645508,19.15999984741211,19.280000686645508,18.75,19.15999984741211
2013-05-07,22000,19.06999969482422,19.149999618530273,19.299999237060547,18.600000381469727,19.149999618530273
2013-05-06,37000,19.360000610351562,18.979999542236328,19.389999389648438,18.8700008392334,18.979999542236328
2013-05-03,65100,18.579999923706055,19.350000381469727,19.5,18.3700008392334,19.350000381469727
2013-05-02,54700,18.09000015258789,18.309999465942383,18.6200008392334,18.09000015258789,18.309999465942383
2013-05-01,126300,19.110000610351562,18.239999771118164,19.1299991607666,18.0,18.239999771118164
2013-04-30,182600,18.770000457763672,19.350000381469727,19.90999984741211,18.700000762939453,19.350000381469727
2013-04-29,27100,18.959999084472656,18.549999237060547,19.010000228881836,18.450000762939453,18.549999237060547
2013-04-26,60800,18.90999984741211,18.899999618530273,19.149999618530273,18.639999389648438,18.899999618530273
2013-04-25,169400,20.610000610351562,19.15999984741211,20.610000610351562,18.0,19.15999984741211
2013-04-24,41200,20.649999618530273,20.540000915527344,20.850000381469727,20.149999618530273,20.540000915527344
2013-04-23,29100,20.18000030517578,20.559999465942383,20.670000076293945,19.959999084472656,20.559999465942383
2013-04-22,36800,20.270000457763672,20.09000015258789,20.270000457763672,19.75,20.09000015258789
2013-04-19,48200,20.229999542236328,20.149999618530273,20.489999771118164,19.920000076293945,20.149999618530273
2013-04-18,27000,20.149999618530273,20.1299991607666,20.219999313354492,19.719999313354492,20.1299991607666
2013-04-17,42400,20.93000030517578,20.1200008392334,21.190000534057617,19.989999771118164,20.1200008392334
2013-04-16,36300,20.829999923706055,21.149999618530273,21.299999237060547,20.68000030517578,21.149999618530273
2013-04-15,42600,21.969999313354492,20.68000030517578,21.969999313354492,20.600000381469727,20.68000030517578
2013-04-12,16300,22.209999084472656,22.100000381469727,22.209999084472656,21.81999969482422,22.100000381469727
2013-04-11,45800,21.729999542236328,22.299999237060547,22.6299991607666,21.719999313354492,22.299999237060547
2013-04-10,57800,21.260000228881836,21.709999084472656,22.0,20.979999542236328,21.709999084472656
2013-04-09,25300,21.170000076293945,21.209999084472656,21.459999084472656,21.170000076293945,21.209999084472656
2013-04-08,29500,21.190000534057617,21.06999969482422,21.40999984741211,20.899999618530273,21.06999969482422
2013-04-05,24900,20.920000076293945,21.200000762939453,21.360000610351562,20.75,21.200000762939453
2013-04-04,26000,21.239999771118164,21.40999984741211,21.450000762939453,21.09000015258789,21.40999984741211
2013-04-03,42800,21.950000762939453,21.170000076293945,21.950000762939453,21.079999923706055,21.170000076293945
2013-04-02,38200,22.1299991607666,21.979999542236328,22.25,21.799999237060547,21.979999542236328
2013-04-01,41300,22.360000610351562,22.010000228881836,22.549999237060547,21.889999389648438,22.010000228881836
2013-03-28,30000,22.360000610351562,22.360000610351562,22.5,22.219999313354492,22.360000610351562
2013-03-27,27300,22.329999923706055,22.290000915527344,22.40999984741211,22.139999389648438,22.290000915527344
2013-03-26,32900,22.5,22.520000457763672,22.670000076293945,22.25,22.520000457763672
2013-03-25,50900,22.350000381469727,22.389999389648438,22.56999969482422,22.110000610351562,22.389999389648438
2013-03-22,44600,22.639999389648438,22.350000381469727,22.75,22.299999237060547,22.350000381469727
2013-03-21,27200,22.68000030517578,22.639999389648438,22.760000228881836,22.5,22.639999389648438
2013-03-20,35400,22.530000686645508,22.829999923706055,22.959999084472656,22.420000076293945,22.829999923706055
2013-03-19,62400,22.6299991607666,22.389999389648438,22.700000762939453,21.989999771118164,22.389999389648438
2013-03-18,53400,21.829999923706055,22.6299991607666,22.809999465942383,21.6200008392334,22.6299991607666
2013-03-15,78400,22.700000762939453,22.229999542236328,22.950000762939453,22.209999084472656,22.229999542236328
2013-03-14,45300,22.84000015258789,22.84000015258789,22.950000762939453,22.6299991607666,22.84000015258789
2013-03-13,30200,22.81999969482422,22.81999969482422,22.93000030517578,22.520000457763672,22.81999969482422
2013-03-12,21300,22.520000457763672,22.809999465942383,22.850000381469727,22.5,22.809999465942383
2013-03-11,48300,22.34000015258789,22.549999237060547,22.75,22.139999389648438,22.549999237060547
2013-03-08,99500,23.0,22.309999465942383,23.0,21.84000015258789,22.309999465942383
2013-03-07,31900,22.90999984741211,22.90999984741211,22.950000762939453,22.649999618530273,22.90999984741211
2013-03-06,36100,23.389999389648438,23.059999465942383,23.389999389648438,23.0,23.059999465942383
2013-03-05,40700,23.399999618530273,23.280000686645508,23.59000015258789,23.059999465942383,23.280000686645508
2013-03-04,62100,23.079999923706055,23.34000015258789,23.440000534057617,22.8700008392334,23.34000015258789
2013-03-01,54500,22.450000762939453,23.1200008392334,23.200000762939453,22.329999923706055,23.1200008392334
2013-02-28,99800,22.34000015258789,22.549999237060547,23.030000686645508,22.34000015258789,22.549999237060547
2013-02-27,48700,21.889999389648438,22.329999923706055,22.559999465942383,21.799999237060547,22.329999923706055
2013-02-26,28900,21.18000030517578,21.889999389648438,22.0,21.139999389648438,21.889999389648438
2013-02-25,82000,21.700000762939453,21.079999923706055,21.719999313354492,20.950000762939453,21.079999923706055
2013-02-22,64100,21.899999618530273,21.59000015258789,22.170000076293945,21.520000457763672,21.59000015258789
2013-02-21,133800,21.18000030517578,21.6200008392334,21.84000015258789,20.309999465942383,21.6200008392334
2013-02-20,102600,22.31999969482422,21.229999542236328,22.399999618530273,21.170000076293945,21.229999542236328
2013-02-19,130600,21.049999237060547,22.1200008392334,22.389999389648438,20.81999969482422,22.1200008392334
2013-02-15,68300,20.93000030517578,21.010000228881836,21.170000076293945,20.81999969482422,21.010000228881836
2013-02-14,48300,20.739999771118164,20.790000915527344,20.829999923706055,20.5,20.790000915527344
2013-02-13,56400,20.719999313354492,20.799999237060547,20.950000762939453,20.510000228881836,20.799999237060547
2013-02-12,67100,20.010000228881836,20.469999313354492,20.700000762939453,19.989999771118164,20.469999313354492
2013-02-11,72900,20.049999237060547,20.079999923706055,20.139999389648438,19.559999465942383,20.079999923706055
2013-02-08,182400,19.040000915527344,19.989999771118164,20.389999389648438,18.84000015258789,19.989999771118164
2013-02-07,106100,19.040000915527344,18.899999618530273,19.040000915527344,18.3700008392334,18.899999618530273
2013-02-06,248700,18.31999969482422,19.040000915527344,19.469999313354492,18.31999969482422,19.040000915527344
2013-02-05,494300,16.09000015258789,18.309999465942383,18.5,16.09000015258789,18.309999465942383
2013-02-04,82700,15.649999618530273,15.5,15.760000228881836,15.119999885559082,15.5
2013-02-01,36100,15.869999885559082,15.739999771118164,15.869999885559082,15.40999984741211,15.739999771118164
2013-01-31,54700,15.600000381469727,15.75,16.040000915527344,15.600000381469727,15.75
2013-01-30,80600,16.1299991607666,15.8100004196167,16.200000762939453,15.760000228881836,15.8100004196167
2013-01-29,47000,16.100000381469727,16.15999984741211,16.200000762939453,16.0,16.15999984741211
2013-01-28,69800,16.18000030517578,16.110000610351562,16.200000762939453,16.049999237060547,16.110000610351562
2013-01-25,1008900,16.040000915527344,16.190000534057617,16.200000762939453,15.75,16.190000534057617
2013-01-24,35000,15.670000076293945,16.040000915527344,16.170000076293945,15.449999809265137,16.040000915527344
2013-01-23,34300,15.4399995803833,15.789999961853027,15.8100004196167,15.25,15.789999961853027
2013-01-22,17400,15.130000114440918,15.399999618530273,15.430000305175781,15.010000228881836,15.399999618530273
2013-01-18,34200,15.369999885559082,15.180000305175781,15.5,15.0,15.180000305175781
2013-01-17,22100,15.270000457763672,15.359999656677246,15.399999618530273,15.0600004196167,15.359999656677246
2013-01-16,18700,15.279999732971191,15.15999984741211,15.279999732971191,14.949999809265137,15.15999984741211
2013-01-15,15300,15.140000343322754,15.319999694824219,15.350000381469727,15.010000228881836,15.319999694824219
2013-01-14,25600,15.039999961853027,15.199999809265137,15.25,14.9399995803833,15.199999809265137
2013-01-11,48400,15.170000076293945,15.069999694824219,15.25,14.960000038146973,15.069999694824219
2013-01-10,60700,15.1899995803833,15.15999984741211,15.220000267028809,14.920000076293945,15.15999984741211
2013-01-09,13200,15.050000190734863,15.130000114440918,15.1899995803833,14.960000038146973,15.130000114440918
2013-01-08,16800,15.220000267028809,15.050000190734863,15.220000267028809,14.90999984741211,15.050000190734863
2013-01-07,42500,15.40999984741211,15.25,15.449999809265137,14.989999771118164,15.25
2013-01-04,19600,15.020000457763672,15.510000228881836,15.579999923706055,14.960000038146973,15.510000228881836
2013-01-03,31400,14.949999809265137,14.960000038146973,15.039999961853027,14.819999694824219,14.960000038146973
2013-01-02,49800,14.9399995803833,14.960000038146973,15.0,14.84000015258789,14.960000038146973
2012-12-31,41500,13.9399995803833,14.5,14.619999885559082,13.9399995803833,14.5
2012-12-28,32100,14.09000015258789,13.930000305175781,14.359999656677246,13.90999984741211,13.930000305175781
2012-12-27,18000,14.25,14.199999809265137,14.380000114440918,14.109999656677246,14.199999809265137
2012-12-26,30000,14.3100004196167,14.260000228881836,14.449999809265137,14.199999809265137,14.260000228881836
2012-12-24,16400,14.350000381469727,14.350000381469727,14.449999809265137,14.279999732971191,14.350000381469727
2012-12-21,167900,14.59000015258789,14.34000015258789,14.710000038146973,14.34000015258789,14.34000015258789
2012-12-20,33600,14.84000015258789,14.770000457763672,14.9399995803833,14.329999923706055,14.770000457763672
2012-12-19,51000,14.8100004196167,14.819999694824219,14.930000305175781,14.710000038146973,14.819999694824219
2012-12-18,67400,14.680000305175781,14.800000190734863,14.819999694824219,14.260000228881836,14.800000190734863
2012-12-17,69200,14.59000015258789,14.649999618530273,14.760000228881836,14.399999618530273,14.649999618530273
2012-12-14,75200,14.600000381469727,14.550000190734863,14.789999961853027,14.260000228881836,14.550000190734863
2012-12-13,25400,14.819999694824219,14.609999656677246,14.819999694824219,14.399999618530273,14.609999656677246
2012-12-12,30600,15.09000015258789,14.829999923706055,15.09000015258789,14.710000038146973,14.829999923706055
2012-12-11,30200,15.079999923706055,15.010000228881836,15.079999923706055,14.949999809265137,15.010000228881836
2012-12-10,23500,14.890000343322754,15.010000228881836,15.029999732971191,14.819999694824219,15.010000228881836
2012-12-07,14700,14.970000267028809,14.880000114440918,14.979999542236328,14.75,14.880000114440918
2012-12-06,15000,14.829999923706055,14.920000076293945,14.9399995803833,14.579999923706055,14.920000076293945
2012-12-05,20300,14.920000076293945,14.880000114440918,14.949999809265137,14.760000228881836,14.880000114440918
2012-12-04,19600,14.930000305175781,14.899999618530273,15.039999961853027,14.819999694824219,14.899999618530273
2012-12-03,20000,14.979999542236328,14.899999618530273,15.020000457763672,14.779999732971191,14.899999618530273
2012-11-30,31500,15.029999732971191,14.920000076293945,15.119999885559082,14.84000015258789,14.920000076293945
2012-11-29,65100,15.039999961853027,15.0,15.100000381469727,14.739999771118164,15.0
2012-11-28,21100,14.84000015258789,14.989999771118164,15.039999961853027,14.760000228881836,14.989999771118164
2012-11-27,35500,14.970000267028809,14.90999984741211,15.15999984741211,14.869999885559082,14.90999984741211
2012-11-26,38400,15.109999656677246,14.989999771118164,15.149999618530273,14.84000015258789,14.989999771118164
2012-11-23,34800,15.020000457763672,15.109999656677246,15.180000305175781,14.760000228881836,15.109999656677246
2012-11-21,29900,14.920000076293945,14.949999809265137,15.0,14.779999732971191,14.949999809265137
2012-11-20,32900,14.930000305175781,14.899999618530273,14.979999542236328,14.890000343322754,14.899999618530273
2012-11-19,43100,14.770000457763672,14.9399995803833,15.0,14.770000457763672,14.9399995803833
2012-11-16,46500,14.760000228881836,14.600000381469727,14.8100004196167,14.59000015258789,14.600000381469727
2012-11-15,38600,14.84000015258789,14.779999732971191,15.010000228881836,14.680000305175781,14.779999732971191
2012-11-14,37600,15.029999732971191,14.890000343322754,15.140000343322754,14.609999656677246,14.890000343322754
2012-11-13,38400,15.069999694824219,15.010000228881836,15.279999732971191,14.800000190734863,15.010000228881836
2012-11-12,102300,14.84000015258789,15.109999656677246,15.34000015258789,14.760000228881836,15.109999656677246
2012-11-09,12900,14.609999656677246,14.710000038146973,14.819999694824219,14.5600004196167,14.710000038146973
2012-11-08,17400,14.84000015258789,14.649999618530273,14.899999618530273,14.600000381469727,14.649999618530273
2012-11-07,29100,15.220000267028809,14.899999618530273,15.300000190734863,14.779999732971191,14.899999618530273
2012-11-06,8900,15.1899995803833,15.420000076293945,15.460000038146973,14.729999542236328,15.420000076293945
2012-11-05,17300,15.489999771118164,15.1899995803833,15.489999771118164,15.119999885559082,15.1899995803833
2012-11-02,29600,15.890000343322754,15.510000228881836,15.890000343322754,15.430000305175781,15.510000228881836
2012-11-01,39700,15.180000305175781,15.880000114440918,15.920000076293945,15.180000305175781,15.880000114440918
2012-10-31,27500,14.970000267028809,15.399999618530273,15.4399995803833,14.970000267028809,15.399999618530273
2012-10-26,18200,15.140000343322754,15.130000114440918,15.25,14.8100004196167,15.130000114440918
2012-10-25,33800,15.260000228881836,15.100000381469727,15.34000015258789,14.75,15.100000381469727
2012-10-24,54700,14.640000343322754,14.9399995803833,14.949999809265137,14.529999732971191,14.9399995803833
2012-10-23,18500,14.40999984741211,14.59000015258789,14.59000015258789,14.3100004196167,14.59000015258789
2012-10-22,17400,14.5,14.520000457763672,14.600000381469727,14.109999656677246,14.520000457763672
2012-10-19,50200,15.15999984741211,14.569999694824219,15.270000457763672,14.470000267028809,14.569999694824219
2012-10-18,35300,15.670000076293945,15.25,15.829999923706055,15.180000305175781,15.25
2012-10-17,37900,15.430000305175781,15.720000267028809,16.0,15.430000305175781,15.720000267028809
2012-10-16,24900,14.960000038146973,15.430000305175781,15.470000267028809,14.960000038146973,15.430000305175781
2012-10-15,20000,14.789999961853027,14.869999885559082,14.890000343322754,14.75,14.869999885559082
2012-10-12,9800,14.779999732971191,14.789999961853027,14.949999809265137,14.479999542236328,14.789999961853027
2012-10-11,25800,15.109999656677246,14.770000457763672,15.119999885559082,14.75,14.770000457763672
2012-10-10,43100,15.289999961853027,14.960000038146973,15.289999961853027,14.800000190734863,14.960000038146973
2012-10-09,16100,15.329999923706055,15.279999732971191,15.399999618530273,14.989999771118164,15.279999732971191
2012-10-08,9400,15.239999771118164,15.369999885559082,15.529999732971191,15.149999618530273,15.369999885559082
2012-10-05,44700,15.59000015258789,15.279999732971191,15.59000015258789,15.069999694824219,15.279999732971191
2012-10-04,17900,15.460000038146973,15.510000228881836,15.579999923706055,15.1899995803833,15.510000228881836
2012-10-03,31800,15.270000457763672,15.420000076293945,15.619999885559082,15.109999656677246,15.420000076293945
2012-10-02,42100,15.390000343322754,15.270000457763672,15.529999732971191,15.210000038146973,15.270000457763672
2012-10-01,41200,15.489999771118164,15.329999923706055,15.640000343322754,15.170000076293945,15.329999923706055
2012-09-28,26400,15.359999656677246,15.4399995803833,15.649999618530273,15.350000381469727,15.4399995803833
2012-09-27,31300,15.300000190734863,15.449999809265137,15.539999961853027,15.180000305175781,15.449999809265137
2012-09-26,43200,15.369999885559082,15.229999542236328,15.369999885559082,15.010000228881836,15.229999542236328
2012-09-25,39800,15.430000305175781,15.34000015258789,15.59000015258789,15.260000228881836,15.34000015258789
2012-09-24,29000,15.430000305175781,15.390000343322754,15.619999885559082,14.960000038146973,15.390000343322754
2012-09-21,75100,15.3100004196167,15.4399995803833,15.680000305175781,15.3100004196167,15.4399995803833
2012-09-20,25000,15.15999984741211,15.140000343322754,15.4399995803833,15.079999923706055,15.140000343322754
2012-09-19,32100,15.149999618530273,15.229999542236328,15.449999809265137,15.119999885559082,15.229999542236328
2012-09-18,34600,14.90999984741211,15.069999694824219,15.100000381469727,14.880000114440918,15.069999694824219
2012-09-17,41300,14.699999809265137,14.9399995803833,15.0,14.59000015258789,14.9399995803833
2012-09-14,68300,14.760000228881836,14.720000267028809,15.039999961853027,14.619999885559082,14.720000267028809
2012-09-13,145900,13.84000015258789,14.739999771118164,14.979999542236328,13.829999923706055,14.739999771118164
2012-09-12,117100,12.9399995803833,13.859999656677246,13.859999656677246,12.890000343322754,13.859999656677246
2012-09-11,110400,12.880000114440918,12.899999618530273,12.949999809265137,12.6899995803833,12.899999618530273
2012-09-10,107400,12.829999923706055,12.869999885559082,12.960000038146973,12.819999694824219,12.869999885559082
2012-09-07,79100,13.050000190734863,12.8100004196167,13.100000381469727,12.75,12.8100004196167
2012-09-06,82900,13.050000190734863,12.989999771118164,13.100000381469727,12.600000381469727,12.989999771118164
2012-09-05,72500,13.260000228881836,12.970000267028809,13.260000228881836,12.869999885559082,12.970000267028809
2012-09-04,58000,13.25,13.1899995803833,13.329999923706055,12.899999618530273,13.1899995803833
2012-08-31,40900,13.119999885559082,13.270000457763672,13.270000457763672,12.920000076293945,13.270000457763672
2012-08-30,24300,13.039999961853027,13.010000228881836,13.15999984741211,12.949999809265137,13.010000228881836
2012-08-29,40400,13.039999961853027,13.210000038146973,13.279999732971191,12.960000038146973,13.210000038146973
2012-08-28,35900,13.020000457763672,13.020000457763672,13.079999923706055,12.859999656677246,13.020000457763672
2012-08-27,61600,12.989999771118164,13.029999732971191,13.109999656677246,12.859999656677246,13.029999732971191
2012-08-24,31200,13.020000457763672,12.960000038146973,13.050000190734863,12.670000076293945,12.960000038146973
2012-08-23,29400,13.170000076293945,13.010000228881836,13.170000076293945,12.869999885559082,13.010000228881836
2012-08-22,29200,13.319999694824219,13.15999984741211,13.369999885559082,13.010000228881836,13.15999984741211
2012-08-21,49700,13.640000343322754,13.350000381469727,13.720000267028809,13.239999771118164,13.350000381469727
2012-08-20,50100,13.770000457763672,13.619999885559082,13.880000114440918,13.300000190734863,13.619999885559082
2012-08-17,51500,13.770000457763672,13.800000190734863,13.859999656677246,13.710000038146973,13.800000190734863
2012-08-16,34300,13.8100004196167,13.770000457763672,13.880000114440918,13.550000190734863,13.770000457763672
2012-08-15,18400,13.460000038146973,13.800000190734863,13.819999694824219,13.420000076293945,13.800000190734863
2012-08-14,16200,13.670000076293945,13.5,13.670000076293945,13.40999984741211,13.5
2012-08-13,20600,13.65999984741211,13.649999618530273,13.710000038146973,13.430000305175781,13.649999618530273
2012-08-10,28300,13.90999984741211,13.699999809265137,13.989999771118164,13.609999656677246,13.699999809265137
2012-08-09,28000,14.279999732971191,13.920000076293945,14.380000114440918,13.859999656677246,13.920000076293945
2012-08-08,20200,14.34000015258789,14.25,14.449999809265137,14.079999923706055,14.25
2012-08-07,25800,14.5600004196167,14.399999618530273,14.640000343322754,14.319999694824219,14.399999618530273
2012-08-06,56500,13.899999618530273,14.470000267028809,14.59000015258789,13.859999656677246,14.470000267028809
2012-08-03,35700,13.770000457763672,13.859999656677246,14.0,13.720000267028809,13.859999656677246
2012-08-02,48800,13.789999961853027,13.550000190734863,14.029999732971191,13.260000228881836,13.550000190734863
2012-08-01,36900,14.640000343322754,13.859999656677246,14.640000343322754,13.850000381469727,13.859999656677246
2012-07-31,41900,14.300000190734863,14.550000190734863,14.680000305175781,14.170000076293945,14.550000190734863
2012-07-30,21900,13.84000015258789,13.569999694824219,14.050000190734863,13.489999771118164,13.569999694824219
2012-07-27,69400,13.699999809265137,13.8100004196167,13.920000076293945,13.300000190734863,13.8100004196167
2012-07-26,30600,13.989999771118164,13.600000381469727,14.010000228881836,13.420000076293945,13.600000381469727
2012-07-25,33800,14.010000228881836,13.760000228881836,14.170000076293945,13.5,13.760000228881836
2012-07-24,33900,14.319999694824219,13.970000267028809,14.380000114440918,13.84000015258789,13.970000267028809
2012-07-23,38300,14.609999656677246,14.300000190734863,14.65999984741211,14.199999809265137,14.300000190734863
2012-07-20,24000,14.739999771118164,14.800000190734863,14.9399995803833,14.699999809265137,14.800000190734863
2012-07-19,10600,14.779999732971191,14.829999923706055,14.970000267028809,14.710000038146973,14.829999923706055
2012-07-18,32600,14.90999984741211,14.739999771118164,14.949999809265137,14.710000038146973,14.739999771118164
2012-07-17,28000,15.0,14.920000076293945,15.069999694824219,14.729999542236328,14.920000076293945
2012-07-16,40900,14.949999809265137,14.930000305175781,15.0,14.779999732971191,14.930000305175781
2012-07-13,48100,14.850000381469727,14.989999771118164,15.0,14.739999771118164,14.989999771118164
2012-07-12,28100,14.600000381469727,14.819999694824219,14.859999656677246,14.600000381469727,14.819999694824219
2012-07-11,54600,14.649999618530273,14.729999542236328,14.859999656677246,14.489999771118164,14.729999542236328
2012-07-10,24900,14.800000190734863,14.649999618530273,14.890000343322754,14.550000190734863,14.649999618530273
2012-07-09,54500,14.739999771118164,14.699999809265137,14.890000343322754,14.600000381469727,14.699999809265137
2012-07-06,58400,14.539999961853027,14.729999542236328,14.850000381469727,14.539999961853027,14.729999542236328
2012-07-05,33200,14.550000190734863,14.699999809265137,14.899999618530273,14.550000190734863,14.699999809265137
2012-07-03,43700,14.489999771118164,14.5600004196167,14.8100004196167,14.390000343322754,14.5600004196167
2012-07-02,38500,14.199999809265137,14.449999809265137,14.510000228881836,14.010000228881836,14.449999809265137
2012-06-29,71800,13.890000343322754,14.229999542236328,14.319999694824219,13.84000015258789,14.229999542236328
2012-06-28,75700,13.460000038146973,13.619999885559082,13.65999984741211,13.369999885559082,13.619999885559082
2012-06-27,122200,13.739999771118164,13.550000190734863,13.899999618530273,13.420000076293945,13.550000190734863
2012-06-26,25400,13.729999542236328,13.729999542236328,13.859999656677246,13.670000076293945,13.729999542236328
2012-06-25,30700,13.59000015258789,13.720000267028809,13.850000381469727,13.569999694824219,13.720000267028809
2012-06-22,97800,13.680000305175781,13.789999961853027,13.930000305175781,13.680000305175781,13.789999961853027
2012-06-21,81700,14.119999885559082,13.600000381469727,14.170000076293945,13.430000305175781,13.600000381469727
2012-06-20,30900,14.260000228881836,14.170000076293945,14.350000381469727,13.9399995803833,14.170000076293945
2012-06-19,57800,14.300000190734863,14.300000190734863,14.5600004196167,14.199999809265137,14.300000190734863
2012-06-18,66900,14.4399995803833,14.279999732971191,14.649999618530273,14.220000267028809,14.279999732971191
2012-06-15,78100,14.630000114440918,14.5,14.770000457763672,14.430000305175781,14.5
2012-06-14,42800,14.289999961853027,14.609999656677246,14.640000343322754,14.25,14.609999656677246
2012-06-13,89200,14.600000381469727,14.239999771118164,14.6899995803833,14.15999984741211,14.239999771118164
2012-06-12,74200,14.899999618530273,14.670000076293945,15.079999923706055,14.479999542236328,14.670000076293945
2012-06-11,31200,15.329999923706055,14.899999618530273,15.329999923706055,14.869999885559082,14.899999618530273
2012-06-08,30100,15.039999961853027,15.199999809265137,15.319999694824219,15.010000228881836,15.199999809265137
2012-06-07,44100,15.539999961853027,15.149999618530273,15.539999961853027,15.100000381469727,15.149999618530273
2012-06-06,42900,14.960000038146973,15.350000381469727,15.479999542236328,14.760000228881836,15.350000381469727
2012-06-05,516700,14.59000015258789,14.869999885559082,14.970000267028809,14.25,14.869999885559082
2012-06-04,54000,14.8100004196167,14.65999984741211,14.970000267028809,14.399999618530273,14.65999984741211
2012-06-01,69700,14.569999694824219,14.760000228881836,14.90999984741211,13.739999771118164,14.760000228881836
2012-05-31,67700,14.880000114440918,14.890000343322754,14.90999984741211,14.59000015258789,14.890000343322754
2012-05-30,21200,14.880000114440918,14.880000114440918,14.970000267028809,14.760000228881836,14.880000114440918
2012-05-29,30200,14.960000038146973,15.010000228881836,15.100000381469727,14.84000015258789,15.010000228881836
2012-05-25,29000,14.890000343322754,14.890000343322754,14.90999984741211,14.699999809265137,14.890000343322754
2012-05-24,28000,14.699999809265137,14.890000343322754,14.890000343322754,14.489999771118164,14.890000343322754
2012-05-23,20000,14.510000228881836,14.649999618530273,14.739999771118164,14.380000114440918,14.649999618530273
2012-05-22,53000,14.84000015258789,14.649999618530273,14.920000076293945,14.329999923706055,14.649999618530273
2012-05-21,40100,14.8100004196167,14.899999618530273,14.920000076293945,14.520000457763672,14.899999618530273
2012-05-18,57100,14.510000228881836,14.800000190734863,14.880000114440918,14.5,14.800000190734863
2012-05-17,36600,14.819999694824219,14.529999732971191,14.890000343322754,14.460000038146973,14.529999732971191
2012-05-16,22100,14.739999771118164,14.819999694824219,14.930000305175781,14.65999984741211,14.819999694824219
2012-05-15,46000,14.550000190734863,14.600000381469727,14.75,14.430000305175781,14.600000381469727
2012-05-14,39200,14.65999984741211,14.600000381469727,14.699999809265137,14.479999542236328,14.600000381469727
2012-05-11,39000,14.859999656677246,14.8100004196167,15.020000457763672,14.699999809265137,14.8100004196167
2012-05-10,34100,15.220000267028809,15.0,15.359999656677246,14.75,15.0
2012-05-09,21000,15.100000381469727,15.079999923706055,15.369999885559082,15.050000190734863,15.079999923706055
2012-05-08,31900,15.170000076293945,15.300000190734863,15.420000076293945,15.010000228881836,15.300000190734863
2012-05-07,24000,15.279999732971191,15.25,15.380000114440918,15.039999961853027,15.25
2012-05-04,92600,15.739999771118164,15.300000190734863,15.960000038146973,15.149999618530273,15.300000190734863
2012-05-03,46000,16.190000534057617,16.010000228881836,16.190000534057617,15.829999923706055,16.010000228881836
2012-05-02,51000,16.290000915527344,16.260000228881836,16.520000457763672,16.200000762939453,16.260000228881836
2012-05-01,104600,16.959999084472656,16.459999084472656,17.15999984741211,16.43000030517578,16.459999084472656
2012-04-30,111000,17.020000457763672,17.079999923706055,17.209999084472656,16.479999542236328,17.079999923706055
2012-04-27,68500,17.360000610351562,17.09000015258789,17.5,16.549999237060547,17.09000015258789
2012-04-26,47500,17.700000762939453,17.219999313354492,17.700000762939453,17.030000686645508,17.219999313354492
2012-04-25,37500,17.68000030517578,17.469999313354492,17.84000015258789,17.329999923706055,17.469999313354492
2012-04-24,17500,17.299999237060547,17.469999313354492,17.700000762939453,17.270000457763672,17.469999313354492
2012-04-23,24400,17.309999465942383,17.329999923706055,17.489999771118164,17.059999465942383,17.329999923706055
2012-04-20,39000,17.520000457763672,17.690000534057617,17.75,17.420000076293945,17.690000534057617
2012-04-19,23300,17.469999313354492,17.350000381469727,17.610000610351562,17.219999313354492,17.350000381469727
2012-04-18,39100,17.68000030517578,17.5,17.75,17.030000686645508,17.5
2012-04-17,21700,17.760000228881836,17.770000457763672,17.979999542236328,17.739999771118164,17.770000457763672
2012-04-16,24200,17.700000762939453,17.790000915527344,17.989999771118164,17.479999542236328,17.790000915527344
2012-04-13,24700,17.549999237060547,17.6200008392334,17.75,17.450000762939453,17.6200008392334
2012-04-12,35400,16.989999771118164,17.639999389648438,17.75,16.989999771118164,17.639999389648438
2012-04-11,47400,16.579999923706055,16.979999542236328,16.979999542236328,16.260000228881836,16.979999542236328
2012-04-10,64400,17.1200008392334,16.3700008392334,17.1200008392334,16.25,16.3700008392334
2012-04-09,19200,16.93000030517578,17.100000381469727,17.170000076293945,16.889999389648438,17.100000381469727
2012-04-05,20200,16.889999389648438,17.25,17.31999969482422,16.8799991607666,17.25
2012-04-04,44500,16.950000762939453,17.0,17.09000015258789,16.729999542236328,17.0
2012-04-03,36000,17.1200008392334,17.1200008392334,17.489999771118164,16.850000381469727,17.1200008392334
2012-04-02,74300,17.440000534057617,17.209999084472656,17.709999084472656,16.959999084472656,17.209999084472656
2012-03-30,74700,17.899999618530273,17.25,17.899999618530273,17.25,17.25
2012-03-29,31000,17.40999984741211,17.829999923706055,17.93000030517578,17.3700008392334,17.829999923706055
2012-03-28,39900,17.5,17.59000015258789,17.700000762939453,17.34000015258789,17.59000015258789
2012-03-27,30800,17.489999771118164,17.469999313354492,17.799999237060547,17.40999984741211,17.469999313354492
2012-03-26,66200,17.520000457763672,17.559999465942383,17.889999389648438,17.5,17.559999465942383
2012-03-23,69900,16.93000030517578,17.3799991607666,17.3799991607666,16.8700008392334,17.3799991607666
2012-03-22,43600,16.520000457763672,16.959999084472656,17.0,16.5,16.959999084472656
2012-03-21,52700,16.81999969482422,16.729999542236328,16.829999923706055,16.34000015258789,16.729999542236328
2012-03-20,25800,16.649999618530273,16.81999969482422,16.989999771118164,16.209999084472656,16.81999969482422
2012-03-19,51100,16.549999237060547,16.799999237060547,17.0,16.549999237060547,16.799999237060547
2012-03-16,50800,16.43000030517578,16.610000610351562,16.649999618530273,16.309999465942383,16.610000610351562
2012-03-15,31800,16.09000015258789,16.43000030517578,16.469999313354492,16.049999237060547,16.43000030517578
2012-03-14,51300,16.450000762939453,16.149999618530273,16.450000762939453,16.020000457763672,16.149999618530273
2012-03-13,43900,16.1299991607666,16.520000457763672,16.549999237060547,15.979999542236328,16.520000457763672
2012-03-12,37300,16.020000457763672,15.989999771118164,16.06999969482422,15.84000015258789,15.989999771118164
2012-03-09,41900,15.699999809265137,16.06999969482422,16.139999389648438,15.6899995803833,16.06999969482422
2012-03-08,56900,15.270000457763672,15.699999809265137,15.800000190734863,15.09000015258789,15.699999809265137
2012-03-07,25300,14.829999923706055,15.119999885559082,15.149999618530273,14.829999923706055,15.119999885559082
2012-03-06,46500,14.819999694824219,14.770000457763672,15.0,14.59000015258789,14.770000457763672
2012-03-05,27600,14.989999771118164,15.039999961853027,15.109999656677246,14.770000457763672,15.039999961853027
2012-03-02,67200,15.350000381469727,15.010000228881836,15.479999542236328,14.75,15.010000228881836
2012-03-01,55000,15.220000267028809,15.329999923706055,15.59000015258789,15.220000267028809,15.329999923706055
2012-02-29,38400,15.130000114440918,15.15999984741211,15.289999961853027,15.039999961853027,15.15999984741211
2012-02-28,72800,15.220000267028809,15.109999656677246,15.350000381469727,14.869999885559082,15.109999656677246
2012-02-27,44900,15.34000015258789,15.119999885559082,15.34000015258789,14.65999984741211,15.119999885559082
2012-02-24,34700,15.819999694824219,15.59000015258789,15.819999694824219,15.529999732971191,15.59000015258789
2012-02-23,29900,15.75,15.75,15.850000381469727,15.6899995803833,15.75
2012-02-22,41100,15.630000114440918,15.739999771118164,15.949999809265137,15.350000381469727,15.739999771118164
2012-02-21,83500,16.299999237060547,15.779999732971191,16.329999923706055,15.609999656677246,15.779999732971191
2012-02-17,62400,16.059999465942383,16.309999465942383,16.479999542236328,16.0,16.309999465942383
2012-02-16,47800,15.800000190734863,15.920000076293945,16.190000534057617,15.789999961853027,15.920000076293945
2012-02-15,38100,15.899999618530273,15.779999732971191,16.030000686645508,15.630000114440918,15.779999732971191
2012-02-14,42500,15.8100004196167,15.819999694824219,15.880000114440918,15.4399995803833,15.819999694824219
2012-02-13,38100,15.75,15.9399995803833,16.100000381469727,15.699999809265137,15.9399995803833
2012-02-10,22300,15.630000114440918,15.520000457763672,15.75,15.5,15.520000457763672
2012-02-09,23300,15.760000228881836,15.710000038146973,15.819999694824219,15.529999732971191,15.710000038146973
2012-02-08,30300,15.850000381469727,15.770000457763672,16.110000610351562,15.5600004196167,15.770000457763672
2012-02-07,37200,15.859999656677246,15.829999923706055,16.049999237060547,15.59000015258789,15.829999923706055
2012-02-06,92100,16.329999923706055,15.9399995803833,16.329999923706055,15.65999984741211,15.9399995803833
2012-02-03,73300,16.06999969482422,16.43000030517578,16.709999084472656,16.06999969482422,16.43000030517578
2012-02-02,13700,15.779999732971191,15.880000114440918,15.899999618530273,15.59000015258789,15.880000114440918
2012-02-01,73100,15.869999885559082,15.800000190734863,16.309999465942383,15.380000114440918,15.800000190734863
2012-01-31,34800,15.859999656677246,15.760000228881836,15.989999771118164,15.630000114440918,15.760000228881836
2012-01-30,25400,15.420000076293945,15.699999809265137,15.899999618530273,15.3100004196167,15.699999809265137
2012-01-27,45000,15.0600004196167,15.609999656677246,15.760000228881836,14.970000267028809,15.609999656677246
2012-01-26,36600,15.0600004196167,15.09000015258789,15.210000038146973,14.899999618530273,15.09000015258789
2012-01-25,45700,15.029999732971191,15.010000228881836,15.0600004196167,14.739999771118164,15.010000228881836
2012-01-24,44300,15.149999618530273,15.109999656677246,15.289999961853027,15.039999961853027,15.109999656677246
2012-01-23,32700,15.229999542236328,15.210000038146973,15.319999694824219,15.0,15.210000038146973
2012-01-20,35700,15.25,15.239999771118164,15.479999542236328,15.1899995803833,15.239999771118164
2012-01-19,32100,15.229999542236328,15.239999771118164,15.380000114440918,15.079999923706055,15.239999771118164
2012-01-18,54000,14.869999885559082,15.1899995803833,15.199999809265137,14.739999771118164,15.1899995803833
2012-01-17,52000,14.770000457763672,14.869999885559082,14.890000343322754,14.609999656677246,14.869999885559082
2012-01-13,79100,14.319999694824219,14.609999656677246,14.609999656677246,14.020000457763672,14.609999656677246
2012-01-12,46100,14.130000114440918,14.359999656677246,14.399999618530273,14.039999961853027,14.359999656677246
2012-01-11,34100,14.09000015258789,14.210000038146973,14.390000343322754,13.989999771118164,14.210000038146973
2012-01-10,100000,14.5,14.180000305175781,14.949999809265137,14.0,14.180000305175781
2012-01-09,44600,14.640000343322754,14.270000457763672,14.640000343322754,14.149999618530273,14.270000457763672
2012-01-06,31100,14.59000015258789,14.520000457763672,14.670000076293945,14.319999694824219,14.520000457763672
2012-01-05,32600,14.699999809265137,14.5600004196167,14.789999961853027,14.520000457763672,14.5600004196167
2012-01-04,24200,14.859999656677246,14.789999961853027,14.960000038146973,14.75,14.789999961853027
2012-01-03,50300,15.260000228881836,14.979999542236328,15.279999732971191,14.770000457763672,14.979999542236328
2011-12-30,27700,14.930000305175781,14.869999885559082,14.949999809265137,14.770000457763672,14.869999885559082
2011-12-29,37800,14.619999885559082,14.880000114440918,14.90999984741211,14.569999694824219,14.880000114440918
2011-12-28,17500,14.760000228881836,14.510000228881836,14.760000228881836,14.5,14.510000228881836
2011-12-27,31700,14.770000457763672,14.789999961853027,14.920000076293945,14.550000190734863,14.789999961853027
2011-12-23,22600,14.59000015258789,14.890000343322754,14.989999771118164,14.59000015258789,14.890000343322754
2011-12-22,43800,14.9399995803833,14.569999694824219,14.9399995803833,14.430000305175781,14.569999694824219
2011-12-21,32100,14.739999771118164,14.84000015258789,14.949999809265137,14.25,14.84000015258789
2011-12-20,69700,14.609999656677246,14.859999656677246,14.989999771118164,14.59000015258789,14.859999656677246
2011-12-19,41300,14.699999809265137,14.289999961853027,14.699999809265137,14.029999732971191,14.289999961853027
2011-12-16,157900,14.1899995803833,14.539999961853027,14.75,14.0,14.539999961853027
2011-12-15,42000,14.149999618530273,14.119999885559082,14.359999656677246,14.0,14.119999885559082
2011-12-14,86600,14.420000076293945,13.869999885559082,14.510000228881836,13.8100004196167,13.869999885559082
2011-12-13,46500,15.229999542236328,14.489999771118164,15.329999923706055,14.420000076293945,14.489999771118164
2011-12-12,37000,14.979999542236328,15.100000381469727,15.1899995803833,14.710000038146973,15.100000381469727
2011-12-09,44800,14.829999923706055,15.319999694824219,15.350000381469727,14.75,15.319999694824219
2011-12-08,41700,14.979999542236328,14.789999961853027,15.149999618530273,14.6899995803833,14.789999961853027
2011-12-07,32500,15.0,15.170000076293945,15.319999694824219,14.729999542236328,15.170000076293945
2011-12-06,45700,15.319999694824219,15.09000015258789,15.399999618530273,15.029999732971191,15.09000015258789
2011-12-05,46500,15.640000343322754,15.359999656677246,15.640000343322754,15.149999618530273,15.359999656677246
2011-12-02,124700,15.75,15.289999961853027,15.819999694824219,15.260000228881836,15.289999961853027
2011-12-01,97100,15.380000114440918,15.449999809265137,15.699999809265137,15.300000190734863,15.449999809265137
2011-11-30,117400,15.520000457763672,15.430000305175781,15.739999771118164,15.0,15.430000305175781
2011-11-29,83400,14.880000114440918,14.869999885559082,15.0,14.630000114440918,14.869999885559082
2011-11-28,67800,14.390000343322754,14.779999732971191,15.100000381469727,14.390000343322754,14.779999732971191
2011-11-25,26200,13.5600004196167,13.739999771118164,13.869999885559082,13.5600004196167,13.739999771118164
2011-11-23,50000,13.729999542236328,13.619999885559082,13.859999656677246,13.5,13.619999885559082
2011-11-22,29600,13.869999885559082,13.9399995803833,14.119999885559082,13.539999961853027,13.9399995803833
2011-11-21,45400,14.09000015258789,13.90999984741211,14.09000015258789,13.630000114440918,13.90999984741211
2011-11-18,62600,14.5,14.460000038146973,14.619999885559082,14.380000114440918,14.460000038146973
2011-11-17,81800,14.520000457763672,14.40999984741211,14.670000076293945,14.25,14.40999984741211
2011-11-16,55200,14.760000228881836,14.59000015258789,14.979999542236328,14.359999656677246,14.59000015258789
2011-11-15,66600,14.649999618530273,14.989999771118164,15.109999656677246,14.5,14.989999771118164
2011-11-14,47300,14.829999923706055,14.739999771118164,14.989999771118164,14.420000076293945,14.739999771118164
2011-11-11,42700,14.8100004196167,14.970000267028809,15.130000114440918,14.5600004196167,14.970000267028809
2011-11-10,40600,14.760000228881836,14.569999694824219,14.84000015258789,14.380000114440918,14.569999694824219
2011-11-09,62100,14.380000114440918,14.460000038146973,14.789999961853027,14.25,14.460000038146973
2011-11-08,107500,14.789999961853027,14.949999809265137,15.029999732971191,14.6899995803833,14.949999809265137
2011-11-07,52000,14.59000015258789,14.680000305175781,14.75,14.140000343322754,14.680000305175781
2011-11-04,33300,14.430000305175781,14.680000305175781,14.760000228881836,14.430000305175781,14.680000305175781
2011-11-03,68100,14.460000038146973,14.6899995803833,14.770000457763672,14.039999961853027,14.6899995803833
2011-11-02,86200,14.0600004196167,14.130000114440918,14.170000076293945,13.779999732971191,14.130000114440918
2011-11-01,149800,13.859999656677246,13.710000038146973,14.329999923706055,13.510000228881836,13.710000038146973
2011-10-31,113300,15.859999656677246,14.729999542236328,15.859999656677246,14.699999809265137,14.729999542236328
2011-10-28,53000,15.9399995803833,16.18000030517578,16.459999084472656,15.550000190734863,16.18000030517578
2011-10-27,153800,15.779999732971191,16.1200008392334,16.440000534057617,15.020000457763672,16.1200008392334
2011-10-26,64900,15.25,15.210000038146973,15.260000228881836,14.789999961853027,15.210000038146973
2011-10-25,61900,14.899999618530273,14.949999809265137,15.100000381469727,14.670000076293945,14.949999809265137
2011-10-24,68200,14.470000267028809,14.960000038146973,15.029999732971191,14.470000267028809,14.960000038146973
2011-10-21,106800,14.430000305175781,14.460000038146973,14.630000114440918,13.970000267028809,14.460000038146973
2011-10-20,31500,14.079999923706055,14.09000015258789,14.15999984741211,13.649999618530273,14.09000015258789
2011-10-19,49900,14.319999694824219,14.109999656677246,14.539999961853027,13.829999923706055,14.109999656677246
2011-10-18,51800,13.829999923706055,14.34000015258789,14.380000114440918,13.729999542236328,14.34000015258789
2011-10-17,60700,13.970000267028809,13.8100004196167,14.130000114440918,13.670000076293945,13.8100004196167
2011-10-14,58500,13.529999732971191,14.119999885559082,14.170000076293945,13.420000076293945,14.119999885559082
2011-10-13,31200,13.170000076293945,13.34000015258789,13.350000381469727,12.789999961853027,13.34000015258789
2011-10-12,109600,12.949999809265137,13.319999694824219,13.390000343322754,12.75,13.319999694824219
2011-10-11,76200,12.680000305175781,12.850000381469727,12.920000076293945,12.5,12.850000381469727
2011-10-10,108300,12.739999771118164,12.880000114440918,12.880000114440918,12.489999771118164,12.880000114440918
2011-10-07,73400,12.84000015258789,12.40999984741211,12.899999618530273,12.149999618530273,12.40999984741211
2011-10-06,104000,12.619999885559082,12.829999923706055,12.890000343322754,12.600000381469727,12.829999923706055
2011-10-05,66600,12.180000305175781,12.5600004196167,12.619999885559082,12.079999923706055,12.5600004196167
2011-10-04,94300,11.1899995803833,12.15999984741211,12.25,11.180000305175781,12.15999984741211
2011-10-03,86100,12.170000076293945,11.319999694824219,12.569999694824219,11.3100004196167,11.319999694824219
2011-09-30,58400,12.130000114440918,12.319999694824219,12.619999885559082,12.130000114440918,12.319999694824219
2011-09-29,56900,12.539999961853027,12.470000267028809,12.600000381469727,12.0,12.470000267028809
2011-09-28,107400,12.84000015258789,12.119999885559082,12.84000015258789,12.029999732971191,12.119999885559082
2011-09-27,97100,12.75,12.850000381469727,13.300000190734863,12.550000190734863,12.850000381469727
2011-09-26,80400,12.3100004196167,12.4399995803833,12.449999809265137,12.0,12.4399995803833
2011-09-23,89000,12.0,12.079999923706055,12.40999984741211,11.869999885559082,12.079999923706055
2011-09-22,90800,12.100000381469727,12.039999961853027,12.479999542236328,11.75,12.039999961853027
2011-09-21,104400,13.479999542236328,12.65999984741211,13.640000343322754,12.649999618530273,12.65999984741211
2011-09-20,71500,13.630000114440918,13.470000267028809,13.899999618530273,13.369999885559082,13.470000267028809
2011-09-19,78400,13.260000228881836,13.510000228881836,13.720000267028809,13.020000457763672,13.510000228881836
2011-09-16,218100,12.989999771118164,13.579999923706055,13.75,12.979999542236328,13.579999923706055
2011-09-15,72500,12.479999542236328,12.569999694824219,12.869999885559082,12.149999618530273,12.569999694824219
2011-09-14,60300,11.869999885559082,12.289999961853027,12.449999809265137,11.699999809265137,12.289999961853027
2011-09-13,95700,11.770000457763672,11.729999542236328,12.029999732971191,11.569999694824219,11.729999542236328
2011-09-12,97300,11.75,11.720000267028809,12.039999961853027,11.359999656677246,11.720000267028809
2011-09-09,92500,12.239999771118164,11.930000305175781,12.270000457763672,11.819999694824219,11.930000305175781
2011-09-08,50300,12.6899995803833,12.470000267028809,12.75,12.34000015258789,12.470000267028809
2011-09-07,112700,12.34000015258789,12.869999885559082,12.979999542236328,12.279999732971191,12.869999885559082
2011-09-06,129600,12.109999656677246,12.15999984741211,12.350000381469727,11.850000381469727,12.15999984741211
2011-09-02,107200,12.59000015258789,12.5,12.829999923706055,12.119999885559082,12.5
2011-09-01,64900,13.319999694824219,13.010000228881836,13.609999656677246,12.90999984741211,13.010000228881836
2011-08-31,72600,13.600000381469727,13.329999923706055,13.819999694824219,13.0600004196167,13.329999923706055
2011-08-30,125000,13.350000381469727,13.5,13.600000381469727,13.020000457763672,13.5
2011-08-29,113600,13.359999656677246,13.449999809265137,13.460000038146973,12.949999809265137,13.449999809265137
2011-08-26,70400,12.789999961853027,13.140000343322754,13.390000343322754,12.5,13.140000343322754
2011-08-25,62700,13.5,13.010000228881836,13.680000305175781,12.930000305175781,13.010000228881836
2011-08-24,52500,13.109999656677246,13.3100004196167,13.350000381469727,12.930000305175781,13.3100004196167
2011-08-23,155400,12.630000114440918,13.170000076293945,13.239999771118164,12.510000228881836,13.170000076293945
2011-08-22,107700,13.020000457763672,12.510000228881836,13.1899995803833,12.399999618530273,12.510000228881836
2011-08-19,88600,12.65999984741211,12.800000190734863,13.319999694824219,12.5,12.800000190734863
2011-08-18,90100,13.59000015258789,13.0600004196167,13.859999656677246,12.880000114440918,13.0600004196167
2011-08-17,71500,14.079999923706055,14.1899995803833,14.720000267028809,13.970000267028809,14.1899995803833
2011-08-16,129400,14.279999732971191,13.9399995803833,14.649999618530273,13.779999732971191,13.9399995803833
2011-08-15,75100,14.640000343322754,14.59000015258789,14.8100004196167,14.350000381469727,14.59000015258789
2011-08-12,75200,14.0,14.350000381469727,14.630000114440918,13.670000076293945,14.350000381469727
2011-08-11,184600,12.920000076293945,13.819999694824219,14.0,12.539999961853027,13.819999694824219
2011-08-10,139000,13.520000457763672,12.829999923706055,13.739999771118164,12.800000190734863,12.829999923706055
2011-08-09,145900,13.399999618530273,13.9399995803833,14.020000457763672,12.380000114440918,13.9399995803833
2011-08-08,188600,14.289999961853027,12.979999542236328,14.59000015258789,12.979999542236328,12.979999542236328
2011-08-05,128700,15.0,14.979999542236328,15.170000076293945,14.100000381469727,14.979999542236328
2011-08-04,145900,15.770000457763672,14.75,15.949999809265137,14.720000267028809,14.75
2011-08-03,139900,16.040000915527344,16.06999969482422,16.06999969482422,15.319999694824219,16.06999969482422
2011-08-02,122400,16.399999618530273,15.979999542236328,16.799999237060547,15.970000267028809,15.979999542236328
2011-08-01,127100,17.059999465942383,16.5,17.059999465942383,16.3799991607666,16.5
2011-07-29,233300,16.979999542236328,16.84000015258789,17.280000686645508,16.600000381469727,16.84000015258789
2011-07-28,302000,17.100000381469727,17.260000228881836,17.989999771118164,16.809999465942383,17.260000228881836
2011-07-27,140500,17.540000915527344,17.780000686645508,17.860000610351562,16.959999084472656,17.780000686645508
2011-07-26,84200,18.239999771118164,17.700000762939453,18.239999771118164,17.579999923706055,17.700000762939453
2011-07-25,117800,18.520000457763672,18.299999237060547,18.65999984741211,18.079999923706055,18.299999237060547
2011-07-22,29200,19.200000762939453,19.079999923706055,19.270000457763672,18.81999969482422,19.079999923706055
2011-07-21,47100,19.0,19.239999771118164,19.31999969482422,19.0,19.239999771118164
2011-07-20,85300,19.280000686645508,18.979999542236328,19.280000686645508,18.75,18.979999542236328
2011-07-19,80900,18.90999984741211,19.25,19.31999969482422,18.549999237060547,19.25
2011-07-18,108300,18.90999984741211,18.729999542236328,19.1200008392334,18.450000762939453,18.729999542236328
2011-07-15,112800,19.329999923706055,19.1299991607666,19.329999923706055,18.389999389648438,19.1299991607666
2011-07-14,245100,18.93000030517578,19.190000534057617,19.299999237060547,18.84000015258789,19.190000534057617
2011-07-13,114100,18.540000915527344,18.790000915527344,19.139999389648438,18.34000015258789,18.790000915527344
2011-07-12,119100,18.329999923706055,18.469999313354492,18.899999618530273,18.25,18.469999313354492
2011-07-11,168100,18.610000610351562,18.59000015258789,19.299999237060547,18.270000457763672,18.59000015258789
2011-07-08,221900,17.780000686645508,18.739999771118164,18.81999969482422,17.610000610351562,18.739999771118164
2011-07-07,151600,17.729999542236328,18.040000915527344,18.079999923706055,17.700000762939453,18.040000915527344
2011-07-06,81600,17.309999465942383,17.5,17.65999984741211,16.8700008392334,17.5
2011-07-05,50600,17.200000762939453,17.329999923706055,17.489999771118164,17.0,17.329999923706055
2011-07-01,84400,16.760000228881836,17.270000457763672,17.270000457763672,16.600000381469727,17.270000457763672
2011-06-30,70200,16.889999389648438,16.799999237060547,17.25,16.729999542236328,16.799999237060547
2011-06-29,68900,16.56999969482422,16.850000381469727,16.90999984741211,16.43000030517578,16.850000381469727
2011-06-28,51000,16.010000228881836,16.489999771118164,16.649999618530273,15.979999542236328,16.489999771118164
2011-06-27,89700,15.6899995803833,15.90999984741211,16.18000030517578,15.59000015258789,15.90999984741211
2011-06-24,193700,15.779999732971191,15.670000076293945,15.859999656677246,15.369999885559082,15.670000076293945
2011-06-23,75500,15.539999961853027,15.760000228881836,15.779999732971191,15.039999961853027,15.760000228881836
2011-06-22,56700,15.770000457763672,15.8100004196167,16.0,15.65999984741211,15.8100004196167
2011-06-21,79300,15.600000381469727,15.899999618530273,15.979999542236328,15.539999961853027,15.899999618530273
2011-06-20,104400,14.75,15.40999984741211,15.579999923706055,14.75,15.40999984741211
2011-06-17,136500,15.359999656677246,14.779999732971191,15.399999618530273,14.720000267028809,14.779999732971191
2011-06-16,55100,14.989999771118164,15.180000305175781,15.579999923706055,14.989999771118164,15.180000305175781
2011-06-15,83600,15.460000038146973,14.989999771118164,15.5,14.949999809265137,14.989999771118164
2011-06-14,130600,15.010000228881836,15.600000381469727,16.110000610351562,14.970000267028809,15.600000381469727
2011-06-13,71800,14.710000038146973,14.859999656677246,14.970000267028809,14.539999961853027,14.859999656677246
2011-06-10,87900,15.020000457763672,14.680000305175781,15.050000190734863,14.460000038146973,14.680000305175781
2011-06-09,63600,15.020000457763672,15.15999984741211,15.289999961853027,15.020000457763672,15.15999984741211
2011-06-08,134000,15.539999961853027,15.0,15.539999961853027,14.890000343322754,15.0
2011-06-07,123200,15.880000114440918,15.640000343322754,16.0,15.529999732971191,15.640000343322754
2011-06-06,121500,16.549999237060547,15.670000076293945,16.59000015258789,15.649999618530273,15.670000076293945
2011-06-03,87800,16.5,16.59000015258789,16.780000686645508,16.34000015258789,16.59000015258789
2011-06-02,33000,16.8799991607666,16.790000915527344,17.1299991607666,16.75,16.790000915527344
2011-06-01,78800,17.579999923706055,16.860000610351562,17.6200008392334,16.760000228881836,16.860000610351562
2011-05-31,85400,17.5,17.6200008392334,17.65999984741211,17.200000762939453,17.6200008392334
2011-05-27,37900,17.350000381469727,17.219999313354492,17.549999237060547,17.15999984741211,17.219999313354492
2011-05-26,54600,16.899999618530273,17.280000686645508,17.479999542236328,16.860000610351562,17.280000686645508
2011-05-25,100000,16.829999923706055,17.010000228881836,17.049999237060547,16.350000381469727,17.010000228881836
2011-05-24,83000,17.18000030517578,16.959999084472656,17.5,16.959999084472656,16.959999084472656
2011-05-23,101200,16.729999542236328,16.940000534057617,17.170000076293945,16.600000381469727,16.940000534057617
2011-05-20,79300,16.989999771118164,17.020000457763672,17.18000030517578,16.799999237060547,17.020000457763672
2011-05-19,82300,17.260000228881836,17.06999969482422,17.399999618530273,16.8799991607666,17.06999969482422
2011-05-18,100000,16.450000762939453,17.209999084472656,17.270000457763672,16.350000381469727,17.209999084472656
2011-05-17,104100,16.389999389648438,16.440000534057617,16.600000381469727,16.239999771118164,16.440000534057617
2011-05-16,105500,16.139999389648438,16.559999465942383,16.809999465942383,16.049999237060547,16.559999465942383
2011-05-13,42500,16.489999771118164,16.299999237060547,16.489999771118164,16.190000534057617,16.299999237060547
2011-05-12,118000,16.219999313354492,16.5,16.65999984741211,15.800000190734863,16.5
2011-05-11,79800,16.520000457763672,16.299999237060547,16.670000076293945,16.170000076293945,16.299999237060547
2011-05-10,70100,16.440000534057617,16.579999923706055,16.65999984741211,16.440000534057617,16.579999923706055
2011-05-09,66000,16.1299991607666,16.34000015258789,16.510000228881836,15.960000038146973,16.34000015258789
2011-05-06,95600,16.489999771118164,16.149999618530273,16.65999984741211,16.110000610351562,16.149999618530273
2011-05-05,94000,16.100000381469727,16.200000762939453,16.540000915527344,15.960000038146973,16.200000762939453
2011-05-04,125000,16.510000228881836,16.3700008392334,16.610000610351562,16.110000610351562,16.3700008392334
2011-05-03,72000,17.0,16.850000381469727,17.0,16.56999969482422,16.850000381469727
2011-05-02,115000,17.360000610351562,17.030000686645508,17.3799991607666,16.799999237060547,17.030000686645508
2011-04-29,146000,17.700000762939453,17.219999313354492,17.75,17.200000762939453,17.219999313354492
2011-04-28,380100,17.06999969482422,17.450000762939453,17.600000381469727,16.200000762939453,17.450000762939453
2011-04-27,101000,16.229999542236328,16.350000381469727,16.450000762939453,15.890000343322754,16.350000381469727
2011-04-26,65400,16.280000686645508,16.200000762939453,16.469999313354492,16.170000076293945,16.200000762939453
2011-04-25,306200,16.989999771118164,16.25,16.989999771118164,16.100000381469727,16.25
2011-04-21,92300,16.43000030517578,16.56999969482422,16.610000610351562,16.360000610351562,16.56999969482422
2011-04-20,94100,16.31999969482422,16.31999969482422,16.450000762939453,16.110000610351562,16.31999969482422
2011-04-19,81500,16.010000228881836,16.110000610351562,16.15999984741211,15.84000015258789,16.110000610351562
2011-04-18,95600,15.850000381469727,15.949999809265137,15.970000267028809,15.680000305175781,15.949999809265137
2011-04-15,118800,15.800000190734863,16.190000534057617,16.229999542236328,15.649999618530273,16.190000534057617
2011-04-14,53800,15.6899995803833,15.869999885559082,15.899999618530273,15.510000228881836,15.869999885559082
2011-04-13,62800,15.90999984741211,15.880000114440918,16.0,15.640000343322754,15.880000114440918
2011-04-12,59200,15.5,15.739999771118164,15.850000381469727,15.430000305175781,15.739999771118164
2011-04-11,96900,15.489999771118164,15.670000076293945,15.90999984741211,15.449999809265137,15.670000076293945
2011-04-08,72300,15.680000305175781,15.279999732971191,15.680000305175781,15.149999618530273,15.279999732971191
2011-04-07,140200,16.040000915527344,15.579999923706055,16.25,15.550000190734863,15.579999923706055
2011-04-06,66900,16.229999542236328,16.209999084472656,16.290000915527344,16.1200008392334,16.209999084472656
2011-04-05,105400,15.9399995803833,16.170000076293945,16.280000686645508,15.9399995803833,16.170000076293945
2011-04-04,91400,16.059999465942383,16.040000915527344,16.15999984741211,15.739999771118164,16.040000915527344
2011-04-01,60400,16.020000457763672,16.040000915527344,16.1299991607666,15.930000305175781,16.040000915527344
2011-03-31,203600,15.989999771118164,15.869999885559082,16.450000762939453,15.600000381469727,15.869999885559082
2011-03-30,288700,14.960000038146973,15.869999885559082,15.960000038146973,14.800000190734863,15.869999885559082
2011-03-29,77400,14.920000076293945,14.869999885559082,14.920000076293945,14.8100004196167,14.869999885559082
2011-03-28,86800,14.960000038146973,14.859999656677246,14.960000038146973,14.800000190734863,14.859999656677246
2011-03-25,74100,14.920000076293945,14.859999656677246,14.9399995803833,14.729999542236328,14.859999656677246
2011-03-24,109600,14.970000267028809,14.84000015258789,14.970000267028809,14.779999732971191,14.84000015258789
2011-03-23,138700,14.890000343322754,14.920000076293945,14.989999771118164,14.739999771118164,14.920000076293945
2011-03-22,74400,14.920000076293945,14.949999809265137,14.989999771118164,14.800000190734863,14.949999809265137
2011-03-21,121400,14.819999694824219,14.920000076293945,15.029999732971191,14.779999732971191,14.920000076293945
2011-03-18,160300,14.170000076293945,14.680000305175781,14.6899995803833,14.109999656677246,14.680000305175781
2011-03-17,89400,13.600000381469727,14.0600004196167,14.09000015258789,13.420000076293945,14.0600004196167
2011-03-16,106200,13.720000267028809,13.369999885559082,13.84000015258789,13.300000190734863,13.369999885559082
2011-03-15,142300,13.720000267028809,13.8100004196167,14.140000343322754,13.529999732971191,13.8100004196167
2011-03-14,80000,14.15999984741211,14.170000076293945,14.25,13.899999618530273,14.170000076293945
2011-03-11,157300,14.399999618530273,14.3100004196167,14.449999809265137,13.989999771118164,14.3100004196167
2011-03-10,165500,14.710000038146973,14.270000457763672,14.710000038146973,14.119999885559082,14.270000457763672
2011-03-09,98800,14.729999542236328,14.890000343322754,14.899999618530273,14.550000190734863,14.890000343322754
2011-03-08,100400,14.75,14.819999694824219,15.050000190734863,14.529999732971191,14.819999694824219
2011-03-07,106000,14.979999542236328,14.75,14.979999542236328,14.479999542236328,14.75
2011-03-04,204000,14.949999809265137,14.899999618530273,15.039999961853027,14.640000343322754,14.899999618530273
2011-03-03,172900,15.15999984741211,14.949999809265137,15.300000190734863,14.859999656677246,14.949999809265137
2011-03-02,263100,14.510000228881836,14.979999542236328,15.3100004196167,14.510000228881836,14.979999542236328
2011-03-01,189600,15.020000457763672,14.510000228881836,15.09000015258789,14.449999809265137,14.510000228881836
2011-02-28,202100,14.789999961853027,14.9399995803833,14.989999771118164,14.600000381469727,14.9399995803833
2011-02-25,178400,14.6899995803833,14.739999771118164,14.920000076293945,14.399999618530273,14.739999771118164
2011-02-24,421700,13.829999923706055,14.65999984741211,14.75,13.3100004196167,14.65999984741211
2011-02-23,412700,14.75,13.850000381469727,14.760000228881836,13.600000381469727,13.850000381469727
2011-02-22,471000,14.40999984741211,14.680000305175781,15.279999732971191,14.25,14.680000305175781
2011-02-18,834600,13.279999732971191,14.649999618530273,14.880000114440918,13.25,14.649999618530273
2011-02-17,1759900,12.640000343322754,13.1899995803833,14.199999809265137,12.460000038146973,13.1899995803833
2011-02-16,233800,10.619999885559082,10.859999656677246,10.90999984741211,10.600000381469727,10.859999656677246
2011-02-15,112100,10.479999542236328,10.600000381469727,10.699999809265137,10.460000038146973,10.600000381469727
2011-02-14,162700,10.319999694824219,10.539999961853027,10.640000343322754,10.239999771118164,10.539999961853027
2011-02-11,91400,9.970000267028809,10.239999771118164,10.359999656677246,9.899999618530273,10.239999771118164
2011-02-10,57400,9.920000076293945,10.039999961853027,10.1899995803833,9.760000228881836,10.039999961853027
2011-02-09,52000,9.789999961853027,10.010000228881836,10.020000457763672,9.729999542236328,10.010000228881836
2011-02-08,88100,9.84000015258789,9.859999656677246,9.869999885559082,9.550000190734863,9.859999656677246
2011-02-07,29300,9.850000381469727,9.899999618530273,10.0,9.8100004196167,9.899999618530273
2011-02-04,60300,9.90999984741211,9.859999656677246,9.90999984741211,9.630000114440918,9.859999656677246
2011-02-03,211700,10.039999961853027,9.899999618530273,10.5,9.770000457763672,9.899999618530273
2011-02-02,66100,9.800000190734863,9.960000038146973,10.050000190734863,9.760000228881836,9.960000038146973
2011-02-01,38600,9.8100004196167,9.819999694824219,9.90999984741211,9.699999809265137,9.819999694824219
2011-01-31,54200,9.899999618530273,9.739999771118164,9.979999542236328,9.710000038146973,9.739999771118164
2011-01-28,118900,10.1899995803833,9.850000381469727,10.300000190734863,9.710000038146973,9.850000381469727
2011-01-27,141500,9.779999732971191,10.180000305175781,10.199999809265137,9.670000076293945,10.180000305175781
2011-01-26,49800,9.720000267028809,9.770000457763672,9.90999984741211,9.649999618530273,9.770000457763672
2011-01-25,67200,9.609999656677246,9.670000076293945,9.859999656677246,9.59000015258789,9.670000076293945
2011-01-24,41900,9.680000305175781,9.699999809265137,9.739999771118164,9.5,9.699999809265137
2011-01-21,69100,9.760000228881836,9.710000038146973,9.829999923706055,9.5600004196167,9.710000038146973
2011-01-20,56800,9.680000305175781,9.699999809265137,9.770000457763672,9.609999656677246,9.699999809265137
2011-01-19,110700,9.949999809265137,9.739999771118164,9.949999809265137,9.680000305175781,9.739999771118164
2011-01-18,92600,9.75,9.930000305175781,9.930000305175781,9.619999885559082,9.930000305175781
2011-01-14,127500,9.829999923706055,9.770000457763672,9.829999923706055,9.75,9.770000457763672
2011-01-13,80400,9.869999885559082,9.829999923706055,9.949999809265137,9.789999961853027,9.829999923706055
2011-01-12,266600,9.880000114440918,9.850000381469727,9.949999809265137,9.819999694824219,9.850000381469727
2011-01-11,278100,9.869999885559082,9.760000228881836,9.960000038146973,9.5,9.760000228881836
2011-01-10,90900,9.829999923706055,9.850000381469727,9.949999809265137,9.779999732971191,9.850000381469727
2011-01-07,96400,9.9399995803833,9.859999656677246,10.050000190734863,9.720000267028809,9.859999656677246
2011-01-06,107200,10.020000457763672,9.960000038146973,10.039999961853027,9.699999809265137,9.960000038146973
2011-01-05,168700,10.010000228881836,10.039999961853027,10.149999618530273,9.869999885559082,10.039999961853027
2011-01-04,231900,10.34000015258789,10.0600004196167,10.529999732971191,9.979999542236328,10.0600004196167
2011-01-03,151100,9.970000267028809,10.210000038146973,10.300000190734863,9.920000076293945,10.210000038146973
2010-12-31,115500,9.800000190734863,9.84000015258789,9.920000076293945,9.760000228881836,9.84000015258789
2010-12-30,98300,9.869999885559082,9.800000190734863,9.960000038146973,9.739999771118164,9.800000190734863
2010-12-29,41600,9.960000038146973,9.850000381469727,10.020000457763672,9.850000381469727,9.850000381469727
2010-12-28,39800,9.949999809265137,9.960000038146973,10.020000457763672,9.819999694824219,9.960000038146973
2010-12-27,77700,9.979999542236328,9.90999984741211,10.0,9.75,9.90999984741211
2010-12-23,122700,9.800000190734863,10.039999961853027,10.100000381469727,9.800000190734863,10.039999961853027
2010-12-22,244200,9.399999618530273,9.760000228881836,9.789999961853027,9.270000457763672,9.760000228881836
2010-12-21,188500,9.529999732971191,9.359999656677246,9.550000190734863,9.220000267028809,9.359999656677246
2010-12-20,162400,9.65999984741211,9.430000305175781,9.710000038146973,9.319999694824219,9.430000305175781
2010-12-17,168100,9.84000015258789,9.65999984741211,9.880000114440918,9.640000343322754,9.65999984741211
2010-12-16,109100,9.899999618530273,9.90999984741211,9.9399995803833,9.8100004196167,9.90999984741211
2010-12-15,83400,9.949999809265137,9.850000381469727,9.989999771118164,9.8100004196167,9.850000381469727
2010-12-14,121600,10.109999656677246,9.9399995803833,10.109999656677246,9.890000343322754,9.9399995803833
2010-12-13,72200,10.239999771118164,10.050000190734863,10.319999694824219,10.050000190734863,10.050000190734863
2010-12-10,107200,10.260000228881836,10.199999809265137,10.319999694824219,10.100000381469727,10.199999809265137
2010-12-09,56900,10.359999656677246,10.270000457763672,10.430000305175781,10.25,10.270000457763672
2010-12-08,76000,10.289999961853027,10.289999961853027,10.359999656677246,10.239999771118164,10.289999961853027
2010-12-07,81200,10.539999961853027,10.270000457763672,10.550000190734863,10.229999542236328,10.270000457763672
2010-12-06,56600,10.470000267028809,10.329999923706055,10.569999694824219,10.329999923706055,10.329999923706055
2010-12-03,66500,10.329999923706055,10.470000267028809,10.65999984741211,10.210000038146973,10.470000267028809
2010-12-02,85700,10.140000343322754,10.40999984741211,10.4399995803833,10.0600004196167,10.40999984741211
2010-12-01,92500,10.140000343322754,10.069999694824219,10.180000305175781,9.979999542236328,10.069999694824219
2010-11-30,91900,9.869999885559082,9.920000076293945,9.949999809265137,9.6899995803833,9.920000076293945
2010-11-29,70800,9.970000267028809,10.020000457763672,10.199999809265137,9.899999618530273,10.020000457763672
2010-11-26,71100,9.800000190734863,10.079999923706055,10.149999618530273,9.800000190734863,10.079999923706055
2010-11-24,43300,9.800000190734863,9.899999618530273,9.979999542236328,9.760000228881836,9.899999618530273
2010-11-23,120600,9.850000381469727,9.710000038146973,10.020000457763672,9.649999618530273,9.710000038146973
2010-11-22,118100,9.890000343322754,9.970000267028809,10.0,9.789999961853027,9.970000267028809
2010-11-19,121800,9.90999984741211,9.869999885559082,9.960000038146973,9.8100004196167,9.869999885559082
2010-11-18,180600,9.960000038146973,9.9399995803833,10.029999732971191,9.75,9.9399995803833
2010-11-17,153700,9.899999618530273,9.829999923706055,9.989999771118164,9.779999732971191,9.829999923706055
2010-11-16,225500,10.199999809265137,9.850000381469727,10.199999809265137,9.609999656677246,9.850000381469727
2010-11-15,126700,10.569999694824219,10.239999771118164,10.619999885559082,10.220000267028809,10.239999771118164
2010-11-12,102000,10.770000457763672,10.5600004196167,10.850000381469727,10.420000076293945,10.5600004196167
2010-11-11,255200,10.34000015258789,10.850000381469727,10.899999618530273,10.220000267028809,10.850000381469727
2010-11-10,110800,10.550000190734863,10.489999771118164,10.550000190734863,10.210000038146973,10.489999771118164
2010-11-09,111500,10.729999542236328,10.479999542236328,10.729999542236328,10.420000076293945,10.479999542236328
2010-11-08,99300,10.75,10.729999542236328,10.789999961853027,10.550000190734863,10.729999542236328
2010-11-05,232800,10.989999771118164,10.779999732971191,11.100000381469727,10.720000267028809,10.779999732971191
2010-11-04,115200,10.979999542236328,11.050000190734863,11.100000381469727,10.890000343322754,11.050000190734863
2010-11-03,160600,10.970000267028809,10.850000381469727,11.100000381469727,10.699999809265137,10.850000381469727
2010-11-02,171600,11.300000190734863,10.90999984741211,11.3100004196167,10.800000190734863,10.90999984741211
2010-11-01,247000,11.550000190734863,11.109999656677246,11.609999656677246,10.960000038146973,11.109999656677246
2010-10-29,324000,11.25,11.420000076293945,11.5600004196167,10.800000190734863,11.420000076293945
2010-10-28,483600,14.0,11.210000038146973,14.15999984741211,11.020000457763672,11.210000038146973
2010-10-27,65200,14.149999618530273,14.15999984741211,14.529999732971191,14.020000457763672,14.15999984741211
2010-10-26,147800,14.329999923706055,14.260000228881836,14.4399995803833,13.880000114440918,14.260000228881836
2010-10-25,150900,14.619999885559082,14.470000267028809,14.6899995803833,14.25,14.470000267028809
2010-10-22,85300,14.420000076293945,14.5,14.5600004196167,14.34000015258789,14.5
2010-10-21,88000,14.479999542236328,14.380000114440918,14.699999809265137,13.829999923706055,14.380000114440918
2010-10-20,58000,13.930000305175781,14.359999656677246,14.569999694824219,13.850000381469727,14.359999656677246
2010-10-19,114600,13.859999656677246,13.8100004196167,14.40999984741211,13.600000381469727,13.8100004196167
2010-10-18,118000,13.619999885559082,14.100000381469727,14.220000267028809,13.579999923706055,14.100000381469727
2010-10-15,98100,13.5,13.5600004196167,13.630000114440918,13.270000457763672,13.5600004196167
2010-10-14,29100,13.25,13.3100004196167,13.399999618530273,13.140000343322754,13.3100004196167
2010-10-13,153800,13.25,13.239999771118164,13.6899995803833,13.100000381469727,13.239999771118164
2010-10-12,94300,13.109999656677246,13.149999618530273,13.180000305175781,12.880000114440918,13.149999618530273
2010-10-11,67300,13.15999984741211,13.130000114440918,13.210000038146973,12.8100004196167,13.130000114440918
2010-10-08,74500,12.829999923706055,13.140000343322754,13.350000381469727,12.680000305175781,13.140000343322754
2010-10-07,87400,13.270000457763672,12.859999656677246,13.270000457763672,12.710000038146973,12.859999656677246
2010-10-06,62400,13.119999885559082,13.109999656677246,13.350000381469727,13.050000190734863,13.109999656677246
2010-10-05,96800,12.789999961853027,13.119999885559082,13.15999984741211,12.529999732971191,13.119999885559082
2010-10-04,96300,12.619999885559082,12.630000114440918,12.859999656677246,12.149999618530273,12.630000114440918
2010-10-01,60400,12.770000457763672,12.710000038146973,12.770000457763672,12.319999694824219,12.710000038146973
2010-09-30,94700,13.100000381469727,12.619999885559082,13.100000381469727,12.40999984741211,12.619999885559082
2010-09-29,116000,12.6899995803833,12.930000305175781,12.989999771118164,12.5600004196167,12.930000305175781
2010-09-28,179600,12.649999618530273,12.699999809265137,12.859999656677246,12.569999694824219,12.699999809265137
2010-09-27,242000,12.609999656677246,12.5600004196167,12.829999923706055,12.510000228881836,12.5600004196167
2010-09-24,78800,12.350000381469727,12.529999732971191,12.649999618530273,12.100000381469727,12.529999732971191
2010-09-23,85500,12.420000076293945,12.149999618530273,12.569999694824219,11.930000305175781,12.149999618530273
2010-09-22,59800,12.699999809265137,12.579999923706055,12.699999809265137,12.260000228881836,12.579999923706055
2010-09-21,86500,12.75,12.699999809265137,12.75,12.34000015258789,12.699999809265137
2010-09-20,164000,12.109999656677246,12.75,12.850000381469727,12.0,12.75
2010-09-17,78800,12.329999923706055,12.069999694824219,12.380000114440918,11.899999618530273,12.069999694824219
2010-09-16,52400,12.109999656677246,12.220000267028809,12.369999885559082,12.109999656677246,12.220000267028809
2010-09-15,54200,11.850000381469727,12.079999923706055,12.180000305175781,11.729999542236328,12.079999923706055
2010-09-14,96100,12.109999656677246,11.920000076293945,12.239999771118164,11.760000228881836,11.920000076293945
2010-09-13,117300,11.609999656677246,12.199999809265137,12.319999694824219,11.609999656677246,12.199999809265137
2010-09-10,52800,11.119999885559082,11.399999618530273,11.529999732971191,11.029999732971191,11.399999618530273
2010-09-09,55900,11.069999694824219,11.09000015258789,11.210000038146973,10.920000076293945,11.09000015258789
2010-09-08,53600,11.079999923706055,10.859999656677246,11.180000305175781,10.779999732971191,10.859999656677246
2010-09-07,55500,11.479999542236328,11.029999732971191,11.479999542236328,11.0,11.029999732971191
2010-09-03,59000,11.6899995803833,11.539999961853027,11.800000190734863,11.350000381469727,11.539999961853027
2010-09-02,64700,11.319999694824219,11.479999542236328,11.520000457763672,11.149999618530273,11.479999542236328
2010-09-01,60300,11.140000343322754,11.3100004196167,11.3100004196167,10.979999542236328,11.3100004196167
2010-08-31,100300,10.65999984741211,10.850000381469727,11.220000267028809,10.550000190734863,10.850000381469727
2010-08-30,55600,11.170000076293945,10.670000076293945,11.3100004196167,10.640000343322754,10.670000076293945
2010-08-27,67400,11.029999732971191,11.260000228881836,11.3100004196167,10.569999694824219,11.260000228881836
2010-08-26,88300,11.199999809265137,10.869999885559082,11.260000228881836,10.65999984741211,10.869999885559082
2010-08-25,93100,10.729999542236328,11.15999984741211,11.210000038146973,10.449999809265137,11.15999984741211
2010-08-24,104600,10.970000267028809,10.920000076293945,11.149999618530273,10.739999771118164,10.920000076293945
2010-08-23,96800,11.020000457763672,11.180000305175781,11.390000343322754,11.010000228881836,11.180000305175781
2010-08-20,125400,11.289999961853027,10.970000267028809,11.399999618530273,10.899999618530273,10.970000267028809
2010-08-19,135200,11.600000381469727,11.380000114440918,11.600000381469727,11.1899995803833,11.380000114440918
2010-08-18,201200,11.890000343322754,11.699999809265137,11.989999771118164,11.550000190734863,11.699999809265137
2010-08-17,132400,11.569999694824219,11.880000114440918,12.25,11.470000267028809,11.880000114440918
2010-08-16,134500,11.210000038146973,11.40999984741211,11.949999809265137,11.079999923706055,11.40999984741211
2010-08-13,100200,11.109999656677246,11.199999809265137,11.25,10.770000457763672,11.199999809265137
2010-08-12,129400,10.899999618530273,11.199999809265137,11.34000015258789,10.729999542236328,11.199999809265137
2010-08-11,139100,11.770000457763672,11.09000015258789,11.770000457763672,11.0,11.09000015258789
2010-08-10,80000,12.260000228881836,12.020000457763672,12.319999694824219,11.930000305175781,12.020000457763672
2010-08-09,43100,12.420000076293945,12.449999809265137,12.520000457763672,12.210000038146973,12.449999809265137
2010-08-06,54900,12.279999732971191,12.270000457763672,12.640000343322754,12.119999885559082,12.270000457763672
2010-08-05,82500,12.5,12.5,12.829999923706055,12.369999885559082,12.5
2010-08-04,82700,12.5,12.630000114440918,12.850000381469727,12.4399995803833,12.630000114440918
2010-08-03,66100,12.630000114440918,12.40999984741211,12.720000267028809,12.319999694824219,12.40999984741211
2010-08-02,93700,12.800000190734863,12.640000343322754,12.899999618530273,12.399999618530273,12.640000343322754
2010-07-30,114300,12.670000076293945,12.539999961853027,12.710000038146973,12.279999732971191,12.539999961853027
2010-07-29,125800,13.399999618530273,12.90999984741211,13.770000457763672,12.289999961853027,12.90999984741211
2010-07-28,82100,13.539999961853027,13.390000343322754,13.720000267028809,13.199999809265137,13.390000343322754
2010-07-27,165200,13.829999923706055,13.600000381469727,14.050000190734863,13.420000076293945,13.600000381469727
2010-07-26,92000,13.710000038146973,13.6899995803833,13.850000381469727,13.380000114440918,13.6899995803833
2010-07-23,152000,13.020000457763672,13.59000015258789,13.640000343322754,12.899999618530273,13.59000015258789
2010-07-22,136400,12.789999961853027,13.15999984741211,13.319999694824219,12.6899995803833,13.15999984741211
2010-07-21,92900,12.84000015258789,12.579999923706055,13.149999618530273,12.510000228881836,12.579999923706055
2010-07-20,79200,12.199999809265137,12.739999771118164,12.75,12.079999923706055,12.739999771118164
2010-07-19,89400,12.5,12.460000038146973,12.550000190734863,12.130000114440918,12.460000038146973
2010-07-16,146500,12.680000305175781,12.460000038146973,12.789999961853027,12.380000114440918,12.460000038146973
2010-07-15,115800,12.84000015258789,12.84000015258789,12.890000343322754,12.479999542236328,12.84000015258789
2010-07-14,103500,12.600000381469727,12.8100004196167,12.949999809265137,12.449999809265137,12.8100004196167
2010-07-13,145300,11.989999771118164,12.680000305175781,12.770000457763672,11.859999656677246,12.680000305175781
2010-07-12,108200,12.170000076293945,11.800000190734863,12.289999961853027,11.630000114440918,11.800000190734863
2010-07-09,36600,11.9399995803833,12.180000305175781,12.199999809265137,11.84000015258789,12.180000305175781
2010-07-08,111300,11.680000305175781,11.920000076293945,11.949999809265137,11.5,11.920000076293945
2010-07-07,122000,11.180000305175781,11.520000457763672,11.520000457763672,11.0600004196167,11.520000457763672
2010-07-06,171800,11.010000228881836,11.100000381469727,11.430000305175781,10.949999809265137,11.100000381469727
2010-07-02,130500,11.069999694824219,10.789999961853027,11.069999694824219,10.5600004196167,10.789999961853027
2010-07-01,186300,11.130000114440918,10.960000038146973,11.199999809265137,10.510000228881836,10.960000038146973
2010-06-30,181300,11.010000228881836,11.15999984741211,11.460000038146973,10.920000076293945,11.15999984741211
2010-06-29,182400,11.470000267028809,11.010000228881836,11.5600004196167,10.829999923706055,11.010000228881836
2010-06-28,166200,11.630000114440918,11.6899995803833,11.859999656677246,11.4399995803833,11.6899995803833
2010-06-25,1132600,11.869999885559082,11.619999885559082,12.180000305175781,11.319999694824219,11.619999885559082
2010-06-24,196600,12.199999809265137,11.84000015258789,12.390000343322754,11.800000190734863,11.84000015258789
2010-06-23,150100,12.40999984741211,12.239999771118164,12.520000457763672,12.199999809265137,12.239999771118164
2010-06-22,207800,12.579999923706055,12.4399995803833,12.899999618530273,12.329999923706055,12.4399995803833
2010-06-21,121400,13.039999961853027,12.609999656677246,13.210000038146973,12.479999542236328,12.609999656677246
2010-06-18,194900,12.960000038146973,12.850000381469727,13.0,12.329999923706055,12.850000381469727
2010-06-17,117300,12.899999618530273,12.920000076293945,12.920000076293945,12.529999732971191,12.920000076293945
2010-06-16,213200,12.680000305175781,12.779999732971191,12.899999618530273,12.329999923706055,12.779999732971191
2010-06-15,263500,12.859999656677246,12.829999923706055,12.960000038146973,12.550000190734863,12.829999923706055
2010-06-14,246100,12.8100004196167,12.8100004196167,13.050000190734863,12.569999694824219,12.8100004196167
2010-06-11,134300,12.529999732971191,12.760000228881836,12.84000015258789,12.489999771118164,12.760000228881836
2010-06-10,133000,12.319999694824219,12.6899995803833,12.699999809265137,12.180000305175781,12.6899995803833
2010-06-09,171900,11.829999923706055,12.020000457763672,12.5,11.710000038146973,12.020000457763672
2010-06-08,170100,11.529999732971191,11.670000076293945,11.739999771118164,11.1899995803833,11.670000076293945
2010-06-07,149000,12.0600004196167,11.479999542236328,12.15999984741211,11.4399995803833,11.479999542236328
2010-06-04,173600,12.600000381469727,11.949999809265137,12.710000038146973,11.899999618530273,11.949999809265137
2010-06-03,193000,12.920000076293945,13.0,13.40999984741211,12.699999809265137,13.0
2010-06-02,212900,12.869999885559082,13.050000190734863,13.079999923706055,12.40999984741211,13.050000190734863
2010-06-01,146300,13.699999809265137,12.729999542236328,13.8100004196167,12.720000267028809,12.729999542236328
2010-05-28,160600,14.140000343322754,13.850000381469727,14.3100004196167,13.539999961853027,13.850000381469727
2010-05-27,146900,13.5600004196167,14.260000228881836,14.34000015258789,13.350000381469727,14.260000228881836
2010-05-26,157300,13.529999732971191,13.199999809265137,13.800000190734863,13.100000381469727,13.199999809265137
2010-05-25,120900,13.010000228881836,13.329999923706055,13.380000114440918,12.710000038146973,13.329999923706055
2010-05-24,211100,14.210000038146973,13.520000457763672,14.289999961853027,13.460000038146973,13.520000457763672
2010-05-21,418400,13.489999771118164,14.229999542236328,14.270000457763672,13.329999923706055,14.229999542236328
2010-05-20,270700,14.140000343322754,13.84000015258789,14.380000114440918,13.779999732971191,13.84000015258789
2010-05-19,194800,14.739999771118164,14.649999618530273,14.850000381469727,14.229999542236328,14.649999618530273
2010-05-18,250700,15.6899995803833,14.779999732971191,15.8100004196167,14.520000457763672,14.779999732971191
2010-05-17,188400,15.470000267028809,15.460000038146973,15.789999961853027,14.789999961853027,15.460000038146973
2010-05-14,168300,16.190000534057617,15.420000076293945,16.31999969482422,15.1899995803833,15.420000076293945
2010-05-13,87700,16.34000015258789,16.420000076293945,16.760000228881836,16.280000686645508,16.420000076293945
2010-05-12,147300,16.190000534057617,16.360000610351562,16.739999771118164,15.989999771118164,16.360000610351562
2010-05-11,182900,15.6899995803833,15.899999618530273,16.020000457763672,15.430000305175781,15.899999618530273
2010-05-10,228200,15.979999542236328,15.890000343322754,16.40999984741211,15.25,15.890000343322754
2010-05-07,272600,15.6899995803833,14.949999809265137,15.989999771118164,14.800000190734863,14.949999809265137
2010-05-06,343500,16.790000915527344,15.6899995803833,17.079999923706055,14.050000190734863,15.6899995803833
2010-05-05,196700,16.84000015258789,16.90999984741211,17.170000076293945,16.360000610351562,16.90999984741211
2010-05-04,209300,17.719999313354492,17.020000457763672,17.719999313354492,16.790000915527344,17.020000457763672
2010-05-03,219400,17.639999389648438,18.040000915527344,18.790000915527344,17.610000610351562,18.040000915527344
2010-04-30,153000,17.850000381469727,17.520000457763672,18.1299991607666,17.420000076293945,17.520000457763672
2010-04-29,331500,16.81999969482422,17.959999084472656,18.040000915527344,16.0,17.959999084472656
2010-04-28,132900,16.8799991607666,16.829999923706055,17.170000076293945,16.690000534057617,16.829999923706055
2010-04-27,157200,17.520000457763672,16.780000686645508,17.6299991607666,16.729999542236328,16.780000686645508
2010-04-26,254800,16.75,17.6299991607666,18.329999923706055,16.530000686645508,17.6299991607666
2010-04-23,198000,15.960000038146973,16.709999084472656,16.809999465942383,15.850000381469727,16.709999084472656
2010-04-22,289900,15.529999732971191,16.030000686645508,16.43000030517578,15.5,16.030000686645508
2010-04-21,124500,15.920000076293945,15.850000381469727,15.9399995803833,15.720000267028809,15.850000381469727
2010-04-20,97400,15.880000114440918,15.920000076293945,15.989999771118164,15.84000015258789,15.920000076293945
2010-04-19,137700,15.649999618530273,15.75,15.949999809265137,15.640000343322754,15.75
2010-04-16,173600,15.779999732971191,15.720000267028809,15.859999656677246,15.5,15.720000267028809
2010-04-15,63700,15.479999542236328,15.75,15.850000381469727,15.479999542236328,15.75
2010-04-14,158200,15.1899995803833,15.460000038146973,15.600000381469727,15.170000076293945,15.460000038146973
2010-04-13,104900,15.100000381469727,15.140000343322754,15.170000076293945,14.800000190734863,15.140000343322754
2010-04-12,100000,15.0,15.109999656677246,15.270000457763672,15.0,15.109999656677246
2010-04-09,47300,15.069999694824219,15.050000190734863,15.1899995803833,14.9399995803833,15.050000190734863
2010-04-08,103500,14.989999771118164,15.039999961853027,15.140000343322754,14.680000305175781,15.039999961853027
2010-04-07,108600,15.239999771118164,15.130000114440918,15.300000190734863,14.890000343322754,15.130000114440918
2010-04-06,194700,14.989999771118164,15.289999961853027,15.699999809265137,14.930000305175781,15.289999961853027
2010-04-05,120800,14.920000076293945,15.0600004196167,15.100000381469727,14.739999771118164,15.0600004196167
2010-04-01,88600,14.989999771118164,14.84000015258789,15.069999694824219,14.5,14.84000015258789
2010-03-31,134700,14.789999961853027,14.850000381469727,15.100000381469727,14.739999771118164,14.850000381469727
2010-03-30,184400,14.8100004196167,14.930000305175781,15.140000343322754,14.729999542236328,14.930000305175781
2010-03-29,117800,14.399999618530273,14.869999885559082,15.0,14.399999618530273,14.869999885559082
2010-03-26,88600,14.59000015258789,14.479999542236328,14.819999694824219,14.479999542236328,14.479999542236328
2010-03-25,115900,14.970000267028809,14.539999961853027,15.15999984741211,14.529999732971191,14.539999961853027
2010-03-24,173400,14.920000076293945,14.789999961853027,15.170000076293945,14.720000267028809,14.789999961853027
2010-03-23,573100,13.960000038146973,15.0,15.050000190734863,13.869999885559082,15.0
2010-03-22,327200,14.289999961853027,14.180000305175781,14.289999961853027,13.5600004196167,14.180000305175781
2010-03-19,211200,14.399999618530273,14.399999618530273,14.9399995803833,14.359999656677246,14.399999618530273
2010-03-18,150100,15.0,14.9399995803833,15.050000190734863,14.84000015258789,14.9399995803833
2010-03-17,105800,15.199999809265137,15.170000076293945,15.229999542236328,15.010000228881836,15.170000076293945
2010-03-16,165600,15.420000076293945,15.25,15.510000228881836,15.0,15.25
2010-03-15,161500,15.729999542236328,15.489999771118164,15.760000228881836,15.420000076293945,15.489999771118164
2010-03-12,91100,15.8100004196167,15.859999656677246,15.859999656677246,15.420000076293945,15.859999656677246
2010-03-11,104800,15.800000190734863,15.869999885559082,15.960000038146973,15.619999885559082,15.869999885559082
2010-03-10,117900,16.079999923706055,15.960000038146973,16.260000228881836,15.800000190734863,15.960000038146973
2010-03-09,149300,16.219999313354492,16.15999984741211,16.639999389648438,15.989999771118164,16.15999984741211
2010-03-08,157500,16.31999969482422,16.149999618530273,16.59000015258789,15.949999809265137,16.149999618530273
2010-03-05,121600,16.34000015258789,16.450000762939453,16.549999237060547,16.1299991607666,16.450000762939453
2010-03-04,100900,16.100000381469727,16.290000915527344,16.34000015258789,16.06999969482422,16.290000915527344
2010-03-03,167100,16.389999389648438,16.110000610351562,16.5,15.960000038146973,16.110000610351562
2010-03-02,320400,16.299999237060547,16.5,16.889999389648438,16.020000457763672,16.5
2010-03-01,306700,15.079999923706055,16.200000762939453,16.360000610351562,15.079999923706055,16.200000762939453
2010-02-26,250700,15.25,14.989999771118164,15.609999656677246,14.899999618530273,14.989999771118164
2010-02-25,935500,15.279999732971191,15.359999656677246,15.989999771118164,14.15999984741211,15.359999656677246
2010-02-24,213500,15.75,16.469999313354492,16.899999618530273,15.75,16.469999313354492
2010-02-23,150500,15.920000076293945,15.699999809265137,15.920000076293945,15.270000457763672,15.699999809265137
2010-02-22,97200,16.3700008392334,15.930000305175781,16.3700008392334,15.75,15.930000305175781
2010-02-19,147500,16.639999389648438,16.309999465942383,16.700000762939453,16.059999465942383,16.309999465942383
2010-02-18,73600,16.31999969482422,16.639999389648438,16.75,16.270000457763672,16.639999389648438
2010-02-17,108800,15.899999618530273,16.420000076293945,16.479999542236328,15.880000114440918,16.420000076293945
2010-02-16,136600,15.699999809265137,15.850000381469727,15.869999885559082,15.260000228881836,15.850000381469727
2010-02-12,114800,15.3100004196167,15.6899995803833,15.920000076293945,15.25,15.6899995803833
2010-02-11,127800,14.649999618530273,15.550000190734863,15.59000015258789,14.649999618530273,15.550000190734863
2010-02-10,160900,14.920000076293945,14.850000381469727,15.100000381469727,14.399999618530273,14.850000381469727
2010-02-09,185900,15.029999732971191,15.0600004196167,15.279999732971191,14.460000038146973,15.0600004196167
2010-02-08,90200,15.279999732971191,14.850000381469727,15.470000267028809,14.84000015258789,14.850000381469727
2010-02-05,319800,15.010000228881836,15.359999656677246,15.4399995803833,14.5,15.359999656677246
2010-02-04,194400,15.729999542236328,15.039999961853027,15.729999542236328,14.979999542236328,15.039999961853027
2010-02-03,223200,16.09000015258789,15.890000343322754,16.43000030517578,15.420000076293945,15.890000343322754
2010-02-02,278800,15.670000076293945,16.200000762939453,16.200000762939453,15.119999885559082,16.200000762939453
2010-02-01,104100,15.569999694824219,15.630000114440918,15.729999542236328,15.15999984741211,15.630000114440918
2010-01-29,234900,15.6899995803833,15.40999984741211,16.030000686645508,15.270000457763672,15.40999984741211
2010-01-28,151600,15.640000343322754,15.520000457763672,15.970000267028809,15.130000114440918,15.520000457763672
2010-01-27,155500,14.890000343322754,15.539999961853027,15.65999984741211,14.850000381469727,15.539999961853027
2010-01-26,107700,14.710000038146973,14.930000305175781,15.359999656677246,14.710000038146973,14.930000305175781
2010-01-25,264100,15.390000343322754,14.84000015258789,15.539999961853027,14.6899995803833,14.84000015258789
2010-01-22,222000,16.010000228881836,15.199999809265137,16.010000228881836,15.100000381469727,15.199999809265137
2010-01-21,300500,17.31999969482422,15.920000076293945,17.739999771118164,15.850000381469727,15.920000076293945
2010-01-20,178300,17.940000534057617,17.190000534057617,17.959999084472656,17.0,17.190000534057617
2010-01-19,366600,17.440000534057617,18.1299991607666,18.459999084472656,17.440000534057617,18.1299991607666
2010-01-15,354300,17.219999313354492,17.440000534057617,17.479999542236328,16.780000686645508,17.440000534057617
2010-01-14,91400,17.0,17.1200008392334,17.149999618530273,16.889999389648438,17.1200008392334
2010-01-13,153100,16.649999618530273,16.969999313354492,17.010000228881836,16.530000686645508,16.969999313354492
2010-01-12,235600,16.719999313354492,16.68000030517578,16.81999969482422,16.479999542236328,16.68000030517578
2010-01-11,285100,17.149999618530273,16.93000030517578,17.149999618530273,16.84000015258789,16.93000030517578
2010-01-08,149700,17.059999465942383,17.020000457763672,17.399999618530273,16.93000030517578,17.020000457763672
2010-01-07,140700,16.899999618530273,17.059999465942383,17.59000015258789,16.84000015258789,17.059999465942383
2010-01-06,143100,17.010000228881836,17.049999237060547,17.219999313354492,16.8799991607666,17.049999237060547
2010-01-05,327100,17.850000381469727,17.06999969482422,18.100000381469727,17.049999237060547,17.06999969482422
2010-01-04,307700,16.969999313354492,17.90999984741211,18.1299991607666,16.969999313354492,17.90999984741211
2009-12-31,148300,17.139999389648438,17.010000228881836,17.290000915527344,17.0,17.010000228881836
2009-12-30,179500,17.15999984741211,17.079999923706055,17.350000381469727,16.719999313354492,17.079999923706055
2009-12-29,103800,17.31999969482422,17.290000915527344,17.75,17.280000686645508,17.290000915527344
2009-12-28,316100,18.139999389648438,17.31999969482422,18.350000381469727,16.979999542236328,17.31999969482422
2009-12-24,59100,18.290000915527344,18.09000015258789,18.559999465942383,17.969999313354492,18.09000015258789
2009-12-23,164000,17.93000030517578,18.190000534057617,18.440000534057617,17.850000381469727,18.190000534057617
2009-12-22,277500,17.75,17.850000381469727,18.290000915527344,17.65999984741211,17.683000564575195
2009-12-21,453900,17.979999542236328,17.760000228881836,18.5,17.5,17.593843460083008
2009-12-18,456700,18.90999984741211,17.829999923706055,19.059999465942383,17.829999923706055,17.66318702697754
2009-12-17,195100,19.329999923706055,18.8700008392334,19.389999389648438,18.6299991607666,18.693458557128906
2009-12-16,294700,19.479999542236328,19.360000610351562,19.799999237060547,19.209999084472656,19.17887306213379
2009-12-15,280200,19.649999618530273,19.280000686645508,19.690000534057617,19.110000610351562,19.09962272644043
2009-12-14,266300,19.09000015258789,19.75,19.84000015258789,18.639999389648438,19.565223693847656
2009-12-11,184800,18.639999389648438,18.899999618530273,18.950000762939453,18.40999984741211,18.723176956176758
2009-12-10,228900,18.479999542236328,18.3700008392334,18.979999542236328,18.280000686645508,18.198135375976562
2009-12-09,271100,18.40999984741211,18.31999969482422,18.6299991607666,17.8799991607666,18.148603439331055
2009-12-08,404300,19.0,18.450000762939453,19.0,18.200000762939453,18.277387619018555
2009-12-07,386900,19.270000457763672,18.969999313354492,19.600000381469727,18.700000762939453,18.79252052307129
2009-12-04,587200,19.239999771118164,19.31999969482422,19.8700008392334,18.959999084472656,19.13924789428711
2009-12-03,431000,18.489999771118164,18.829999923706055,19.350000381469727,18.420000076293945,18.653831481933594
2009-12-02,297500,18.40999984741211,18.40999984741211,18.75,18.149999618530273,18.237760543823242
2009-12-01,470400,18.489999771118164,18.5,18.979999542236328,18.229999542236328,18.326919555664062
2009-11-30,528000,17.059999465942383,18.100000381469727,18.18000030517578,17.0,17.930662155151367
2009-11-27,297500,17.0,17.329999923706055,17.65999984741211,16.450000762939453,17.167865753173828
2009-11-25,259500,17.90999984741211,17.739999771118164,17.90999984741211,17.510000228881836,17.57402992248535
2009-11-24,444500,17.979999542236328,17.90999984741211,18.18000030517578,17.5,17.74243927001953
2009-11-23,652100,17.889999389648438,17.989999771118164,18.450000762939453,17.440000534057617,17.82168960571289
2009-11-20,470600,17.079999923706055,17.219999313354492,17.510000228881836,16.8700008392334,17.05889320373535
2009-11-19,734400,17.229999542236328,17.309999465942383,17.399999618530273,16.700000762939453,17.148052215576172
2009-11-18,623400,17.440000534057617,17.559999465942383,17.65999984741211,16.850000381469727,17.395713806152344
2009-11-17,1444800,17.059999465942383,17.309999465942383,17.790000915527344,16.799999237060547,17.148052215576172
2009-11-16,1065300,15.470000267028809,16.899999618530273,16.989999771118164,15.430000305175781,16.74188804626465
2009-11-13,526400,15.010000228881836,15.15999984741211,15.390000343322754,14.609999656677246,15.018167495727539
2009-11-12,1498000,14.399999618530273,15.100000381469727,15.930000305175781,14.369999885559082,14.958728790283203
2009-11-11,850800,13.670000076293945,14.510000228881836,14.6899995803833,13.670000076293945,14.374248504638672
2009-11-10,2090400,14.449999809265137,13.699999809265137,15.350000381469727,13.619999885559082,13.571825981140137
2009-11-09,3551100,12.0,14.789999961853027,15.0600004196167,11.680000305175781,14.651628494262695
2009-11-06,441000,10.770000457763672,10.779999732971191,10.9399995803833,10.420000076293945,10.679144859313965
2009-11-05,578600,10.609999656677246,10.920000076293945,11.25,10.449999809265137,10.817835807800293
2009-11-04,809500,10.850000381469727,10.569999694824219,11.25,10.319999694824219,10.471109390258789
2009-11-03,1757500,10.0,10.789999961853027,11.359999656677246,9.720000267028809,10.689051628112793
2009-11-02,1114700,8.770000457763672,10.069999694824219,10.130000114440918,8.430000305175781,9.975787162780762
2009-10-30,1106500,8.210000038146973,8.430000305175781,9.0,7.760000228881836,8.351131439208984
2009-10-29,2241100,6.070000171661377,8.239999771118164,8.510000228881836,6.070000171661377,8.162908554077148
2009-10-28,405500,5.889999866485596,5.75,5.920000076293945,5.639999866485596,5.696204662322998
2009-10-27,272000,5.920000076293945,5.920000076293945,6.050000190734863,5.800000190734863,5.864614009857178
2009-10-26,189000,5.789999961853027,5.849999904632568,5.880000114440918,5.769999980926514,5.795269012451172
2009-10-23,204900,5.829999923706055,5.769999980926514,5.829999923706055,5.650000095367432,5.716017246246338
2009-10-22,186700,5.659999847412109,5.78000020980835,5.849999904632568,5.650000095367432,5.725924015045166
2009-10-21,162100,5.519999980926514,5.659999847412109,5.730000019073486,5.519999980926514,5.607046604156494
2009-10-20,199800,5.519999980926514,5.570000171661377,5.690000057220459,5.389999866485596,5.517889022827148
2009-10-19,137500,5.409999847412109,5.519999980926514,5.619999885559082,5.409999847412109,5.468356609344482
2009-10-16,186000,5.440000057220459,5.420000076293945,5.699999809265137,5.349999904632568,5.369292259216309
2009-10-15,119800,5.480000019073486,5.409999847412109,5.5,5.360000133514404,5.3593854904174805
2009-10-14,207800,5.400000095367432,5.489999771118164,5.519999980926514,5.320000171661377,5.438636779785156
2009-10-13,232900,5.380000114440918,5.349999904632568,5.489999771118164,5.239999771118164,5.2999467849731445
2009-10-12,338500,5.260000228881836,5.380000114440918,5.599999904632568,5.110000133514404,5.3296661376953125
2009-10-09,241600,5.010000228881836,5.300000190734863,5.300000190734863,4.989999771118164,5.250414848327637
2009-10-08,606600,4.900000095367432,5.0,5.050000190734863,4.559999942779541,4.953221321105957
2009-10-07,101700,4.829999923706055,4.849999904632568,4.929999828338623,4.769999980926514,4.804624557495117
2009-10-06,128300,4.960000038146973,4.849999904632568,4.960000038146973,4.760000228881836,4.804624557495117
2009-10-05,326800,4.869999885559082,4.960000038146973,4.96999979019165,4.75,4.913595676422119
2009-10-02,323200,4.53000020980835,4.909999847412109,4.920000076293945,4.519999980926514,4.864063262939453
2009-10-01,247900,4.880000114440918,4.650000095367432,4.880000114440918,4.630000114440918,4.6064958572387695
2009-09-30,240800,4.789999961853027,4.860000133514404,4.880000114440918,4.619999885559082,4.814531326293945
2009-09-29,139400,4.769999980926514,4.789999961853027,4.889999866485596,4.75,4.745185852050781
2009-09-28,211100,4.96999979019165,4.800000190734863,4.96999979019165,4.71999979019165,4.755092620849609
2009-09-25,408300,4.820000171661377,4.929999828338623,4.929999828338623,4.75,4.883876323699951
2009-09-24,300600,4.460000038146973,4.570000171661377,4.659999847412109,4.380000114440918,4.527244567871094
2009-09-23,349000,4.579999923706055,4.340000152587891,4.579999923706055,4.289999961853027,4.299396514892578
2009-09-22,298400,4.679999828338623,4.590000152587891,4.71999979019165,4.550000190734863,4.547057151794434
2009-09-21,298500,4.880000114440918,4.619999885559082,4.880000114440918,4.579999923706055,4.576776504516602
2009-09-18,184700,4.75,4.800000190734863,4.909999847412109,4.75,4.755092620849609
2009-09-17,95300,4.849999904632568,4.75,4.889999866485596,4.75,4.705560207366943
2009-09-16,238200,4.829999923706055,4.849999904632568,4.920000076293945,4.75,4.804624557495117
2009-09-15,119600,4.940000057220459,4.829999923706055,4.940000057220459,4.800000190734863,4.784811973571777
2009-09-14,247800,4.860000133514404,4.940000057220459,4.980000019073486,4.71999979019165,4.893782615661621
2009-09-11,189700,4.789999961853027,4.800000190734863,4.929999828338623,4.769999980926514,4.755092620849609
2009-09-10,287600,4.880000114440918,4.789999961853027,4.949999809265137,4.710000038146973,4.745185852050781
2009-09-09,274900,5.0,4.849999904632568,5.050000190734863,4.820000171661377,4.804624557495117
2009-09-08,342200,5.110000133514404,5.0,5.110000133514404,4.769999980926514,4.953221321105957
2009-09-04,309800,4.590000152587891,4.949999809265137,4.949999809265137,4.590000152587891,4.903688907623291
2009-09-03,169100,4.599999904632568,4.590000152587891,4.679999828338623,4.449999809265137,4.547057151794434
2009-09-02,411100,4.340000152587891,4.590000152587891,4.659999847412109,4.340000152587891,4.547057151794434
2009-09-01,362100,4.579999923706055,4.349999904632568,4.650000095367432,4.349999904632568,4.30930233001709
2009-08-31,141700,4.610000133514404,4.539999961853027,4.690000057220459,4.510000228881836,4.497524738311768
2009-08-28,176100,4.570000171661377,4.650000095367432,4.679999828338623,4.570000171661377,4.6064958572387695
2009-08-27,343800,4.650000095367432,4.559999942779541,4.699999809265137,4.480000019073486,4.517337799072266
2009-08-26,122000,4.690000057220459,4.650000095367432,4.75,4.610000133514404,4.6064958572387695
2009-08-25,371900,4.650000095367432,4.71999979019165,4.809999942779541,4.650000095367432,4.675840854644775
2009-08-24,465900,4.96999979019165,4.619999885559082,5.019999980926514,4.579999923706055,4.576776504516602
2009-08-21,334800,5.019999980926514,5.0,5.199999809265137,4.900000095367432,4.953221321105957
2009-08-20,161700,4.920000076293945,5.0,5.039999961853027,4.920000076293945,4.953221321105957
2009-08-19,223200,5.019999980926514,4.949999809265137,5.050000190734863,4.900000095367432,4.903688907623291
2009-08-18,125800,5.150000095367432,5.059999942779541,5.179999828338623,5.050000190734863,5.012660026550293
2009-08-17,174800,5.369999885559082,5.059999942779541,5.369999885559082,5.019999980926514,5.012660026550293
2009-08-14,388000,5.610000133514404,5.320000171661377,5.650000095367432,5.139999866485596,5.270227909088135
2009-08-13,166000,5.849999904632568,5.710000038146973,5.960000038146973,5.630000114440918,5.65657901763916
2009-08-12,212300,5.650000095367432,5.840000152587891,5.96999979019165,5.630000114440918,5.785362720489502
2009-08-11,361400,6.25,5.599999904632568,6.25,5.590000152587891,5.547607898712158
2009-08-10,164700,6.039999961853027,6.269999980926514,6.400000095367432,5.949999809265137,6.211339473724365
2009-08-07,185100,5.860000133514404,6.039999961853027,6.099999904632568,5.789999961853027,5.98349142074585
2009-08-06,211100,6.050000190734863,5.760000228881836,6.050000190734863,5.75,5.706111431121826
2009-08-05,159900,6.0,6.03000020980835,6.039999961853027,5.800000190734863,5.97358512878418
2009-08-04,117900,5.900000095367432,6.039999961853027,6.070000171661377,5.75,5.98349142074585
2009-08-03,410800,6.110000133514404,5.960000038146973,6.110000133514404,5.550000190734863,5.904240131378174
2009-07-31,184700,6.150000095367432,6.059999942779541,6.25,5.960000038146973,6.003304481506348
2009-07-30,389200,5.400000095367432,6.079999923706055,6.21999979019165,5.400000095367432,6.0231170654296875
2009-07-29,112600,5.610000133514404,5.659999847412109,5.699999809265137,5.5,5.607046604156494
2009-07-28,158600,5.659999847412109,5.630000114440918,5.699999809265137,5.420000076293945,5.577327251434326
2009-07-27,123200,5.559999942779541,5.690000057220459,5.760000228881836,5.5,5.636765956878662
2009-07-24,246300,5.619999885559082,5.53000020980835,5.880000114440918,5.389999866485596,5.478262901306152
2009-07-23,339800,5.199999809265137,5.630000114440918,5.639999866485596,5.059999942779541,5.577327251434326
2009-07-22,156500,4.989999771118164,5.239999771118164,5.269999980926514,4.949999809265137,5.190975666046143
2009-07-21,134700,5.329999923706055,5.039999961853027,5.329999923706055,4.989999771118164,4.992846965789795
2009-07-20,223200,5.079999923706055,5.25,5.309999942779541,5.079999923706055,5.200882434844971
2009-07-17,215000,4.989999771118164,5.090000152587891,5.190000057220459,4.989999771118164,5.042379379272461
2009-07-16,193100,4.96999979019165,5.03000020980835,5.150000095367432,4.900000095367432,4.982941150665283
2009-07-15,363800,4.599999904632568,4.920000076293945,5.090000152587891,4.599999904632568,4.873970031738281
2009-07-14,96900,4.630000114440918,4.599999904632568,4.699999809265137,4.510000228881836,4.5569634437561035
2009-07-13,237200,4.429999828338623,4.630000114440918,4.659999847412109,4.329999923706055,4.58668327331543
2009-07-10,124700,4.480000019073486,4.429999828338623,4.5,4.400000095367432,4.388554096221924
2009-07-09,131900,4.610000133514404,4.53000020980835,4.699999809265137,4.5,4.487618923187256
2009-07-08,240900,4.699999809265137,4.599999904632568,4.809999942779541,4.5,4.5569634437561035
2009-07-07,316700,5.059999942779541,4.679999828338623,5.079999923706055,4.630000114440918,4.6362152099609375
2009-07-06,237700,5.079999923706055,5.070000171661377,5.269999980926514,4.949999809265137,5.022566795349121
2009-07-02,184200,5.230000019073486,5.21999979019165,5.28000020980835,5.010000228881836,5.171163082122803
2009-07-01,311100,5.489999771118164,5.329999923706055,5.489999771118164,5.210000038146973,5.2801337242126465
2009-06-30,318300,5.5,5.440000057220459,5.579999923706055,5.309999942779541,5.389104843139648
2009-06-29,503300,5.090000152587891,5.380000114440918,5.449999809265137,4.980000019073486,5.3296661376953125
2009-06-26,2423500,4.869999885559082,5.050000190734863,5.239999771118164,4.650000095367432,5.002753734588623
2009-06-25,392800,4.510000228881836,4.829999923706055,4.860000133514404,4.440000057220459,4.784811973571777
2009-06-24,247100,4.429999828338623,4.510000228881836,4.730000019073486,4.360000133514404,4.467805862426758
2009-06-23,235600,4.449999809265137,4.340000152587891,4.480000019073486,4.329999923706055,4.299396514892578
2009-06-22,331700,4.929999828338623,4.46999979019165,5.070000171661377,4.449999809265137,4.428179740905762
2009-06-19,289300,5.0,4.96999979019165,5.139999866485596,4.869999885559082,4.923501968383789
2009-06-18,395300,4.929999828338623,4.960000038146973,4.989999771118164,4.71999979019165,4.913595676422119
2009-06-17,314200,5.150000095367432,4.989999771118164,5.150000095367432,4.909999847412109,4.943314552307129
2009-06-16,178800,5.230000019073486,5.159999847412109,5.230000019073486,5.079999923706055,5.111724376678467
2009-06-15,211100,5.429999828338623,5.190000057220459,5.429999828338623,5.010000228881836,5.141443729400635
2009-06-12,391000,5.190000057220459,5.420000076293945,5.420000076293945,5.159999847412109,5.369292259216309
2009-06-11,302600,5.059999942779541,5.190000057220459,5.239999771118164,5.0,5.141443729400635
2009-06-10,178600,5.090000152587891,5.059999942779541,5.119999885559082,4.929999828338623,5.012660026550293
2009-06-09,159600,5.0,5.130000114440918,5.139999866485596,4.960000038146973,5.082005023956299
2009-06-08,234600,5.130000114440918,5.039999961853027,5.130000114440918,4.889999866485596,4.992846965789795
2009-06-05,198400,5.289999961853027,5.090000152587891,5.289999961853027,5.0,5.042379379272461
2009-06-04,253200,5.130000114440918,5.179999828338623,5.230000019073486,4.949999809265137,5.131536960601807
2009-06-03,235900,5.079999923706055,5.03000020980835,5.190000057220459,4.940000057220459,4.982941150665283
2009-06-02,351500,5.28000020980835,5.039999961853027,5.28000020980835,5.010000228881836,4.992846965789795
2009-06-01,373500,5.090000152587891,5.260000228881836,5.300000190734863,5.090000152587891,5.210789203643799
2009-05-29,405300,4.96999979019165,5.010000228881836,5.230000019073486,4.929999828338623,4.963128089904785
2009-05-28,1009700,5.480000019073486,4.960000038146973,5.480000019073486,4.869999885559082,4.913595676422119
2009-05-27,911200,5.179999828338623,5.949999809265137,6.0,5.179999828338623,5.894333362579346
2009-05-26,248100,5.190000057220459,5.28000020980835,5.300000190734863,5.019999980926514,5.230601787567139
2009-05-22,199700,5.039999961853027,5.199999809265137,5.21999979019165,4.789999961853027,5.151350021362305
2009-05-21,188400,5.170000076293945,5.039999961853027,5.170000076293945,4.730000019073486,4.992846965789795
2009-05-20,396700,4.96999979019165,5.150000095367432,5.340000152587891,4.960000038146973,5.101818084716797
2009-05-19,207800,4.909999847412109,4.960000038146973,5.0,4.789999961853027,4.913595676422119
2009-05-18,303900,4.900000095367432,4.909999847412109,5.03000020980835,4.619999885559082,4.864063262939453
2009-05-15,376100,4.670000076293945,4.869999885559082,4.900000095367432,4.510000228881836,4.824437618255615
2009-05-14,311600,4.519999980926514,4.690000057220459,4.75,4.28000020980835,4.646121501922607
2009-05-13,355600,4.78000020980835,4.579999923706055,5.019999980926514,4.519999980926514,4.537150859832764
2009-05-12,444200,5.199999809265137,4.940000057220459,5.320000171661377,4.760000228881836,4.893782615661621
2009-05-11,549400,4.630000114440918,5.179999828338623,5.190000057220459,4.53000020980835,5.131536960601807
2009-05-08,417100,4.730000019073486,4.650000095367432,4.78000020980835,4.449999809265137,4.6064958572387695
2009-05-07,590900,5.179999828338623,4.590000152587891,5.179999828338623,4.449999809265137,4.547057151794434
2009-05-06,331900,5.239999771118164,5.070000171661377,5.269999980926514,5.0,5.022566795349121
2009-05-05,364400,5.090000152587891,5.210000038146973,5.28000020980835,5.03000020980835,5.161256790161133
2009-05-04,640100,5.300000190734863,5.050000190734863,5.300000190734863,4.949999809265137,5.002753734588623
2009-05-01,1072900,4.869999885559082,5.360000133514404,5.489999771118164,4.840000152587891,5.309853553771973
2009-04-30,1373800,4.25,4.739999771118164,4.739999771118164,4.0,4.695653438568115
2009-04-29,465400,3.359999895095825,3.5399999618530273,3.680000066757202,3.299999952316284,3.506880760192871
2009-04-28,127200,3.259999990463257,3.2799999713897705,3.3299999237060547,3.200000047683716,3.2493131160736084
2009-04-27,275000,3.5,3.369999885559082,3.5299999713897705,3.2799999713897705,3.3384711742401123
2009-04-24,230500,3.6600000858306885,3.549999952316284,3.6600000858306885,3.490000009536743,3.516787052154541
2009-04-23,197400,3.7899999618530273,3.619999885559082,3.9000000953674316,3.5199999809265137,3.586132049560547
2009-04-22,612900,3.5299999713897705,3.740000009536743,4.070000171661377,3.4000000953674316,3.705009698867798
2009-04-21,745300,4.019999980926514,3.640000104904175,4.429999828338623,3.5199999809265137,3.605945348739624
2009-04-20,1911400,3.880000114440918,4.090000152587891,4.199999809265137,3.1500000953674316,4.0517354011535645
2009-04-17,2591300,2.880000114440918,3.930000066757202,4.289999961853027,2.880000114440918,3.8932321071624756
2009-04-16,737700,2.990000009536743,2.8499999046325684,3.0199999809265137,2.549999952316284,2.823336124420166
2009-04-15,1011000,2.7899999618530273,2.4800000190734863,2.8399999141693115,2.4700000286102295,2.4567978382110596
2009-04-14,207700,2.809999942779541,2.7899999618530273,2.890000104904175,2.759999990463257,2.76389741897583
2009-04-13,461200,2.75,2.75,3.049999952316284,2.5999999046325684,2.724271774291992
2009-04-09,278100,2.9100000858306885,2.6700000762939453,2.9100000858306885,2.6700000762939453,2.6450202465057373
2009-04-08,176700,2.7300000190734863,2.700000047683716,2.7899999618530273,2.680000066757202,2.6747395992279053
2009-04-07,102800,2.7899999618530273,2.7100000381469727,2.890000104904175,2.700000047683716,2.6846461296081543
2009-04-06,84000,2.9100000858306885,2.859999895095825,2.9800000190734863,2.75,2.833242416381836
2009-04-03,144000,2.8299999237060547,2.8499999046325684,3.0,2.799999952316284,2.823336124420166
2009-04-02,245100,2.75,2.809999942779541,3.0,2.740000009536743,2.783710241317749
2009-04-01,214000,2.4000000953674316,2.5799999237060547,2.680000066757202,2.4000000953674316,2.5558621883392334
2009-03-31,224800,2.4000000953674316,2.4800000190734863,2.609999895095825,2.4000000953674316,2.4567978382110596
2009-03-30,318600,2.809999942779541,2.299999952316284,2.809999942779541,2.299999952316284,2.2784817218780518
2009-03-27,207400,3.3399999141693115,2.9000000953674316,3.3399999141693115,2.9000000953674316,2.872868537902832
2009-03-26,229800,2.809999942779541,3.2699999809265137,3.2699999809265137,2.809999942779541,3.2394068241119385
2009-03-25,200300,2.75,2.8299999237060547,3.0,2.700000047683716,2.803523302078247
2009-03-24,118700,2.5399999618530273,2.630000114440918,2.799999952316284,2.5399999618530273,2.6053946018218994
2009-03-23,246800,2.9100000858306885,2.690000057220459,2.9100000858306885,2.549999952316284,2.6648330688476562
2009-03-20,98700,2.890000104904175,2.75,2.9700000286102295,2.75,2.724271774291992
2009-03-19,163700,3.1500000953674316,2.8299999237060547,3.1500000953674316,2.7699999809265137,2.803523302078247
2009-03-18,173700,2.799999952316284,3.0299999713897705,3.130000114440918,2.7300000190734863,3.001652240753174
2009-03-17,88900,2.549999952316284,2.799999952316284,2.819999933242798,2.5299999713897705,2.773803949356079
2009-03-16,63200,2.5799999237060547,2.5,2.609999895095825,2.4800000190734863,2.4766106605529785
2009-03-13,76500,2.6500000953674316,2.5799999237060547,2.7100000381469727,2.4100000858306885,2.5558621883392334
2009-03-12,83900,2.490000009536743,2.640000104904175,2.700000047683716,2.4800000190734863,2.6153008937835693
2009-03-11,121900,2.450000047683716,2.549999952316284,2.630000114440918,2.4100000858306885,2.5261428356170654
2009-03-10,212600,2.430000066757202,2.369999885559082,2.630000114440918,2.319999933242798,2.3478267192840576
2009-03-09,93700,2.5999999046325684,2.390000104904175,2.619999885559082,2.380000114440918,2.3676400184631348
2009-03-06,122200,2.809999942779541,2.640000104904175,2.940000057220459,2.549999952316284,2.6153008937835693
2009-03-05,325800,2.630000114440918,2.890000104904175,3.0999999046325684,2.5,2.862962007522583
2009-03-04,66400,2.6700000762939453,2.700000047683716,2.890000104904175,2.6500000953674316,2.6747395992279053
2009-03-03,156000,2.7100000381469727,2.549999952316284,2.819999933242798,2.549999952316284,2.5261428356170654
2009-03-02,280600,3.109999895095825,2.740000009536743,3.200000047683716,2.700000047683716,2.714365243911743
2009-02-27,114400,2.890000104904175,3.109999895095825,3.1700000762939453,2.8399999141693115,3.0809035301208496
2009-02-26,127200,3.059999942779541,2.8499999046325684,3.140000104904175,2.7799999713897705,2.823336124420166
2009-02-25,188200,2.9100000858306885,3.119999885559082,3.2200000286102295,2.9100000858306885,3.0908100605010986
2009-02-24,210400,2.4200000762939453,2.869999885559082,2.9800000190734863,2.4200000762939453,2.843148946762085
2009-02-23,97600,2.799999952316284,2.4800000190734863,2.799999952316284,2.4700000286102295,2.4567978382110596
2009-02-20,111700,2.8499999046325684,2.75,2.8499999046325684,2.6500000953674316,2.724271774291992
2009-02-19,204600,2.819999933242798,2.8499999046325684,2.9200000762939453,2.7300000190734863,2.823336124420166
2009-02-18,233900,3.0199999809265137,2.7300000190734863,3.0799999237060547,2.7300000190734863,2.7044589519500732
2009-02-17,356600,3.5999999046325684,2.9800000190734863,3.700000047683716,2.9800000190734863,2.952120065689087
2009-02-13,377900,3.9200000762939453,3.7100000381469727,3.9600000381469727,3.430000066757202,3.67529034614563
2009-02-12,322600,4.380000114440918,3.75,4.409999847412109,3.700000047683716,3.7149159908294678
2009-02-11,176500,4.590000152587891,4.510000228881836,4.78000020980835,4.409999847412109,4.467805862426758
2009-02-10,101700,5.0,4.559999942779541,5.0,4.539999961853027,4.517337799072266
2009-02-09,165700,4.840000152587891,4.920000076293945,4.980000019073486,4.809999942779541,4.873970031738281
2009-02-06,209500,4.539999961853027,4.75,4.880000114440918,4.409999847412109,4.705560207366943
2009-02-05,170500,4.75,4.449999809265137,4.75,4.429999828338623,4.408366680145264
2009-02-04,257800,5.150000095367432,4.800000190734863,5.150000095367432,4.760000228881836,4.755092620849609
2009-02-03,176300,5.619999885559082,5.099999904632568,5.619999885559082,5.0,5.052285671234131
2009-02-02,168400,5.900000095367432,5.619999885559082,5.900000095367432,5.519999980926514,5.567420482635498
2009-01-30,56100,5.949999809265137,5.909999847412109,5.980000019073486,5.849999904632568,5.854707717895508
2009-01-29,120000,6.230000019073486,5.889999866485596,6.230000019073486,5.889999866485596,5.83489465713501
2009-01-28,136200,6.059999942779541,6.230000019073486,6.230000019073486,6.059999942779541,6.171713829040527
2009-01-27,98900,6.0,6.050000190734863,6.099999904632568,5.989999771118164,5.993398189544678
2009-01-26,169300,6.170000076293945,6.019999980926514,6.289999961853027,5.949999809265137,5.963678359985352
2009-01-23,67000,6.340000152587891,6.260000228881836,6.369999885559082,6.150000095367432,6.201433181762695
2009-01-22,98500,6.409999847412109,6.480000019073486,6.639999866485596,6.309999942779541,6.419374942779541
2009-01-21,150800,6.150000095367432,6.53000020980835,6.53000020980835,5.900000095367432,6.468907356262207
2009-01-20,40100,6.039999961853027,6.010000228881836,6.150000095367432,6.0,5.95377254486084
2009-01-16,86500,6.389999866485596,6.210000038146973,6.460000038146973,6.079999923706055,6.151900768280029
2009-01-15,95900,6.190000057220459,6.389999866485596,6.389999866485596,6.0,6.330216884613037
2009-01-14,58200,6.380000114440918,6.210000038146973,6.380000114440918,6.210000038146973,6.151900768280029
2009-01-13,68200,6.539999961853027,6.380000114440918,6.539999961853027,6.199999809265137,6.320310592651367
2009-01-12,63100,6.550000190734863,6.46999979019165,6.570000171661377,6.409999847412109,6.409468173980713
2009-01-09,45100,6.699999809265137,6.599999904632568,6.699999809265137,6.550000190734863,6.538252353668213
2009-01-08,90800,6.619999885559082,6.78000020980835,6.78000020980835,6.380000114440918,6.716568470001221
2009-01-07,100500,7.269999980926514,6.699999809265137,7.269999980926514,6.699999809265137,6.6373162269592285
2009-01-06,544300,7.300000190734863,7.230000019073486,7.630000114440918,7.019999980926514,7.162358283996582
2009-01-05,240200,7.199999809265137,7.230000019073486,7.389999866485596,6.96999979019165,7.162358283996582
2009-01-02,80300,6.730000019073486,7.139999866485596,7.199999809265137,6.730000019073486,7.073200225830078
2008-12-31,104300,6.539999961853027,6.670000076293945,6.840000152587891,6.539999961853027,6.607597351074219
2008-12-30,61600,6.289999961853027,6.650000095367432,6.659999847412109,6.289999961853027,6.587784767150879
2008-12-29,188000,6.579999923706055,6.269999980926514,6.670000076293945,6.269999980926514,6.211339473724365
2008-12-26,51600,6.159999847412109,6.659999847412109,6.690000057220459,6.159999847412109,6.597690582275391
2008-12-24,54900,6.190000057220459,6.230000019073486,6.289999961853027,6.170000076293945,6.171713829040527
2008-12-23,252300,6.360000133514404,6.260000228881836,6.429999828338623,6.079999923706055,6.201433181762695
2008-12-22,115300,6.849999904632568,6.199999809265137,6.849999904632568,6.050000190734863,6.141994476318359
2008-12-19,121000,6.28000020980835,6.949999809265137,6.949999809265137,6.28000020980835,6.884977340698242
2008-12-18,186700,6.300000190734863,6.21999979019165,6.559999942779541,6.070000171661377,6.161807060241699
2008-12-17,161900,6.039999961853027,6.28000020980835,6.309999942779541,6.03000020980835,6.221246242523193
2008-12-16,188400,6.019999980926514,6.059999942779541,6.139999866485596,5.650000095367432,6.003304481506348
2008-12-15,191300,6.079999923706055,6.019999980926514,6.130000114440918,5.960000038146973,5.963678359985352
2008-12-12,185400,6.190000057220459,6.059999942779541,6.230000019073486,5.900000095367432,6.003304481506348
2008-12-11,385500,6.389999866485596,6.190000057220459,6.409999847412109,6.03000020980835,6.1320881843566895
2008-12-10,255900,6.840000152587891,6.389999866485596,6.909999847412109,6.159999847412109,6.330216884613037
2008-12-09,82100,7.0,6.900000095367432,7.130000114440918,6.800000190734863,6.835445404052734
2008-12-08,76200,7.150000095367432,7.150000095367432,7.320000171661377,6.960000038146973,7.083106517791748
2008-12-05,122900,7.010000228881836,7.199999809265137,7.25,7.010000228881836,7.132638454437256
2008-12-04,61200,7.329999923706055,7.130000114440918,7.389999866485596,7.03000020980835,7.063293933868408
2008-12-03,123500,7.099999904632568,7.28000020980835,7.5,7.099999904632568,7.211890697479248
2008-12-02,176800,6.920000076293945,7.260000228881836,7.260000228881836,6.809999942779541,7.19207763671875
2008-12-01,143100,7.489999771118164,6.920000076293945,7.579999923706055,6.880000114440918,6.855258464813232
2008-11-28,45400,7.070000171661377,7.539999961853027,7.670000076293945,6.860000133514404,7.469457626342773
2008-11-26,106100,7.179999828338623,7.320000171661377,7.340000152587891,7.03000020980835,7.251516342163086
2008-11-25,104300,7.130000114440918,7.139999866485596,7.260000228881836,6.860000133514404,7.073200225830078
2008-11-24,163800,7.0,7.070000171661377,7.260000228881836,6.96999979019165,7.003855228424072
2008-11-21,119800,7.550000190734863,6.960000038146973,7.550000190734863,6.739999771118164,6.89488410949707
2008-11-20,99600,8.0,7.320000171661377,8.25,7.25,7.251516342163086
2008-11-19,95900,9.109999656677246,8.140000343322754,9.210000038146973,8.100000381469727,8.063844680786133
2008-11-18,253300,8.640000343322754,9.069999694824219,9.069999694824219,8.529999732971191,8.985143661499023
2008-11-17,174800,8.40999984741211,8.5,8.739999771118164,8.079999923706055,8.420475959777832
2008-11-14,112600,9.0,8.270000457763672,9.0,8.109999656677246,8.192628860473633
2008-11-13,211500,8.1899995803833,9.119999885559082,9.119999885559082,7.869999885559082,9.034675598144531
2008-11-12,102900,8.8100004196167,8.210000038146973,8.880000114440918,8.170000076293945,8.13318920135498
2008-11-11,245500,8.9399995803833,9.130000114440918,9.350000381469727,8.779999732971191,9.04458236694336
2008-11-10,257600,8.600000381469727,8.960000038146973,9.020000457763672,8.300000190734863,8.87617301940918
2008-11-07,371100,8.210000038146973,8.649999618530273,8.899999618530273,7.670000076293945,8.569072723388672
2008-11-06,431500,9.699999809265137,8.069999694824219,9.989999771118164,8.020000457763672,7.994499206542969
2008-11-05,663000,11.979999542236328,9.609999656677246,13.220000267028809,9.130000114440918,9.52009105682373
2008-11-04,193600,12.520000457763672,13.039999961853027,13.260000228881836,12.510000228881836,12.918001174926758
2008-11-03,225700,11.989999771118164,12.350000381469727,12.5,11.890000343322754,12.234457015991211
2008-10-31,259700,11.890000343322754,11.890000343322754,11.899999618530273,11.470000267028809,11.77876091003418
2008-10-30,163000,11.09000015258789,11.859999656677246,11.899999618530273,10.960000038146973,11.749040603637695
2008-10-29,139700,10.949999809265137,10.829999923706055,11.25,10.710000038146973,10.728677749633789
2008-10-28,267400,11.359999656677246,10.739999771118164,11.420000076293945,10.239999771118164,10.639519691467285
2008-10-27,156600,10.600000381469727,11.029999732971191,11.199999809265137,10.600000381469727,10.926806449890137
2008-10-24,100500,11.25,10.729999542236328,11.3100004196167,10.729999542236328,10.629612922668457
2008-10-23,141200,11.779999732971191,11.59000015258789,12.09000015258789,11.25,11.4815673828125
2008-10-22,167400,12.029999732971191,11.779999732971191,12.3100004196167,11.520000457763672,11.66978931427002
2008-10-21,186600,12.260000228881836,12.630000114440918,12.770000457763672,12.210000038146973,12.511837005615234
2008-10-20,156200,12.279999732971191,12.279999732971191,12.680000305175781,11.9399995803833,12.165111541748047
2008-10-17,163600,11.899999618530273,12.34000015258789,12.520000457763672,11.569999694824219,12.224550247192383
2008-10-16,156200,11.819999694824219,11.880000114440918,12.140000343322754,11.1899995803833,11.768854141235352
2008-10-15,179800,13.270000457763672,11.699999809265137,13.270000457763672,11.649999618530273,11.590538024902344
2008-10-14,215500,12.390000343322754,13.0600004196167,13.140000343322754,12.170000076293945,12.937814712524414
2008-10-13,58300,11.600000381469727,12.199999809265137,12.210000038146973,11.59000015258789,12.085860252380371
2008-10-10,253400,11.15999984741211,11.239999771118164,11.5,10.100000381469727,11.134840965270996
2008-10-09,240900,11.989999771118164,11.899999618530273,12.34000015258789,11.5,11.788666725158691
2008-10-08,280700,12.649999618530273,11.920000076293945,12.760000228881836,11.680000305175781,11.808480262756348
2008-10-07,266600,13.59000015258789,12.800000190734863,13.59000015258789,12.619999885559082,12.68024730682373
2008-10-06,438800,12.75,13.149999618530273,13.5,12.25,13.026971817016602
2008-10-03,419400,12.869999885559082,13.050000190734863,13.420000076293945,12.59000015258789,12.927907943725586
2008-10-02,265000,13.40999984741211,13.0,13.600000381469727,12.739999771118164,12.878376007080078
2008-10-01,294600,14.640000343322754,13.579999923706055,14.640000343322754,13.520000457763672,13.452949523925781
2008-09-30,570500,13.949999809265137,14.850000381469727,14.850000381469727,13.449999809265137,14.711068153381348
2008-09-29,250100,13.9399995803833,13.800000190734863,14.199999809265137,13.579999923706055,13.670890808105469
2008-09-26,447800,13.539999961853027,13.949999809265137,14.039999961853027,13.0,13.819487571716309
2008-09-25,356800,14.140000343322754,14.0,14.140000343322754,13.850000381469727,13.869019508361816
2008-09-24,114000,14.149999618530273,14.119999885559082,14.300000190734863,14.029999732971191,13.987896919250488
2008-09-23,131700,14.0,14.199999809265137,14.199999809265137,13.930000305175781,14.067148208618164
2008-09-22,222900,13.649999618530273,14.0,14.300000190734863,13.649999618530273,13.869019508361816
2008-09-19,334700,13.350000381469727,14.109999656677246,14.720000267028809,13.350000381469727,13.97799015045166
2008-09-18,259900,13.359999656677246,13.649999618530273,14.0,12.819999694824219,13.522294044494629
2008-09-17,344800,12.40999984741211,13.050000190734863,13.5600004196167,12.100000381469727,12.927907943725586
2008-09-16,558100,10.510000228881836,12.90999984741211,13.149999618530273,10.100000381469727,12.789216995239258
2008-09-15,6900,12.199999809265137,12.5,13.199999809265137,11.699999809265137,12.38305377960205
2008-09-12,55000,12.600000381469727,13.0,13.0,12.199999809265137,12.878376007080078
2008-09-11,402400,13.0,12.899999618530273,13.0,12.100000381469727,12.779311180114746
2008-09-10,52500,13.0,12.899999618530273,13.199999809265137,12.5,12.779311180114746
2008-09-09,120700,13.399999618530273,13.0,13.399999618530273,12.5,12.878376007080078
2008-09-08,224000,13.199999809265137,13.5,13.5,12.699999809265137,13.373697280883789
2008-09-05,130300,12.800000190734863,12.899999618530273,12.899999618530273,12.199999809265137,12.779311180114746
2008-09-04,282900,12.5,12.399999618530273,12.800000190734863,12.0,12.283988952636719
2008-09-03,460400,14.0,12.300000190734863,14.0,12.300000190734863,12.184925079345703
2008-09-02,40600,13.600000381469727,14.5,14.5,13.600000381469727,14.364341735839844
2008-08-29,24600,13.899999618530273,13.899999618530273,13.899999618530273,13.600000381469727,13.769954681396484
2008-08-28,52500,13.600000381469727,13.899999618530273,14.0,13.600000381469727,13.769954681396484
2008-08-27,46100,13.300000190734863,13.5,13.699999809265137,12.899999618530273,13.373697280883789
2008-08-26,39800,13.600000381469727,13.399999618530273,13.800000190734863,13.199999809265137,13.274632453918457
2008-08-25,53600,13.100000381469727,13.5,13.5,13.100000381469727,13.373697280883789
2008-08-22,96600,13.0,13.399999618530273,13.5,12.699999809265137,13.274632453918457
2008-08-21,90200,13.100000381469727,12.800000190734863,13.300000190734863,12.699999809265137,12.68024730682373
2008-08-20,205400,12.100000381469727,13.0,13.100000381469727,12.0,12.878376007080078
2008-08-19,152800,12.199999809265137,12.399999618530273,12.399999618530273,11.5,12.283988952636719
2008-08-18,128800,11.899999618530273,12.300000190734863,12.300000190734863,11.699999809265137,12.184925079345703
2008-08-15,67600,11.300000190734863,11.899999618530273,12.0,11.100000381469727,11.788666725158691
2008-08-14,151200,11.800000190734863,11.0,11.899999618530273,11.0,10.897087097167969
2008-08-13,147500,12.5,11.600000381469727,12.5,11.199999809265137,11.491474151611328
2008-08-12,34200,13.100000381469727,12.800000190734863,13.100000381469727,12.399999618530273,12.68024730682373
2008-08-11,59400,13.399999618530273,13.100000381469727,13.5,12.600000381469727,12.97744083404541
2008-08-08,90300,13.800000190734863,13.399999618530273,13.800000190734863,12.300000190734863,13.274632453918457
2008-08-07,100600,13.600000381469727,13.699999809265137,14.199999809265137,12.199999809265137,13.571825981140137
2008-08-06,135000,13.0,13.899999618530273,14.0,12.699999809265137,13.769954681396484
2008-08-05,72200,13.0,13.300000190734863,13.300000190734863,12.5,13.175569534301758
2008-08-04,262600,12.199999809265137,12.5,13.899999618530273,12.0,12.38305377960205
2008-08-01,183400,12.0,12.399999618530273,13.699999809265137,11.5,12.283988952636719
2008-07-31,212100,10.899999618530273,12.100000381469727,12.399999618530273,10.699999809265137,11.986796379089355
2008-07-30,123300,10.800000190734863,10.600000381469727,10.800000190734863,10.100000381469727,10.500829696655273
2008-07-29,24800,9.5,10.100000381469727,10.399999618530273,9.5,10.005507469177246
2008-07-28,116700,10.0,10.300000190734863,10.399999618530273,9.5,10.203636169433594
2008-07-25,105200,8.899999618530273,10.0,10.0,8.899999618530273,9.906442642211914
2008-07-24,62900,8.300000190734863,8.899999618530273,8.899999618530273,8.100000381469727,8.816733360290527
2008-07-23,258200,8.0,8.100000381469727,8.199999809265137,7.800000190734863,8.024218559265137
2008-07-22,71800,7.199999809265137,8.0,8.100000381469727,7.199999809265137,7.925154209136963
2008-07-21,68700,7.900000095367432,8.0,8.300000190734863,7.400000095367432,7.925154209136963
2008-07-18,118100,8.100000381469727,7.400000095367432,8.5,7.199999809265137,7.330767631530762
2008-07-17,284200,7.5,7.900000095367432,8.5,7.300000190734863,7.826089859008789
2008-07-16,60800,7.5,6.900000095367432,7.5,6.699999809265137,6.835445404052734
2008-07-15,80900,7.0,7.5,7.5,6.800000190734863,7.4298319816589355
2008-07-14,32900,7.5,7.0,7.599999904632568,7.0,6.934509754180908
2008-07-11,22500,7.599999904632568,7.5,7.699999809265137,7.5,7.4298319816589355
2008-07-10,21600,7.800000190734863,7.599999904632568,7.900000095367432,7.5,7.528896331787109
2008-07-09,29500,7.599999904632568,7.5,7.900000095367432,7.5,7.4298319816589355
2008-07-08,61000,7.699999809265137,7.599999904632568,8.399999618530273,7.5,7.528896331787109
2008-07-07,29300,8.100000381469727,7.900000095367432,8.199999809265137,7.900000095367432,7.826089859008789
2008-07-03,16600,8.199999809265137,8.100000381469727,8.199999809265137,8.100000381469727,8.024218559265137
2008-07-02,21400,8.0,8.0,8.300000190734863,8.0,7.925154209136963
2008-07-01,35200,8.399999618530273,8.0,8.399999618530273,8.0,7.925154209136963
2008-06-30,61500,8.100000381469727,8.5,8.699999809265137,8.0,8.420475959777832
2008-06-27,2160200,8.399999618530273,8.100000381469727,8.699999809265137,7.5,8.024218559265137
2008-06-26,103800,8.0,8.100000381469727,8.399999618530273,7.599999904632568,8.024218559265137
2008-06-25,25100,8.0,8.899999618530273,8.899999618530273,8.0,8.816733360290527
2008-06-24,42400,8.5,8.0,8.5,8.0,7.925154209136963
2008-06-23,41100,8.100000381469727,8.5,8.899999618530273,8.100000381469727,8.420475959777832
2008-06-20,121000,8.300000190734863,8.100000381469727,8.5,8.100000381469727,8.024218559265137
2008-06-19,22900,8.399999618530273,8.5,8.600000381469727,8.199999809265137,8.420475959777832
2008-06-18,76200,8.699999809265137,8.699999809265137,8.699999809265137,8.199999809265137,8.61860466003418
2008-06-17,18100,8.5,8.600000381469727,8.699999809265137,8.5,8.519540786743164
2008-06-16,39400,8.5,8.699999809265137,8.699999809265137,8.399999618530273,8.61860466003418
2008-06-13,26200,8.199999809265137,8.5,8.5,8.100000381469727,8.420475959777832
2008-06-12,23800,8.199999809265137,8.199999809265137,8.5,8.199999809265137,8.123282432556152
2008-06-11,30900,8.5,8.199999809265137,8.5,8.199999809265137,8.123282432556152
2008-06-10,27400,8.199999809265137,8.300000190734863,8.899999618530273,8.199999809265137,8.222347259521484
2008-06-09,58600,8.800000190734863,8.300000190734863,8.800000190734863,8.100000381469727,8.222347259521484
2008-06-06,38000,8.5,8.199999809265137,8.800000190734863,8.199999809265137,8.123282432556152
2008-06-05,66300,8.399999618530273,8.5,8.800000190734863,8.300000190734863,8.420475959777832
2008-06-04,30600,8.300000190734863,8.399999618530273,8.600000381469727,8.0,8.3214111328125
2008-06-03,64000,8.600000381469727,8.300000190734863,9.399999618530273,8.300000190734863,8.222347259521484
2008-06-02,64300,8.800000190734863,8.5,8.800000190734863,8.199999809265137,8.420475959777832
2008-05-30,42300,8.899999618530273,8.800000190734863,8.899999618530273,8.399999618530273,8.717669486999512
2008-05-29,60300,8.600000381469727,8.800000190734863,8.899999618530273,8.5,8.717669486999512
2008-05-28,32400,8.699999809265137,8.600000381469727,8.699999809265137,8.5,8.519540786743164
2008-05-27,52900,8.5,8.5,9.399999618530273,8.300000190734863,8.420475959777832
2008-05-23,39900,8.699999809265137,8.699999809265137,8.899999618530273,8.600000381469727,8.61860466003418
2008-05-22,28800,8.600000381469727,8.600000381469727,8.899999618530273,8.600000381469727,8.519540786743164
2008-05-21,55500,8.800000190734863,8.600000381469727,9.0,8.600000381469727,8.519540786743164
2008-05-20,41400,9.100000381469727,9.100000381469727,9.100000381469727,8.800000190734863,9.014863014221191
2008-05-19,60600,8.800000190734863,8.5,9.100000381469727,8.5,8.420475959777832
2008-05-16,102000,9.199999809265137,9.0,9.199999809265137,8.699999809265137,8.91579818725586
2008-05-15,64300,9.100000381469727,8.199999809265137,9.199999809265137,8.199999809265137,8.123282432556152
2008-05-14,41700,9.100000381469727,8.699999809265137,9.100000381469727,8.699999809265137,8.61860466003418
2008-05-13,43100,9.300000190734863,8.899999618530273,9.300000190734863,8.800000190734863,8.816733360290527
2008-05-12,60400,8.899999618530273,9.300000190734863,9.300000190734863,8.899999618530273,9.212991714477539
2008-05-09,58900,8.5,9.300000190734863,9.300000190734863,8.5,9.212991714477539
2008-05-08,58900,8.600000381469727,8.600000381469727,9.300000190734863,8.600000381469727,8.519540786743164
2008-05-07,98100,9.399999618530273,9.0,9.600000381469727,8.600000381469727,8.91579818725586
2008-05-06,59500,9.300000190734863,8.199999809265137,9.399999618530273,8.199999809265137,8.123282432556152
2008-05-05,59000,9.399999618530273,9.100000381469727,9.5,9.0,9.014863014221191
2008-05-02,64600,9.800000190734863,9.399999618530273,9.800000190734863,9.300000190734863,9.312055587768555
2008-05-01,112500,9.600000381469727,9.699999809265137,10.0,9.199999809265137,9.609249114990234
2008-04-30,54800,9.399999618530273,9.600000381469727,9.600000381469727,9.199999809265137,9.510185241699219
2008-04-29,46000,9.300000190734863,9.5,9.5,9.199999809265137,9.411120414733887
2008-04-28,40700,9.399999618530273,9.399999618530273,9.5,9.199999809265137,9.312055587768555
2008-04-25,31400,9.600000381469727,9.199999809265137,9.600000381469727,9.199999809265137,9.113926887512207
2008-04-24,42000,9.199999809265137,9.600000381469727,9.600000381469727,9.100000381469727,9.510185241699219
2008-04-23,40500,9.0,9.100000381469727,9.5,9.0,9.014863014221191
2008-04-22,64200,9.399999618530273,9.199999809265137,9.600000381469727,8.699999809265137,9.113926887512207
2008-04-21,59400,9.0,9.300000190734863,9.5,9.0,9.212991714477539
2008-04-18,103700,9.399999618530273,9.100000381469727,9.5,9.0,9.014863014221191
2008-04-17,56800,9.399999618530273,9.399999618530273,9.399999618530273,9.0,9.312055587768555
2008-04-16,76700,9.0,9.100000381469727,9.5,9.0,9.014863014221191
2008-04-15,141300,9.0,9.399999618530273,9.5,8.399999618530273,9.312055587768555
2008-04-14,188600,9.600000381469727,8.399999618530273,9.800000190734863,8.100000381469727,8.3214111328125
2008-04-11,247200,9.600000381469727,9.899999618530273,9.899999618530273,8.0,9.807377815246582
2008-04-10,32500,9.600000381469727,9.600000381469727,9.800000190734863,9.600000381469727,9.510185241699219
2008-04-09,63200,9.699999809265137,9.699999809265137,9.800000190734863,9.5,9.609249114990234
2008-04-08,38800,9.600000381469727,9.5,9.800000190734863,9.5,9.411120414733887
2008-04-07,25500,9.699999809265137,9.600000381469727,9.800000190734863,9.600000381469727,9.510185241699219
2008-04-04,55000,9.600000381469727,9.699999809265137,9.800000190734863,9.600000381469727,9.609249114990234
2008-04-03,48200,9.600000381469727,9.600000381469727,9.899999618530273,9.600000381469727,9.510185241699219
2008-04-02,60300,10.0,9.699999809265137,10.0,9.600000381469727,9.609249114990234
2008-04-01,121300,10.0,9.899999618530273,10.5,9.699999809265137,9.807377815246582
2008-03-31,73100,10.0,9.800000190734863,10.199999809265137,9.699999809265137,9.708313941955566
2008-03-28,33900,10.100000381469727,10.199999809265137,10.199999809265137,10.0,10.104571342468262
2008-03-27,63000,10.300000190734863,10.100000381469727,10.300000190734863,10.0,10.005507469177246
2008-03-26,111800,10.399999618530273,9.800000190734863,10.399999618530273,9.800000190734863,9.708313941955566
2008-03-25,70300,10.199999809265137,10.199999809265137,10.399999618530273,10.100000381469727,10.104571342468262
2008-03-24,63600,10.5,10.399999618530273,10.600000381469727,9.100000381469727,10.30270004272461
2008-03-20,391600,11.5,10.600000381469727,11.5,9.5,10.500829696655273
2008-03-19,84400,10.0,9.699999809265137,10.199999809265137,9.699999809265137,9.609249114990234
2008-03-18,59800,9.600000381469727,9.699999809265137,9.899999618530273,9.399999618530273,9.609249114990234
2008-03-17,69800,9.600000381469727,9.199999809265137,9.600000381469727,9.100000381469727,9.113926887512207
2008-03-14,55200,9.600000381469727,9.199999809265137,9.600000381469727,9.199999809265137,9.113926887512207
2008-03-13,106200,9.800000190734863,9.100000381469727,9.800000190734863,9.100000381469727,9.014863014221191
2008-03-12,64300,9.800000190734863,9.800000190734863,9.899999618530273,9.100000381469727,9.708313941955566
2008-03-11,95200,9.199999809265137,9.399999618530273,9.5,9.100000381469727,9.312055587768555
2008-03-10,63600,9.699999809265137,9.199999809265137,9.800000190734863,9.199999809265137,9.113926887512207
2008-03-07,86100,9.5,9.600000381469727,9.800000190734863,9.399999618530273,9.510185241699219
2008-03-06,81500,10.0,9.600000381469727,10.5,9.600000381469727,9.510185241699219
2008-03-05,155800,9.5,10.100000381469727,10.5,9.300000190734863,10.005507469177246
2008-03-04,155900,10.0,9.300000190734863,10.100000381469727,9.199999809265137,9.212991714477539
2008-03-03,233900,10.399999618530273,10.0,10.5,9.800000190734863,9.906442642211914
2008-02-29,102700,10.800000190734863,10.199999809265137,10.899999618530273,10.199999809265137,10.104571342468262
2008-02-28,212500,11.0,10.800000190734863,11.100000381469727,10.399999618530273,10.698958396911621
2008-02-27,142400,10.600000381469727,11.0,11.0,10.5,10.897087097167969
2008-02-26,96600,10.300000190734863,10.399999618530273,10.699999809265137,10.300000190734863,10.30270004272461
2008-02-25,57900,10.300000190734863,10.199999809265137,10.399999618530273,10.199999809265137,10.104571342468262
2008-02-22,98000,10.399999618530273,10.300000190734863,10.399999618530273,10.100000381469727,10.203636169433594
2008-02-21,53500,10.399999618530273,10.399999618530273,10.600000381469727,10.300000190734863,10.30270004272461
2008-02-20,42600,10.300000190734863,10.399999618530273,10.5,10.300000190734863,10.30270004272461
2008-02-19,140500,10.600000381469727,10.300000190734863,10.699999809265137,10.300000190734863,10.203636169433594
2008-02-15,104600,10.5,10.5,10.699999809265137,10.399999618530273,10.401764869689941
2008-02-14,56400,10.800000190734863,11.0,11.0,10.5,10.897087097167969
2008-02-13,56300,10.699999809265137,11.100000381469727,11.100000381469727,10.600000381469727,10.9961519241333
2008-02-12,40500,10.5,10.600000381469727,10.699999809265137,10.5,10.500829696655273
2008-02-11,107400,10.5,10.5,10.699999809265137,10.399999618530273,10.401764869689941
2008-02-08,65300,10.600000381469727,10.600000381469727,10.600000381469727,10.300000190734863,10.500829696655273
2008-02-07,37500,10.399999618530273,10.5,10.600000381469727,10.399999618530273,10.401764869689941
2008-02-06,66500,10.699999809265137,10.399999618530273,10.800000190734863,10.399999618530273,10.30270004272461
2008-02-05,105300,10.5,11.199999809265137,11.199999809265137,10.300000190734863,11.095215797424316
2008-02-04,88600,10.699999809265137,10.399999618530273,11.0,10.399999618530273,10.30270004272461
2008-02-01,91900,10.899999618530273,10.399999618530273,11.100000381469727,10.399999618530273,10.30270004272461
2008-01-31,67700,10.699999809265137,10.699999809265137,11.5,10.699999809265137,10.599893569946289
2008-01-30,170600,10.699999809265137,10.699999809265137,11.300000190734863,10.600000381469727,10.599893569946289
2008-01-29,88700,10.600000381469727,10.699999809265137,11.0,10.5,10.599893569946289
2008-01-28,49200,10.399999618530273,10.399999618530273,10.899999618530273,10.300000190734863,10.30270004272461
2008-01-25,74300,10.800000190734863,10.199999809265137,10.800000190734863,10.199999809265137,10.104571342468262
2008-01-24,107700,10.899999618530273,10.5,10.899999618530273,10.399999618530273,10.401764869689941
2008-01-23,266800,10.300000190734863,10.600000381469727,11.399999618530273,10.300000190734863,10.500829696655273
2008-01-22,349600,10.899999618530273,10.699999809265137,11.199999809265137,10.300000190734863,10.599893569946289
2008-01-18,81100,11.5,11.300000190734863,11.5,11.100000381469727,11.194280624389648
2008-01-17,61000,11.5,11.399999618530273,11.600000381469727,11.199999809265137,11.293344497680664
2008-01-16,44200,11.199999809265137,11.5,11.600000381469727,11.100000381469727,11.392409324645996
2008-01-15,109400,11.800000190734863,11.300000190734863,11.800000190734863,11.0,11.194280624389648
2008-01-14,42400,11.699999809265137,11.699999809265137,11.800000190734863,11.600000381469727,11.590538024902344
2008-01-11,114600,11.699999809265137,11.5,12.100000381469727,11.5,11.392409324645996
2008-01-10,62800,11.699999809265137,11.800000190734863,11.899999618530273,11.600000381469727,11.689602851867676
2008-01-09,103100,11.800000190734863,11.600000381469727,11.800000190734863,11.5,11.491474151611328
2008-01-08,89500,11.699999809265137,11.699999809265137,12.0,11.600000381469727,11.590538024902344
2008-01-07,89400,11.600000381469727,11.800000190734863,11.899999618530273,11.600000381469727,11.689602851867676
2008-01-04,99600,11.600000381469727,11.600000381469727,11.800000190734863,11.5,11.491474151611328
2008-01-03,78100,11.600000381469727,11.600000381469727,11.899999618530273,11.5,11.491474151611328
2008-01-02,80400,11.699999809265137,11.699999809265137,12.0,11.600000381469727,11.590538024902344
2007-12-31,113500,11.699999809265137,11.800000190734863,12.100000381469727,11.600000381469727,11.689602851867676
2007-12-28,77400,11.600000381469727,12.0,12.300000190734863,11.600000381469727,11.887731552124023
2007-12-27,64300,12.199999809265137,11.699999809265137,12.399999618530273,11.699999809265137,11.590538024902344
2007-12-26,60600,12.100000381469727,12.399999618530273,12.399999618530273,11.699999809265137,12.283988952636719
2007-12-24,48600,12.5,12.199999809265137,12.800000190734863,11.899999618530273,12.085860252380371
2007-12-21,244300,11.800000190734863,12.600000381469727,12.800000190734863,11.800000190734863,12.482118606567383
2007-12-20,93800,12.100000381469727,12.5,12.5,11.399999618530273,12.38305377960205
2007-12-19,70000,11.600000381469727,12.100000381469727,12.300000190734863,11.199999809265137,11.986796379089355
2007-12-18,82700,11.5,11.600000381469727,11.699999809265137,11.0,11.491474151611328
2007-12-17,67700,11.5,11.0,11.600000381469727,11.0,10.897087097167969
2007-12-14,66400,12.0,11.600000381469727,12.0,11.300000190734863,11.491474151611328
2007-12-13,57600,12.100000381469727,12.0,12.300000190734863,11.0,11.887731552124023
2007-12-12,75400,12.399999618530273,12.300000190734863,12.800000190734863,11.899999618530273,12.184925079345703
2007-12-11,126600,12.5,11.600000381469727,12.899999618530273,10.600000381469727,11.491474151611328
2007-12-10,282700,11.600000381469727,12.5,12.800000190734863,11.600000381469727,12.38305377960205
2007-12-07,185900,11.0,11.600000381469727,12.199999809265137,11.0,11.491474151611328
2007-12-06,180000,10.600000381469727,11.5,11.5,10.600000381469727,11.392409324645996
2007-12-05,83900,10.399999618530273,10.800000190734863,11.0,10.399999618530273,10.698958396911621
2007-12-04,130800,10.699999809265137,10.199999809265137,11.0,10.199999809265137,10.104571342468262
2007-12-03,131000,10.800000190734863,10.800000190734863,11.300000190734863,10.699999809265137,10.698958396911621
2007-11-30,133000,10.899999618530273,11.199999809265137,11.5,10.600000381469727,11.095215797424316
2007-11-29,168900,10.600000381469727,10.699999809265137,11.100000381469727,10.399999618530273,10.599893569946289
2007-11-28,220200,10.5,10.699999809265137,10.699999809265137,10.100000381469727,10.599893569946289
2007-11-27,115200,10.5,10.0,10.5,10.0,9.906442642211914
2007-11-26,479600,11.0,10.0,11.0,10.0,9.906442642211914
2007-11-23,32500,10.800000190734863,10.899999618530273,11.0,10.699999809265137,10.798022270202637
2007-11-21,57500,10.899999618530273,10.600000381469727,11.0,10.600000381469727,10.500829696655273
2007-11-20,61800,10.800000190734863,10.800000190734863,11.0,10.800000190734863,10.698958396911621
2007-11-19,77000,10.800000190734863,10.899999618530273,11.0,10.699999809265137,10.798022270202637
2007-11-16,110500,10.899999618530273,10.800000190734863,11.199999809265137,10.699999809265137,10.698958396911621
2007-11-15,76800,11.0,11.0,11.199999809265137,10.800000190734863,10.897087097167969
2007-11-14,56800,11.0,10.800000190734863,11.0,10.699999809265137,10.698958396911621
2007-11-13,81900,11.100000381469727,10.699999809265137,11.199999809265137,10.600000381469727,10.599893569946289
2007-11-12,58500,11.199999809265137,11.0,11.199999809265137,10.699999809265137,10.897087097167969
2007-11-09,109100,11.0,11.300000190734863,11.300000190734863,10.600000381469727,11.194280624389648
2007-11-08,199000,11.600000381469727,10.800000190734863,11.600000381469727,10.399999618530273,10.698958396911621
2007-11-07,215100,11.800000190734863,10.899999618530273,11.800000190734863,10.800000190734863,10.798022270202637
2007-11-06,495400,12.0,11.699999809265137,12.5,11.600000381469727,11.590538024902344
2007-11-05,92400,11.300000190734863,11.699999809265137,11.699999809265137,11.100000381469727,11.590538024902344
2007-11-02,70100,11.199999809265137,11.300000190734863,11.5,11.100000381469727,11.194280624389648
2007-11-01,116600,11.399999618530273,11.0,11.5,11.0,10.897087097167969
2007-10-31,81300,11.5,11.5,11.600000381469727,11.199999809265137,11.392409324645996
2007-10-30,55000,11.399999618530273,11.5,11.600000381469727,11.399999618530273,11.392409324645996
2007-10-29,82700,11.5,11.399999618530273,11.600000381469727,11.399999618530273,11.293344497680664
2007-10-26,88600,11.5,11.600000381469727,11.600000381469727,11.399999618530273,11.491474151611328
2007-10-25,68900,11.5,11.399999618530273,11.600000381469727,11.399999618530273,11.293344497680664
2007-10-24,83500,11.5,11.399999618530273,11.699999809265137,11.300000190734863,11.293344497680664
2007-10-23,91100,11.5,11.600000381469727,11.699999809265137,11.399999618530273,11.491474151611328
2007-10-22,70600,11.5,11.5,11.699999809265137,11.399999618530273,11.392409324645996
2007-10-19,84300,11.699999809265137,11.600000381469727,11.899999618530273,11.5,11.491474151611328
2007-10-18,44700,11.699999809265137,11.600000381469727,11.699999809265137,11.5,11.491474151611328
2007-10-17,74700,11.600000381469727,11.699999809265137,11.699999809265137,11.300000190734863,11.590538024902344
2007-10-16,55200,11.600000381469727,11.5,11.699999809265137,11.5,11.392409324645996
2007-10-15,66300,11.600000381469727,11.600000381469727,11.800000190734863,11.5,11.491474151611328
2007-10-12,38700,12.0,11.699999809265137,12.0,11.600000381469727,11.590538024902344
2007-10-11,52300,12.0,11.899999618530273,12.0,11.800000190734863,11.788666725158691
2007-10-10,54000,12.0,11.899999618530273,12.100000381469727,11.800000190734863,11.788666725158691
2007-10-09,103700,11.899999618530273,11.899999618530273,12.100000381469727,11.699999809265137,11.788666725158691
2007-10-08,54000,11.800000190734863,12.0,12.0,11.699999809265137,11.887731552124023
2007-10-05,72300,11.800000190734863,11.899999618530273,12.100000381469727,11.600000381469727,11.788666725158691
2007-10-04,34600,11.899999618530273,11.800000190734863,11.899999618530273,11.600000381469727,11.689602851867676
2007-10-03,70700,12.0,11.699999809265137,12.0,11.600000381469727,11.590538024902344
2007-10-02,74300,12.100000381469727,12.100000381469727,12.100000381469727,11.899999618530273,11.986796379089355
2007-10-01,196400,11.5,12.100000381469727,12.100000381469727,11.399999618530273,11.986796379089355
2007-09-28,109300,11.800000190734863,11.5,11.800000190734863,11.199999809265137,11.392409324645996
2007-09-27,50500,11.5,11.800000190734863,11.800000190734863,11.5,11.689602851867676
2007-09-26,69000,11.699999809265137,11.600000381469727,11.899999618530273,11.399999618530273,11.491474151611328
2007-09-25,105200,12.0,11.699999809265137,12.100000381469727,11.699999809265137,11.590538024902344
2007-09-24,84000,11.899999618530273,12.100000381469727,12.199999809265137,11.800000190734863,11.986796379089355
2007-09-21,178100,11.5,12.300000190734863,12.300000190734863,11.5,12.184925079345703
2007-09-20,124800,11.0,11.399999618530273,11.5,11.0,11.293344497680664
2007-09-19,91700,10.699999809265137,11.0,11.199999809265137,10.699999809265137,10.897087097167969
2007-09-18,136100,11.0,10.899999618530273,11.0,10.199999809265137,10.798022270202637
2007-09-17,95000,11.0,11.0,11.199999809265137,10.899999618530273,10.897087097167969
2007-09-14,40600,11.199999809265137,11.199999809265137,11.300000190734863,11.100000381469727,11.095215797424316
2007-09-13,46900,11.399999618530273,11.100000381469727,11.5,11.100000381469727,10.9961519241333
2007-09-12,28100,11.300000190734863,11.300000190734863,11.399999618530273,11.199999809265137,11.194280624389648
2007-09-11,39200,11.399999618530273,11.300000190734863,11.5,11.199999809265137,11.194280624389648
2007-09-10,77800,11.399999618530273,11.300000190734863,11.5,11.199999809265137,11.194280624389648
2007-09-07,69200,11.399999618530273,11.199999809265137,11.600000381469727,11.199999809265137,11.095215797424316
2007-09-06,74300,11.5,11.600000381469727,11.800000190734863,11.300000190734863,11.491474151611328
2007-09-05,76700,11.800000190734863,11.5,12.0,11.5,11.392409324645996
2007-09-04,84600,11.300000190734863,11.800000190734863,11.899999618530273,11.300000190734863,11.689602851867676
2007-08-31,57000,11.5,11.5,11.5,11.300000190734863,11.392409324645996
2007-08-30,60200,11.300000190734863,11.300000190734863,11.5,11.199999809265137,11.194280624389648
2007-08-29,46300,11.300000190734863,11.5,11.600000381469727,11.100000381469727,11.392409324645996
2007-08-28,122600,11.600000381469727,11.300000190734863,11.600000381469727,11.0,11.194280624389648
2007-08-27,72400,12.0,11.600000381469727,12.0,11.5,11.491474151611328
2007-08-24,103300,11.600000381469727,12.0,12.0,11.600000381469727,11.887731552124023
2007-08-23,65600,12.0,11.600000381469727,12.0,11.5,11.491474151611328
2007-08-22,81500,12.0,12.0,12.0,11.600000381469727,11.887731552124023
2007-08-21,66500,12.0,11.800000190734863,12.0,11.699999809265137,11.689602851867676
2007-08-20,84800,12.0,11.800000190734863,12.100000381469727,11.699999809265137,11.689602851867676
2007-08-17,221800,11.800000190734863,12.100000381469727,12.800000190734863,11.600000381469727,11.986796379089355
2007-08-16,279700,10.699999809265137,12.5,12.5,10.600000381469727,12.38305377960205
2007-08-15,124200,11.600000381469727,11.0,11.600000381469727,10.899999618530273,10.897087097167969
2007-08-14,156700,11.600000381469727,11.5,11.699999809265137,11.300000190734863,11.392409324645996
2007-08-13,211300,11.399999618530273,11.399999618530273,11.699999809265137,11.399999618530273,11.293344497680664
2007-08-10,214500,11.300000190734863,11.399999618530273,11.699999809265137,10.800000190734863,11.293344497680664
2007-08-09,147200,11.800000190734863,11.199999809265137,11.899999618530273,11.100000381469727,11.095215797424316
2007-08-08,462800,11.600000381469727,11.699999809265137,11.800000190734863,10.699999809265137,11.590538024902344
2007-08-07,198900,10.600000381469727,10.399999618530273,10.899999618530273,10.100000381469727,10.30270004272461
2007-08-06,186400,11.0,10.300000190734863,11.100000381469727,10.100000381469727,10.203636169433594
2007-08-03,168900,11.199999809265137,11.0,11.800000190734863,10.5,10.897087097167969
2007-08-02,170000,10.899999618530273,11.199999809265137,11.600000381469727,10.399999618530273,11.095215797424316
2007-08-01,172400,10.300000190734863,10.899999618530273,11.600000381469727,10.300000190734863,10.798022270202637
2007-07-31,174700,10.399999618530273,10.800000190734863,10.899999618530273,10.100000381469727,10.698958396911621
2007-07-30,230400,10.899999618530273,10.399999618530273,11.100000381469727,10.399999618530273,10.30270004272461
2007-07-27,120400,11.100000381469727,10.899999618530273,11.199999809265137,10.899999618530273,10.798022270202637
2007-07-26,119000,11.199999809265137,11.199999809265137,11.399999618530273,11.0,11.095215797424316
2007-07-25,158700,11.199999809265137,11.399999618530273,11.5,11.0,11.293344497680664
2007-07-24,223500,11.600000381469727,11.199999809265137,11.600000381469727,11.0,11.095215797424316
2007-07-23,109500,11.899999618530273,11.600000381469727,12.0,11.600000381469727,11.491474151611328
2007-07-20,139600,12.199999809265137,11.699999809265137,12.300000190734863,11.600000381469727,11.590538024902344
2007-07-19,63300,12.199999809265137,12.199999809265137,12.300000190734863,12.0,12.085860252380371
2007-07-18,119100,12.0,12.100000381469727,12.300000190734863,11.800000190734863,11.986796379089355
2007-07-17,319700,12.699999809265137,12.199999809265137,12.899999618530273,12.0,12.085860252380371
2007-07-16,73400,12.699999809265137,12.800000190734863,12.800000190734863,12.600000381469727,12.68024730682373
2007-07-13,180800,12.899999618530273,12.800000190734863,13.300000190734863,12.600000381469727,12.68024730682373
2007-07-12,106000,12.800000190734863,12.899999618530273,12.899999618530273,12.5,12.779311180114746
2007-07-11,191400,13.100000381469727,12.699999809265137,13.100000381469727,12.5,12.581182479858398
2007-07-10,118700,13.199999809265137,13.100000381469727,13.399999618530273,13.0,12.97744083404541
2007-07-09,230900,13.699999809265137,13.399999618530273,13.800000190734863,13.0,13.274632453918457
2007-07-06,556200,13.399999618530273,13.699999809265137,13.699999809265137,13.300000190734863,13.571825981140137
2007-07-05,92900,13.699999809265137,13.5,13.699999809265137,13.0,13.373697280883789
2007-07-03,69700,13.800000190734863,13.699999809265137,13.800000190734863,13.5,13.571825981140137
2007-07-02,78500,13.800000190734863,13.800000190734863,13.800000190734863,13.600000381469727,13.670890808105469
2007-06-29,88100,13.800000190734863,13.699999809265137,13.800000190734863,13.600000381469727,13.571825981140137
2007-06-28,86100,13.600000381469727,13.699999809265137,13.699999809265137,13.600000381469727,13.571825981140137
2007-06-27,90500,13.699999809265137,13.600000381469727,13.800000190734863,13.600000381469727,13.472762107849121
2007-06-26,223200,13.699999809265137,13.899999618530273,13.899999618530273,13.699999809265137,13.769954681396484
2007-06-25,151100,13.800000190734863,13.600000381469727,13.899999618530273,13.600000381469727,13.472762107849121
2007-06-22,125200,13.899999618530273,13.800000190734863,14.0,13.800000190734863,13.670890808105469
2007-06-21,176800,13.800000190734863,14.0,14.0,13.800000190734863,13.869019508361816
2007-06-20,111600,14.0,13.899999618530273,14.100000381469727,13.800000190734863,13.769954681396484
2007-06-19,113600,14.0,13.899999618530273,14.100000381469727,13.699999809265137,13.769954681396484
2007-06-18,103700,14.100000381469727,14.100000381469727,14.100000381469727,13.800000190734863,13.968084335327148
2007-06-15,217900,13.800000190734863,14.0,14.399999618530273,13.800000190734863,13.869019508361816
2007-06-14,379900,13.800000190734863,13.600000381469727,14.100000381469727,13.5,13.472762107849121
2007-06-13,168800,13.899999618530273,13.800000190734863,14.100000381469727,13.699999809265137,13.670890808105469
2007-06-12,94700,14.100000381469727,13.899999618530273,14.100000381469727,13.5,13.769954681396484
2007-06-11,77900,14.199999809265137,14.199999809265137,14.300000190734863,14.0,14.067148208618164
2007-06-08,141200,13.5,14.300000190734863,14.399999618530273,13.399999618530273,14.166213035583496
2007-06-07,127200,14.600000381469727,13.600000381469727,14.800000190734863,13.600000381469727,13.472762107849121
2007-06-06,180800,13.899999618530273,14.600000381469727,14.600000381469727,13.5,14.463406562805176
2007-06-05,129300,14.100000381469727,14.0,14.199999809265137,14.0,13.869019508361816
2007-06-04,174700,14.300000190734863,14.100000381469727,14.5,14.0,13.968084335327148
2007-06-01,249200,14.0,14.300000190734863,14.399999618530273,13.899999618530273,14.166213035583496
2007-05-31,288200,13.399999618530273,13.899999618530273,13.899999618530273,13.300000190734863,13.769954681396484
2007-05-30,404400,12.600000381469727,13.399999618530273,13.5,12.5,13.274632453918457
2007-05-29,78300,12.800000190734863,12.800000190734863,12.899999618530273,12.699999809265137,12.68024730682373
2007-05-25,130900,12.699999809265137,12.800000190734863,13.0,12.699999809265137,12.68024730682373
2007-05-24,276700,12.699999809265137,12.600000381469727,12.899999618530273,12.199999809265137,12.482118606567383
2007-05-23,115600,12.899999618530273,12.699999809265137,13.0,12.600000381469727,12.581182479858398
2007-05-22,104200,12.800000190734863,12.899999618530273,12.899999618530273,12.600000381469727,12.779311180114746
2007-05-21,88100,13.0,12.899999618530273,13.100000381469727,12.699999809265137,12.779311180114746
2007-05-18,131800,12.699999809265137,13.0,13.0,12.600000381469727,12.878376007080078
2007-05-17,106300,12.899999618530273,12.600000381469727,13.0,12.600000381469727,12.482118606567383
2007-05-16,128200,13.100000381469727,13.0,13.100000381469727,12.800000190734863,12.878376007080078
2007-05-15,213600,13.199999809265137,13.0,13.300000190734863,12.600000381469727,12.878376007080078
2007-05-14,169100,13.199999809265137,13.100000381469727,13.300000190734863,13.0,12.97744083404541
2007-05-11,88300,13.0,13.100000381469727,13.100000381469727,12.899999618530273,12.97744083404541
2007-05-10,200100,13.199999809265137,12.800000190734863,13.300000190734863,12.800000190734863,12.68024730682373
2007-05-09,148600,13.100000381469727,13.300000190734863,13.600000381469727,13.100000381469727,13.175569534301758
2007-05-08,372900,13.5,13.5,13.699999809265137,13.0,13.373697280883789
2007-05-07,729200,13.0,13.100000381469727,13.399999618530273,12.699999809265137,12.97744083404541
2007-05-04,153700,12.800000190734863,13.0,13.100000381469727,12.800000190734863,12.878376007080078
2007-05-03,188400,13.199999809265137,13.199999809265137,13.199999809265137,12.699999809265137,13.076504707336426
2007-05-02,308000,12.899999618530273,13.100000381469727,13.199999809265137,12.699999809265137,12.97744083404541
2007-05-01,146500,13.0,12.899999618530273,13.100000381469727,12.5,12.779311180114746
2007-04-30,258800,12.699999809265137,12.899999618530273,13.199999809265137,12.699999809265137,12.779311180114746
2007-04-27,133700,13.199999809265137,12.600000381469727,13.300000190734863,12.5,12.482118606567383
2007-04-26,268400,12.899999618530273,13.100000381469727,13.100000381469727,12.600000381469727,12.97744083404541
2007-04-25,834100,12.5,12.899999618530273,13.100000381469727,12.399999618530273,12.779311180114746
2007-04-24,102900,12.5,12.399999618530273,12.600000381469727,12.399999618530273,12.283988952636719
2007-04-23,219400,12.600000381469727,12.5,12.800000190734863,12.300000190734863,12.38305377960205
2007-04-20,122600,12.699999809265137,12.5,12.699999809265137,12.199999809265137,12.38305377960205
2007-04-19,146600,12.199999809265137,12.300000190734863,12.5,12.0,12.184925079345703
2007-04-18,215500,12.100000381469727,12.300000190734863,12.5,12.100000381469727,12.184925079345703
2007-04-17,178700,12.899999618530273,12.199999809265137,12.899999618530273,12.100000381469727,12.085860252380371
2007-04-16,355800,12.0,12.800000190734863,12.800000190734863,11.800000190734863,12.68024730682373
2007-04-13,133000,12.300000190734863,12.0,12.300000190734863,11.800000190734863,11.887731552124023
2007-04-12,204000,11.899999618530273,12.100000381469727,12.100000381469727,11.800000190734863,11.986796379089355
2007-04-11,206900,11.899999618530273,12.0,12.0,11.600000381469727,11.887731552124023
2007-04-10,248300,11.800000190734863,12.0,12.0,11.5,11.887731552124023
2007-04-09,195900,10.699999809265137,11.5,11.5,10.5,11.392409324645996
2007-04-05,67700,10.800000190734863,10.699999809265137,11.0,10.699999809265137,10.599893569946289
2007-04-04,156900,10.899999618530273,10.899999618530273,10.899999618530273,10.5,10.798022270202637
2007-04-03,220100,10.399999618530273,10.699999809265137,10.800000190734863,10.399999618530273,10.599893569946289
2007-04-02,115400,10.899999618530273,10.399999618530273,10.899999618530273,10.399999618530273,10.30270004272461
2007-03-30,161900,11.0,10.699999809265137,11.0,10.399999618530273,10.599893569946289
2007-03-29,68700,10.800000190734863,10.800000190734863,11.0,10.600000381469727,10.698958396911621
2007-03-28,223100,11.100000381469727,10.800000190734863,11.100000381469727,10.699999809265137,10.698958396911621
2007-03-27,211800,11.0,10.899999618530273,11.199999809265137,10.899999618530273,10.798022270202637
2007-03-26,106800,11.0,10.899999618530273,11.300000190734863,10.899999618530273,10.798022270202637
2007-03-23,55600,11.100000381469727,11.100000381469727,11.199999809265137,10.899999618530273,10.9961519241333
2007-03-22,98300,10.899999618530273,11.100000381469727,11.300000190734863,10.800000190734863,10.9961519241333
2007-03-21,244700,11.300000190734863,11.100000381469727,11.399999618530273,10.899999618530273,10.9961519241333
2007-03-20,119500,11.300000190734863,11.199999809265137,11.5,10.899999618530273,11.095215797424316
2007-03-19,203800,10.699999809265137,11.300000190734863,11.399999618530273,10.699999809265137,11.194280624389648
2007-03-16,195700,10.800000190734863,10.899999618530273,11.0,10.5,10.798022270202637
2007-03-15,147600,10.699999809265137,10.800000190734863,10.800000190734863,10.199999809265137,10.698958396911621
2007-03-14,373700,11.0,10.5,11.0,10.100000381469727,10.401764869689941
2007-03-13,593200,11.600000381469727,11.0,11.699999809265137,10.5,10.897087097167969
2007-03-12,201800,11.600000381469727,11.899999618530273,11.899999618530273,11.399999618530273,11.788666725158691
2007-03-09,208500,11.699999809265137,11.5,11.699999809265137,11.100000381469727,11.392409324645996
2007-03-08,397700,12.199999809265137,11.600000381469727,12.399999618530273,11.199999809265137,11.491474151611328
2007-03-07,100500,12.100000381469727,12.0,12.199999809265137,11.899999618530273,11.887731552124023
2007-03-06,142800,12.300000190734863,12.0,12.300000190734863,11.800000190734863,11.887731552124023
2007-03-05,163400,12.300000190734863,11.800000190734863,12.300000190734863,11.800000190734863,11.689602851867676
2007-03-02,152200,12.5,12.300000190734863,12.800000190734863,12.100000381469727,12.184925079345703
2007-03-01,151800,12.600000381469727,12.600000381469727,12.699999809265137,12.199999809265137,12.482118606567383
2007-02-28,231700,12.5,12.699999809265137,12.800000190734863,12.5,12.581182479858398
2007-02-27,205200,13.199999809265137,12.5,13.300000190734863,12.399999618530273,12.38305377960205
2007-02-26,93900,13.699999809265137,13.5,13.699999809265137,13.300000190734863,13.373697280883789
2007-02-23,107000,13.899999618530273,13.699999809265137,13.899999618530273,13.5,13.571825981140137
2007-02-22,75300,13.899999618530273,13.899999618530273,14.0,13.600000381469727,13.769954681396484
2007-02-21,109300,13.699999809265137,13.800000190734863,14.199999809265137,13.699999809265137,13.670890808105469
2007-02-20,97800,13.600000381469727,13.800000190734863,14.0,13.5,13.670890808105469
2007-02-16,139000,14.0,13.600000381469727,14.199999809265137,13.600000381469727,13.472762107849121
2007-02-15,100000,14.300000190734863,14.0,14.300000190734863,13.899999618530273,13.869019508361816
2007-02-14,78300,14.300000190734863,14.199999809265137,14.399999618530273,14.0,14.067148208618164
2007-02-13,214400,14.100000381469727,14.300000190734863,14.600000381469727,14.100000381469727,14.166213035583496
2007-02-12,149800,14.399999618530273,14.100000381469727,14.399999618530273,13.899999618530273,13.968084335327148
2007-02-09,216900,14.0,14.100000381469727,14.699999809265137,13.800000190734863,13.968084335327148
2007-02-08,125200,13.5,13.899999618530273,14.199999809265137,13.5,13.769954681396484
2007-02-07,133200,13.699999809265137,14.0,14.300000190734863,13.600000381469727,13.869019508361816
2007-02-06,245000,13.800000190734863,13.600000381469727,13.899999618530273,13.0,13.472762107849121
2007-02-05,315800,15.0,13.399999618530273,15.100000381469727,13.300000190734863,13.274632453918457
2007-02-02,322800,13.199999809265137,14.899999618530273,14.899999618530273,13.100000381469727,14.760599136352539
2007-02-01,178900,13.0,13.100000381469727,13.199999809265137,12.800000190734863,12.97744083404541
2007-01-31,205600,13.100000381469727,12.800000190734863,13.199999809265137,12.800000190734863,12.68024730682373
2007-01-30,202600,12.800000190734863,12.899999618530273,13.100000381469727,12.699999809265137,12.779311180114746
2007-01-29,83000,13.100000381469727,12.699999809265137,13.100000381469727,12.5,12.581182479858398
2007-01-26,156600,12.899999618530273,13.100000381469727,13.100000381469727,12.699999809265137,12.97744083404541
2007-01-25,155300,13.0,12.800000190734863,13.100000381469727,12.5,12.68024730682373
2007-01-24,223500,13.199999809265137,13.100000381469727,13.300000190734863,12.800000190734863,12.97744083404541
2007-01-23,156900,13.0,13.199999809265137,13.199999809265137,12.800000190734863,13.076504707336426
2007-01-22,246700,12.5,12.800000190734863,13.100000381469727,12.399999618530273,12.68024730682373
2007-01-19,320300,12.0,12.5,12.699999809265137,12.0,12.38305377960205
2007-01-18,357500,12.5,12.0,12.600000381469727,11.699999809265137,11.887731552124023
2007-01-17,133000,12.300000190734863,12.5,12.600000381469727,12.199999809265137,12.38305377960205
2007-01-16,201500,13.0,12.5,13.100000381469727,12.399999618530273,12.38305377960205
2007-01-12,157600,13.199999809265137,13.0,13.5,12.899999618530273,12.878376007080078
2007-01-11,158300,13.0,13.399999618530273,13.600000381469727,13.0,13.274632453918457
2007-01-10,172900,13.100000381469727,13.199999809265137,13.399999618530273,13.100000381469727,13.076504707336426
2007-01-09,146200,13.800000190734863,13.5,13.899999618530273,13.199999809265137,13.373697280883789
2007-01-08,118400,13.800000190734863,13.800000190734863,13.899999618530273,13.600000381469727,13.670890808105469
2007-01-05,226800,13.399999618530273,13.899999618530273,14.100000381469727,13.300000190734863,13.769954681396484
2007-01-04,114800,13.100000381469727,13.399999618530273,13.5,12.899999618530273,13.274632453918457
2007-01-03,185000,12.800000190734863,13.100000381469727,13.5,12.5,12.97744083404541
2006-12-29,140900,12.699999809265137,12.800000190734863,12.800000190734863,12.399999618530273,12.68024730682373
2006-12-28,222800,12.600000381469727,12.800000190734863,13.100000381469727,12.100000381469727,12.68024730682373
2006-12-27,119700,12.5,12.699999809265137,12.699999809265137,12.199999809265137,12.581182479858398
2006-12-26,119000,12.100000381469727,12.199999809265137,13.300000190734863,12.100000381469727,12.085860252380371
2006-12-22,128900,12.300000190734863,12.5,12.600000381469727,12.100000381469727,12.38305377960205
2006-12-21,147300,12.300000190734863,12.5,12.600000381469727,12.0,12.38305377960205
2006-12-20,170200,11.800000190734863,12.300000190734863,12.399999618530273,11.800000190734863,12.184925079345703
2006-12-19,308100,12.5,11.899999618530273,12.800000190734863,11.800000190734863,11.788666725158691
2006-12-18,528500,13.5,12.899999618530273,13.800000190734863,12.800000190734863,12.779311180114746
2006-12-15,102100,13.899999618530273,13.600000381469727,14.199999809265137,13.5,13.472762107849121
2006-12-14,72200,13.800000190734863,13.800000190734863,13.899999618530273,13.5,13.670890808105469
2006-12-13,107100,14.0,13.5,14.199999809265137,13.5,13.373697280883789
2006-12-12,149500,14.5,14.0,14.699999809265137,13.600000381469727,13.869019508361816
2006-12-11,64500,14.800000190734863,14.600000381469727,14.800000190734863,14.300000190734863,14.463406562805176
2006-12-08,116000,14.0,14.699999809265137,14.899999618530273,13.800000190734863,14.562470436096191
2006-12-07,228500,14.800000190734863,14.5,15.0,13.699999809265137,14.364341735839844
2006-12-06,126900,14.600000381469727,14.800000190734863,15.0,14.600000381469727,14.661535263061523
2006-12-05,89800,14.899999618530273,14.699999809265137,15.0,14.699999809265137,14.562470436096191
2006-12-04,137800,14.600000381469727,15.0,15.399999618530273,14.600000381469727,14.859663963317871
2006-12-01,298000,15.5,14.899999618530273,15.5,14.5,14.760599136352539
2006-11-30,361300,16.5,16.299999237060547,16.600000381469727,16.200000762939453,16.14750099182129
2006-11-29,213800,15.399999618530273,16.100000381469727,16.299999237060547,15.300000190734863,15.949373245239258
2006-11-28,176800,15.0,15.199999809265137,15.199999809265137,14.5,15.057792663574219
2006-11-27,467000,16.700000762939453,15.100000381469727,16.799999237060547,13.800000190734863,14.958728790283203
2006-11-24,39200,17.0,16.700000762939453,17.0,16.600000381469727,16.543760299682617
2006-11-22,160800,16.899999618530273,17.0,17.100000381469727,16.5,16.840951919555664
2006-11-21,337400,17.200000762939453,16.899999618530273,17.5,16.799999237060547,16.74188804626465
2006-11-20,396900,16.200000762939453,17.100000381469727,17.200000762939453,16.0,16.940017700195312
2006-11-17,113600,16.0,15.899999618530273,16.0,15.600000381469727,15.751243591308594
2006-11-16,375600,15.399999618530273,15.899999618530273,16.299999237060547,15.100000381469727,15.751243591308594
2006-11-15,296900,15.800000190734863,15.399999618530273,16.100000381469727,15.100000381469727,15.255921363830566
2006-11-14,370200,14.800000190734863,16.0,16.0,14.399999618530273,15.850308418273926
2006-11-13,204100,13.899999618530273,14.699999809265137,14.899999618530273,13.899999618530273,14.562470436096191
2006-11-10,80700,14.100000381469727,13.899999618530273,14.199999809265137,13.600000381469727,13.769954681396484
2006-11-09,121600,14.0,14.100000381469727,14.300000190734863,13.800000190734863,13.968084335327148
2006-11-08,161300,13.600000381469727,14.0,14.0,13.300000190734863,13.869019508361816
2006-11-07,320200,13.5,13.800000190734863,14.5,13.300000190734863,13.670890808105469
2006-11-06,103900,13.399999618530273,13.300000190734863,13.5,13.0,13.175569534301758
2006-11-03,82500,13.100000381469727,13.300000190734863,13.399999618530273,12.800000190734863,13.175569534301758
2006-11-02,106100,13.100000381469727,12.899999618530273,13.100000381469727,12.5,12.779311180114746
2006-11-01,165300,13.300000190734863,12.800000190734863,13.5,12.100000381469727,12.68024730682373
2006-10-31,58900,13.300000190734863,13.300000190734863,13.5,13.100000381469727,13.175569534301758
2006-10-30,65900,13.0,13.300000190734863,13.5,13.0,13.175569534301758
2006-10-27,48700,13.399999618530273,13.100000381469727,13.5,13.100000381469727,12.97744083404541
2006-10-26,49600,13.399999618530273,13.399999618530273,13.5,13.0,13.274632453918457
2006-10-25,48700,13.100000381469727,13.300000190734863,13.399999618530273,13.0,13.175569534301758
2006-10-24,68300,13.699999809265137,13.5,13.699999809265137,13.300000190734863,13.373697280883789
2006-10-23,70200,13.399999618530273,13.600000381469727,13.600000381469727,13.300000190734863,13.472762107849121
2006-10-20,49400,13.600000381469727,13.399999618530273,13.600000381469727,13.300000190734863,13.274632453918457
2006-10-19,138000,13.199999809265137,13.5,13.5,13.0,13.373697280883789
2006-10-18,101100,13.199999809265137,13.0,13.300000190734863,12.600000381469727,12.878376007080078
2006-10-17,116000,13.100000381469727,13.100000381469727,13.300000190734863,12.699999809265137,12.97744083404541
2006-10-16,224100,13.699999809265137,13.199999809265137,13.800000190734863,12.899999618530273,13.076504707336426
2006-10-13,116100,13.399999618530273,13.699999809265137,13.699999809265137,12.899999618530273,13.571825981140137
2006-10-12,149600,13.199999809265137,13.300000190734863,13.600000381469727,13.100000381469727,13.175569534301758
2006-10-11,64900,13.5,13.399999618530273,13.899999618530273,13.300000190734863,13.274632453918457
2006-10-10,119000,13.600000381469727,13.600000381469727,13.899999618530273,13.399999618530273,13.472762107849121
2006-10-09,245200,13.600000381469727,13.899999618530273,14.0,13.600000381469727,13.769954681396484
2006-10-06,201000,13.600000381469727,13.600000381469727,13.800000190734863,12.699999809265137,13.472762107849121
2006-10-05,266600,13.899999618530273,13.600000381469727,14.100000381469727,13.399999618530273,13.472762107849121
2006-10-04,525500,12.899999618530273,13.699999809265137,13.699999809265137,12.600000381469727,13.571825981140137
2006-10-03,500800,11.100000381469727,12.600000381469727,12.800000190734863,11.100000381469727,12.482118606567383
2006-10-02,146000,11.300000190734863,11.100000381469727,11.5,11.0,10.9961519241333
2006-09-29,272600,11.300000190734863,11.300000190734863,11.600000381469727,11.100000381469727,11.194280624389648
2006-09-28,172200,11.600000381469727,11.5,11.699999809265137,11.300000190734863,11.392409324645996
2006-09-27,632000,11.699999809265137,11.300000190734863,11.699999809265137,11.199999809265137,11.194280624389648
2006-09-26,676600,11.5,11.0,11.800000190734863,11.0,10.897087097167969
2006-09-25,701300,12.199999809265137,10.899999618530273,12.399999618530273,9.899999618530273,10.798022270202637
2006-09-22,219100,12.600000381469727,12.399999618530273,12.899999618530273,11.699999809265137,12.283988952636719
2006-09-21,181000,13.199999809265137,12.699999809265137,13.5,12.100000381469727,12.581182479858398
2006-09-20,180200,13.699999809265137,13.100000381469727,13.899999618530273,12.899999618530273,12.97744083404541
2006-09-19,194900,14.100000381469727,13.5,14.199999809265137,13.300000190734863,13.373697280883789
2006-09-18,182200,14.300000190734863,14.100000381469727,14.5,13.399999618530273,13.968084335327148
2006-09-15,310200,14.699999809265137,14.300000190734863,14.800000190734863,13.800000190734863,14.166213035583496
2006-09-14,185500,13.5,14.5,14.899999618530273,13.300000190734863,14.364341735839844
2006-09-13,78500,13.699999809265137,13.699999809265137,13.800000190734863,13.5,13.571825981140137
2006-09-12,70400,13.399999618530273,13.699999809265137,13.699999809265137,13.399999618530273,13.571825981140137
2006-09-11,157400,13.5,13.399999618530273,13.899999618530273,13.199999809265137,13.274632453918457
2006-09-08,88800,13.300000190734863,13.5,13.600000381469727,13.100000381469727,13.373697280883789
2006-09-07,106600,13.5,13.100000381469727,13.600000381469727,13.100000381469727,12.97744083404541
2006-09-06,145900,14.100000381469727,13.5,14.199999809265137,13.199999809265137,13.373697280883789
2006-09-05,254800,14.199999809265137,14.0,14.399999618530273,13.5,13.869019508361816
2006-09-01,486800,13.100000381469727,13.899999618530273,14.199999809265137,13.100000381469727,13.769954681396484
2006-08-31,390700,12.5,13.0,13.0,12.199999809265137,12.878376007080078
2006-08-30,280200,12.199999809265137,12.199999809265137,12.300000190734863,11.699999809265137,12.085860252380371
2006-08-29,127700,12.0,11.899999618530273,12.0,11.699999809265137,11.788666725158691
2006-08-28,108900,11.800000190734863,12.0,12.0,11.600000381469727,11.887731552124023
2006-08-25,110300,11.5,11.699999809265137,11.899999618530273,11.399999618530273,11.590538024902344
2006-08-24,214800,11.600000381469727,11.399999618530273,12.0,11.199999809265137,11.293344497680664
2006-08-23,157600,12.5,11.800000190734863,12.600000381469727,11.600000381469727,11.689602851867676
2006-08-22,78600,12.600000381469727,12.5,12.600000381469727,12.199999809265137,12.38305377960205
2006-08-21,78900,12.5,12.600000381469727,12.800000190734863,12.5,12.482118606567383
2006-08-18,89300,13.100000381469727,12.800000190734863,13.100000381469727,12.5,12.68024730682373
2006-08-17,78300,13.100000381469727,12.899999618530273,13.100000381469727,12.600000381469727,12.779311180114746
2006-08-16,184000,12.699999809265137,12.899999618530273,13.100000381469727,12.600000381469727,12.779311180114746
2006-08-15,152600,13.100000381469727,12.600000381469727,13.199999809265137,12.300000190734863,12.482118606567383
2006-08-14,220600,13.100000381469727,12.899999618530273,13.300000190734863,12.800000190734863,12.779311180114746
2006-08-11,215200,12.800000190734863,12.699999809265137,12.899999618530273,12.300000190734863,12.581182479858398
2006-08-10,161700,12.0,12.300000190734863,12.5,11.100000381469727,12.184925079345703
2006-08-09,336400,12.5,12.100000381469727,12.800000190734863,12.0,11.986796379089355
2006-08-08,804400,10.699999809265137,12.0,12.399999618530273,10.699999809265137,11.887731552124023
2006-08-07,285800,9.699999809265137,10.300000190734863,10.399999618530273,9.600000381469727,10.203636169433594
2006-08-04,182000,9.5,9.600000381469727,9.899999618530273,9.300000190734863,9.510185241699219
2006-08-03,271500,10.100000381469727,9.699999809265137,10.600000381469727,9.0,9.609249114990234
2006-08-02,130800,9.399999618530273,9.899999618530273,9.899999618530273,9.0,9.807377815246582
2006-08-01,160500,9.399999618530273,9.399999618530273,9.600000381469727,9.199999809265137,9.312055587768555
2006-07-31,275800,9.5,9.399999618530273,9.600000381469727,8.899999618530273,9.312055587768555
2006-07-28,608200,9.199999809265137,8.899999618530273,9.300000190734863,8.5,8.816733360290527
2006-07-27,190600,9.699999809265137,9.100000381469727,9.699999809265137,9.0,9.014863014221191
2006-07-26,205900,9.699999809265137,9.399999618530273,9.800000190734863,9.199999809265137,9.312055587768555
2006-07-25,484200,9.300000190734863,9.699999809265137,9.699999809265137,8.800000190734863,9.609249114990234
2006-07-24,1303000,10.0,8.699999809265137,10.300000190734863,7.599999904632568,8.61860466003418
2006-07-21,418900,11.399999618530273,9.899999618530273,11.5,9.699999809265137,9.807377815246582
2006-07-20,121300,11.800000190734863,11.399999618530273,11.899999618530273,11.199999809265137,11.293344497680664
2006-07-19,184900,11.600000381469727,11.600000381469727,12.0,11.399999618530273,11.491474151611328
2006-07-18,115500,11.800000190734863,11.600000381469727,11.899999618530273,11.300000190734863,11.491474151611328
2006-07-17,88800,11.800000190734863,11.699999809265137,11.800000190734863,11.300000190734863,11.590538024902344
2006-07-14,77000,12.0,11.5,12.0,11.399999618530273,11.392409324645996
2006-07-13,309600,12.399999618530273,11.800000190734863,12.399999618530273,11.399999618530273,11.689602851867676
2006-07-12,157200,12.899999618530273,12.399999618530273,12.899999618530273,11.699999809265137,12.283988952636719
2006-07-11,75100,13.0,12.699999809265137,13.100000381469727,12.600000381469727,12.581182479858398
2006-07-10,142100,13.0,13.100000381469727,13.699999809265137,12.600000381469727,12.97744083404541
2006-07-07,84900,13.5,13.0,13.600000381469727,13.0,12.878376007080078
2006-07-06,124600,13.199999809265137,13.5,13.600000381469727,12.899999618530273,13.373697280883789
2006-07-05,220100,12.699999809265137,12.899999618530273,13.300000190734863,12.100000381469727,12.779311180114746
2006-07-03,159500,12.800000190734863,13.0,13.199999809265137,12.600000381469727,12.878376007080078
2006-06-30,266800,14.0,12.600000381469727,14.0,12.600000381469727,12.482118606567383
2006-06-29,142900,13.699999809265137,13.800000190734863,14.199999809265137,13.300000190734863,13.670890808105469
2006-06-28,77700,13.300000190734863,13.300000190734863,13.5,12.899999618530273,13.175569534301758
2006-06-27,231200,13.600000381469727,13.0,14.300000190734863,12.699999809265137,12.878376007080078
2006-06-26,263600,14.899999618530273,13.600000381469727,15.0,13.600000381469727,13.472762107849121
2006-06-23,106200,15.199999809265137,14.600000381469727,15.199999809265137,14.399999618530273,14.463406562805176
2006-06-22,168000,16.100000381469727,14.800000190734863,16.299999237060547,14.5,14.661535263061523
2006-06-21,422100,15.199999809265137,15.699999809265137,16.0,15.100000381469727,15.553114891052246
2006-06-20,222300,14.399999618530273,14.600000381469727,14.899999618530273,14.399999618530273,14.463406562805176
2006-06-19,195400,14.0,14.399999618530273,14.5,13.699999809265137,14.265276908874512
2006-06-16,415300,13.5,13.800000190734863,14.0,13.399999618530273,13.670890808105469
2006-06-15,488500,12.399999618530273,13.399999618530273,13.5,12.399999618530273,13.274632453918457
2006-06-14,422600,12.699999809265137,12.399999618530273,12.800000190734863,11.5,12.283988952636719
2006-06-13,670700,12.399999618530273,12.699999809265137,13.199999809265137,11.300000190734863,12.581182479858398
2006-06-12,793600,14.5,12.800000190734863,15.0,12.600000381469727,12.68024730682373
2006-06-09,851200,16.299999237060547,15.0,16.600000381469727,14.5,14.859663963317871
2006-06-08,1202700,17.100000381469727,16.399999618530273,17.100000381469727,15.399999618530273,16.246564865112305
2006-06-07,805500,17.399999618530273,17.100000381469727,17.799999237060547,16.600000381469727,16.940017700195312
2006-06-06,463300,17.700000762939453,17.100000381469727,17.700000762939453,16.399999618530273,16.940017700195312
2006-06-05,2260700,19.799999237060547,17.5,19.799999237060547,16.5,17.336275100708008
2006-06-02,1921000,24.100000381469727,19.100000381469727,24.100000381469727,18.0,18.921306610107422
2006-06-01,25100,30.100000381469727,30.399999618530273,30.399999618530273,29.5,30.115585327148438
2006-05-31,46200,28.799999237060547,29.799999237060547,30.200000762939453,28.700000762939453,29.521198272705078
2006-05-30,59500,30.600000381469727,29.0,30.899999618530273,28.600000381469727,28.728683471679688
2006-05-26,36600,30.600000381469727,30.600000381469727,30.899999618530273,30.100000381469727,30.3137149810791
2006-05-25,36400,29.399999618530273,30.600000381469727,30.600000381469727,29.100000381469727,30.3137149810791
2006-05-24,52600,28.700000762939453,29.0,29.5,28.200000762939453,28.728683471679688
2006-05-23,75500,30.600000381469727,28.299999237060547,30.899999618530273,28.200000762939453,28.035232543945312
2006-05-22,41300,31.0,30.100000381469727,31.100000381469727,30.100000381469727,29.81839370727539
2006-05-19,25000,31.100000381469727,31.0,31.299999237060547,30.5,30.709972381591797
2006-05-18,36400,30.899999618530273,31.100000381469727,31.200000762939453,30.799999237060547,30.809038162231445
2006-05-17,33300,30.5,30.700000762939453,31.0,30.5,30.41278076171875
2006-05-16,49800,30.100000381469727,30.600000381469727,31.0,30.0,30.3137149810791
2006-05-15,47000,30.100000381469727,30.200000762939453,30.600000381469727,30.0,29.917457580566406
2006-05-12,44600,31.299999237060547,30.600000381469727,31.399999618530273,30.600000381469727,30.3137149810791
2006-05-11,78900,32.900001525878906,31.700000762939453,32.900001525878906,31.299999237060547,31.403425216674805
2006-05-10,65600,32.79999923706055,33.0,33.20000076293945,32.29999923706055,32.691261291503906
2006-05-09,66500,33.79999923706055,33.099998474121094,33.900001525878906,32.599998474121094,32.79032516479492
2006-05-08,46100,33.599998474121094,33.79999923706055,34.099998474121094,33.29999923706055,33.4837760925293
2006-05-05,39200,34.400001525878906,33.599998474121094,34.70000076293945,33.099998474121094,33.28564453125
2006-05-04,160000,32.79999923706055,34.0,34.5,32.70000076293945,33.68190383911133
2006-05-03,63600,33.0,33.29999923706055,34.20000076293945,32.900001525878906,32.98845291137695
2006-05-02,36100,33.099998474121094,32.900001525878906,33.099998474121094,32.5,32.59219741821289
2006-05-01,47200,33.099998474121094,32.900001525878906,33.099998474121094,32.099998474121094,32.59219741821289
2006-04-28,30800,32.400001525878906,32.5,33.400001525878906,32.20000076293945,32.19593811035156
2006-04-27,73400,34.29999923706055,33.0,34.29999923706055,32.0,32.691261291503906
2006-04-26,29500,34.900001525878906,34.400001525878906,34.900001525878906,33.70000076293945,34.078163146972656
2006-04-25,57200,35.5,34.900001525878906,35.5,33.599998474121094,34.573486328125
2006-04-24,92400,34.70000076293945,35.5,35.5,34.20000076293945,35.16787338256836
2006-04-21,62200,36.0,34.70000076293945,36.0,33.400001525878906,34.37535858154297
2006-04-20,52000,35.599998474121094,34.79999923706055,36.0,34.29999923706055,34.47441864013672
2006-04-19,135000,33.900001525878906,36.099998474121094,36.099998474121094,33.20000076293945,35.76225662231445
2006-04-18,118000,31.899999618530273,33.79999923706055,34.0,31.399999618530273,33.4837760925293
2006-04-17,364600,31.799999237060547,31.799999237060547,32.0,31.200000762939453,31.502487182617188
2006-04-13,291800,32.79999923706055,31.600000381469727,32.900001525878906,31.100000381469727,31.304359436035156
2006-04-12,38300,32.5,32.70000076293945,32.900001525878906,32.20000076293945,32.39406967163086
2006-04-11,63300,32.900001525878906,32.29999923706055,33.0,32.20000076293945,31.9978084564209
2006-04-10,51600,32.70000076293945,32.70000076293945,33.0,32.5,32.39406967163086
2006-04-07,55500,32.20000076293945,32.599998474121094,32.70000076293945,32.20000076293945,32.29500198364258
2006-04-06,37800,32.099998474121094,32.29999923706055,32.400001525878906,32.0,31.9978084564209
2006-04-05,39400,32.5,32.400001525878906,32.5,32.0,32.09687423706055
2006-04-04,57800,32.20000076293945,32.400001525878906,32.5,32.0,32.09687423706055
2006-04-03,136400,31.5,32.099998474121094,32.400001525878906,31.299999237060547,31.799678802490234
2006-03-31,68700,30.899999618530273,31.600000381469727,31.600000381469727,30.799999237060547,31.304359436035156
2006-03-30,69700,30.399999618530273,30.899999618530273,30.899999618530273,29.600000381469727,30.61090850830078
2006-03-29,82500,30.299999237060547,30.5,30.5,29.5,30.214651107788086
2006-03-28,52000,30.600000381469727,30.600000381469727,31.0,30.299999237060547,30.3137149810791
2006-03-27,46900,31.399999618530273,30.799999237060547,31.700000762939453,30.5,30.511842727661133
2006-03-24,59100,31.299999237060547,31.5,31.799999237060547,30.600000381469727,31.20529556274414
2006-03-23,65600,31.799999237060547,31.200000762939453,32.20000076293945,30.5,30.90810203552246
2006-03-22,31900,31.200000762939453,31.600000381469727,31.899999618530273,30.899999618530273,31.304359436035156
2006-03-21,80400,30.5,31.200000762939453,31.899999618530273,30.299999237060547,30.90810203552246
2006-03-20,129300,31.799999237060547,30.5,31.899999618530273,30.299999237060547,30.214651107788086
2006-03-17,153000,32.0,32.0,32.0,31.399999618530273,31.70061683654785
2006-03-16,74500,31.5,32.0,32.0,31.299999237060547,31.70061683654785
2006-03-15,43700,32.099998474121094,31.299999237060547,32.5,31.0,31.007165908813477
2006-03-14,91100,30.399999618530273,32.099998474121094,32.400001525878906,30.299999237060547,31.799678802490234
2006-03-13,64000,30.399999618530273,30.700000762939453,31.0,29.700000762939453,30.41278076171875
2006-03-10,103700,30.5,30.0,30.899999618530273,29.5,29.719327926635742
2006-03-09,127300,33.0,30.700000762939453,33.0,30.100000381469727,30.41278076171875
2006-03-08,43800,33.900001525878906,32.900001525878906,34.0,32.900001525878906,32.59219741821289
2006-03-07,24700,34.099998474121094,34.0,34.5,34.0,33.68190383911133
2006-03-06,37800,34.29999923706055,34.599998474121094,36.0,34.29999923706055,34.27629089355469
2006-03-03,78200,34.0,35.29999923706055,36.29999923706055,33.5,34.96974182128906
2006-03-02,42500,35.0,34.099998474121094,35.0,33.79999923706055,33.780967712402344
2006-03-01,122600,33.900001525878906,35.0,35.400001525878906,33.400001525878906,34.672550201416016
2006-02-28,41700,34.29999923706055,33.79999923706055,34.79999923706055,33.099998474121094,33.4837760925293
2006-02-27,29000,33.70000076293945,34.900001525878906,35.0,33.599998474121094,34.573486328125
2006-02-24,23800,33.599998474121094,34.0,34.0,33.099998474121094,33.68190383911133
2006-02-23,42200,33.599998474121094,33.70000076293945,34.29999923706055,33.0,33.38471221923828
2006-02-22,27400,33.900001525878906,34.5,34.5,33.0,34.17722702026367
2006-02-21,36900,34.599998474121094,33.900001525878906,34.79999923706055,32.900001525878906,33.58284378051758
2006-02-17,32900,35.599998474121094,34.5,35.599998474121094,33.70000076293945,34.17722702026367
2006-02-16,48800,34.70000076293945,35.599998474121094,35.79999923706055,34.20000076293945,35.26693344116211
2006-02-15,27800,33.900001525878906,34.70000076293945,34.70000076293945,33.20000076293945,34.37535858154297
2006-02-14,43100,33.29999923706055,34.20000076293945,34.29999923706055,33.0,33.880035400390625
2006-02-13,47100,35.0,33.29999923706055,35.599998474121094,33.20000076293945,32.98845291137695
2006-02-10,61500,34.0,35.599998474121094,35.79999923706055,33.0,35.26693344116211
2006-02-09,33700,35.099998474121094,34.0,35.400001525878906,33.599998474121094,33.68190383911133
2006-02-08,41600,35.29999923706055,34.900001525878906,35.599998474121094,33.70000076293945,34.573486328125
2006-02-07,70900,36.599998474121094,35.20000076293945,37.29999923706055,34.20000076293945,34.87067794799805
2006-02-06,76700,35.79999923706055,37.400001525878906,37.5,34.5,37.05009841918945
2006-02-03,45600,35.099998474121094,35.599998474121094,35.79999923706055,34.20000076293945,35.26693344116211
2006-02-02,82700,35.5,35.099998474121094,35.70000076293945,33.79999923706055,34.77161407470703
2006-02-01,176900,35.0,35.70000076293945,36.400001525878906,34.29999923706055,35.36600112915039
2006-01-31,68500,34.79999923706055,34.599998474121094,34.79999923706055,34.0,34.27629089355469
2006-01-30,107800,33.0,34.79999923706055,34.900001525878906,33.0,34.47441864013672
2006-01-27,57600,34.29999923706055,33.20000076293945,34.70000076293945,33.20000076293945,32.88938903808594
2006-01-26,66500,33.900001525878906,33.70000076293945,34.29999923706055,32.79999923706055,33.38471221923828
2006-01-25,45800,32.79999923706055,33.400001525878906,33.70000076293945,32.29999923706055,33.087520599365234
2006-01-24,31800,32.400001525878906,32.599998474121094,33.0,31.600000381469727,32.29500198364258
2006-01-23,37400,30.200000762939453,32.29999923706055,32.400001525878906,30.200000762939453,31.9978084564209
2006-01-20,38300,31.200000762939453,30.100000381469727,31.799999237060547,30.100000381469727,29.81839370727539
2006-01-19,15800,30.399999618530273,30.799999237060547,30.799999237060547,30.0,30.511842727661133
2006-01-18,39000,30.100000381469727,30.200000762939453,31.0,29.700000762939453,29.917457580566406
2006-01-17,50600,31.0,30.299999237060547,31.399999618530273,30.299999237060547,30.016521453857422
2006-01-13,63200,31.100000381469727,31.5,31.600000381469727,30.200000762939453,31.20529556274414
2006-01-12,19900,30.899999618530273,31.100000381469727,31.200000762939453,30.600000381469727,30.809038162231445
2006-01-11,37300,30.899999618530273,31.200000762939453,31.5,30.600000381469727,30.90810203552246
2006-01-10,67800,31.5,30.899999618530273,32.29999923706055,30.700000762939453,30.61090850830078
2006-01-09,34600,31.299999237060547,31.799999237060547,32.70000076293945,30.799999237060547,31.502487182617188
2006-01-06,24300,32.0,31.700000762939453,39.5,30.700000762939453,31.403425216674805
2006-01-05,33100,30.700000762939453,31.100000381469727,31.200000762939453,30.299999237060547,30.809038162231445
2006-01-04,32000,31.5,30.799999237060547,31.5,30.399999618530273,30.511842727661133
2006-01-03,48000,31.0,31.100000381469727,31.799999237060547,29.0,30.809038162231445
2005-12-30,51600,30.799999237060547,31.0,31.899999618530273,30.200000762939453,30.709972381591797
2005-12-29,55000,31.5,31.299999237060547,32.5,30.700000762939453,31.007165908813477
2005-12-28,81200,32.70000076293945,31.600000381469727,32.70000076293945,30.899999618530273,31.304359436035156
2005-12-27,33700,33.0,32.400001525878906,33.29999923706055,31.600000381469727,32.09687423706055
2005-12-23,48200,33.20000076293945,33.5,33.79999923706055,32.79999923706055,33.18658447265625
2005-12-22,46100,31.200000762939453,33.20000076293945,33.20000076293945,30.899999618530273,32.88938903808594
2005-12-21,31400,31.0,31.399999618530273,31.5,30.200000762939453,31.106229782104492
2005-12-20,36000,30.100000381469727,31.0,31.200000762939453,28.700000762939453,30.709972381591797
2005-12-19,38900,31.100000381469727,30.0,31.100000381469727,30.0,29.719327926635742
2005-12-16,118000,30.399999618530273,31.0,31.5,30.0,30.709972381591797
2005-12-15,40600,29.600000381469727,30.399999618530273,30.5,28.899999618530273,30.115585327148438
2005-12-14,62700,28.600000381469727,29.600000381469727,29.600000381469727,28.600000381469727,29.323070526123047
2005-12-13,37000,28.5,28.600000381469727,29.0,28.0,28.332426071166992
2005-12-12,72900,29.700000762939453,28.399999618530273,29.799999237060547,27.600000381469727,28.134296417236328
2005-12-09,20300,29.299999237060547,29.700000762939453,30.0,29.299999237060547,29.422136306762695
2005-12-08,38900,29.799999237060547,29.299999237060547,30.100000381469727,29.200000762939453,29.025876998901367
2005-12-07,46100,29.5,29.799999237060547,29.899999618530273,28.600000381469727,29.521198272705078
2005-12-06,43300,29.700000762939453,29.5,30.0,29.200000762939453,29.22400665283203
2005-12-05,95800,29.399999618530273,29.600000381469727,30.299999237060547,28.799999237060547,29.323070526123047
2005-12-02,101800,26.0,28.600000381469727,28.799999237060547,25.799999237060547,28.332426071166992
2005-12-01,57400,25.200000762939453,26.0,26.0,24.600000381469727,25.756752014160156
2005-11-30,77100,24.200000762939453,25.0,25.200000762939453,24.100000381469727,24.7661075592041
2005-11-29,69000,25.100000381469727,24.100000381469727,25.299999237060547,24.100000381469727,23.874526977539062
2005-11-28,84200,24.799999237060547,24.600000381469727,25.899999618530273,24.5,24.369850158691406
2005-11-25,22500,25.0,24.600000381469727,25.100000381469727,24.200000762939453,24.369850158691406
2005-11-23,48300,24.799999237060547,24.700000762939453,25.0,24.200000762939453,24.468914031982422
2005-11-22,36100,25.100000381469727,24.899999618530273,25.200000762939453,24.600000381469727,24.667041778564453
2005-11-21,25500,25.299999237060547,25.200000762939453,25.399999618530273,25.0,24.964237213134766
2005-11-18,34800,25.399999618530273,25.399999618530273,25.5,25.100000381469727,25.162364959716797
2005-11-17,113600,24.5,25.200000762939453,25.700000762939453,23.899999618530273,24.964237213134766
2005-11-16,170100,25.0,24.299999237060547,26.399999618530273,23.299999237060547,24.072654724121094
2005-11-15,116900,27.5,24.799999237060547,27.799999237060547,24.700000762939453,24.567977905273438
2005-11-14,16400,27.700000762939453,27.600000381469727,27.799999237060547,27.5,27.341781616210938
2005-11-11,20000,27.5,27.700000762939453,27.899999618530273,27.5,27.440847396850586
2005-11-10,63000,28.0,27.5,28.5,27.200000762939453,27.242717742919922
2005-11-09,56900,28.5,28.0,28.799999237060547,27.899999618530273,27.738039016723633
2005-11-08,41300,28.5,28.600000381469727,29.200000762939453,28.399999618530273,28.332426071166992
2005-11-07,36900,28.100000381469727,28.799999237060547,29.0,27.799999237060547,28.530553817749023
2005-11-04,59600,27.100000381469727,28.0,28.700000762939453,27.0,27.738039016723633
2005-11-03,146100,28.299999237060547,26.5,28.399999618530273,25.5,26.252073287963867
2005-11-02,62200,28.299999237060547,28.700000762939453,28.700000762939453,27.5,28.43149185180664
2005-11-01,88500,29.399999618530273,27.799999237060547,29.600000381469727,27.5,27.53990936279297
2005-10-31,39700,29.5,29.399999618530273,29.799999237060547,28.899999618530273,29.124940872192383
2005-10-28,61700,29.200000762939453,28.700000762939453,29.5,28.299999237060547,28.43149185180664
2005-10-27,50700,29.0,28.5,30.0,28.100000381469727,28.233362197875977
2005-10-26,22400,29.700000762939453,29.299999237060547,30.200000762939453,29.0,29.025876998901367
2005-10-25,20500,30.100000381469727,30.0,30.700000762939453,29.600000381469727,29.719327926635742
2005-10-24,28800,29.799999237060547,30.700000762939453,30.799999237060547,29.399999618530273,30.41278076171875
2005-10-21,96800,29.0,29.799999237060547,30.100000381469727,28.5,29.521198272705078
2005-10-20,59700,29.799999237060547,28.0,29.799999237060547,27.899999618530273,27.738039016723633
2005-10-19,36100,27.899999618530273,29.799999237060547,29.799999237060547,27.899999618530273,29.521198272705078
2005-10-18,37600,27.899999618530273,28.299999237060547,29.200000762939453,27.899999618530273,28.035232543945312
2005-10-17,71400,28.799999237060547,28.0,28.799999237060547,28.0,27.738039016723633
2005-10-14,61600,29.799999237060547,28.799999237060547,29.899999618530273,28.600000381469727,28.530553817749023
2005-10-13,38000,29.100000381469727,29.700000762939453,29.899999618530273,28.5,29.422136306762695
2005-10-12,30400,29.5,29.399999618530273,29.899999618530273,29.0,29.124940872192383
2005-10-11,20600,30.0,29.5,30.5,29.399999618530273,29.22400665283203
2005-10-10,34800,30.100000381469727,30.0,30.299999237060547,29.5,29.719327926635742
2005-10-07,45600,29.399999618530273,30.200000762939453,30.5,29.399999618530273,29.917457580566406
2005-10-06,104500,30.100000381469727,29.399999618530273,30.399999618530273,29.0,29.124940872192383
2005-10-05,100600,30.5,30.100000381469727,30.700000762939453,29.200000762939453,29.81839370727539
2005-10-04,65300,31.0,30.700000762939453,31.399999618530273,30.5,30.41278076171875
2005-10-03,155700,32.099998474121094,31.0,32.29999923706055,30.700000762939453,30.709972381591797
2005-09-30,30500,31.600000381469727,32.20000076293945,32.29999923706055,31.0,31.898746490478516
2005-09-29,145600,32.5,31.600000381469727,32.599998474121094,30.0,31.304359436035156
2005-09-28,41000,33.5,32.5,33.599998474121094,32.400001525878906,32.19593811035156
2005-09-27,106400,32.79999923706055,33.5,33.70000076293945,32.79999923706055,33.18658447265625
2005-09-26,23900,34.0,33.0,34.099998474121094,32.900001525878906,32.691261291503906
2005-09-23,97200,32.599998474121094,33.70000076293945,33.79999923706055,32.599998474121094,33.38471221923828
2005-09-22,84900,34.29999923706055,32.5,34.29999923706055,32.5,32.19593811035156
2005-09-21,105400,33.5,34.099998474121094,34.29999923706055,32.70000076293945,33.780967712402344
2005-09-20,201000,35.70000076293945,34.29999923706055,35.79999923706055,33.900001525878906,33.97909927368164
2005-09-19,33400,35.70000076293945,35.79999923706055,36.099998474121094,35.0,35.465065002441406
2005-09-16,77500,35.599998474121094,35.70000076293945,35.70000076293945,35.0,35.36600112915039
2005-09-15,39900,36.099998474121094,35.099998474121094,36.20000076293945,35.0,34.77161407470703
2005-09-14,74600,36.70000076293945,35.900001525878906,36.79999923706055,35.599998474121094,35.56413269042969
2005-09-13,34500,37.20000076293945,36.400001525878906,37.29999923706055,36.20000076293945,36.059452056884766
2005-09-12,44700,37.20000076293945,37.0,37.70000076293945,36.900001525878906,36.653839111328125
2005-09-09,56700,36.20000076293945,36.900001525878906,37.0,36.0,36.55477523803711
2005-09-08,32300,35.79999923706055,36.20000076293945,36.29999923706055,35.0,35.861324310302734
2005-09-07,35000,35.5,36.099998474121094,36.29999923706055,35.400001525878906,35.76225662231445
2005-09-06,31700,34.400001525878906,35.400001525878906,35.70000076293945,34.400001525878906,35.068809509277344
2005-09-02,34700,34.5,34.20000076293945,35.0,33.70000076293945,33.880035400390625
2005-09-01,149300,35.20000076293945,34.099998474121094,35.400001525878906,32.5,33.780967712402344
2005-08-31,77200,35.79999923706055,35.400001525878906,35.79999923706055,35.099998474121094,35.068809509277344
2005-08-30,31800,36.5,35.70000076293945,36.900001525878906,35.400001525878906,35.36600112915039
2005-08-29,28700,35.400001525878906,37.099998474121094,37.099998474121094,35.20000076293945,36.75290298461914
2005-08-26,46000,36.70000076293945,35.29999923706055,37.20000076293945,35.29999923706055,34.96974182128906
2005-08-25,31700,37.099998474121094,37.20000076293945,37.599998474121094,37.0,36.851966857910156
2005-08-24,45500,38.0,37.70000076293945,38.099998474121094,37.29999923706055,37.3472900390625
2005-08-23,65200,37.0,38.0,38.20000076293945,36.70000076293945,37.64448165893555
2005-08-22,55200,35.70000076293945,36.900001525878906,36.900001525878906,35.400001525878906,36.55477523803711
2005-08-19,23800,35.70000076293945,35.599998474121094,35.79999923706055,35.5,35.26693344116211
2005-08-18,42700,35.20000076293945,35.70000076293945,36.5,35.20000076293945,35.36600112915039
2005-08-17,27700,35.20000076293945,35.20000076293945,35.5,35.0,34.87067794799805
2005-08-16,89300,35.5,35.20000076293945,35.900001525878906,35.0,34.87067794799805
2005-08-15,36600,35.0,35.5,35.599998474121094,34.79999923706055,35.16787338256836
2005-08-12,43800,35.5,35.099998474121094,35.5,34.79999923706055,34.77161407470703
2005-08-11,65100,35.29999923706055,35.70000076293945,35.70000076293945,34.79999923706055,35.36600112915039
2005-08-10,54100,36.0,35.79999923706055,36.20000076293945,34.79999923706055,35.465065002441406
2005-08-09,66500,36.5,35.900001525878906,36.900001525878906,35.20000076293945,35.56413269042969
2005-08-08,80300,38.0,36.5,38.0,36.20000076293945,36.15851593017578
2005-08-05,126300,35.5,38.29999923706055,38.599998474121094,35.5,37.941673278808594
2005-08-04,214400,35.20000076293945,35.20000076293945,35.79999923706055,33.5,34.87067794799805
2005-08-03,99200,38.70000076293945,36.599998474121094,39.0,36.20000076293945,36.2575798034668
2005-08-02,96800,39.5,38.70000076293945,39.5,37.599998474121094,38.33793258666992
2005-08-01,305300,42.900001525878906,39.29999923706055,42.900001525878906,39.0,38.93231964111328
2005-07-29,145300,37.70000076293945,37.400001525878906,38.79999923706055,36.599998474121094,37.05009841918945
2005-07-28,84600,35.5,37.0,37.29999923706055,34.5,36.653839111328125
2005-07-27,190100,33.400001525878906,35.29999923706055,36.0,33.20000076293945,34.96974182128906
2005-07-26,85400,33.20000076293945,33.29999923706055,33.79999923706055,33.099998474121094,32.98845291137695
2005-07-25,25100,33.400001525878906,33.20000076293945,33.70000076293945,33.0,32.88938903808594
2005-07-22,50800,33.29999923706055,33.29999923706055,33.79999923706055,33.099998474121094,32.98845291137695
2005-07-21,124400,33.0,33.29999923706055,34.0,32.5,32.98845291137695
2005-07-20,58900,33.70000076293945,33.5,34.5,33.20000076293945,33.18658447265625
2005-07-19,89200,34.70000076293945,33.79999923706055,35.29999923706055,33.20000076293945,33.4837760925293
2005-07-18,167900,34.099998474121094,34.400001525878906,36.29999923706055,34.0,34.078163146972656
2005-07-15,41300,33.29999923706055,33.900001525878906,34.400001525878906,33.29999923706055,33.58284378051758
2005-07-14,59800,33.5,33.29999923706055,34.099998474121094,32.599998474121094,32.98845291137695
2005-07-13,73000,33.400001525878906,33.0,33.70000076293945,32.5,32.691261291503906
2005-07-12,130700,32.29999923706055,33.70000076293945,35.0,31.899999618530273,33.38471221923828
2005-07-11,78300,30.600000381469727,32.29999923706055,32.599998474121094,30.600000381469727,31.9978084564209
2005-07-08,32500,30.700000762939453,30.700000762939453,30.899999618530273,30.5,30.41278076171875
2005-07-07,30200,30.5,30.700000762939453,30.799999237060547,30.5,30.41278076171875
2005-07-06,67800,30.700000762939453,30.700000762939453,30.899999618530273,30.600000381469727,30.41278076171875
2005-07-05,37500,30.5,30.600000381469727,30.799999237060547,30.5,30.3137149810791
2005-07-01,32100,30.600000381469727,30.700000762939453,31.200000762939453,30.5,30.41278076171875
2005-06-30,29700,31.200000762939453,30.700000762939453,31.299999237060547,30.700000762939453,30.41278076171875
2005-06-29,33300,30.899999618530273,31.299999237060547,31.299999237060547,30.700000762939453,31.007165908813477
2005-06-28,69500,30.5,31.0,31.100000381469727,30.5,30.709972381591797
2005-06-27,91300,30.700000762939453,30.700000762939453,31.0,30.600000381469727,30.41278076171875
2005-06-24,54900,30.200000762939453,30.799999237060547,30.799999237060547,30.100000381469727,30.511842727661133
2005-06-23,57500,30.5,30.100000381469727,31.399999618530273,30.100000381469727,29.81839370727539
2005-06-22,81000,30.899999618530273,30.799999237060547,31.0,30.399999618530273,30.511842727661133
2005-06-21,56600,30.799999237060547,30.799999237060547,31.200000762939453,30.700000762939453,30.511842727661133
2005-06-20,53900,31.399999618530273,30.799999237060547,31.700000762939453,30.799999237060547,30.511842727661133
2005-06-17,121600,31.0,31.399999618530273,31.399999618530273,30.799999237060547,31.106229782104492
2005-06-16,47100,31.100000381469727,30.899999618530273,31.200000762939453,30.700000762939453,30.61090850830078
2005-06-15,50300,31.100000381469727,31.100000381469727,31.200000762939453,30.700000762939453,30.809038162231445
2005-06-14,77100,30.100000381469727,31.100000381469727,31.100000381469727,30.0,30.809038162231445
2005-06-13,38900,30.799999237060547,30.600000381469727,30.799999237060547,30.100000381469727,30.3137149810791
2005-06-10,62400,29.299999237060547,30.299999237060547,30.799999237060547,29.100000381469727,30.016521453857422
2005-06-09,51100,30.0,29.0,30.600000381469727,29.0,28.728683471679688
2005-06-08,26800,31.0,30.100000381469727,31.0,30.100000381469727,29.81839370727539
2005-06-07,60900,30.399999618530273,30.899999618530273,31.0,30.299999237060547,30.61090850830078
2005-06-06,28900,30.100000381469727,30.399999618530273,30.399999618530273,29.799999237060547,30.115585327148438
2005-06-03,114700,30.200000762939453,30.100000381469727,30.700000762939453,30.100000381469727,29.81839370727539
2005-06-02,38900,30.600000381469727,30.200000762939453,30.700000762939453,30.0,29.917457580566406
2005-06-01,43900,29.799999237060547,31.100000381469727,31.100000381469727,29.799999237060547,30.809038162231445
2005-05-31,149400,30.700000762939453,29.700000762939453,30.700000762939453,29.5,29.422136306762695
2005-05-27,44000,30.799999237060547,30.700000762939453,31.0,29.799999237060547,30.41278076171875
2005-05-26,67300,29.200000762939453,30.600000381469727,30.700000762939453,29.200000762939453,30.3137149810791
2005-05-25,63100,28.600000381469727,29.399999618530273,29.399999618530273,28.600000381469727,29.124940872192383
2005-05-24,36400,28.700000762939453,28.700000762939453,28.899999618530273,28.700000762939453,28.43149185180664
2005-05-23,72000,28.799999237060547,28.600000381469727,28.899999618530273,28.600000381469727,28.332426071166992
2005-05-20,38600,28.5,28.899999618530273,29.0,28.5,28.629619598388672
2005-05-19,56200,28.899999618530273,28.600000381469727,28.899999618530273,28.5,28.332426071166992
2005-05-18,64100,28.799999237060547,28.799999237060547,28.899999618530273,28.5,28.530553817749023
2005-05-17,46000,28.700000762939453,28.700000762939453,28.899999618530273,28.5,28.43149185180664
2005-05-16,124900,29.0,28.700000762939453,29.200000762939453,28.299999237060547,28.43149185180664
2005-05-13,94200,29.299999237060547,29.0,29.299999237060547,28.600000381469727,28.728683471679688
2005-05-12,91900,29.200000762939453,29.299999237060547,29.700000762939453,29.100000381469727,29.025876998901367
2005-05-11,141000,28.600000381469727,29.200000762939453,29.5,28.299999237060547,28.92681312561035
2005-05-10,304300,29.200000762939453,28.5,29.299999237060547,28.200000762939453,28.233362197875977
2005-05-09,244700,29.5,29.100000381469727,29.5,28.899999618530273,28.827749252319336
2005-05-06,647300,28.0,28.899999618530273,29.5,27.0,28.629619598388672
2005-05-05,122400,31.100000381469727,32.20000076293945,32.70000076293945,30.799999237060547,31.898746490478516
2005-05-04,121800,31.299999237060547,31.0,31.299999237060547,30.600000381469727,30.709972381591797
2005-05-03,93700,32.599998474121094,31.299999237060547,32.599998474121094,30.5,31.007165908813477
2005-05-02,206000,29.100000381469727,31.899999618530273,33.0,29.100000381469727,31.601552963256836
2005-04-29,74700,29.399999618530273,29.399999618530273,29.899999618530273,28.0,29.124940872192383
2005-04-28,116000,30.299999237060547,29.5,30.5,29.0,29.22400665283203
2005-04-27,58400,30.600000381469727,30.600000381469727,30.799999237060547,29.700000762939453,30.3137149810791
2005-04-26,58900,31.200000762939453,30.600000381469727,31.399999618530273,30.299999237060547,30.3137149810791
2005-04-25,63900,30.200000762939453,31.200000762939453,31.200000762939453,30.200000762939453,30.90810203552246
2005-04-22,135300,31.299999237060547,30.0,31.700000762939453,29.700000762939453,29.719327926635742
2005-04-21,61600,31.0,31.200000762939453,31.200000762939453,30.600000381469727,30.90810203552246
2005-04-20,70400,31.100000381469727,30.5,31.399999618530273,30.399999618530273,30.214651107788086
2005-04-19,76900,30.600000381469727,31.200000762939453,31.200000762939453,30.200000762939453,30.90810203552246
2005-04-18,80800,29.799999237060547,30.600000381469727,30.899999618530273,29.399999618530273,30.3137149810791
2005-04-15,208600,33.0,30.200000762939453,33.0,29.799999237060547,29.917457580566406
2005-04-14,185200,33.0,32.900001525878906,33.900001525878906,32.29999923706055,32.59219741821289
2005-04-13,300700,33.099998474121094,33.0,33.900001525878906,32.5,32.691261291503906
2005-04-12,243400,31.5,33.099998474121094,33.400001525878906,31.5,32.79032516479492
2005-04-11,71800,31.5,31.700000762939453,32.0,30.899999618530273,31.403425216674805
2005-04-08,89900,30.5,31.5,31.5,30.399999618530273,31.20529556274414
2005-04-07,251400,32.20000076293945,30.399999618530273,32.29999923706055,29.799999237060547,30.115585327148438
2005-04-06,283600,32.5,32.900001525878906,33.70000076293945,31.5,32.59219741821289
2005-04-05,402500,30.0,32.599998474121094,32.70000076293945,29.799999237060547,32.29500198364258
2005-04-04,385400,28.299999237060547,30.200000762939453,32.0,28.299999237060547,29.917457580566406
2005-04-01,71800,28.799999237060547,28.700000762939453,29.100000381469727,28.399999618530273,28.43149185180664
2005-03-31,99900,28.100000381469727,28.799999237060547,28.799999237060547,27.299999237060547,28.530553817749023
2005-03-30,66200,27.299999237060547,27.899999618530273,28.0,27.0,27.638975143432617
2005-03-29,80700,26.5,27.100000381469727,27.700000762939453,25.5,26.846460342407227
2005-03-28,59400,26.200000762939453,26.5,26.899999618530273,26.0,26.252073287963867
2005-03-24,102000,27.100000381469727,26.0,27.200000762939453,26.0,25.756752014160156
2005-03-23,148700,28.0,26.899999618530273,28.5,26.899999618530273,26.648330688476562
2005-03-22,72800,28.700000762939453,27.899999618530273,29.200000762939453,27.799999237060547,27.638975143432617
2005-03-21,69500,29.5,28.5,29.5,27.899999618530273,28.233362197875977
2005-03-18,141800,28.799999237060547,29.299999237060547,29.399999618530273,28.100000381469727,29.025876998901367
2005-03-17,96600,28.0,28.399999618530273,28.799999237060547,27.600000381469727,28.134296417236328
2005-03-16,132700,27.399999618530273,27.899999618530273,28.0,27.200000762939453,27.638975143432617
2005-03-15,109000,28.5,27.299999237060547,28.5,27.200000762939453,27.044588088989258
2005-03-14,165400,27.100000381469727,28.600000381469727,28.899999618530273,27.0,28.332426071166992
2005-03-11,294500,28.600000381469727,26.799999237060547,28.799999237060547,26.100000381469727,26.549264907836914
2005-03-10,597900,29.5,28.600000381469727,30.799999237060547,26.799999237060547,28.332426071166992
2005-03-09,356500,29.0,29.399999618530273,29.799999237060547,28.700000762939453,29.124940872192383
2005-03-08,525000,27.799999237060547,28.399999618530273,28.799999237060547,26.799999237060547,28.134296417236328
2005-03-07,95300,24.899999618530273,25.5,25.899999618530273,24.899999618530273,25.261428833007812
2005-03-04,61000,25.100000381469727,24.899999618530273,25.200000762939453,24.5,24.667041778564453
2005-03-03,136400,24.799999237060547,25.0,25.799999237060547,24.600000381469727,24.7661075592041
2005-03-02,39600,24.600000381469727,24.5,24.799999237060547,24.200000762939453,24.270784378051758
2005-03-01,47600,24.0,24.600000381469727,24.799999237060547,24.0,24.369850158691406
2005-02-28,32900,24.299999237060547,24.299999237060547,24.299999237060547,23.700000762939453,24.072654724121094
2005-02-25,38800,24.200000762939453,24.399999618530273,24.399999618530273,23.700000762939453,24.171720504760742
2005-02-24,66100,23.5,24.100000381469727,24.299999237060547,23.399999618530273,23.874526977539062
2005-02-23,56900,23.0,23.700000762939453,23.799999237060547,23.0,23.478269577026367
2005-02-22,45600,23.299999237060547,22.799999237060547,24.0,22.799999237060547,22.586688995361328
2005-02-18,25200,23.899999618530273,23.5,23.899999618530273,23.399999618530273,23.280139923095703
2005-02-17,34000,23.600000381469727,23.5,23.899999618530273,23.399999618530273,23.280139923095703
2005-02-16,30700,24.0,23.899999618530273,24.100000381469727,23.5,23.6763973236084
2005-02-15,41100,23.700000762939453,24.0,24.399999618530273,23.5,23.775463104248047
2005-02-14,47900,23.100000381469727,23.600000381469727,23.799999237060547,23.0,23.37920570373535
2005-02-11,73000,23.0,23.200000762939453,23.600000381469727,22.399999618530273,22.982948303222656
2005-02-10,46400,23.799999237060547,23.100000381469727,23.799999237060547,22.700000762939453,22.883882522583008
2005-02-09,35900,24.200000762939453,23.600000381469727,24.299999237060547,23.5,23.37920570373535
2005-02-08,27000,23.799999237060547,23.899999618530273,24.200000762939453,23.600000381469727,23.6763973236084
2005-02-07,51300,24.0,23.700000762939453,24.200000762939453,23.399999618530273,23.478269577026367
2005-02-04,24600,23.799999237060547,23.799999237060547,24.600000381469727,23.700000762939453,23.577333450317383
2005-02-03,19100,24.0,24.100000381469727,24.299999237060547,23.700000762939453,23.874526977539062
2005-02-02,45500,23.600000381469727,24.100000381469727,24.399999618530273,23.600000381469727,23.874526977539062
2005-02-01,38600,24.0,23.700000762939453,24.0,23.5,23.478269577026367
2005-01-31,71800,24.5,24.0,24.700000762939453,23.899999618530273,23.775463104248047
2005-01-28,204700,23.399999618530273,24.100000381469727,25.200000762939453,23.399999618530273,23.874526977539062
2005-01-27,22000,23.200000762939453,23.200000762939453,23.299999237060547,22.799999237060547,22.982948303222656
2005-01-26,43100,22.899999618530273,23.100000381469727,23.5,22.600000381469727,22.883882522583008
2005-01-25,31200,23.200000762939453,22.899999618530273,23.200000762939453,22.600000381469727,22.685752868652344
2005-01-24,50800,22.799999237060547,22.899999618530273,23.200000762939453,22.5,22.685752868652344
2005-01-21,81200,22.5,22.5,23.200000762939453,22.399999618530273,22.28949546813965
2005-01-20,66700,22.200000762939453,22.5,22.899999618530273,22.0,22.28949546813965
2005-01-19,84400,22.899999618530273,22.5,24.0,22.399999618530273,22.28949546813965
2005-01-18,45900,22.600000381469727,22.700000762939453,23.100000381469727,22.399999618530273,22.487625122070312
2005-01-14,35500,22.299999237060547,22.5,22.899999618530273,22.200000762939453,22.28949546813965
2005-01-13,39900,22.799999237060547,22.299999237060547,22.899999618530273,22.200000762939453,22.091365814208984
2005-01-12,29700,22.700000762939453,22.700000762939453,23.0,22.5,22.487625122070312
2005-01-11,29300,23.399999618530273,22.799999237060547,23.399999618530273,22.600000381469727,22.586688995361328
2005-01-10,54000,22.299999237060547,23.299999237060547,23.399999618530273,22.299999237060547,23.08201026916504
2005-01-07,46200,22.899999618530273,22.299999237060547,22.899999618530273,22.200000762939453,22.091365814208984
2005-01-06,33900,22.399999618530273,22.700000762939453,23.200000762939453,22.399999618530273,22.487625122070312
2005-01-05,95200,23.0,22.399999618530273,23.399999618530273,22.200000762939453,22.190431594848633
2005-01-04,113800,23.899999618530273,22.799999237060547,24.700000762939453,22.799999237060547,22.586688995361328
2005-01-03,128000,23.200000762939453,23.700000762939453,24.0,23.100000381469727,23.478269577026367
2004-12-31,81800,23.0,23.0,23.399999618530273,22.700000762939453,22.784818649291992
2004-12-30,44100,22.600000381469727,23.100000381469727,23.399999618530273,22.600000381469727,22.883882522583008
2004-12-29,30800,23.100000381469727,22.700000762939453,23.100000381469727,22.5,22.487625122070312
2004-12-28,46800,22.5,23.0,23.299999237060547,22.5,22.784818649291992
2004-12-27,40800,23.399999618530273,22.5,23.5,22.5,22.28949546813965
2004-12-23,44300,22.899999618530273,23.200000762939453,23.5,22.799999237060547,22.982948303222656
2004-12-22,81600,22.600000381469727,22.899999618530273,23.5,22.600000381469727,22.685752868652344
2004-12-21,77800,22.299999237060547,22.600000381469727,23.0,22.299999237060547,22.388561248779297
2004-12-20,50400,23.0,22.299999237060547,23.100000381469727,22.299999237060547,22.091365814208984
2004-12-17,51000,23.299999237060547,22.700000762939453,23.399999618530273,22.600000381469727,22.487625122070312
2004-12-16,39400,23.100000381469727,23.100000381469727,23.5,23.0,22.883882522583008
2004-12-15,87300,22.799999237060547,23.200000762939453,23.5,22.799999237060547,22.982948303222656
2004-12-14,74500,22.100000381469727,22.600000381469727,22.899999618530273,22.0,22.388561248779297
2004-12-13,60300,21.899999618530273,22.200000762939453,22.200000762939453,21.799999237060547,21.9923038482666
2004-12-10,31000,21.600000381469727,21.799999237060547,21.899999618530273,21.5,21.596044540405273
2004-12-09,91000,21.299999237060547,21.799999237060547,22.0,21.299999237060547,21.596044540405273
2004-12-08,64800,21.0,21.399999618530273,21.799999237060547,21.0,21.199787139892578
2004-12-07,55900,21.299999237060547,21.0,21.700000762939453,21.0,20.803529739379883
2004-12-06,44100,22.0,21.299999237060547,22.100000381469727,21.299999237060547,21.100723266601562
2004-12-03,85500,21.899999618530273,21.899999618530273,22.200000762939453,21.600000381469727,21.69510841369629
2004-12-02,65500,21.899999618530273,21.899999618530273,22.0,21.5,21.69510841369629
2004-12-01,79900,21.399999618530273,21.799999237060547,21.899999618530273,21.200000762939453,21.596044540405273
2004-11-30,130700,21.399999618530273,21.100000381469727,21.399999618530273,21.0,20.90259552001953
2004-11-29,121900,22.100000381469727,21.200000762939453,22.200000762939453,21.100000381469727,21.001659393310547
2004-11-26,30200,21.799999237060547,21.899999618530273,22.100000381469727,21.5,21.69510841369629
2004-11-24,138500,22.399999618530273,21.899999618530273,22.399999618530273,21.799999237060547,21.69510841369629
2004-11-23,133200,21.299999237060547,22.100000381469727,22.299999237060547,21.100000381469727,21.893238067626953
2004-11-22,185000,21.0,21.100000381469727,21.700000762939453,20.799999237060547,20.90259552001953
2004-11-19,100200,21.100000381469727,20.899999618530273,21.299999237060547,20.799999237060547,20.704465866088867
2004-11-18,239800,20.799999237060547,21.100000381469727,21.299999237060547,20.700000762939453,20.90259552001953
2004-11-17,129300,21.200000762939453,20.700000762939453,21.299999237060547,20.600000381469727,20.506338119506836
2004-11-16,100700,21.399999618530273,21.0,21.399999618530273,20.700000762939453,20.803529739379883
2004-11-15,133200,21.700000762939453,21.200000762939453,22.0,20.799999237060547,21.001659393310547
2004-11-12,681000,21.100000381469727,21.600000381469727,21.700000762939453,19.600000381469727,21.397916793823242
2004-11-11,560400,21.399999618530273,20.600000381469727,21.600000381469727,20.600000381469727,20.407272338867188
2004-11-10,369400,23.700000762939453,22.0,24.0,21.600000381469727,21.794174194335938
2004-11-09,100300,24.5,23.700000762939453,24.5,23.100000381469727,23.478269577026367
2004-11-08,93900,25.399999618530273,23.799999237060547,25.399999618530273,23.5,23.577333450317383
2004-11-05,55600,24.5,25.100000381469727,25.200000762939453,24.100000381469727,24.865171432495117
2004-11-04,59400,24.299999237060547,24.399999618530273,24.5,23.700000762939453,24.171720504760742
2004-11-03,67300,24.200000762939453,24.0,24.600000381469727,23.600000381469727,23.775463104248047
2004-11-02,39100,24.100000381469727,24.100000381469727,24.200000762939453,23.799999237060547,23.874526977539062
2004-11-01,27600,24.399999618530273,24.100000381469727,24.5,23.700000762939453,23.874526977539062
2004-10-29,61200,24.100000381469727,24.299999237060547,24.399999618530273,23.700000762939453,24.072654724121094
2004-10-28,53100,23.600000381469727,23.899999618530273,24.200000762939453,23.600000381469727,23.6763973236084
2004-10-27,81900,22.899999618530273,23.600000381469727,24.0,22.700000762939453,23.37920570373535
2004-10-26,74500,22.399999618530273,22.799999237060547,23.0,22.299999237060547,22.586688995361328
2004-10-25,75000,22.5,22.299999237060547,23.0,22.200000762939453,22.091365814208984
2004-10-22,52900,22.5,22.399999618530273,23.399999618530273,22.399999618530273,22.190431594848633
2004-10-21,69500,22.399999618530273,22.399999618530273,22.700000762939453,22.0,22.190431594848633
2004-10-20,80400,22.600000381469727,22.200000762939453,23.0,21.899999618530273,21.9923038482666
2004-10-19,97600,23.0,22.399999618530273,23.0,22.100000381469727,22.190431594848633
2004-10-18,68800,24.0,23.0,24.0,22.799999237060547,22.784818649291992
2004-10-15,44800,23.600000381469727,23.399999618530273,24.100000381469727,23.0,23.181076049804688
2004-10-14,31600,24.100000381469727,23.600000381469727,24.399999618530273,23.5,23.37920570373535
2004-10-13,131100,24.0,24.0,24.600000381469727,23.799999237060547,23.775463104248047
2004-10-12,88600,23.5,24.0,24.200000762939453,23.299999237060547,23.775463104248047
2004-10-11,48800,23.600000381469727,23.700000762939453,24.100000381469727,23.299999237060547,23.478269577026367
2004-10-08,82000,23.600000381469727,23.5,24.100000381469727,23.399999618530273,23.280139923095703
2004-10-07,176000,24.200000762939453,23.600000381469727,24.700000762939453,22.600000381469727,23.37920570373535
2004-10-06,148900,24.600000381469727,24.100000381469727,25.399999618530273,24.0,23.874526977539062
2004-10-05,47200,25.0,25.0,25.399999618530273,24.700000762939453,24.7661075592041
2004-10-04,52800,25.5,25.399999618530273,25.899999618530273,25.100000381469727,25.162364959716797
2004-10-01,73600,25.200000762939453,25.5,25.899999618530273,25.100000381469727,25.261428833007812
2004-09-30,88300,25.5,25.200000762939453,26.0,24.700000762939453,24.964237213134766
2004-09-29,71300,25.200000762939453,25.700000762939453,26.399999618530273,24.899999618530273,25.459558486938477
2004-09-28,62700,24.600000381469727,25.200000762939453,25.5,24.5,24.964237213134766
2004-09-27,94200,25.0,24.5,25.200000762939453,24.299999237060547,24.270784378051758
2004-09-24,63100,25.5,25.299999237060547,25.899999618530273,25.299999237060547,25.06329917907715
2004-09-23,145000,25.399999618530273,25.299999237060547,25.600000381469727,24.799999237060547,25.06329917907715
2004-09-22,64800,25.5,25.399999618530273,26.0,25.299999237060547,25.162364959716797
2004-09-21,107900,26.100000381469727,25.5,26.299999237060547,24.399999618530273,25.261428833007812
2004-09-20,47900,26.5,26.0,26.600000381469727,25.799999237060547,25.756752014160156
2004-09-17,147000,26.5,26.700000762939453,26.799999237060547,25.700000762939453,26.45020294189453
2004-09-16,33700,26.299999237060547,26.5,26.700000762939453,26.0,26.252073287963867
2004-09-15,34000,26.200000762939453,26.0,26.5,25.600000381469727,25.756752014160156
2004-09-14,25500,26.5,26.399999618530273,26.799999237060547,26.100000381469727,26.15300941467285
2004-09-13,41000,26.799999237060547,26.600000381469727,27.0,26.299999237060547,26.351139068603516
2004-09-10,55800,26.899999618530273,26.5,27.0,26.0,26.252073287963867
2004-09-09,69000,27.700000762939453,26.899999618530273,27.700000762939453,26.299999237060547,26.648330688476562
2004-09-08,79800,27.700000762939453,27.399999618530273,28.0,27.299999237060547,27.143651962280273
2004-09-07,96000,27.5,27.600000381469727,28.0,27.299999237060547,27.341781616210938
2004-09-03,125700,26.5,27.5,27.899999618530273,26.5,27.242717742919922
2004-09-02,112800,26.100000381469727,26.700000762939453,26.899999618530273,26.100000381469727,26.45020294189453
2004-09-01,76100,26.700000762939453,26.0,29.0,25.5,25.756752014160156
2004-08-31,35600,27.0,26.700000762939453,27.0,26.299999237060547,26.45020294189453
2004-08-30,115900,27.0,27.0,27.0,26.100000381469727,26.747394561767578
2004-08-27,49700,26.700000762939453,26.5,26.799999237060547,26.100000381469727,26.252073287963867
2004-08-26,82400,26.399999618530273,26.5,26.799999237060547,26.200000762939453,26.252073287963867
2004-08-25,234300,25.600000381469727,26.399999618530273,27.0,25.600000381469727,26.15300941467285
2004-08-24,109000,25.799999237060547,25.100000381469727,26.399999618530273,24.899999618530273,24.865171432495117
2004-08-23,144900,25.399999618530273,25.600000381469727,26.299999237060547,25.100000381469727,25.36049461364746
2004-08-20,174400,24.200000762939453,25.200000762939453,25.899999618530273,24.0,24.964237213134766
2004-08-19,88700,23.799999237060547,24.0,24.299999237060547,23.600000381469727,23.775463104248047
2004-08-18,82200,23.299999237060547,23.700000762939453,23.799999237060547,23.200000762939453,23.478269577026367
2004-08-17,73900,23.0,23.299999237060547,23.399999618530273,22.899999618530273,23.08201026916504
2004-08-16,121500,21.799999237060547,22.899999618530273,23.399999618530273,21.700000762939453,22.685752868652344
2004-08-13,68200,22.0,21.200000762939453,22.600000381469727,21.200000762939453,21.001659393310547
2004-08-12,59700,23.299999237060547,22.0,23.399999618530273,21.700000762939453,21.794174194335938
2004-08-11,47800,23.299999237060547,23.299999237060547,23.600000381469727,23.100000381469727,23.08201026916504
2004-08-10,79100,23.5,23.100000381469727,23.700000762939453,23.0,22.883882522583008
2004-08-09,278800,22.600000381469727,23.399999618530273,23.799999237060547,22.5,23.181076049804688
2004-08-06,72100,21.5,21.299999237060547,22.100000381469727,21.200000762939453,21.100723266601562
2004-08-05,90200,21.5,21.600000381469727,22.0,21.299999237060547,21.397916793823242
2004-08-04,89300,21.100000381469727,21.100000381469727,22.200000762939453,21.0,20.90259552001953
2004-08-03,254000,22.600000381469727,21.5,22.700000762939453,20.299999237060547,21.298851013183594
2004-08-02,110500,23.100000381469727,22.700000762939453,23.5,22.600000381469727,22.487625122070312
2004-07-30,162300,22.600000381469727,23.0,24.100000381469727,22.600000381469727,22.784818649291992
2004-07-29,149300,22.0,22.100000381469727,22.5,21.299999237060547,21.893238067626953
2004-07-28,175700,22.899999618530273,22.0,23.0,21.899999618530273,21.794174194335938
2004-07-27,96100,23.5,22.899999618530273,23.799999237060547,22.799999237060547,22.685752868652344
2004-07-26,194400,23.799999237060547,23.0,25.0,21.899999618530273,22.784818649291992
2004-07-23,96800,24.5,23.799999237060547,25.0,22.5,23.577333450317383
2004-07-22,72100,24.899999618530273,24.399999618530273,25.600000381469727,24.0,24.171720504760742
2004-07-21,109100,26.200000762939453,24.899999618530273,26.299999237060547,24.799999237060547,24.667041778564453
2004-07-20,40200,25.899999618530273,26.5,26.5,25.600000381469727,26.252073287963867
2004-07-19,119900,26.5,25.899999618530273,26.799999237060547,24.5,25.657686233520508
2004-07-16,62000,27.0,26.299999237060547,27.700000762939453,26.100000381469727,26.053943634033203
2004-07-15,88600,27.399999618530273,27.100000381469727,28.0,26.200000762939453,26.846460342407227
2004-07-14,29700,28.0,27.100000381469727,28.100000381469727,27.100000381469727,26.846460342407227
2004-07-13,19800,28.200000762939453,28.200000762939453,28.600000381469727,27.899999618530273,27.936168670654297
2004-07-12,37600,27.399999618530273,27.899999618530273,29.0,27.399999618530273,27.638975143432617
2004-07-09,32700,27.700000762939453,27.299999237060547,28.5,27.200000762939453,27.044588088989258
2004-07-08,67200,28.200000762939453,27.5,28.399999618530273,27.0,27.242717742919922
2004-07-07,59700,28.700000762939453,28.5,29.399999618530273,28.100000381469727,28.233362197875977
2004-07-06,122400,29.100000381469727,28.899999618530273,29.399999618530273,27.600000381469727,28.629619598388672
2004-07-02,51100,29.799999237060547,29.200000762939453,29.899999618530273,29.100000381469727,28.92681312561035
2004-07-01,48600,29.5,29.399999618530273,29.799999237060547,29.299999237060547,29.124940872192383
2004-06-30,133100,29.799999237060547,29.5,30.200000762939453,29.299999237060547,29.22400665283203
2004-06-29,230500,30.600000381469727,29.600000381469727,31.0,29.299999237060547,29.323070526123047
2004-06-28,83500,31.899999618530273,31.100000381469727,31.899999618530273,30.700000762939453,30.809038162231445
2004-06-25,502800,31.899999618530273,31.799999237060547,31.899999618530273,30.200000762939453,31.502487182617188
2004-06-24,119600,31.799999237060547,31.700000762939453,32.20000076293945,31.299999237060547,31.403425216674805
2004-06-23,100100,31.5,31.899999618530273,31.899999618530273,30.899999618530273,31.601552963256836
2004-06-22,290200,29.399999618530273,31.799999237060547,31.799999237060547,29.399999618530273,31.502487182617188
2004-06-21,291100,31.0,30.200000762939453,31.799999237060547,29.799999237060547,29.917457580566406
2004-06-18,66600,34.20000076293945,34.099998474121094,34.5,33.5,33.780967712402344
2004-06-17,88800,33.20000076293945,34.29999923706055,34.29999923706055,32.400001525878906,33.97909927368164
2004-06-16,57800,34.0,33.20000076293945,34.0,32.5,32.88938903808594
2004-06-15,126400,33.5,33.70000076293945,34.20000076293945,33.29999923706055,33.38471221923828
2004-06-14,223800,32.400001525878906,33.0,34.0,32.20000076293945,32.691261291503906
2004-06-10,32600,31.399999618530273,32.099998474121094,32.400001525878906,31.399999618530273,31.799678802490234
2004-06-09,34800,32.099998474121094,31.799999237060547,32.400001525878906,31.399999618530273,31.502487182617188
2004-06-08,27800,31.799999237060547,32.099998474121094,32.29999923706055,31.200000762939453,31.799678802490234
2004-06-07,52600,31.299999237060547,31.600000381469727,32.70000076293945,31.100000381469727,31.304359436035156
2004-06-04,21000,31.600000381469727,31.299999237060547,31.600000381469727,30.5,31.007165908813477
2004-06-03,16300,31.200000762939453,30.700000762939453,31.700000762939453,30.5,30.41278076171875
2004-06-02,42400,31.600000381469727,31.399999618530273,31.899999618530273,30.5,31.106229782104492
2004-06-01,34400,31.899999618530273,31.399999618530273,32.5,31.0,31.106229782104492
2004-05-28,118800,31.200000762939453,32.79999923706055,33.0,31.0,32.49312973022461
2004-05-27,73500,29.700000762939453,31.0,31.5,29.0,30.709972381591797
2004-05-26,38500,29.399999618530273,29.799999237060547,29.799999237060547,29.100000381469727,29.521198272705078
2004-05-25,54200,30.0,29.700000762939453,30.100000381469727,28.799999237060547,29.422136306762695
2004-05-24,40800,30.399999618530273,29.600000381469727,30.399999618530273,28.700000762939453,29.323070526123047
2004-05-21,36100,29.299999237060547,29.899999618530273,30.200000762939453,29.100000381469727,29.620264053344727
2004-05-20,32100,29.899999618530273,29.299999237060547,30.100000381469727,28.5,29.025876998901367
2004-05-19,51100,30.5,29.799999237060547,31.0,29.700000762939453,29.521198272705078
2004-05-18,66000,28.899999618530273,30.299999237060547,30.399999618530273,28.200000762939453,30.016521453857422
2004-05-17,72600,29.399999618530273,28.600000381469727,29.5,28.0,28.332426071166992
2004-05-14,164400,30.0,30.0,30.399999618530273,28.399999618530273,29.719327926635742
2004-05-13,98900,30.899999618530273,31.200000762939453,32.5,29.100000381469727,30.90810203552246
2004-05-12,284900,32.5,31.0,32.5,29.399999618530273,30.709972381591797
2004-05-11,170900,34.0,32.5,35.0,31.0,32.19593811035156
2004-05-10,285600,34.900001525878906,34.0,34.900001525878906,33.20000076293945,33.68190383911133
2004-05-07,179100,34.20000076293945,35.0,35.0,33.0,34.672550201416016
2004-05-06,119800,34.599998474121094,33.900001525878906,34.599998474121094,32.900001525878906,33.58284378051758
2004-05-05,203700,35.29999923706055,35.0,35.5,34.29999923706055,34.672550201416016
2004-05-04,147600,34.79999923706055,35.0,35.0,32.79999923706055,34.672550201416016
2004-05-03,447100,34.5,34.5,34.900001525878906,33.5,34.17722702026367
2004-04-30,445800,32.20000076293945,33.5,34.099998474121094,31.799999237060547,33.18658447265625
2004-04-29,491100,31.0,31.899999618530273,32.70000076293945,30.399999618530273,31.601552963256836
2004-04-28,124200,31.0,30.5,31.299999237060547,30.200000762939453,30.214651107788086
2004-04-27,77900,31.600000381469727,30.799999237060547,31.600000381469727,30.5,30.511842727661133
2004-04-26,221900,31.399999618530273,31.5,32.0,31.100000381469727,31.20529556274414
2004-04-23,206300,30.799999237060547,31.200000762939453,31.399999618530273,30.0,30.90810203552246
2004-04-22,175200,29.0,29.700000762939453,30.399999618530273,28.5,29.422136306762695
2004-04-21,65600,29.799999237060547,29.0,30.0,28.600000381469727,28.728683471679688
2004-04-20,192300,31.0,29.299999237060547,31.0,29.0,29.025876998901367
2004-04-19,186000,29.399999618530273,30.5,30.600000381469727,29.399999618530273,30.214651107788086
2004-04-16,84100,29.200000762939453,29.0,29.299999237060547,28.100000381469727,28.728683471679688
2004-04-15,125700,30.799999237060547,29.200000762939453,31.0,29.0,28.92681312561035
2004-04-14,124200,30.0,30.299999237060547,30.600000381469727,29.299999237060547,30.016521453857422
2004-04-13,172800,32.0,30.600000381469727,32.20000076293945,29.700000762939453,30.3137149810791
2004-04-12,300600,31.5,31.799999237060547,32.20000076293945,31.299999237060547,31.502487182617188
2004-04-08,245200,31.0,31.299999237060547,31.399999618530273,30.5,31.007165908813477
2004-04-07,402600,30.5,30.299999237060547,31.600000381469727,30.0,30.016521453857422
2004-04-06,448600,30.100000381469727,30.0,30.399999618530273,29.700000762939453,29.719327926635742
2004-04-05,472300,29.0,29.700000762939453,30.399999618530273,28.600000381469727,29.422136306762695
2004-04-02,621500,27.5,29.5,29.5,27.0,29.22400665283203
2004-04-01,112300,27.899999618530273,27.0,28.0,27.0,26.747394561767578
2004-03-31,238400,27.200000762939453,27.700000762939453,28.200000762939453,26.600000381469727,27.440847396850586
2004-03-30,223700,27.399999618530273,26.799999237060547,27.5,26.399999618530273,26.549264907836914
2004-03-29,251000,27.600000381469727,27.299999237060547,27.799999237060547,26.200000762939453,27.044588088989258
2004-03-26,68100,26.5,26.600000381469727,27.200000762939453,26.299999237060547,26.351139068603516
2004-03-25,57700,26.899999618530273,26.799999237060547,27.5,26.5,26.549264907836914
2004-03-24,85900,27.0,26.899999618530273,27.399999618530273,26.399999618530273,26.648330688476562
2004-03-23,236700,27.0,26.700000762939453,27.299999237060547,25.5,26.45020294189453
2004-03-22,174100,25.799999237060547,26.200000762939453,26.700000762939453,25.600000381469727,25.95488166809082
2004-03-19,153000,25.600000381469727,25.799999237060547,28.100000381469727,25.100000381469727,25.558622360229492
2004-03-18,85600,25.799999237060547,25.700000762939453,26.399999618530273,25.5,25.459558486938477
2004-03-17,84100,27.899999618530273,26.399999618530273,28.0,26.299999237060547,26.15300941467285
2004-03-16,79100,28.799999237060547,27.899999618530273,30.100000381469727,27.100000381469727,27.638975143432617
2004-03-15,65400,31.0,28.299999237060547,31.0,28.200000762939453,28.035232543945312
2004-03-12,66400,30.600000381469727,31.0,31.899999618530273,30.299999237060547,30.709972381591797
2004-03-11,59400,32.0,30.399999618530273,32.0,30.399999618530273,30.115585327148438
2004-03-10,94000,33.0,32.0,33.0,31.5,31.70061683654785
2004-03-09,159000,34.5,33.400001525878906,34.70000076293945,33.400001525878906,33.087520599365234
2004-03-08,90900,33.0,33.900001525878906,34.900001525878906,33.0,33.58284378051758
2004-03-05,80300,32.599998474121094,32.599998474121094,32.900001525878906,31.600000381469727,32.29500198364258
2004-03-04,68600,35.0,32.5,35.099998474121094,32.5,32.19593811035156
2004-03-03,33600,36.0,35.0,36.599998474121094,35.0,34.672550201416016
2004-03-02,156100,36.599998474121094,35.5,39.29999923706055,34.70000076293945,35.16787338256836
2004-03-01,157600,34.5,36.599998474121094,37.0,34.20000076293945,36.2575798034668
2004-02-27,135300,32.599998474121094,34.20000076293945,34.29999923706055,32.29999923706055,33.880035400390625
2004-02-26,76500,32.599998474121094,32.20000076293945,33.5,31.700000762939453,31.898746490478516
2004-02-25,32000,31.100000381469727,31.600000381469727,32.0,31.0,31.304359436035156
2004-02-24,54400,32.70000076293945,31.0,32.900001525878906,31.0,30.709972381591797
2004-02-23,42300,33.400001525878906,32.70000076293945,34.5,32.29999923706055,32.39406967163086
2004-02-20,38600,34.0,33.0,34.5,33.0,32.691261291503906
2004-02-19,61900,35.79999923706055,33.20000076293945,35.900001525878906,33.0,32.88938903808594
2004-02-18,144200,34.79999923706055,34.099998474121094,38.0,31.799999237060547,33.780967712402344
2004-02-17,79600,31.200000762939453,32.5,33.20000076293945,30.700000762939453,32.19593811035156
2004-02-13,89500,34.29999923706055,31.0,34.29999923706055,30.200000762939453,30.709972381591797
2004-02-12,288900,35.400001525878906,31.899999618530273,35.400001525878906,29.0,31.601552963256836
2004-02-11,30800,31.600000381469727,35.400001525878906,36.0,30.600000381469727,35.068809509277344
2004-02-10,5900,30.399999618530273,31.399999618530273,32.20000076293945,30.399999618530273,31.106229782104492
2004-02-09,23400,32.099998474121094,31.200000762939453,32.099998474121094,29.5,30.90810203552246
2004-02-06,7700,30.0,31.399999618530273,32.5,30.0,31.106229782104492
2004-02-05,17600,30.5,29.399999618530273,31.899999618530273,28.600000381469727,29.124940872192383
2004-02-04,22700,32.20000076293945,30.399999618530273,33.400001525878906,30.100000381469727,30.115585327148438
2004-02-03,8800,32.0,32.099998474121094,32.900001525878906,31.700000762939453,31.799678802490234
2004-02-02,13300,31.5,31.600000381469727,32.599998474121094,31.100000381469727,31.304359436035156
2004-01-30,47900,33.0,31.100000381469727,33.20000076293945,29.600000381469727,30.809038162231445
2004-01-29,48700,28.5,33.400001525878906,33.400001525878906,28.5,33.087520599365234
2004-01-28,17600,28.0,28.899999618530273,29.0,27.700000762939453,28.629619598388672
2004-01-27,10500,27.5,27.899999618530273,28.200000762939453,27.299999237060547,27.638975143432617
2004-01-26,11700,27.399999618530273,27.5,27.5,27.0,27.242717742919922
2004-01-23,9200,27.0,27.399999618530273,27.5,26.700000762939453,27.143651962280273
2004-01-22,20400,28.100000381469727,26.200000762939453,28.100000381469727,26.0,25.95488166809082
2004-01-21,8400,28.0,28.100000381469727,28.899999618530273,27.700000762939453,27.83710479736328
2004-01-20,15300,28.299999237060547,28.100000381469727,29.0,27.600000381469727,27.83710479736328
2004-01-16,14000,27.0,27.5,27.899999618530273,26.600000381469727,27.242717742919922
2004-01-15,19000,28.700000762939453,26.899999618530273,29.0,25.799999237060547,26.648330688476562
2004-01-14,22600,29.0,28.899999618530273,29.299999237060547,28.200000762939453,28.629619598388672
2004-01-13,59400,26.600000381469727,28.899999618530273,30.700000762939453,26.299999237060547,28.629619598388672
2004-01-12,23500,26.5,26.200000762939453,27.399999618530273,25.600000381469727,25.95488166809082
2004-01-09,18000,24.5,25.899999618530273,25.899999618530273,24.0,25.657686233520508
2004-01-08,11200,24.0,24.399999618530273,24.700000762939453,23.600000381469727,24.171720504760742
2004-01-07,19100,23.5,23.5,23.899999618530273,23.299999237060547,23.280139923095703
2004-01-06,11700,23.200000762939453,23.5,24.200000762939453,23.200000762939453,23.280139923095703
2004-01-05,9600,23.299999237060547,23.200000762939453,23.399999618530273,22.799999237060547,22.982948303222656
2004-01-02,9500,22.600000381469727,22.799999237060547,23.299999237060547,22.200000762939453,22.586688995361328
2003-12-31,20600,22.200000762939453,22.399999618530273,23.5,22.200000762939453,22.190431594848633
2003-12-30,25300,22.399999618530273,22.299999237060547,22.899999618530273,22.100000381469727,22.091365814208984
2003-12-29,19900,23.100000381469727,22.700000762939453,23.200000762939453,22.200000762939453,22.487625122070312
2003-12-26,9600,22.200000762939453,23.0,23.200000762939453,22.200000762939453,22.784818649291992
2003-12-24,6300,23.600000381469727,22.399999618530273,23.799999237060547,22.100000381469727,22.190431594848633
2003-12-23,26900,23.299999237060547,22.700000762939453,24.399999618530273,22.0,22.487625122070312
2003-12-22,25200,24.0,23.200000762939453,24.5,23.0,22.982948303222656
2003-12-19,10400,26.899999618530273,25.0,27.299999237060547,24.0,24.7661075592041
2003-12-18,10800,27.399999618530273,27.0,27.399999618530273,26.600000381469727,26.747394561767578
2003-12-17,30200,25.899999618530273,27.0,27.399999618530273,25.799999237060547,26.747394561767578
2003-12-16,16900,24.5,25.799999237060547,26.0,24.5,25.558622360229492
2003-12-15,8800,25.200000762939453,24.899999618530273,25.5,24.200000762939453,24.667041778564453
2003-12-12,24900,23.899999618530273,25.100000381469727,26.399999618530273,23.100000381469727,24.865171432495117
2003-12-11,2300,23.0,23.899999618530273,24.0,23.0,23.6763973236084
2003-12-10,3400,23.0,23.100000381469727,23.899999618530273,23.0,22.883882522583008
2003-12-09,2200,23.200000762939453,23.299999237060547,23.700000762939453,23.100000381469727,23.08201026916504
2003-12-08,5900,23.5,23.200000762939453,23.899999618530273,23.100000381469727,22.982948303222656
2003-12-05,9200,24.200000762939453,23.399999618530273,24.5,23.399999618530273,23.181076049804688
2003-12-04,2400,23.700000762939453,24.200000762939453,24.399999618530273,23.700000762939453,23.97359275817871
2003-12-03,4800,23.799999237060547,23.899999618530273,24.399999618530273,23.299999237060547,23.6763973236084
2003-12-02,15900,24.5,23.700000762939453,24.799999237060547,23.0,23.478269577026367
2003-12-01,11300,24.0,24.399999618530273,24.600000381469727,23.5,24.171720504760742
2003-11-28,3400,24.0,24.0,24.399999618530273,23.299999237060547,23.775463104248047
2003-11-26,7500,25.100000381469727,24.0,25.100000381469727,23.5,23.775463104248047
2003-11-25,10200,24.5,24.799999237060547,25.5,24.0,24.567977905273438
2003-11-24,22400,26.299999237060547,24.100000381469727,26.299999237060547,23.0,23.874526977539062
2003-11-21,6900,26.0,26.100000381469727,26.5,25.100000381469727,25.855815887451172
2003-11-20,6400,26.299999237060547,25.600000381469727,26.299999237060547,24.899999618530273,25.36049461364746
2003-11-19,6500,25.0,25.600000381469727,26.5,25.0,25.36049461364746
2003-11-18,20200,26.600000381469727,25.0,27.700000762939453,25.0,24.7661075592041
2003-11-17,29900,25.899999618530273,26.600000381469727,27.399999618530273,25.299999237060547,26.351139068603516
2003-11-14,38800,24.0,25.0,26.5,23.399999618530273,24.7661075592041
2003-11-13,10000,22.700000762939453,23.200000762939453,24.399999618530273,22.5,22.982948303222656
2003-11-12,8100,21.799999237060547,22.700000762939453,24.0,21.799999237060547,22.487625122070312
2003-11-11,23500,22.700000762939453,22.0,23.5,20.5,21.794174194335938
2003-11-10,13700,24.0,22.899999618530273,24.299999237060547,22.700000762939453,22.685752868652344
2003-11-07,4000,25.399999618530273,24.399999618530273,25.399999618530273,24.0,24.171720504760742
2003-11-06,2700,26.0,25.299999237060547,26.0,25.0,25.06329917907715
2003-11-05,4500,25.0,25.700000762939453,26.0,24.100000381469727,25.459558486938477
2003-11-04,13900,26.5,25.5,27.0,24.600000381469727,25.261428833007812
2003-11-03,10500,25.799999237060547,26.899999618530273,26.899999618530273,24.899999618530273,26.648330688476562
2003-10-31,13100,26.100000381469727,26.299999237060547,27.799999237060547,24.0,26.053943634033203
2003-10-30,13500,28.700000762939453,26.5,29.0,25.100000381469727,26.252073287963867
2003-10-29,3400,29.0,28.700000762939453,29.0,27.700000762939453,28.43149185180664
2003-10-28,3000,27.0,28.700000762939453,28.700000762939453,27.0,28.43149185180664
2003-10-27,4500,26.799999237060547,28.0,28.600000381469727,26.799999237060547,27.738039016723633
2003-10-24,2000,27.0,27.799999237060547,28.5,26.600000381469727,27.53990936279297
2003-10-23,2000,26.700000762939453,27.0,28.5,26.5,26.747394561767578
2003-10-22,9300,27.600000381469727,27.299999237060547,27.799999237060547,26.0,27.044588088989258
2003-10-21,3300,28.399999618530273,27.600000381469727,29.0,27.5,27.341781616210938
2003-10-20,1800,29.200000762939453,28.399999618530273,29.399999618530273,28.399999618530273,28.134296417236328
2003-10-17,3400,29.0,29.0,29.200000762939453,28.5,28.728683471679688
2003-10-16,3900,28.0,28.899999618530273,28.899999618530273,27.5,28.629619598388672
2003-10-15,1100,28.899999618530273,28.399999618530273,29.0,27.5,28.134296417236328
2003-10-14,2200,29.600000381469727,28.799999237060547,29.899999618530273,28.600000381469727,28.530553817749023
2003-10-13,3100,29.5,29.600000381469727,30.0,29.0,29.323070526123047
2003-10-10,900,29.100000381469727,28.700000762939453,29.100000381469727,28.600000381469727,28.43149185180664
2003-10-09,5600,29.0,29.100000381469727,29.200000762939453,28.5,28.827749252319336
2003-10-08,2500,29.5,29.0,29.5,28.5,28.728683471679688
2003-10-07,1900,29.5,29.5,29.5,29.0,29.22400665283203
2003-10-06,2200,29.5,29.5,29.600000381469727,29.399999618530273,29.22400665283203
2003-10-03,3500,29.5,29.0,29.5,28.200000762939453,28.728683471679688
2003-10-02,4100,27.0,29.200000762939453,29.600000381469727,27.0,28.92681312561035
2003-10-01,5100,26.600000381469727,26.0,27.5,26.0,25.756752014160156
2003-09-30,4900,27.0,26.600000381469727,27.899999618530273,26.0,26.351139068603516
2003-09-29,5400,28.5,27.299999237060547,28.5,27.0,27.044588088989258
2003-09-26,3200,28.0,28.200000762939453,28.5,28.0,27.936168670654297
2003-09-25,10600,29.5,28.399999618530273,29.700000762939453,28.399999618530273,28.134296417236328
2003-09-24,4800,28.799999237060547,28.5,29.0,28.5,28.233362197875977
2003-09-23,3900,29.0,28.700000762939453,29.0,28.600000381469727,28.43149185180664
2003-09-22,5600,29.299999237060547,29.200000762939453,29.399999618530273,28.899999618530273,28.92681312561035
2003-09-19,6300,29.600000381469727,29.799999237060547,29.899999618530273,29.5,29.521198272705078
2003-09-18,9700,29.200000762939453,29.5,30.0,29.0,29.22400665283203
2003-09-17,1600,29.399999618530273,29.600000381469727,30.0,29.200000762939453,29.323070526123047
2003-09-16,3500,29.899999618530273,29.700000762939453,30.100000381469727,29.299999237060547,29.422136306762695
2003-09-15,2400,30.0,29.799999237060547,30.399999618530273,29.799999237060547,29.521198272705078
2003-09-12,3800,29.799999237060547,29.700000762939453,29.799999237060547,29.5,29.422136306762695
2003-09-11,4700,29.700000762939453,29.799999237060547,29.799999237060547,29.600000381469727,29.521198272705078
2003-09-10,11800,30.100000381469727,29.799999237060547,30.200000762939453,29.600000381469727,29.521198272705078
2003-09-09,8500,30.200000762939453,30.100000381469727,30.5,29.899999618530273,29.81839370727539
2003-09-08,12900,30.100000381469727,30.200000762939453,30.5,29.5,29.917457580566406
2003-09-05,11400,30.0,30.0,30.899999618530273,29.5,29.719327926635742
2003-09-04,15700,30.799999237060547,30.399999618530273,30.799999237060547,29.5,30.115585327148438
2003-09-03,16900,31.100000381469727,30.799999237060547,31.5,30.0,30.511842727661133
2003-09-02,18900,32.0,31.299999237060547,32.0,30.5,31.007165908813477
2003-08-29,15100,31.0,31.5,32.0,31.0,31.20529556274414
2003-08-28,16500,30.700000762939453,31.100000381469727,31.100000381469727,29.200000762939453,30.809038162231445
2003-08-27,1200,30.5,31.0,31.0,30.5,30.709972381591797
2003-08-26,2500,30.5,31.0,31.5,30.200000762939453,30.709972381591797
2003-08-25,1700,30.399999618530273,30.899999618530273,30.899999618530273,30.0,30.61090850830078
2003-08-22,1300,31.0,30.299999237060547,31.0,30.200000762939453,30.016521453857422
2003-08-21,5400,30.5,30.399999618530273,30.5,30.0,30.115585327148438
2003-08-20,1400,30.799999237060547,30.399999618530273,30.799999237060547,30.299999237060547,30.115585327148438
2003-08-19,4600,30.600000381469727,30.700000762939453,30.700000762939453,30.0,30.41278076171875
2003-08-18,2300,30.0,30.100000381469727,30.5,30.0,29.81839370727539
2003-08-15,500,30.399999618530273,30.0,30.5,30.0,29.719327926635742
2003-08-14,600,30.600000381469727,30.799999237060547,31.200000762939453,30.600000381469727,30.511842727661133
2003-08-13,1400,31.0,30.100000381469727,31.399999618530273,30.0,29.81839370727539
2003-08-12,1800,30.0,31.0,31.0,29.899999618530273,30.709972381591797
2003-08-11,500,30.5,30.399999618530273,30.5,30.100000381469727,30.115585327148438
2003-08-08,20300,30.200000762939453,30.5,30.899999618530273,30.0,30.214651107788086
2003-08-07,1200,29.5,30.0,30.0,29.0,29.719327926635742
2003-08-06,12300,30.600000381469727,29.0,30.600000381469727,27.899999618530273,28.728683471679688
2003-08-05,1600,32.0,30.899999618530273,32.0,30.899999618530273,30.61090850830078
2003-08-04,1300,33.0,32.0,33.0,32.0,31.70061683654785
2003-08-01,6500,32.5,34.0,34.0,32.0,33.68190383911133
2003-07-31,1900,35.0,33.5,35.0,32.79999923706055,33.18658447265625
2003-07-30,1500,35.79999923706055,35.099998474121094,35.79999923706055,35.0,34.77161407470703
2003-07-29,4400,35.099998474121094,35.70000076293945,35.900001525878906,35.0,35.36600112915039
2003-07-28,2500,35.099998474121094,35.099998474121094,35.70000076293945,34.900001525878906,34.77161407470703
2003-07-25,2800,34.20000076293945,35.099998474121094,35.29999923706055,33.900001525878906,34.77161407470703
2003-07-24,4400,32.5,34.29999923706055,34.29999923706055,32.5,33.97909927368164
2003-07-23,4600,33.599998474121094,33.29999923706055,33.79999923706055,32.099998474121094,32.98845291137695
2003-07-22,1100,33.5,33.79999923706055,34.0,33.099998474121094,33.4837760925293
2003-07-21,11600,34.400001525878906,33.70000076293945,34.400001525878906,33.20000076293945,33.38471221923828
2003-07-18,1300,33.5,34.20000076293945,34.20000076293945,33.0,33.880035400390625
2003-07-17,3400,34.5,34.0,34.5,33.0,33.68190383911133
2003-07-16,1700,35.5,34.79999923706055,35.5,34.79999923706055,34.47441864013672
2003-07-15,3200,36.5,35.0,36.5,34.20000076293945,34.672550201416016
2003-07-14,5300,37.0,36.70000076293945,37.5,35.0,36.35664749145508
2003-07-11,9900,34.0,37.0,37.0,34.0,36.653839111328125
2003-07-10,8900,34.29999923706055,36.099998474121094,36.099998474121094,34.29999923706055,35.76225662231445
2003-07-09,4000,33.900001525878906,34.099998474121094,34.20000076293945,32.5,33.780967712402344
2003-07-08,6800,32.70000076293945,33.900001525878906,34.29999923706055,32.70000076293945,33.58284378051758
2003-07-07,6700,31.799999237060547,33.5,33.5,31.399999618530273,33.18658447265625
2003-07-03,4800,31.700000762939453,32.099998474121094,34.0,30.600000381469727,31.799678802490234
2003-07-02,3700,30.200000762939453,31.299999237060547,31.299999237060547,30.100000381469727,31.007165908813477
2003-07-01,1300,30.399999618530273,30.0,30.399999618530273,30.0,29.719327926635742
2003-06-30,8500,30.200000762939453,30.0,30.700000762939453,30.0,29.719327926635742
2003-06-27,5700,30.200000762939453,30.299999237060547,31.299999237060547,30.100000381469727,30.016521453857422
2003-06-26,1800,30.799999237060547,30.299999237060547,30.799999237060547,30.100000381469727,30.016521453857422
2003-06-25,7800,30.200000762939453,30.0,30.299999237060547,30.0,29.719327926635742
2003-06-24,8800,29.899999618530273,30.200000762939453,30.5,29.5,29.917457580566406
2003-06-23,2000,30.899999618530273,29.799999237060547,31.0,29.799999237060547,29.521198272705078
2003-06-20,7100,31.100000381469727,30.600000381469727,31.600000381469727,30.299999237060547,30.3137149810791
2003-06-19,6700,31.0,31.100000381469727,31.5,30.799999237060547,30.809038162231445
2003-06-18,4500,30.0,30.700000762939453,30.700000762939453,29.799999237060547,30.41278076171875
2003-06-17,8500,29.799999237060547,30.200000762939453,30.200000762939453,29.399999618530273,29.917457580566406
2003-06-16,7000,28.799999237060547,29.399999618530273,30.0,28.700000762939453,29.124940872192383
2003-06-13,3100,29.0,29.0,29.399999618530273,28.899999618530273,28.728683471679688
2003-06-12,3000,29.100000381469727,28.799999237060547,29.299999237060547,28.700000762939453,28.530553817749023
2003-06-11,2500,28.799999237060547,29.299999237060547,29.299999237060547,28.799999237060547,29.025876998901367
2003-06-10,4400,29.5,29.299999237060547,29.5,28.899999618530273,29.025876998901367
2003-06-09,11700,30.100000381469727,29.399999618530273,30.200000762939453,29.299999237060547,29.124940872192383
2003-06-06,4600,30.299999237060547,30.100000381469727,30.700000762939453,30.100000381469727,29.81839370727539
2003-06-05,2000,30.0,30.200000762939453,30.299999237060547,30.0,29.917457580566406
2003-06-04,8900,30.0,30.100000381469727,30.299999237060547,29.700000762939453,29.81839370727539
2003-06-03,4200,29.799999237060547,29.899999618530273,30.0,29.5,29.620264053344727
2003-06-02,7200,29.700000762939453,29.5,30.0,29.100000381469727,29.22400665283203
2003-05-30,8700,28.899999618530273,29.5,29.5,28.899999618530273,29.22400665283203
2003-05-29,1900,28.600000381469727,28.700000762939453,29.0,28.5,28.43149185180664
2003-05-28,10900,30.0,28.600000381469727,30.200000762939453,28.399999618530273,28.332426071166992
2003-05-27,3900,29.399999618530273,29.799999237060547,30.0,29.399999618530273,29.521198272705078
2003-05-23,2300,29.799999237060547,29.899999618530273,30.0,29.600000381469727,29.620264053344727
2003-05-22,5100,30.299999237060547,29.600000381469727,30.600000381469727,29.299999237060547,29.323070526123047
2003-05-21,1600,31.200000762939453,30.5,31.200000762939453,30.399999618530273,30.214651107788086
2003-05-20,2500,30.899999618530273,30.899999618530273,31.0,30.399999618530273,30.61090850830078
2003-05-19,4100,31.0,30.899999618530273,32.0,30.5,30.61090850830078
2003-05-16,1600,30.5,30.5,31.200000762939453,30.5,30.214651107788086
2003-05-15,2500,32.0,30.799999237060547,32.0,30.299999237060547,30.511842727661133
2003-05-14,3800,31.792449951171875,32.075469970703125,32.54716873168945,31.603769302368164,31.775381088256836
2003-05-13,2600,32.924530029296875,32.2641487121582,32.924530029296875,31.886789321899414,31.96229362487793
2003-05-12,6100,34.90565872192383,33.490570068359375,34.90565872192383,32.075469970703125,33.177242279052734
2003-05-09,4800,32.54716873168945,34.81132125854492,35.09434127807617,32.45283126831055,34.48563766479492
2003-05-08,7600,34.33961868286133,32.54716873168945,34.4339599609375,31.792449951171875,32.24266815185547
2003-05-07,3700,34.4339599609375,36.132080078125,36.98112869262695,33.77357864379883,35.794036865234375
2003-05-06,2300,33.490570068359375,34.05659866333008,35.37736129760742,33.490570068359375,33.73797607421875
2003-05-05,10400,34.4339599609375,34.4339599609375,34.52830123901367,31.132080078125,34.1118049621582
2003-05-02,2700,29.71697998046875,30.84906005859375,31.509429931640625,29.71697998046875,30.560443878173828
2003-05-01,2600,30.37735939025879,29.71697998046875,30.66037940979004,29.71697998046875,29.438955307006836
2003-04-30,4800,29.71697998046875,30.37735939025879,30.37735939025879,28.96225929260254,30.093156814575195
2003-04-29,6600,29.24527931213379,30.18868064880371,30.18868064880371,27.547170639038086,29.9062442779541
2003-04-28,3000,26.886789321899414,28.113210678100586,28.301889419555664,26.886789321899414,27.850191116333008
2003-04-25,1500,26.415090560913086,26.886789321899414,26.981130599975586,26.22641944885254,26.635244369506836
2003-04-24,3200,28.018869400024414,26.698110580444336,28.018869400024414,26.509429931640625,26.44832992553711
2003-04-23,1900,28.301889419555664,27.924530029296875,28.301889419555664,27.452829360961914,27.66327667236328
2003-04-22,4700,26.22641944885254,28.867919921875,28.867919921875,26.132080078125,28.59783935546875
2003-04-21,900,26.415090560913086,26.320749282836914,27.075469970703125,26.22641944885254,26.074499130249023
2003-04-17,1100,26.509429931640625,26.320749282836914,27.169809341430664,26.22641944885254,26.074499130249023
2003-04-16,700,26.132080078125,26.415090560913086,27.264150619506836,26.132080078125,26.167959213256836
2003-04-15,1100,25.84906005859375,26.132080078125,26.132080078125,25.75472068786621,25.887596130371094
2003-04-14,1000,26.698110580444336,26.22641944885254,26.886789321899414,25.84906005859375,25.98105239868164
2003-04-11,1000,26.415090560913086,25.75472068786621,26.886789321899414,25.66037940979004,25.51376724243164
2003-04-10,400,26.415090560913086,26.03774070739746,26.603769302368164,26.03774070739746,25.794137954711914
2003-04-09,1900,27.264150619506836,26.03774070739746,27.735849380493164,25.94339942932129,25.794137954711914
2003-04-08,1600,27.830190658569336,27.264150619506836,28.301889419555664,26.509429931640625,27.009075164794922
2003-04-07,2300,28.301889419555664,27.169809341430664,28.301889419555664,27.075469970703125,26.915616989135742
2003-04-04,3200,27.358489990234375,27.358489990234375,27.641510009765625,26.981130599975586,27.10253143310547
2003-04-03,800,28.207550048828125,27.830190658569336,28.301889419555664,27.547170639038086,27.5698184967041
2003-04-02,2900,28.113210678100586,28.113210678100586,28.301889419555664,25.5660400390625,27.850191116333008
2003-04-01,2000,26.886789321899414,28.113210678100586,28.207550048828125,26.132080078125,27.850191116333008
2003-03-31,3000,25.94339942932129,26.03774070739746,28.207550048828125,25.47170066833496,25.794137954711914
2003-03-28,400,26.886789321899414,26.415090560913086,27.358489990234375,25.94339942932129,26.167959213256836
2003-03-27,600,26.509429931640625,26.415090560913086,26.509429931640625,25.47170066833496,26.167959213256836
2003-03-26,1400,28.77358055114746,25.94339942932129,28.77358055114746,25.75472068786621,25.700679779052734
2003-03-25,3400,26.698110580444336,28.77358055114746,28.77358055114746,26.698110580444336,28.504383087158203
2003-03-24,1800,27.358489990234375,26.698110580444336,28.301889419555664,26.603769302368164,26.44832992553711
2003-03-21,1500,27.169809341430664,28.113210678100586,28.113210678100586,26.415090560913086,27.850191116333008
2003-03-20,2000,26.603769302368164,27.169809341430664,27.264150619506836,24.71697998046875,26.915616989135742
2003-03-19,1100,27.264150619506836,27.264150619506836,27.358489990234375,25.47170066833496,27.009075164794922
2003-03-18,2900,26.415090560913086,27.358489990234375,27.358489990234375,25.5660400390625,27.10253143310547
2003-03-17,2300,24.05660057067871,27.358489990234375,27.358489990234375,24.05660057067871,27.10253143310547
2003-03-14,9100,25.28302001953125,24.52829933166504,25.47170066833496,24.24527931213379,24.298818588256836
2003-03-13,2300,26.886789321899414,25.47170066833496,26.886789321899414,23.867919921875,25.233394622802734
2003-03-12,1800,25.28302001953125,27.169809341430664,27.169809341430664,24.71697998046875,26.915616989135742
2003-03-11,900,24.62264060974121,25.37735939025879,25.37735939025879,24.62264060974121,25.139936447143555
2003-03-10,3700,24.05660057067871,24.81131935119629,25.0,23.679250717163086,24.579191207885742
2003-03-07,4000,23.679250717163086,23.584909439086914,25.0,23.490570068359375,23.364255905151367
2003-03-06,500,23.77358055114746,23.584909439086914,23.77358055114746,23.584909439086914,23.364255905151367
2003-03-05,3500,23.584909439086914,23.96225929260254,23.96225929260254,23.113210678100586,23.738075256347656
2003-03-04,600,24.90566062927246,23.679250717163086,24.90566062927246,23.584909439086914,23.457714080810547
2003-03-03,1400,24.90566062927246,23.679250717163086,24.90566062927246,23.584909439086914,23.457714080810547
2003-02-28,800,25.94339942932129,24.62264060974121,26.03774070739746,24.62264060974121,24.39227867126465
2003-02-27,2400,24.52829933166504,26.415090560913086,26.698110580444336,24.52829933166504,26.167959213256836
2003-02-26,700,24.24527931213379,24.52829933166504,24.52829933166504,23.867919921875,24.298818588256836
2003-02-25,2000,25.0,24.52829933166504,25.0,23.679250717163086,24.298818588256836
2003-02-24,1300,25.94339942932129,25.28302001953125,25.94339942932129,25.0,25.046478271484375
2003-02-21,4100,26.22641944885254,25.47170066833496,26.22641944885254,25.09433937072754,25.233394622802734
2003-02-20,6900,28.490570068359375,26.415090560913086,28.490570068359375,25.94339942932129,26.167959213256836
2003-02-19,700,29.52829933166504,28.490570068359375,29.52829933166504,28.396230697631836,28.22402000427246
2003-02-18,3400,27.830190658569336,29.71697998046875,29.90566062927246,27.830190658569336,29.438955307006836
2003-02-14,3800,29.24527931213379,28.301889419555664,29.71697998046875,28.207550048828125,28.037105560302734
2003-02-13,1500,29.52829933166504,30.18868064880371,30.5660400390625,29.24527931213379,29.9062442779541
2003-02-12,3200,28.77358055114746,29.52829933166504,29.71697998046875,28.584909439086914,29.25204086303711
2003-02-11,1400,28.490570068359375,28.96225929260254,28.96225929260254,27.452829360961914,28.691295623779297
2003-02-10,1700,26.886789321899414,28.490570068359375,28.490570068359375,26.886789321899414,28.22402000427246
2003-02-07,2700,26.03774070739746,27.075469970703125,28.301889419555664,26.03774070739746,26.822158813476562
2003-02-06,3300,26.698110580444336,25.94339942932129,27.358489990234375,25.94339942932129,25.700679779052734
2003-02-05,3100,28.301889419555664,26.603769302368164,29.24527931213379,26.603769302368164,26.35487174987793
2003-02-04,3300,28.77358055114746,28.018869400024414,28.77358055114746,26.603769302368164,27.756732940673828
2003-02-03,4400,27.075469970703125,28.396230697631836,30.5660400390625,26.415090560913086,28.130563735961914
2003-01-31,1300,27.830190658569336,26.603769302368164,27.924530029296875,26.509429931640625,26.35487174987793
2003-01-30,1100,28.301889419555664,27.169809341430664,28.301889419555664,27.169809341430664,26.915616989135742
2003-01-29,2300,28.301889419555664,28.301889419555664,28.584909439086914,27.358489990234375,28.037105560302734
2003-01-28,2000,28.207550048828125,28.490570068359375,29.15093994140625,27.830190658569336,28.22402000427246
2003-01-27,2800,29.71697998046875,27.547170639038086,29.71697998046875,27.547170639038086,27.289447784423828
2003-01-24,1700,31.132080078125,29.05660057067871,31.132080078125,28.584909439086914,28.78475570678711
2003-01-23,6500,28.867919921875,31.415090560913086,32.075469970703125,28.301889419555664,31.121179580688477
2003-01-22,1700,29.24527931213379,28.77358055114746,30.66037940979004,28.77358055114746,28.504383087158203
2003-01-21,2300,30.18868064880371,29.71697998046875,30.66037940979004,29.71697998046875,29.438955307006836
2003-01-17,3100,31.509429931640625,29.24527931213379,31.509429931640625,29.05660057067871,28.971668243408203
2003-01-16,1300,31.132080078125,31.509429931640625,32.2641487121582,31.132080078125,31.214635848999023
2003-01-15,1400,32.1698112487793,30.66037940979004,32.2641487121582,30.66037940979004,30.3735294342041
2003-01-14,3800,32.075469970703125,31.886789321899414,32.54716873168945,31.132080078125,31.588464736938477
2003-01-13,10500,30.94339942932129,34.81132125854492,34.81132125854492,30.18868064880371,34.48563766479492
2003-01-10,1900,31.415090560913086,30.94339942932129,32.358489990234375,30.28302001953125,30.653902053833008
2003-01-09,1800,31.603769302368164,32.358489990234375,32.54716873168945,31.415090560913086,32.05575180053711
2003-01-08,1600,31.886789321899414,31.415090560913086,32.075469970703125,31.22641944885254,31.121179580688477
2003-01-07,2800,31.603769302368164,31.320749282836914,32.54716873168945,31.132080078125,31.027721405029297
2003-01-06,4900,32.075469970703125,31.886789321899414,32.45283126831055,29.71697998046875,31.588464736938477
2003-01-03,3300,31.886789321899414,31.132080078125,33.01887130737305,31.132080078125,30.840816497802734
2003-01-02,3000,31.22641944885254,30.94339942932129,32.8301887512207,29.81131935119629,30.653902053833008
2002-12-31,6000,29.24527931213379,28.867919921875,32.075469970703125,28.867919921875,28.59783935546875
2002-12-30,3500,30.37735939025879,29.24527931213379,31.132080078125,29.24527931213379,28.971668243408203
2002-12-27,3000,32.54716873168945,30.28302001953125,33.01887130737305,30.18868064880371,29.99970054626465
2002-12-26,1700,34.4339599609375,32.45283126831055,34.52830123901367,31.603769302368164,32.14921188354492
2002-12-24,700,33.11320877075195,34.4339599609375,34.4339599609375,33.11320877075195,34.1118049621582
2002-12-23,3200,30.47170066833496,34.05659866333008,34.05659866333008,30.37735939025879,33.73797607421875
2002-12-20,5300,32.075469970703125,30.47170066833496,34.15093994140625,30.09433937072754,30.186614990234375
2002-12-19,2400,30.94339942932129,31.509429931640625,31.603769302368164,30.94339942932129,31.214635848999023
2002-12-18,5900,33.490570068359375,30.18868064880371,33.490570068359375,29.90566062927246,29.9062442779541
2002-12-17,5600,33.490570068359375,32.54716873168945,33.96226119995117,30.94339942932129,32.24266815185547
2002-12-16,8100,32.8301887512207,33.207550048828125,33.207550048828125,32.075469970703125,32.89686965942383
2002-12-13,3600,32.2641487121582,32.1698112487793,33.01887130737305,32.1698112487793,31.868839263916016
2002-12-12,2500,32.924530029296875,32.924530029296875,33.01887130737305,32.2641487121582,32.61649703979492
2002-12-11,2300,33.01887130737305,32.924530029296875,33.01887130737305,32.1698112487793,32.61649703979492
2002-12-10,4000,31.132080078125,32.54716873168945,33.01887130737305,30.28302001953125,32.24266815185547
2002-12-09,3500,32.075469970703125,31.22641944885254,32.1698112487793,31.132080078125,30.93427276611328
2002-12-06,4000,33.01887130737305,32.075469970703125,33.01887130737305,32.075469970703125,31.775381088256836
2002-12-05,3900,35.84906005859375,33.01887130737305,35.84906005859375,33.01887130737305,32.709957122802734
2002-12-04,4900,33.867919921875,34.90565872192383,35.37736129760742,33.3018913269043,34.5790901184082
2002-12-03,3800,36.88679122924805,33.77357864379883,36.98112869262695,33.490570068359375,33.457603454589844
2002-12-02,7200,38.3018913269043,37.2641487121582,38.3018913269043,34.90565872192383,36.9155158996582
2002-11-29,1100,37.7358512878418,37.358489990234375,37.7358512878418,35.84906005859375,37.008975982666016
2002-11-27,4600,36.792449951171875,37.54716873168945,37.7358512878418,34.4339599609375,37.19588851928711
2002-11-26,4200,36.792449951171875,36.32075119018555,36.792449951171875,36.03773880004883,35.9809455871582
2002-11-25,3000,37.641510009765625,38.01887130737305,38.96226119995117,36.6981086730957,37.663177490234375
2002-11-22,3600,36.32075119018555,36.6981086730957,37.2641487121582,33.207550048828125,36.35477066040039
2002-11-21,2600,36.32075119018555,36.41508865356445,36.792449951171875,35.84906005859375,36.074398040771484
2002-11-20,7000,35.84906005859375,36.792449951171875,37.1698112487793,34.90565872192383,36.4482307434082
2002-11-19,9000,36.32075119018555,36.792449951171875,37.7358512878418,33.96226119995117,36.4482307434082
2002-11-18,12500,41.98112869262695,37.2641487121582,41.98112869262695,36.6037712097168,36.9155158996582
2002-11-15,4400,39.05659866333008,42.924530029296875,43.3962287902832,38.67924880981445,42.52294158935547
2002-11-14,8600,34.90565872192383,39.15093994140625,39.15093994140625,34.90565872192383,38.78465270996094
2002-11-13,4300,36.32075119018555,34.4339599609375,36.792449951171875,34.4339599609375,34.1118049621582
2002-11-12,4000,31.132080078125,37.2641487121582,37.2641487121582,31.132080078125,36.9155158996582
2002-11-11,1100,33.490570068359375,31.132080078125,34.15093994140625,31.132080078125,30.840816497802734
2002-11-08,4700,37.45283126831055,33.490570068359375,37.45283126831055,33.207550048828125,33.177242279052734
2002-11-07,7900,34.90565872192383,36.509429931640625,36.6037712097168,34.90565872192383,36.1678581237793
2002-11-06,4100,31.603769302368164,35.37736129760742,35.37736129760742,31.320749282836914,35.04637908935547
2002-11-05,3100,31.132080078125,31.22641944885254,31.603769302368164,29.71697998046875,30.93427276611328
2002-11-04,4200,29.24527931213379,31.603769302368164,32.45283126831055,28.77358055114746,31.308094024658203
2002-11-01,7700,31.132080078125,30.18868064880371,31.415090560913086,28.301889419555664,29.9062442779541
2002-10-31,8700,36.32075119018555,33.01887130737305,36.6981086730957,31.981130599975586,32.709957122802734
2002-10-30,2600,35.84906005859375,37.2641487121582,37.2641487121582,34.52830123901367,36.9155158996582
2002-10-29,5600,33.01887130737305,35.47169876098633,37.7358512878418,31.603769302368164,35.139835357666016
2002-10-28,5100,33.01887130737305,32.075469970703125,33.867919921875,32.075469970703125,31.775381088256836
2002-10-25,5900,30.18868064880371,33.01887130737305,33.01887130737305,29.71697998046875,32.709957122802734
2002-10-24,1900,30.66037940979004,31.22641944885254,31.981130599975586,30.18868064880371,30.93427276611328
2002-10-23,4000,28.96225929260254,31.603769302368164,31.603769302368164,28.77358055114746,31.308094024658203
2002-10-22,1000,32.2641487121582,29.90566062927246,32.7358512878418,29.24527931213379,29.625871658325195
2002-10-21,3700,34.90565872192383,32.1698112487793,35.09434127807617,29.71697998046875,31.868839263916016
2002-10-18,4700,36.88679122924805,34.24528121948242,36.88679122924805,33.11320877075195,33.92489242553711
2002-10-17,14500,31.132080078125,36.88679122924805,39.52830123901367,31.132080078125,36.54168701171875
2002-10-16,2700,28.301889419555664,30.84906005859375,31.132080078125,28.301889419555664,30.560443878173828
2002-10-15,6000,25.47170066833496,28.113210678100586,28.113210678100586,25.47170066833496,27.850191116333008
2002-10-14,2000,25.47170066833496,25.47170066833496,25.94339942932129,24.52829933166504,25.233394622802734
2002-10-11,8400,20.28302001953125,25.47170066833496,25.47170066833496,19.90566062927246,25.233394622802734
2002-10-10,15400,19.33962059020996,20.94339942932129,20.94339942932129,17.452829360961914,20.747459411621094
2002-10-09,3400,22.452829360961914,19.81131935119629,22.452829360961914,19.81131935119629,19.6259708404541
2002-10-08,1800,21.698110580444336,21.509429931640625,21.698110580444336,20.75472068786621,21.30819320678711
2002-10-07,4300,20.5660400390625,21.03774070739746,21.792449951171875,20.28302001953125,20.840917587280273
2002-10-04,4200,21.698110580444336,20.5660400390625,21.698110580444336,19.81131935119629,20.37363052368164
2002-10-03,1900,20.75472068786621,21.132080078125,22.169809341430664,20.28302001953125,20.93437385559082
2002-10-02,3300,26.886789321899414,20.75472068786621,26.886789321899414,20.75472068786621,20.560544967651367
2002-10-01,2700,28.207550048828125,26.22641944885254,28.207550048828125,26.22641944885254,25.98105239868164
2002-09-30,3400,29.4339599609375,28.207550048828125,29.71697998046875,27.358489990234375,27.943647384643555
2002-09-27,1100,33.01887130737305,31.320749282836914,33.01887130737305,31.22641944885254,31.027721405029297
2002-09-26,3000,31.698110580444336,33.3962287902832,33.490570068359375,31.603769302368164,33.08378219604492
2002-09-25,3600,33.207550048828125,33.01887130737305,33.96226119995117,32.54716873168945,32.709957122802734
2002-09-24,3500,28.77358055114746,32.2641487121582,32.8301887512207,28.77358055114746,31.96229362487793
2002-09-23,4900,29.4339599609375,28.867919921875,33.96226119995117,28.77358055114746,28.59783935546875
2002-09-20,9600,33.01887130737305,30.37735939025879,33.490570068359375,29.24527931213379,30.093156814575195
2002-09-19,2700,35.37736129760742,33.01887130737305,35.37736129760742,33.01887130737305,32.709957122802734
2002-09-18,1200,35.84906005859375,35.37736129760742,36.6037712097168,35.37736129760742,35.04637908935547
2002-09-17,600,37.1698112487793,35.66038131713867,37.1698112487793,35.66038131713867,35.326751708984375
2002-09-16,2000,36.32075119018555,37.075469970703125,37.54716873168945,35.66038131713867,36.72860336303711
2002-09-13,3800,36.792449951171875,35.66038131713867,36.792449951171875,35.37736129760742,35.326751708984375
2002-09-12,4400,37.7358512878418,36.6981086730957,37.7358512878418,36.6981086730957,36.35477066040039
2002-09-11,2700,37.2641487121582,37.2641487121582,37.54716873168945,36.98112869262695,36.9155158996582
2002-09-10,2800,37.075469970703125,37.7358512878418,38.207550048828125,36.792449951171875,37.38280487060547
2002-09-09,1000,36.792449951171875,37.54716873168945,37.641510009765625,36.792449951171875,37.19588851928711
2002-09-06,1200,36.88679122924805,37.54716873168945,37.54716873168945,36.32075119018555,37.19588851928711
2002-09-05,2200,37.1698112487793,37.358489990234375,37.7358512878418,37.075469970703125,37.008975982666016
2002-09-04,1000,37.54716873168945,37.54716873168945,37.641510009765625,36.792449951171875,37.19588851928711
2002-09-03,1000,36.98112869262695,36.98112869262695,37.54716873168945,36.98112869262695,36.6351432800293
2002-08-30,400,37.641510009765625,37.45283126831055,37.7358512878418,37.358489990234375,37.10243225097656
2002-08-29,200,36.792449951171875,37.7358512878418,38.207550048828125,36.792449951171875,37.38280487060547
2002-08-28,1200,36.792449951171875,36.792449951171875,37.1698112487793,36.792449951171875,36.4482307434082
2002-08-27,2500,37.7358512878418,36.98112869262695,37.7358512878418,36.792449951171875,36.6351432800293
2002-08-26,2100,37.924530029296875,37.7358512878418,37.924530029296875,37.2641487121582,37.38280487060547
2002-08-23,2000,38.67924880981445,37.8301887512207,39.62263870239258,37.7358512878418,37.476261138916016
2002-08-22,5800,38.67924880981445,38.67924880981445,39.62263870239258,37.7358512878418,38.31737518310547
2002-08-21,3100,37.924530029296875,39.24528121948242,39.24528121948242,37.7358512878418,38.87811279296875
2002-08-20,2200,38.3018913269043,38.207550048828125,39.24528121948242,37.924530029296875,37.85009002685547
2002-08-19,4400,38.67924880981445,39.15093994140625,40.09434127807617,37.924530029296875,38.78465270996094
2002-08-16,1900,38.67924880981445,38.490570068359375,39.15093994140625,37.2641487121582,38.130462646484375
2002-08-15,1700,40.09434127807617,38.67924880981445,40.09434127807617,38.67924880981445,38.31737518310547
2002-08-14,3000,37.2641487121582,39.81132125854492,40.09434127807617,36.98112869262695,39.43885803222656
2002-08-13,4300,40.5660400390625,37.7358512878418,42.45283126831055,37.7358512878418,37.38280487060547
2002-08-12,6000,37.7358512878418,40.09434127807617,40.09434127807617,37.54716873168945,39.71923065185547
2002-08-09,3300,38.3018913269043,37.2641487121582,38.3018913269043,36.792449951171875,36.9155158996582
2002-08-08,2700,38.207550048828125,38.207550048828125,38.67924880981445,37.54716873168945,37.85009002685547
2002-08-07,4600,37.641510009765625,37.358489990234375,38.67924880981445,36.98112869262695,37.008975982666016
2002-08-06,11300,36.32075119018555,37.641510009765625,37.7358512878418,35.37736129760742,37.289344787597656
2002-08-05,4700,39.62263870239258,37.2641487121582,39.62263870239258,35.94340133666992,36.9155158996582
2002-08-02,3300,44.05659866333008,39.62263870239258,44.33961868286133,39.52830123901367,39.2519416809082
2002-08-01,2400,46.22642135620117,45.0,46.22642135620117,44.33961868286133,44.5789909362793
2002-07-31,9700,43.58491134643555,47.1698112487793,47.54716873168945,43.58491134643555,46.7285041809082
2002-07-30,1500,43.490570068359375,43.58491134643555,44.33961868286133,41.6037712097168,43.17714309692383
2002-07-29,2600,44.33961868286133,44.4339599609375,46.6981086730957,44.33961868286133,44.01824951171875
2002-07-26,1700,43.3018913269043,44.15093994140625,44.33961868286133,41.509429931640625,43.737876892089844
2002-07-25,2900,43.96226119995117,43.3962287902832,45.28302001953125,42.924530029296875,42.99022674560547
2002-07-24,5700,43.3962287902832,43.96226119995117,45.09434127807617,42.924530029296875,43.550960540771484
2002-07-23,2200,43.867919921875,43.96226119995117,44.4339599609375,43.867919921875,43.550960540771484
2002-07-22,2300,43.3962287902832,44.62263870239258,44.62263870239258,42.45283126831055,44.205162048339844
2002-07-19,3100,44.33961868286133,43.867919921875,46.6981086730957,42.45283126831055,43.45750427246094
2002-07-18,2100,46.22642135620117,44.81132125854492,46.6981086730957,44.81132125854492,44.3920783996582
2002-07-17,3000,44.33961868286133,46.6037712097168,46.6037712097168,43.3962287902832,46.16775894165039
2002-07-16,2100,45.28302001953125,44.33961868286133,45.28302001953125,44.33961868286133,43.92478942871094
2002-07-15,2200,44.52830123901367,46.132080078125,46.132080078125,44.52830123901367,45.70048141479492
2002-07-12,400,46.03773880004883,44.62263870239258,46.6037712097168,44.62263870239258,44.205162048339844
2002-07-11,2500,43.867919921875,45.5660400390625,46.6981086730957,43.867919921875,45.13973617553711
2002-07-10,4500,47.075469970703125,44.15093994140625,47.1698112487793,42.45283126831055,43.737876892089844
2002-07-09,1300,46.32075119018555,46.6981086730957,46.6981086730957,45.75471878051758,46.26121520996094
2002-07-08,1800,47.1698112487793,46.6981086730957,48.11320877075195,46.32075119018555,46.26121520996094
2002-07-05,2800,47.641510009765625,48.11320877075195,48.11320877075195,46.88679122924805,47.6630744934082
2002-07-03,2700,47.641510009765625,47.1698112487793,47.7358512878418,45.84906005859375,46.7285041809082
2002-07-02,2100,47.7358512878418,48.3962287902832,48.3962287902832,46.6981086730957,47.94344711303711
2002-07-01,7200,47.2641487121582,48.67924880981445,48.67924880981445,46.509429931640625,48.223819732666016
2002-06-28,18200,52.8301887512207,46.6981086730957,58.207550048828125,46.6981086730957,46.26121520996094
2002-06-27,4400,48.11320877075195,52.358489990234375,52.358489990234375,48.11320877075195,51.86863708496094
2002-06-26,5300,46.6981086730957,47.641510009765625,47.641510009765625,46.6981086730957,47.1957893371582
2002-06-25,1900,46.6981086730957,47.1698112487793,47.641510009765625,46.509429931640625,46.7285041809082
2002-06-24,1800,46.41508865356445,46.6981086730957,47.54716873168945,46.22642135620117,46.26121520996094
2002-06-21,3200,45.28302001953125,46.792449951171875,46.792449951171875,45.28302001953125,46.354671478271484
2002-06-20,2000,45.75471878051758,46.22642135620117,46.6981086730957,44.81132125854492,45.793941497802734
2002-06-19,1900,45.84906005859375,45.75471878051758,46.98112869262695,45.75471878051758,45.3266487121582
2002-06-18,2300,46.509429931640625,46.6037712097168,46.792449951171875,45.75471878051758,46.16775894165039
2002-06-17,1200,47.641510009765625,47.45283126831055,47.641510009765625,46.6981086730957,47.00887680053711
2002-06-14,3400,46.6981086730957,46.6981086730957,47.1698112487793,44.81132125854492,46.26121520996094
2002-06-13,3300,46.6981086730957,46.88679122924805,47.2641487121582,46.41508865356445,46.4481315612793
2002-06-12,3100,46.03773880004883,47.1698112487793,48.11320877075195,45.94340133666992,46.7285041809082
2002-06-11,3600,46.32075119018555,46.41508865356445,46.88679122924805,46.03773880004883,45.98084259033203
2002-06-10,7000,47.1698112487793,46.6981086730957,47.2641487121582,46.32075119018555,46.26121520996094
2002-06-07,3900,46.6981086730957,47.1698112487793,47.1698112487793,46.6037712097168,46.7285041809082
2002-06-06,6400,47.1698112487793,47.1698112487793,47.2641487121582,46.792449951171875,46.7285041809082
2002-06-05,4800,48.867919921875,47.7358512878418,49.52830123901367,47.2641487121582,47.289249420166016
2002-06-04,4300,46.41508865356445,49.81132125854492,49.81132125854492,46.41508865356445,49.345298767089844
2002-06-03,5700,49.52830123901367,48.207550048828125,50.47169876098633,48.11320877075195,47.756534576416016
2002-05-31,4800,50.94340133666992,49.81132125854492,51.88679122924805,49.05659866333008,49.345298767089844
2002-05-30,5500,49.52830123901367,50.94340133666992,51.22642135620117,49.52830123901367,50.46678924560547
2002-05-29,5300,48.11320877075195,49.62263870239258,50.47169876098633,47.641510009765625,49.158382415771484
2002-05-28,4600,47.1698112487793,47.641510009765625,49.05659866333008,47.1698112487793,47.1957893371582
2002-05-24,1600,46.6981086730957,47.1698112487793,48.11320877075195,46.6981086730957,46.7285041809082
2002-05-23,3700,45.94340133666992,46.132080078125,47.1698112487793,45.75471878051758,45.70048141479492
2002-05-22,14900,41.792449951171875,46.88679122924805,48.11320877075195,41.03773880004883,46.4481315612793
2002-05-21,6600,44.81132125854492,41.03773880004883,44.90565872192383,41.03773880004883,40.65380096435547
2002-05-20,6600,47.641510009765625,45.28302001953125,47.641510009765625,45.28302001953125,44.8593635559082
2002-05-17,1900,49.05659866333008,48.58491134643555,49.05659866333008,48.207550048828125,48.13036346435547
2002-05-16,7400,45.28302001953125,48.207550048828125,48.58491134643555,44.81132125854492,47.756534576416016
2002-05-15,900,46.6981086730957,46.03773880004883,46.6981086730957,44.81132125854492,45.60702133178711
2002-05-14,5100,42.45283126831055,46.22642135620117,46.22642135620117,42.45283126831055,45.793941497802734
2002-05-13,1600,45.94340133666992,46.03773880004883,46.509429931640625,43.867919921875,45.60702133178711
2002-05-10,1800,46.32075119018555,45.5660400390625,47.1698112487793,44.81132125854492,45.13973617553711
2002-05-09,1000,46.41508865356445,46.6981086730957,48.207550048828125,46.41508865356445,46.26121520996094
2002-05-08,6200,48.11320877075195,45.47169876098633,48.11320877075195,44.81132125854492,45.04627990722656
2002-05-07,1900,47.1698112487793,47.1698112487793,47.1698112487793,45.84906005859375,46.7285041809082
2002-05-06,1300,48.207550048828125,47.1698112487793,48.207550048828125,46.98112869262695,46.7285041809082
2002-05-03,3200,46.98112869262695,48.207550048828125,48.58491134643555,46.32075119018555,47.756534576416016
2002-05-02,1000,48.11320877075195,47.45283126831055,48.11320877075195,47.2641487121582,47.00887680053711
2002-05-01,2100,48.01887130737305,48.867919921875,49.52830123901367,46.22642135620117,48.41072463989258
2002-04-30,1800,47.1698112487793,48.11320877075195,48.11320877075195,46.792449951171875,47.6630744934082
2002-04-29,2300,45.75471878051758,47.1698112487793,47.1698112487793,45.28302001953125,46.7285041809082
2002-04-26,900,47.358489990234375,45.75471878051758,47.358489990234375,45.75471878051758,45.3266487121582
2002-04-25,2500,48.58491134643555,47.358489990234375,49.05659866333008,47.1698112487793,46.9154167175293
2002-04-24,2500,47.924530029296875,47.8301887512207,48.11320877075195,47.1698112487793,47.3827018737793
2002-04-23,500,46.6981086730957,46.132080078125,46.6981086730957,45.28302001953125,45.70048141479492
2002-04-22,1600,45.47169876098633,46.22642135620117,47.075469970703125,45.28302001953125,45.793941497802734
2002-04-19,1200,47.641510009765625,46.22642135620117,48.11320877075195,46.22642135620117,45.793941497802734
2002-04-18,2100,48.11320877075195,47.1698112487793,48.11320877075195,46.22642135620117,46.7285041809082
2002-04-17,1400,49.05659866333008,48.3962287902832,49.05659866333008,48.11320877075195,47.94344711303711
2002-04-16,3400,47.358489990234375,48.01887130737305,49.52830123901367,47.358489990234375,47.569618225097656
2002-04-15,3900,45.75471878051758,47.8301887512207,48.3018913269043,45.75471878051758,47.3827018737793
2002-04-12,1700,44.15093994140625,44.90565872192383,45.18867874145508,44.15093994140625,44.48553466796875
2002-04-11,4000,45.84906005859375,44.33961868286133,46.03773880004883,43.867919921875,43.92478942871094
2002-04-10,28900,46.98112869262695,45.84906005859375,46.98112869262695,43.3962287902832,45.420108795166016
2002-04-09,14200,49.52830123901367,47.1698112487793,50.0,45.75471878051758,46.7285041809082
2002-04-08,3400,50.94340133666992,49.81132125854492,51.41508865356445,49.52830123901367,49.345298767089844
2002-04-05,2700,51.41508865356445,51.132080078125,52.358489990234375,51.132080078125,50.65370178222656
2002-04-04,7000,51.88679122924805,53.77357864379883,54.24528121948242,50.47169876098633,53.27048873901367
2002-04-03,4600,54.71697998046875,54.24528121948242,54.90565872192383,52.8301887512207,53.73777770996094
2002-04-02,2600,58.96226119995117,55.18867874145508,58.96226119995117,55.18867874145508,54.67234802246094
2002-04-01,2300,61.22642135620117,58.01887130737305,61.32075119018555,58.01887130737305,57.4760627746582
2002-03-28,8000,59.4339599609375,61.22642135620117,61.22642135620117,58.01887130737305,60.653602600097656
2002-03-27,5000,56.98112869262695,58.490570068359375,58.490570068359375,56.6037712097168,57.9433479309082
2002-03-26,7300,56.509429931640625,56.03773880004883,58.01887130737305,55.18867874145508,55.513465881347656
2002-03-25,6200,56.509429931640625,56.509429931640625,57.54716873168945,55.5660400390625,55.980743408203125
2002-03-22,7200,52.8301887512207,55.5660400390625,55.5660400390625,52.358489990234375,55.046180725097656
2002-03-21,3800,52.8301887512207,53.3018913269043,53.58491134643555,52.358489990234375,52.80321502685547
2002-03-20,3200,53.58491134643555,53.3018913269043,53.58491134643555,50.5660400390625,52.80321502685547
2002-03-19,6800,51.41508865356445,53.3018913269043,54.71697998046875,51.41508865356445,52.80321502685547
2002-03-18,4000,54.24528121948242,51.41508865356445,54.24528121948242,50.47169876098633,50.93406295776367
2002-03-15,3900,51.32075119018555,53.77357864379883,53.77357864379883,51.32075119018555,53.27048873901367
2002-03-14,1600,51.41508865356445,52.2641487121582,52.358489990234375,50.94340133666992,51.77518081665039
2002-03-13,4300,52.075469970703125,50.94340133666992,53.3018913269043,50.47169876098633,50.46678924560547
2002-03-12,2500,51.132080078125,52.2641487121582,52.2641487121582,51.132080078125,51.77518081665039
2002-03-11,2000,51.32075119018555,51.88679122924805,52.358489990234375,51.132080078125,51.40135192871094
2002-03-08,4200,50.47169876098633,51.22642135620117,52.358489990234375,50.0,50.747161865234375
2002-03-07,2400,51.88679122924805,50.94340133666992,51.88679122924805,50.47169876098633,50.46678924560547
2002-03-06,3500,51.41508865356445,50.94340133666992,51.88679122924805,50.28302001953125,50.46678924560547
2002-03-05,4400,50.0,50.84906005859375,52.075469970703125,49.05659866333008,50.373329162597656
2002-03-04,12400,47.1698112487793,49.15093994140625,50.18867874145508,46.32075119018555,48.691097259521484
2002-03-01,2900,48.11320877075195,48.11320877075195,48.11320877075195,46.41508865356445,47.6630744934082
2002-02-28,4000,46.792449951171875,47.45283126831055,47.54716873168945,46.22642135620117,47.00887680053711
2002-02-27,3700,49.52830123901367,47.7358512878418,49.52830123901367,46.792449951171875,47.289249420166016
2002-02-26,4900,49.52830123901367,48.58491134643555,50.0,47.641510009765625,48.13036346435547
2002-02-25,10200,46.6981086730957,50.0,50.0,45.28302001953125,49.5322151184082
2002-02-22,4400,44.81132125854492,45.28302001953125,46.132080078125,44.71697998046875,44.8593635559082
2002-02-21,6800,45.28302001953125,43.867919921875,47.1698112487793,43.867919921875,43.45750427246094
2002-02-20,15400,42.45283126831055,43.67924880981445,45.28302001953125,41.03773880004883,43.270599365234375
2002-02-19,36700,36.792449951171875,40.94340133666992,43.490570068359375,36.6981086730957,40.56034469604492
2002-02-15,12100,37.924530029296875,36.03773880004883,38.207550048828125,35.84906005859375,35.70058059692383
2002-02-14,16700,41.98112869262695,36.98112869262695,41.98112869262695,36.509429931640625,36.6351432800293
2002-02-13,2300,42.924530029296875,41.509429931640625,43.3018913269043,41.509429931640625,41.12107849121094
2002-02-12,5900,43.3962287902832,43.01887130737305,44.33961868286133,42.924530029296875,42.616397857666016
2002-02-11,9400,39.15093994140625,42.924530029296875,43.3018913269043,39.05659866333008,42.52294158935547
2002-02-08,11100,39.52830123901367,39.15093994140625,39.62263870239258,37.358489990234375,38.78465270996094
2002-02-07,5800,42.641510009765625,39.52830123901367,43.3962287902832,38.67924880981445,39.158485412597656
2002-02-06,7000,45.47169876098633,42.2641487121582,46.6981086730957,41.6037712097168,41.868736267089844
2002-02-05,7000,49.05659866333008,46.22642135620117,49.05659866333008,46.22642135620117,45.793941497802734
2002-02-04,1700,48.11320877075195,48.58491134643555,48.77357864379883,48.11320877075195,48.13036346435547
2002-02-01,6000,45.28302001953125,49.05659866333008,49.52830123901367,45.28302001953125,48.59763717651367
2002-01-31,4600,49.52830123901367,49.4339599609375,49.81132125854492,48.58491134643555,48.97146987915039
2002-01-30,4100,47.8301887512207,48.58491134643555,49.52830123901367,47.8301887512207,48.13036346435547
2002-01-29,3400,53.77357864379883,48.01887130737305,54.52830123901367,47.641510009765625,47.569618225097656
2002-01-28,3900,51.88679122924805,53.77357864379883,55.37736129760742,51.88679122924805,53.27048873901367
2002-01-25,2000,47.924530029296875,50.18867874145508,50.18867874145508,47.45283126831055,49.7191276550293
2002-01-24,9700,47.641510009765625,47.45283126831055,48.207550048828125,47.2641487121582,47.00887680053711
2002-01-23,2200,47.924530029296875,48.11320877075195,48.58491134643555,47.1698112487793,47.6630744934082
2002-01-22,2100,48.58491134643555,46.98112869262695,48.867919921875,46.6981086730957,46.541587829589844
2002-01-18,1500,49.05659866333008,48.11320877075195,49.52830123901367,48.11320877075195,47.6630744934082
2002-01-17,4800,48.77357864379883,48.490570068359375,48.96226119995117,47.641510009765625,48.03690719604492
2002-01-16,3700,53.77357864379883,48.77357864379883,53.77357864379883,48.67924880981445,48.31726837158203
2002-01-15,2200,54.4339599609375,53.77357864379883,54.71697998046875,52.8301887512207,53.27048873901367
2002-01-14,1700,57.54716873168945,55.0,57.54716873168945,54.90565872192383,54.485435485839844
2002-01-11,1100,59.05659866333008,57.358489990234375,59.05659866333008,57.358489990234375,56.821861267089844
2002-01-10,3200,58.11320877075195,58.96226119995117,59.4339599609375,58.01887130737305,58.41062545776367
2002-01-09,3100,57.54716873168945,58.77357864379883,58.867919921875,57.54716873168945,58.22370910644531
2002-01-08,2800,58.3018913269043,57.641510009765625,58.3018913269043,57.1698112487793,57.102230072021484
2002-01-07,3000,60.37736129760742,58.58491134643555,60.84906005859375,58.58491134643555,58.036808013916016
2002-01-04,5500,61.32075119018555,60.75471878051758,61.6981086730957,60.75471878051758,60.18631362915039
2002-01-03,23900,61.792449951171875,61.6981086730957,63.67924880981445,61.32075119018555,61.12087631225586
2002-01-02,3400,63.207550048828125,62.2641487121582,63.490570068359375,60.37736129760742,61.68162155151367
2001-12-31,5500,60.47169876098633,62.8301887512207,64.15093994140625,57.45283126831055,62.242366790771484
2001-12-28,3900,60.37736129760742,61.41508865356445,62.2641487121582,60.37736129760742,60.84050750732422
2001-12-27,1000,60.37736129760742,60.66038131713867,61.132080078125,60.0,60.09286117553711
2001-12-26,2800,58.01887130737305,60.47169876098633,60.94340133666992,57.54716873168945,59.905941009521484
2001-12-24,1300,59.4339599609375,58.3962287902832,59.4339599609375,58.3018913269043,57.849891662597656
2001-12-21,14500,59.4339599609375,60.18867874145508,60.37736129760742,58.96226119995117,59.62556838989258
2001-12-20,15500,63.67924880981445,59.15093994140625,63.67924880981445,58.96226119995117,58.59754180908203
2001-12-19,1000,64.71697998046875,63.77357864379883,64.71697998046875,63.67924880981445,63.17692947387695
2001-12-18,3900,63.207550048828125,64.15093994140625,64.9056625366211,63.207550048828125,63.55076217651367
2001-12-17,4200,61.32075119018555,62.45283126831055,62.45283126831055,60.37736129760742,61.8685417175293
2001-12-14,2000,61.41508865356445,61.41508865356445,61.792449951171875,60.37736129760742,60.84050750732422
2001-12-13,1800,62.2641487121582,61.509429931640625,62.54716873168945,61.32075119018555,60.933963775634766
2001-12-12,1000,65.94339752197266,63.207550048828125,65.94339752197266,62.45283126831055,62.6161994934082
2001-12-11,1100,66.50942993164062,65.5660400390625,66.50942993164062,64.62264251708984,64.95262145996094
2001-12-10,1000,66.60376739501953,66.60376739501953,67.83019256591797,66.50942993164062,65.98064422607422
2001-12-07,1100,66.2264175415039,66.98113250732422,68.39623260498047,66.0377426147461,66.35447692871094
2001-12-06,2100,68.39623260498047,67.26415252685547,68.39623260498047,66.79244995117188,66.63484954833984
2001-12-05,15100,65.0943374633789,67.92453002929688,69.3396224975586,65.0943374633789,67.28904724121094
2001-12-04,10400,65.5660400390625,66.132080078125,66.69811248779297,65.5660400390625,65.51336669921875
2001-12-03,7600,65.37735748291016,64.62264251708984,65.37735748291016,61.32075119018555,64.01805114746094
2001-11-30,6900,67.45282745361328,66.0377426147461,67.83019256591797,64.24527740478516,65.41991424560547
2001-11-29,2500,68.867919921875,67.92453002929688,68.867919921875,66.79244995117188,67.28904724121094
2001-11-28,7600,66.98113250732422,68.39623260498047,68.867919921875,66.98113250732422,67.75634002685547
2001-11-27,18700,60.84906005859375,66.98113250732422,67.45282745361328,60.0,66.35447692871094
2001-11-26,4600,61.509429931640625,60.84906005859375,61.509429931640625,58.58491134643555,60.2797737121582
2001-11-23,400,62.54716873168945,62.45283126831055,62.7358512878418,62.2641487121582,61.8685417175293
2001-11-21,1600,61.6037712097168,61.792449951171875,61.88679122924805,60.18867874145508,61.21433639526367
2001-11-20,800,60.84906005859375,61.32075119018555,62.7358512878418,60.5660400390625,60.74705123901367
2001-11-19,2700,61.41508865356445,61.132080078125,61.88679122924805,60.5660400390625,60.56014633178711
2001-11-16,300,60.5660400390625,61.32075119018555,61.32075119018555,60.5660400390625,60.74705123901367
2001-11-15,1000,60.84906005859375,61.32075119018555,62.2641487121582,60.84906005859375,60.74705123901367
2001-11-14,2800,58.490570068359375,61.792449951171875,61.792449951171875,58.490570068359375,61.21433639526367
2001-11-13,1300,56.6981086730957,58.490570068359375,59.90565872192383,56.6037712097168,57.9433479309082
2001-11-12,2600,56.6037712097168,56.6037712097168,56.792449951171875,54.33961868286133,56.07420349121094
2001-11-09,1600,57.7358512878418,57.2641487121582,58.3018913269043,57.2641487121582,56.72840118408203
2001-11-08,2600,60.84906005859375,57.641510009765625,60.84906005859375,57.641510009765625,57.102230072021484
2001-11-07,1500,58.96226119995117,60.84906005859375,61.32075119018555,58.96226119995117,60.2797737121582
2001-11-06,1000,58.867919921875,59.4339599609375,59.90565872192383,58.01887130737305,58.87791061401367
2001-11-05,2700,62.7358512878418,58.867919921875,62.7358512878418,58.01887130737305,58.317169189453125
2001-11-02,3000,58.11320877075195,59.90565872192383,61.32075119018555,58.01887130737305,59.34519958496094
2001-11-01,8100,64.9056625366211,58.01887130737305,65.0943374633789,58.01887130737305,57.4760627746582
2001-10-31,2100,59.90565872192383,62.2641487121582,62.2641487121582,59.4339599609375,61.68162155151367
2001-10-30,8700,60.37736129760742,60.37736129760742,61.32075119018555,58.490570068359375,59.8124885559082
2001-10-29,4000,57.2641487121582,59.71697998046875,61.32075119018555,57.2641487121582,59.15828323364258
2001-10-26,2800,54.4339599609375,57.2641487121582,57.2641487121582,52.075469970703125,56.72840118408203
2001-10-25,1500,54.24528121948242,54.33961868286133,54.71697998046875,53.3018913269043,53.831233978271484
2001-10-24,7700,53.77357864379883,53.77357864379883,57.54716873168945,51.88679122924805,53.27048873901367
2001-10-23,5400,60.09434127807617,57.54716873168945,60.37736129760742,57.54716873168945,57.00877380371094
2001-10-22,1100,61.98112869262695,61.32075119018555,61.98112869262695,60.37736129760742,60.74705123901367
2001-10-19,1600,61.792449951171875,61.6981086730957,62.075469970703125,59.52830123901367,61.12087631225586
2001-10-18,1600,60.94340133666992,61.32075119018555,61.98112869262695,60.94340133666992,60.74705123901367
2001-10-17,1000,62.7358512878418,61.792449951171875,63.207550048828125,61.6037712097168,61.21433639526367
2001-10-16,3500,58.58491134643555,63.3962287902832,64.15093994140625,58.58491134643555,62.8031120300293
2001-10-15,2900,61.22642135620117,59.52830123901367,61.22642135620117,58.96226119995117,58.971370697021484
2001-10-12,6400,57.075469970703125,61.22642135620117,61.22642135620117,56.6037712097168,60.653602600097656
2001-10-11,2600,55.18867874145508,56.6037712097168,57.075469970703125,54.81132125854492,56.07420349121094
2001-10-10,1400,57.1698112487793,54.71697998046875,57.54716873168945,54.52830123901367,54.20506286621094
2001-10-09,4700,51.41508865356445,57.1698112487793,57.54716873168945,51.41508865356445,56.634944915771484
2001-10-08,1600,50.94340133666992,51.41508865356445,51.88679122924805,50.94340133666992,50.93406295776367
2001-10-05,1800,51.98112869262695,50.47169876098633,52.641510009765625,50.47169876098633,49.9995002746582
2001-10-04,2800,49.24528121948242,51.03773880004883,51.03773880004883,49.15093994140625,50.560245513916016
2001-10-03,2700,49.05659866333008,49.4339599609375,49.90565872192383,48.58491134643555,48.97146987915039
2001-10-02,2400,48.58491134643555,49.05659866333008,49.05659866333008,47.7358512878418,48.59763717651367
2001-10-01,2300,49.52830123901367,47.641510009765625,49.52830123901367,47.54716873168945,47.1957893371582
2001-09-28,5200,46.6981086730957,49.52830123901367,49.81132125854492,46.6981086730957,49.0649299621582
2001-09-27,5800,48.11320877075195,46.6981086730957,49.05659866333008,45.75471878051758,46.26121520996094
2001-09-26,7100,45.75471878051758,48.490570068359375,49.05659866333008,45.75471878051758,48.03690719604492
2001-09-25,8600,45.75471878051758,45.0,45.75471878051758,42.45283126831055,44.5789909362793
2001-09-24,5900,46.22642135620117,45.47169876098633,48.01887130737305,43.96226119995117,45.04627990722656
2001-09-21,11900,51.41508865356445,47.1698112487793,52.8301887512207,46.32075119018555,46.7285041809082
2001-09-20,17000,58.3018913269043,51.41508865356445,59.90565872192383,48.3018913269043,50.93406295776367
2001-09-19,12800,68.39623260498047,61.509429931640625,68.58490753173828,58.96226119995117,60.933963775634766
2001-09-18,4000,70.75472259521484,69.15093994140625,70.94339752197266,68.39623260498047,68.50398254394531
2001-09-17,14200,69.81131744384766,71.2264175415039,77.35848999023438,66.98113250732422,70.56004333496094
2001-09-10,5700,75.4717025756836,79.4339599609375,79.5282974243164,75.4717025756836,78.6907958984375
2001-09-07,7900,83.49057006835938,80.18868255615234,83.49057006835938,79.4339599609375,79.43846130371094
2001-09-06,9600,82.54717254638672,84.4339599609375,84.71697998046875,79.71697998046875,83.6440200805664
2001-09-05,15100,82.73584747314453,83.01886749267578,84.4339599609375,79.3396224975586,82.2421646118164
2001-09-04,14600,77.35848999023438,80.94339752197266,80.94339752197266,77.35848999023438,80.18611145019531
2001-08-31,7800,73.67925262451172,76.88678741455078,77.83019256591797,73.67925262451172,76.1674575805664
2001-08-30,1500,73.9622573852539,73.67925262451172,73.9622573852539,72.73584747314453,72.98992919921875
2001-08-29,2200,73.7735824584961,73.30188751220703,74.5282974243164,72.83019256591797,72.61609649658203
2001-08-28,7700,76.88678741455078,74.4339599609375,77.83019256591797,73.867919921875,73.73757934570312
2001-08-27,5800,76.88678741455078,77.16980743408203,77.54717254638672,76.60376739501953,76.44783020019531
2001-08-24,4000,76.88678741455078,77.83019256591797,78.30188751220703,75.94339752197266,77.10203552246094
2001-08-23,7200,74.62264251708984,76.60376739501953,77.35848999023438,74.5282974243164,75.8870849609375
2001-08-22,2500,73.58490753173828,74.71697998046875,75.28302001953125,73.30188751220703,74.01795196533203
2001-08-21,3100,75.28302001953125,73.58490753173828,75.4717025756836,73.58490753173828,72.89646911621094
2001-08-20,1600,75.0,75.28302001953125,75.94339752197266,74.15093994140625,74.57868957519531
2001-08-17,3400,75.94339752197266,75.4717025756836,75.94339752197266,73.7735824584961,74.76560974121094
2001-08-16,2400,75.94339752197266,76.41509246826172,76.41509246826172,74.05660247802734,75.7001724243164
2001-08-15,3800,72.73584747314453,76.41509246826172,76.79244995117188,72.64151000976562,75.7001724243164
2001-08-14,2200,74.62264251708984,72.64151000976562,75.4717025756836,72.64151000976562,71.96189880371094
2001-08-13,5600,74.05660247802734,74.3396224975586,74.5282974243164,70.94339752197266,73.64411926269531
2001-08-10,2900,75.37735748291016,74.3396224975586,76.88678741455078,72.16980743408203,73.64411926269531
2001-08-09,4800,74.62264251708984,75.4717025756836,75.94339752197266,73.58490753173828,74.76560974121094
2001-08-08,6200,73.58490753173828,75.5660400390625,75.5660400390625,73.11321258544922,74.85906219482422
2001-08-07,4800,75.6603775024414,74.15093994140625,75.6603775024414,73.01886749267578,73.45720672607422
2001-08-06,4800,78.39623260498047,76.60376739501953,78.39623260498047,75.4717025756836,75.8870849609375
2001-08-03,3700,81.132080078125,79.3396224975586,81.132080078125,77.83019256591797,78.59734344482422
2001-08-02,8700,78.30188751220703,82.07546997070312,82.26415252685547,77.45282745361328,81.3075942993164
2001-08-01,4600,81.132080078125,81.60376739501953,82.07546997070312,78.30188751220703,80.84030151367188
2001-07-31,9700,82.73584747314453,82.07546997070312,82.73584747314453,77.92453002929688,81.3075942993164
2001-07-30,9000,81.60376739501953,82.73584747314453,83.01886749267578,77.83019256591797,81.9617919921875
2001-07-27,5500,81.32074737548828,83.01886749267578,83.01886749267578,81.132080078125,82.2421646118164
2001-07-26,9700,84.71697998046875,82.26415252685547,84.9056625366211,80.37735748291016,81.49451446533203
2001-07-25,24000,80.0,83.7735824584961,84.4339599609375,77.45282745361328,82.98982238769531
2001-07-24,9900,74.05660247802734,79.71697998046875,79.71697998046875,73.11321258544922,78.9711685180664
2001-07-23,9900,75.18868255615234,74.81131744384766,75.4717025756836,71.50942993164062,74.11140441894531
2001-07-20,12400,70.75472259521484,73.9622573852539,74.3396224975586,69.3396224975586,73.2702865600586
2001-07-19,6300,69.81131744384766,70.75472259521484,70.75472259521484,68.867919921875,70.09275817871094
2001-07-18,6900,67.64151000976562,70.0,70.75472259521484,67.64151000976562,69.34510040283203
2001-07-17,2100,68.39623260498047,70.18868255615234,70.18868255615234,67.45282745361328,69.53201293945312
2001-07-16,1100,67.92453002929688,67.92453002929688,68.867919921875,67.92453002929688,67.28904724121094
2001-07-13,1600,69.3396224975586,68.49057006835938,69.62264251708984,67.54717254638672,67.84979248046875
2001-07-12,3400,67.07546997070312,68.867919921875,69.3396224975586,66.98113250732422,68.2236099243164
2001-07-11,1500,67.45282745361328,68.01886749267578,68.49057006835938,66.79244995117188,67.38249969482422
2001-07-10,2000,67.45282745361328,67.45282745361328,68.39623260498047,66.98113250732422,66.8217544555664
2001-07-09,1200,69.4339599609375,67.45282745361328,69.4339599609375,67.16980743408203,66.8217544555664
2001-07-06,4900,69.24527740478516,69.4339599609375,70.0,66.41509246826172,68.78435516357422
2001-07-05,3500,68.67925262451172,70.18868255615234,70.18868255615234,68.01886749267578,69.53201293945312
2001-07-03,3500,67.92453002929688,70.18868255615234,70.18868255615234,66.79244995117188,69.53201293945312
2001-07-02,8900,68.39623260498047,67.45282745361328,69.81131744384766,63.58491134643555,66.8217544555664
2001-06-29,13700,65.4717025756836,68.39623260498047,68.867919921875,62.2641487121582,67.75634002685547
2001-06-28,8300,63.67924880981445,65.37735748291016,66.0377426147461,61.41508865356445,64.76570129394531
2001-06-27,6300,58.867919921875,63.67924880981445,63.67924880981445,58.3018913269043,63.0834846496582
2001-06-26,2300,58.67924880981445,58.96226119995117,59.24528121948242,58.01887130737305,58.41062545776367
2001-06-25,5300,59.62263870239258,59.15093994140625,60.37736129760742,57.54716873168945,58.59754180908203
2001-06-22,10900,55.66038131713867,59.4339599609375,61.6981086730957,54.81132125854492,58.87791061401367
2001-06-21,3500,55.18867874145508,56.132080078125,56.6037712097168,55.09434127807617,55.6069221496582
2001-06-20,3400,53.77357864379883,56.03773880004883,56.132080078125,51.98112869262695,55.513465881347656
2001-06-19,2000,53.01887130737305,52.8301887512207,53.58491134643555,52.1698112487793,52.33592224121094
2001-06-18,1600,55.18867874145508,53.3962287902832,56.132080078125,53.3962287902832,52.89666748046875
2001-06-15,6200,56.132080078125,55.66038131713867,56.132080078125,53.3018913269043,55.1396369934082
2001-06-14,4200,56.32075119018555,57.075469970703125,57.075469970703125,55.66038131713867,56.54148864746094
2001-06-13,1600,56.6037712097168,56.88679122924805,57.075469970703125,55.75471878051758,56.35457229614258
2001-06-12,6400,55.5660400390625,57.075469970703125,57.54716873168945,55.47169876098633,56.54148864746094
2001-06-11,3600,56.132080078125,56.509429931640625,56.6037712097168,55.66038131713867,55.980743408203125
2001-06-08,800,57.54716873168945,56.6037712097168,57.54716873168945,56.6037712097168,56.07420349121094
2001-06-07,4900,55.75471878051758,57.7358512878418,58.01887130737305,55.18867874145508,57.1956901550293
2001-06-06,3400,57.54716873168945,56.6981086730957,57.54716873168945,55.37736129760742,56.16765594482422
2001-06-05,1100,57.2641487121582,57.1698112487793,57.54716873168945,57.075469970703125,56.634944915771484
2001-06-04,1500,58.11320877075195,56.6981086730957,58.11320877075195,56.6037712097168,56.16765594482422
2001-06-01,800,58.01887130737305,58.207550048828125,58.3962287902832,57.54716873168945,57.6629753112793
2001-05-31,2000,57.8301887512207,57.641510009765625,58.490570068359375,57.54716873168945,57.102230072021484
2001-05-30,1500,58.01887130737305,57.54716873168945,58.96226119995117,57.54716873168945,57.00877380371094
2001-05-29,2400,60.0,58.01887130737305,60.37736129760742,57.641510009765625,57.4760627746582
2001-05-25,5300,57.54716873168945,59.4339599609375,60.18867874145508,57.54716873168945,58.87791061401367
2001-05-24,2100,56.88679122924805,58.11320877075195,58.96226119995117,56.88679122924805,57.56951904296875
2001-05-23,1900,57.54716873168945,56.88679122924805,57.54716873168945,56.6981086730957,56.35457229614258
2001-05-22,5700,59.62263870239258,57.54716873168945,59.62263870239258,56.6037712097168,57.00877380371094
2001-05-21,3200,58.490570068359375,59.24528121948242,59.24528121948242,56.6037712097168,58.69099807739258
2001-05-18,4500,58.77357864379883,58.67924880981445,59.62263870239258,56.6037712097168,58.1302604675293
2001-05-17,2900,61.41508865356445,60.18867874145508,61.88679122924805,59.24528121948242,59.62556838989258
2001-05-16,4100,61.32075119018555,60.84906005859375,61.88679122924805,59.4339599609375,60.2797737121582
2001-05-15,1200,61.32075119018555,61.792449951171875,61.88679122924805,60.5660400390625,61.21433639526367
2001-05-14,5300,61.32075119018555,61.22642135620117,61.792449951171875,59.4339599609375,60.653602600097656
2001-05-11,1900,61.32075119018555,61.22642135620117,61.88679122924805,59.90565872192383,60.653602600097656
2001-05-10,2100,61.792449951171875,60.84906005859375,61.88679122924805,60.84906005859375,60.2797737121582
2001-05-09,2300,62.924530029296875,61.32075119018555,62.924530029296875,61.32075119018555,60.74705123901367
2001-05-08,9400,59.4339599609375,63.867919921875,66.32074737548828,59.05659866333008,63.270389556884766
2001-05-07,6700,63.11320877075195,58.867919921875,63.11320877075195,57.54716873168945,58.317169189453125
2001-05-04,5200,65.18868255615234,63.207550048828125,66.0377426147461,62.7358512878418,62.6161994934082
2001-05-03,15100,67.45282745361328,66.0377426147461,70.6603775024414,61.32075119018555,65.41991424560547
2001-05-02,15100,59.62263870239258,66.0377426147461,66.0377426147461,59.4339599609375,65.41991424560547
2001-05-01,6000,60.37736129760742,58.77357864379883,61.32075119018555,58.67924880981445,58.22370910644531
2001-04-30,9400,63.67924880981445,61.32075119018555,64.15093994140625,61.32075119018555,60.74705123901367
2001-04-27,10700,51.41508865356445,59.4339599609375,59.52830123901367,51.22642135620117,58.87791061401367
2001-04-26,7400,50.47169876098633,52.358489990234375,52.8301887512207,50.09434127807617,51.86863708496094
2001-04-25,9800,48.58491134643555,51.509429931640625,53.207550048828125,48.207550048828125,51.027523040771484
2001-04-24,10500,46.792449951171875,49.52830123901367,49.52830123901367,46.792449951171875,49.0649299621582
2001-04-23,5600,44.15093994140625,46.792449951171875,47.1698112487793,43.3962287902832,46.354671478271484
2001-04-20,3600,46.6981086730957,45.09434127807617,47.358489990234375,44.33961868286133,44.67245101928711
2001-04-19,4100,43.867919921875,46.6981086730957,46.6981086730957,42.924530029296875,46.26121520996094
2001-04-18,3700,41.98112869262695,43.3962287902832,44.33961868286133,41.509429931640625,42.99022674560547
2001-04-17,2600,41.6981086730957,42.45283126831055,42.45283126831055,41.22642135620117,42.0556526184082
2001-04-16,1000,40.84906005859375,41.98112869262695,42.2641487121582,40.84906005859375,41.58836364746094
2001-04-12,1400,41.132080078125,40.94340133666992,41.132080078125,40.47169876098633,40.56034469604492
2001-04-11,1600,41.6981086730957,41.03773880004883,41.6981086730957,41.03773880004883,40.65380096435547
2001-04-10,1000,41.6981086730957,41.6981086730957,42.45283126831055,41.6981086730957,41.30799102783203
2001-04-09,1600,43.3018913269043,41.22642135620117,43.3018913269043,41.03773880004883,40.84071731567383
2001-04-06,1500,44.81132125854492,43.3962287902832,44.81132125854492,42.54716873168945,42.99022674560547
2001-04-05,6800,43.3962287902832,45.28302001953125,47.2641487121582,41.6037712097168,44.8593635559082
2001-04-04,1500,44.33961868286133,43.3962287902832,44.33961868286133,42.45283126831055,42.99022674560547
2001-04-03,5900,43.3962287902832,44.81132125854492,45.75471878051758,41.509429931640625,44.3920783996582
2001-04-02,3400,43.3962287902832,43.207550048828125,43.77357864379883,42.45283126831055,42.80331039428711
2001-03-30,3100,45.28302001953125,43.490570068359375,45.75471878051758,43.3962287902832,43.083683013916016
2001-03-29,1500,45.37736129760742,45.28302001953125,45.75471878051758,44.81132125854492,44.8593635559082
2001-03-28,2300,45.28302001953125,45.37736129760742,46.22642135620117,45.09434127807617,44.952823638916016
2001-03-27,1400,45.75471878051758,45.66038131713867,45.75471878051758,44.81132125854492,45.23319625854492
2001-03-26,2200,46.22642135620117,46.22642135620117,46.6981086730957,45.28302001953125,45.793941497802734
2001-03-23,3400,44.52830123901367,46.22642135620117,46.22642135620117,44.33961868286133,45.793941497802734
2001-03-22,6600,45.75471878051758,44.52830123901367,46.22642135620117,43.3962287902832,44.1117057800293
2001-03-21,3800,47.1698112487793,45.75471878051758,47.641510009765625,45.75471878051758,45.3266487121582
2001-03-20,2800,46.792449951171875,47.641510009765625,49.52830123901367,46.792449951171875,47.1957893371582
2001-03-19,3500,45.84906005859375,47.1698112487793,47.54716873168945,44.52830123901367,46.7285041809082
2001-03-16,3600,46.22642135620117,46.792449951171875,47.1698112487793,45.28302001953125,46.354671478271484
2001-03-15,7700,45.0,47.1698112487793,48.58491134643555,45.0,46.7285041809082
2001-03-14,3800,44.33961868286133,45.94340133666992,46.6981086730957,44.33961868286133,45.51356887817383
2001-03-13,8100,45.75471878051758,47.1698112487793,47.641510009765625,44.81132125854492,46.7285041809082
2001-03-12,11500,51.88679122924805,44.81132125854492,52.358489990234375,41.98112869262695,44.3920783996582
2001-03-09,2400,54.05659866333008,52.358489990234375,54.24528121948242,51.41508865356445,51.86863708496094
2001-03-08,5100,51.792449951171875,53.3018913269043,54.15093994140625,51.792449951171875,52.80321502685547
2001-03-07,7500,50.09434127807617,51.88679122924805,51.88679122924805,49.05659866333008,51.40135192871094
2001-03-06,5300,50.0,50.0,51.509429931640625,49.05659866333008,49.5322151184082
2001-03-05,2100,47.641510009765625,50.47169876098633,50.47169876098633,47.1698112487793,49.9995002746582
2001-03-02,15300,47.1698112487793,47.45283126831055,47.45283126831055,44.33961868286133,47.00887680053711
2001-03-01,9800,49.05659866333008,47.641510009765625,49.05659866333008,47.1698112487793,47.1957893371582
2001-02-28,3200,48.11320877075195,48.77357864379883,48.77357864379883,47.641510009765625,48.31726837158203
2001-02-27,10500,49.52830123901367,47.8301887512207,49.52830123901367,47.2641487121582,47.3827018737793
2001-02-26,11700,42.2641487121582,48.58491134643555,49.52830123901367,41.03773880004883,48.13036346435547
2001-02-23,5000,42.8301887512207,43.207550048828125,45.28302001953125,42.641510009765625,42.80331039428711
2001-02-22,13300,40.09434127807617,42.358489990234375,45.0,39.62263870239258,41.962196350097656
2001-02-21,23500,46.98112869262695,41.6981086730957,46.98112869262695,39.62263870239258,41.30799102783203
2001-02-20,1600,47.1698112487793,47.8301887512207,48.490570068359375,47.1698112487793,47.3827018737793
2001-02-16,10000,44.81132125854492,46.6981086730957,47.641510009765625,44.81132125854492,46.26121520996094
2001-02-15,3500,50.94340133666992,51.41508865356445,52.7358512878418,50.47169876098633,50.93406295776367
2001-02-14,8200,51.98112869262695,51.41508865356445,52.8301887512207,50.47169876098633,50.93406295776367
2001-02-13,3400,53.3018913269043,52.54716873168945,53.77357864379883,52.075469970703125,52.0555534362793
2001-02-12,4200,55.66038131713867,53.3018913269043,55.66038131713867,52.1698112487793,52.80321502685547
2001-02-09,3200,57.1698112487793,56.32075119018555,57.1698112487793,55.66038131713867,55.79383087158203
2001-02-08,2600,56.509429931640625,57.075469970703125,58.01887130737305,55.66038131713867,56.54148864746094
2001-02-07,1800,56.509429931640625,57.45283126831055,57.45283126831055,56.132080078125,56.91531753540039
2001-02-06,2200,55.66038131713867,57.45283126831055,57.54716873168945,55.66038131713867,56.91531753540039
2001-02-05,3300,57.075469970703125,56.32075119018555,57.075469970703125,54.33961868286133,55.79383087158203
2001-02-02,3200,58.77357864379883,56.6037712097168,58.77357864379883,56.509429931640625,56.07420349121094
2001-02-01,6200,54.71697998046875,58.01887130737305,58.67924880981445,54.71697998046875,57.4760627746582
2001-01-31,3000,55.18867874145508,54.71697998046875,56.132080078125,54.71697998046875,54.20506286621094
2001-01-30,8600,54.71697998046875,55.66038131713867,55.66038131713867,53.77357864379883,55.1396369934082
2001-01-29,4500,55.18867874145508,54.90565872192383,56.6037712097168,54.71697998046875,54.39197540283203
2001-01-26,8200,55.18867874145508,56.6981086730957,58.01887130737305,54.24528121948242,56.16765594482422
2001-01-25,5600,54.24528121948242,55.94340133666992,56.03773880004883,51.98112869262695,55.42000961303711
2001-01-24,1400,52.54716873168945,54.24528121948242,54.24528121948242,52.45283126831055,53.73777770996094
2001-01-23,1500,51.88679122924805,53.207550048828125,53.77357864379883,51.6981086730957,52.709754943847656
2001-01-22,9400,52.45283126831055,51.88679122924805,52.8301887512207,49.52830123901367,51.40135192871094
2001-01-19,4600,54.52830123901367,52.641510009765625,55.47169876098633,52.54716873168945,52.149009704589844
2001-01-18,3600,54.15093994140625,55.47169876098633,56.132080078125,52.8301887512207,54.952720642089844
2001-01-17,3600,51.6981086730957,53.490570068359375,54.24528121948242,51.6981086730957,52.99012756347656
2001-01-16,7200,51.6981086730957,50.75471878051758,51.6981086730957,50.28302001953125,50.27987289428711
2001-01-12,2000,49.4339599609375,50.75471878051758,50.94340133666992,48.867919921875,50.27987289428711
2001-01-11,7900,44.90565872192383,49.4339599609375,49.4339599609375,44.90565872192383,48.97146987915039
2001-01-10,5000,52.358489990234375,48.490570068359375,52.358489990234375,48.3962287902832,48.03690719604492
2001-01-09,3600,54.24528121948242,52.358489990234375,54.24528121948242,52.358489990234375,51.86863708496094
2001-01-08,6100,56.6981086730957,54.81132125854492,56.6981086730957,53.77357864379883,54.29852294921875
2001-01-05,4000,56.6037712097168,56.6037712097168,57.075469970703125,55.66038131713867,56.07420349121094
2001-01-04,13000,55.66038131713867,57.2641487121582,57.54716873168945,55.47169876098633,56.72840118408203
2001-01-03,5000,48.867919921875,53.96226119995117,53.96226119995117,48.867919921875,53.45740509033203
2001-01-02,3900,47.1698112487793,48.867919921875,48.867919921875,46.32075119018555,48.41072463989258
2000-12-29,13700,47.45283126831055,46.792449951171875,48.67924880981445,46.41508865356445,46.354671478271484
2000-12-28,11000,47.358489990234375,48.3962287902832,48.77357864379883,47.1698112487793,47.94344711303711
2000-12-27,32300,50.94340133666992,48.3018913269043,50.94340133666992,47.2641487121582,47.84999084472656
2000-12-26,11200,52.8301887512207,50.84906005859375,52.8301887512207,50.09434127807617,50.373329162597656
2000-12-22,13100,55.66038131713867,53.3018913269043,56.509429931640625,51.88679122924805,52.80321502685547
2000-12-21,7800,55.75471878051758,54.52830123901367,55.75471878051758,51.98112869262695,54.018150329589844
2000-12-20,9900,57.54716873168945,56.32075119018555,58.3962287902832,55.18867874145508,55.79383087158203
2000-12-19,10900,58.490570068359375,59.90565872192383,60.66038131713867,57.075469970703125,59.34519958496094
2000-12-18,17000,56.32075119018555,58.490570068359375,58.96226119995117,54.81132125854492,57.9433479309082
2000-12-15,18000,56.6037712097168,57.2641487121582,58.96226119995117,55.75471878051758,56.72840118408203
2000-12-14,42000,47.1698112487793,58.01887130737305,58.58491134643555,47.1698112487793,57.4760627746582
2000-12-13,15700,44.24528121948242,46.6981086730957,47.075469970703125,44.24528121948242,46.26121520996094
2000-12-12,21400,35.37736129760742,40.47169876098633,40.47169876098633,35.37736129760742,40.093055725097656
2000-12-11,11000,35.47169876098633,35.47169876098633,36.6981086730957,35.37736129760742,35.139835357666016
2000-12-08,11400,35.84906005859375,35.47169876098633,36.509429931640625,35.09434127807617,35.139835357666016
2000-12-07,9800,35.37736129760742,35.09434127807617,36.32075119018555,35.0,34.76600646972656
2000-12-06,24600,37.7358512878418,35.28302001953125,38.490570068359375,33.01887130737305,34.95292282104492
2000-12-05,26400,39.62263870239258,37.7358512878418,41.98112869262695,37.54716873168945,37.38280487060547
2000-12-04,15700,43.867919921875,37.2641487121582,44.33961868286133,35.75471878051758,36.9155158996582
2000-12-01,23300,44.22169876098633,43.042449951171875,45.990570068359375,41.86320877075195,42.63975524902344
2000-11-30,11200,48.93867874145508,43.632080078125,48.93867874145508,43.632080078125,43.22386932373047
2000-11-29,7800,51.88679122924805,49.52830123901367,52.47642135620117,49.52830123901367,49.0649299621582
2000-11-28,9100,53.65565872192383,51.88679122924805,53.65565872192383,51.29716873168945,51.40135192871094
2000-11-27,9300,54.83491134643555,53.0660400390625,56.6037712097168,52.47642135620117,52.5695686340332
2000-11-24,6000,57.78302001953125,54.83491134643555,57.78302001953125,54.83491134643555,54.32189178466797
2000-11-22,12600,55.424530029296875,56.6037712097168,58.37263870239258,55.424530029296875,56.07420349121094
2000-11-21,9500,57.78302001953125,55.424530029296875,59.5518913269043,55.424530029296875,54.9059944152832
2000-11-20,3400,57.19340133666992,57.78302001953125,57.78302001953125,57.19340133666992,57.24241638183594
2000-11-17,2400,57.78302001953125,58.96226119995117,59.5518913269043,57.78302001953125,58.41062545776367
2000-11-16,2000,59.5518913269043,57.19340133666992,59.5518913269043,57.19340133666992,56.65831756591797
2000-11-15,2500,58.37263870239258,60.141510009765625,60.141510009765625,58.37263870239258,59.57884216308594
2000-11-14,2600,60.141510009765625,60.73112869262695,60.73112869262695,59.5518913269043,60.16294479370117
2000-11-13,4400,58.37263870239258,60.141510009765625,60.73112869262695,58.37263870239258,59.57884216308594
2000-11-10,4400,58.96226119995117,58.96226119995117,60.141510009765625,57.78302001953125,58.41062545776367
2000-11-09,3000,61.32075119018555,60.141510009765625,61.32075119018555,58.96226119995117,59.57884216308594
2000-11-08,3100,61.91038131713867,61.32075119018555,63.08961868286133,61.32075119018555,60.74705123901367
2000-11-07,3200,64.85848999023438,63.08961868286133,64.85848999023438,63.08961868286133,62.49937057495117
2000-11-06,3300,61.91038131713867,63.67924880981445,65.44811248779297,61.91038131713867,63.0834846496582
2000-11-03,10500,58.37263870239258,61.91038131713867,66.0377426147461,57.78302001953125,61.3311653137207
2000-11-02,8200,57.19340133666992,58.96226119995117,58.96226119995117,56.6037712097168,58.41062545776367
2000-11-01,7600,58.96226119995117,56.6037712097168,58.96226119995117,56.0141487121582,56.07420349121094
2000-10-31,4500,54.24528121948242,54.83491134643555,56.0141487121582,54.24528121948242,54.32189178466797
2000-10-30,8200,57.19340133666992,54.83491134643555,57.19340133666992,54.24528121948242,54.32189178466797
2000-10-27,1700,56.0141487121582,56.6037712097168,57.19340133666992,56.0141487121582,56.07420349121094
2000-10-26,4000,57.78302001953125,56.0141487121582,57.78302001953125,54.83491134643555,55.49009704589844
2000-10-25,2400,58.96226119995117,57.78302001953125,58.96226119995117,57.19340133666992,57.24241638183594
2000-10-24,4300,57.78302001953125,58.96226119995117,60.73112869262695,56.6037712097168,58.41062545776367
2000-10-23,3100,61.32075119018555,58.37263870239258,61.32075119018555,56.6037712097168,57.82651901245117
2000-10-20,6100,58.96226119995117,60.73112869262695,61.32075119018555,57.78302001953125,60.16294479370117
2000-10-19,3200,57.19340133666992,58.37263870239258,58.96226119995117,56.6037712097168,57.82651901245117
2000-10-18,8800,59.5518913269043,57.19340133666992,59.5518913269043,56.6037712097168,56.65831756591797
2000-10-17,5800,61.32075119018555,59.5518913269043,61.32075119018555,58.96226119995117,58.9947395324707
2000-10-16,3700,62.5,61.32075119018555,63.67924880981445,61.32075119018555,60.74705123901367
2000-10-13,2100,62.5,62.5,64.26886749267578,62.5,61.91526794433594
2000-10-12,4600,64.26886749267578,62.5,64.26886749267578,62.5,61.91526794433594
2000-10-11,7700,64.85848999023438,64.85848999023438,66.0377426147461,62.5,64.25169372558594
2000-10-10,11800,64.26886749267578,66.0377426147461,66.0377426147461,61.91038131713867,65.41991424560547
2000-10-09,2600,64.26886749267578,64.85848999023438,65.44811248779297,64.26886749267578,64.25169372558594
2000-10-06,6200,64.85848999023438,66.0377426147461,67.80660247802734,63.67924880981445,65.41991424560547
2000-10-05,7700,66.62735748291016,64.85848999023438,66.62735748291016,61.91038131713867,64.25169372558594
2000-10-04,4000,68.39623260498047,66.62735748291016,68.39623260498047,66.62735748291016,66.00401306152344
2000-10-03,8300,66.0377426147461,69.57546997070312,71.9339599609375,66.0377426147461,68.9245376586914
2000-10-02,10200,64.85848999023438,67.21697998046875,67.21697998046875,64.26886749267578,66.58811950683594
2000-09-29,7000,60.73112869262695,63.08961868286133,64.85848999023438,59.5518913269043,62.49937057495117
2000-09-28,2000,59.5518913269043,60.73112869262695,61.32075119018555,58.96226119995117,60.16294479370117
2000-09-27,4100,59.5518913269043,60.141510009765625,61.91038131713867,59.5518913269043,59.57884216308594
2000-09-26,3000,63.08961868286133,62.5,63.08961868286133,61.91038131713867,61.91526794433594
2000-09-25,4900,61.91038131713867,64.26886749267578,64.85848999023438,61.32075119018555,63.66758728027344
2000-09-22,5100,64.85848999023438,62.5,64.85848999023438,60.73112869262695,61.91526794433594
2000-09-21,15800,67.21697998046875,65.44811248779297,67.80660247802734,63.67924880981445,64.83580017089844
2000-09-20,5700,68.98584747314453,67.80660247802734,69.57546997070312,67.21697998046875,67.17222595214844
2000-09-19,5200,68.98584747314453,69.57546997070312,70.16509246826172,67.21697998046875,68.9245376586914
2000-09-18,4100,68.39623260498047,68.98584747314453,68.98584747314453,67.80660247802734,68.3404312133789
2000-09-15,5800,67.80660247802734,68.39623260498047,68.98584747314453,66.62735748291016,67.75634002685547
2000-09-14,3300,67.80660247802734,68.39623260498047,68.98584747314453,67.21697998046875,67.75634002685547
2000-09-13,5900,66.62735748291016,68.39623260498047,70.75472259521484,66.0377426147461,67.75634002685547
2000-09-12,4100,70.75472259521484,68.98584747314453,71.9339599609375,67.80660247802734,68.3404312133789
2000-09-11,3800,71.3443374633789,71.9339599609375,73.11321258544922,71.3443374633789,71.2609634399414
2000-09-08,7000,70.16509246826172,72.5235824584961,73.11321258544922,69.57546997070312,71.8450698852539
2000-09-07,6700,75.4717025756836,71.3443374633789,75.4717025756836,71.3443374633789,70.6768569946289
2000-09-06,23400,68.98584747314453,76.65093994140625,77.24057006835938,68.39623260498047,75.9338150024414
2000-09-05,18800,65.44811248779297,69.57546997070312,69.57546997070312,65.44811248779297,68.9245376586914
2000-09-01,4300,67.21697998046875,67.21697998046875,67.80660247802734,66.0377426147461,66.58811950683594
2000-08-31,9000,67.21697998046875,67.21697998046875,70.16509246826172,67.21697998046875,66.58811950683594
2000-08-30,5700,66.0377426147461,66.62735748291016,66.62735748291016,64.85848999023438,66.00401306152344
2000-08-29,13800,61.91038131713867,66.62735748291016,66.62735748291016,61.32075119018555,66.00401306152344
2000-08-28,5300,63.08961868286133,63.08961868286133,63.08961868286133,62.5,62.49937057495117
2000-08-25,3800,60.141510009765625,63.08961868286133,63.08961868286133,59.5518913269043,62.49937057495117
2000-08-24,6800,61.91038131713867,59.5518913269043,62.5,59.5518913269043,58.9947395324707
2000-08-23,11300,61.32075119018555,63.08961868286133,63.08961868286133,61.32075119018555,62.49937057495117
2000-08-22,9400,61.32075119018555,61.91038131713867,62.5,58.96226119995117,61.3311653137207
2000-08-21,6200,61.91038131713867,61.91038131713867,62.5,59.5518913269043,61.3311653137207
2000-08-18,8600,60.141510009765625,61.91038131713867,63.08961868286133,58.96226119995117,61.3311653137207
2000-08-17,2800,58.96226119995117,59.5518913269043,60.141510009765625,58.96226119995117,58.9947395324707
2000-08-16,2700,59.5518913269043,58.96226119995117,59.5518913269043,58.37263870239258,58.41062545776367
2000-08-15,3100,61.32075119018555,60.73112869262695,61.32075119018555,59.5518913269043,60.16294479370117
2000-08-14,3900,61.32075119018555,61.91038131713867,62.5,61.32075119018555,61.3311653137207
2000-08-11,5800,60.141510009765625,62.5,62.5,59.5518913269043,61.91526794433594
2000-08-10,10000,57.78302001953125,60.73112869262695,61.32075119018555,57.78302001953125,60.16294479370117
2000-08-09,1600,58.37263870239258,57.19340133666992,58.37263870239258,57.19340133666992,56.65831756591797
2000-08-08,3300,57.19340133666992,58.96226119995117,59.5518913269043,57.19340133666992,58.41062545776367
2000-08-07,8100,56.6037712097168,57.19340133666992,58.37263870239258,56.0141487121582,56.65831756591797
2000-08-04,4000,57.19340133666992,56.0141487121582,57.78302001953125,56.0141487121582,55.49009704589844
2000-08-03,5500,54.83491134643555,57.19340133666992,57.78302001953125,54.24528121948242,56.65831756591797
2000-08-02,13700,56.6037712097168,55.424530029296875,57.78302001953125,55.424530029296875,54.9059944152832
2000-08-01,4100,56.0141487121582,56.0141487121582,58.37263870239258,56.0141487121582,55.49009704589844
2000-07-31,2900,56.6037712097168,58.37263870239258,58.37263870239258,56.6037712097168,57.82651901245117
2000-07-28,7900,57.78302001953125,56.6037712097168,58.37263870239258,56.0141487121582,56.07420349121094
2000-07-27,3000,57.78302001953125,57.78302001953125,57.78302001953125,57.19340133666992,57.24241638183594
2000-07-26,10500,57.19340133666992,56.0141487121582,57.19340133666992,56.0141487121582,55.49009704589844
2000-07-25,12500,57.78302001953125,56.6037712097168,57.78302001953125,56.6037712097168,56.07420349121094
2000-07-24,15200,59.5518913269043,57.78302001953125,60.141510009765625,57.78302001953125,57.24241638183594
2000-07-21,10000,63.08961868286133,61.32075119018555,63.08961868286133,58.37263870239258,60.74705123901367
2000-07-20,4000,61.91038131713867,61.91038131713867,61.91038131713867,60.73112869262695,61.3311653137207
2000-07-19,4000,63.67924880981445,60.73112869262695,63.67924880981445,60.73112869262695,60.16294479370117
2000-07-18,10700,64.85848999023438,63.08961868286133,64.85848999023438,61.91038131713867,62.49937057495117
2000-07-17,9100,68.39623260498047,66.0377426147461,68.39623260498047,63.67924880981445,65.41991424560547
2000-07-14,4300,65.44811248779297,64.85848999023438,65.44811248779297,64.26886749267578,64.25169372558594
2000-07-13,6000,66.0377426147461,65.44811248779297,66.62735748291016,64.26886749267578,64.83580017089844
2000-07-12,4700,69.57546997070312,65.44811248779297,70.16509246826172,65.44811248779297,64.83580017089844
2000-07-11,10100,70.16509246826172,70.16509246826172,71.3443374633789,67.80660247802734,69.5086441040039
2000-07-10,34600,66.0377426147461,70.16509246826172,71.3443374633789,64.26886749267578,69.5086441040039
2000-07-07,5200,66.0377426147461,66.62735748291016,68.39623260498047,64.85848999023438,66.00401306152344
2000-07-06,2100,66.0377426147461,66.0377426147461,66.62735748291016,65.44811248779297,65.41991424560547
2000-07-05,8000,66.0377426147461,65.44811248779297,67.80660247802734,65.44811248779297,64.83580017089844
2000-07-03,3000,60.73112869262695,63.67924880981445,64.26886749267578,60.73112869262695,63.0834846496582
2000-06-30,18900,70.75472259521484,59.5518913269043,70.75472259521484,59.5518913269043,58.9947395324707
2000-06-29,9300,67.80660247802734,70.75472259521484,70.75472259521484,66.62735748291016,70.09275817871094
2000-06-28,6200,68.98584747314453,67.21697998046875,69.57546997070312,64.26886749267578,66.58811950683594
2000-06-27,18900,61.32075119018555,69.57546997070312,69.57546997070312,60.73112869262695,68.9245376586914
2000-06-26,6200,59.5518913269043,62.5,62.5,58.96226119995117,61.91526794433594
2000-06-23,7300,56.6037712097168,58.96226119995117,59.5518913269043,56.6037712097168,58.41062545776367
2000-06-22,3100,58.37263870239258,56.6037712097168,58.37263870239258,56.6037712097168,56.07420349121094
2000-06-21,4800,58.37263870239258,57.19340133666992,60.141510009765625,56.0141487121582,56.65831756591797
2000-06-20,10300,56.6037712097168,58.96226119995117,58.96226119995117,56.0141487121582,58.41062545776367
2000-06-19,15400,58.37263870239258,56.6037712097168,58.37263870239258,56.0141487121582,56.07420349121094
2000-06-16,25600,63.67924880981445,57.19340133666992,66.0377426147461,57.19340133666992,56.65831756591797
2000-06-15,8100,62.5,62.5,62.5,61.32075119018555,61.91526794433594
2000-06-14,12300,64.26886749267578,62.5,65.44811248779297,61.91038131713867,61.91526794433594
2000-06-13,5300,66.62735748291016,63.67924880981445,66.62735748291016,61.91038131713867,63.0834846496582
2000-06-12,2100,66.62735748291016,66.0377426147461,67.21697998046875,65.44811248779297,65.41991424560547
2000-06-09,4400,67.80660247802734,65.44811248779297,68.39623260498047,64.85848999023438,64.83580017089844
2000-06-08,3200,67.80660247802734,67.80660247802734,68.39623260498047,66.0377426147461,67.17222595214844
2000-06-07,2700,66.62735748291016,66.62735748291016,67.21697998046875,65.44811248779297,66.00401306152344
2000-06-06,6600,66.62735748291016,66.62735748291016,67.21697998046875,65.44811248779297,66.00401306152344
2000-06-05,5700,67.21697998046875,67.21697998046875,68.39623260498047,66.0377426147461,66.58811950683594
2000-06-02,4900,64.85848999023438,66.0377426147461,67.21697998046875,63.67924880981445,65.41991424560547
2000-06-01,2600,65.44811248779297,64.85848999023438,66.0377426147461,63.67924880981445,64.25169372558594
2000-05-31,5100,66.0377426147461,66.0377426147461,66.0377426147461,64.85848999023438,65.41991424560547
2000-05-30,4400,63.67924880981445,66.0377426147461,66.0377426147461,62.5,65.41991424560547
2000-05-26,7100,63.67924880981445,62.5,64.85848999023438,61.32075119018555,61.91526794433594
2000-05-25,4300,65.44811248779297,63.67924880981445,65.44811248779297,63.67924880981445,63.0834846496582
2000-05-24,27100,66.0377426147461,65.44811248779297,66.0377426147461,63.67924880981445,64.83580017089844
2000-05-23,3400,66.62735748291016,66.0377426147461,67.21697998046875,66.0377426147461,65.41991424560547
2000-05-22,5000,67.80660247802734,66.62735748291016,68.39623260498047,66.0377426147461,66.00401306152344
2000-05-19,9700,68.39623260498047,67.80660247802734,68.98584747314453,67.80660247802734,67.17222595214844
2000-05-18,4900,71.3443374633789,70.16509246826172,71.3443374633789,69.57546997070312,69.5086441040039
2000-05-17,2400,72.5235824584961,71.3443374633789,72.5235824584961,70.75472259521484,70.6768569946289
2000-05-16,6400,71.9339599609375,73.70282745361328,73.70282745361328,70.75472259521484,73.0132827758789
2000-05-15,5700,73.11321258544922,71.3443374633789,73.11321258544922,70.75472259521484,70.6768569946289
2000-05-12,4100,73.11321258544922,72.5235824584961,73.11321258544922,71.3443374633789,71.8450698852539
2000-05-11,5100,72.5235824584961,73.70282745361328,74.29244995117188,71.9339599609375,73.0132827758789
2000-05-10,15300,76.06131744384766,73.70282745361328,76.06131744384766,71.3443374633789,73.0132827758789
2000-05-09,4000,74.882080078125,76.06131744384766,76.65093994140625,74.882080078125,75.3497085571289
2000-05-08,7400,75.4717025756836,75.4717025756836,77.24057006835938,75.4717025756836,74.76560974121094
2000-05-05,3900,78.41980743408203,75.4717025756836,79.00942993164062,75.4717025756836,74.76560974121094
2000-05-04,8900,75.4717025756836,79.59906005859375,80.18868255615234,75.4717025756836,78.85435485839844
2000-05-03,14100,72.5235824584961,74.882080078125,79.00942993164062,72.5235824584961,74.18150329589844
2000-05-02,7600,72.5235824584961,72.5235824584961,74.29244995117188,71.9339599609375,71.8450698852539
2000-05-01,4200,70.75472259521484,73.70282745361328,75.4717025756836,69.57546997070312,73.0132827758789
2000-04-28,5800,73.11321258544922,69.57546997070312,73.11321258544922,69.57546997070312,68.9245376586914
2000-04-27,2800,74.882080078125,73.11321258544922,74.882080078125,71.9339599609375,72.42918395996094
2000-04-26,6200,73.70282745361328,76.06131744384766,76.06131744384766,73.11321258544922,75.3497085571289
2000-04-25,8200,68.39623260498047,73.70282745361328,74.29244995117188,68.39623260498047,73.0132827758789
2000-04-24,6700,71.3443374633789,68.98584747314453,71.3443374633789,67.80660247802734,68.3404312133789
2000-04-20,18000,73.11321258544922,71.9339599609375,76.65093994140625,71.9339599609375,71.2609634399414
2000-04-19,11800,71.9339599609375,72.5235824584961,74.882080078125,71.9339599609375,71.8450698852539
2000-04-18,10100,70.75472259521484,70.75472259521484,71.9339599609375,70.16509246826172,70.09275817871094
2000-04-17,24100,68.98584747314453,73.11321258544922,74.29244995117188,68.98584747314453,72.42918395996094
2000-04-14,15600,80.18868255615234,75.4717025756836,81.367919921875,75.4717025756836,74.76560974121094
2000-04-13,14400,82.54717254638672,79.59906005859375,84.3160400390625,78.41980743408203,78.85435485839844
2000-04-12,11800,87.85376739501953,86.08490753173828,87.85376739501953,85.49527740478516,85.2795181274414
2000-04-11,12700,91.98113250732422,87.26415252685547,91.98113250732422,86.08490753173828,86.4477310180664
2000-04-10,16500,87.26415252685547,91.98113250732422,91.98113250732422,86.08490753173828,91.1205825805664
2000-04-07,20600,80.7782974243164,87.26415252685547,90.2122573852539,80.7782974243164,86.4477310180664
2000-04-06,2400,82.54717254638672,81.95755004882812,83.7264175415039,81.367919921875,81.19078063964844
2000-04-05,5700,79.00942993164062,82.54717254638672,82.54717254638672,79.00942993164062,81.77488708496094
2000-04-04,15300,83.13678741455078,80.18868255615234,83.7264175415039,76.06131744384766,79.43846130371094
2000-04-03,8100,83.13678741455078,83.7264175415039,85.49527740478516,82.54717254638672,82.94309997558594
2000-03-31,6500,81.95755004882812,82.54717254638672,83.13678741455078,80.7782974243164,81.77488708496094
2000-03-30,9900,86.08490753173828,83.13678741455078,86.08490753173828,81.95755004882812,82.3589859008789
2000-03-29,9000,83.7264175415039,86.08490753173828,87.26415252685547,83.13678741455078,85.2795181274414
2000-03-28,5500,85.49527740478516,83.7264175415039,85.49527740478516,83.13678741455078,82.94309997558594
2000-03-27,5000,87.26415252685547,85.49527740478516,87.85376739501953,83.7264175415039,84.69540405273438
2000-03-24,9500,84.9056625366211,88.44339752197266,88.44339752197266,84.3160400390625,87.6159439086914
2000-03-23,3800,84.9056625366211,84.9056625366211,85.49527740478516,84.3160400390625,84.1113052368164
2000-03-22,5300,84.9056625366211,86.08490753173828,86.08490753173828,84.3160400390625,85.2795181274414
2000-03-21,10700,79.59906005859375,85.49527740478516,85.49527740478516,77.24057006835938,84.69540405273438
2000-03-20,11800,84.3160400390625,84.9056625366211,84.9056625366211,80.7782974243164,84.1113052368164
2000-03-17,18600,84.9056625366211,84.3160400390625,90.2122573852539,81.95755004882812,83.5271987915039
2000-03-16,9100,84.9056625366211,84.9056625366211,84.9056625366211,83.13678741455078,84.1113052368164
2000-03-15,21100,84.9056625366211,84.9056625366211,84.9056625366211,79.59906005859375,84.1113052368164
2000-03-14,24800,87.26415252685547,86.08490753173828,90.2122573852539,85.49527740478516,85.2795181274414
2000-03-13,12500,96.10848999023438,96.69811248779297,96.69811248779297,91.39151000976562,95.7934341430664
2000-03-10,18400,94.92925262451172,97.87735748291016,98.46697998046875,94.3396224975586,96.9616470336914
2000-03-09,23100,103.7735824584961,95.51886749267578,105.54244995117188,94.92925262451172,94.6252212524414
2000-03-08,28300,100.82546997070312,103.7735824584961,103.7735824584961,96.69811248779297,102.80270385742188
2000-03-07,65300,104.95282745361328,100.82546997070312,110.25942993164062,100.23584747314453,99.88217163085938
2000-03-06,58400,93.1603775024414,101.41509246826172,107.31131744384766,91.98113250732422,100.46627807617188
2000-03-03,38100,80.18868255615234,89.62264251708984,90.80188751220703,80.18868255615234,88.7841567993164
2000-03-02,14900,79.00942993164062,79.00942993164062,79.59906005859375,76.65093994140625,78.2702407836914
2000-03-01,15800,75.4717025756836,77.83019256591797,79.59906005859375,74.882080078125,77.10203552246094
2000-02-29,8600,74.29244995117188,73.70282745361328,76.06131744384766,73.70282745361328,73.0132827758789
2000-02-28,9600,75.4717025756836,74.29244995117188,76.65093994140625,72.5235824584961,73.5973892211914
2000-02-25,15300,76.65093994140625,74.882080078125,79.00942993164062,72.5235824584961,74.18150329589844
2000-02-24,25300,72.5235824584961,76.65093994140625,77.83019256591797,71.9339599609375,75.9338150024414
2000-02-23,12600,75.4717025756836,71.3443374633789,75.4717025756836,69.57546997070312,70.6768569946289
2000-02-22,43000,71.3443374633789,74.29244995117188,75.4717025756836,67.21697998046875,73.5973892211914
2000-02-18,9100,73.11321258544922,73.70282745361328,75.4717025756836,71.3443374633789,73.0132827758789
2000-02-17,13700,71.3443374633789,74.29244995117188,75.4717025756836,69.57546997070312,73.5973892211914
2000-02-16,14100,71.9339599609375,70.16509246826172,73.11321258544922,69.57546997070312,69.5086441040039
2000-02-15,18600,77.24057006835938,71.9339599609375,79.59906005859375,71.3443374633789,71.2609634399414
2000-02-14,24700,69.57546997070312,76.06131744384766,77.83019256591797,69.57546997070312,75.3497085571289
2000-02-11,8100,71.9339599609375,68.39623260498047,71.9339599609375,67.80660247802734,67.75634002685547
2000-02-10,5300,70.75472259521484,69.57546997070312,71.9339599609375,68.39623260498047,68.9245376586914
2000-02-09,13900,71.9339599609375,71.3443374633789,73.11321258544922,70.75472259521484,70.6768569946289
2000-02-08,24200,75.4717025756836,71.9339599609375,77.83019256591797,71.3443374633789,71.2609634399414
2000-02-07,22200,70.75472259521484,75.4717025756836,75.4717025756836,70.75472259521484,74.76560974121094
2000-02-04,27600,67.80660247802734,70.75472259521484,72.5235824584961,67.80660247802734,70.09275817871094
2000-02-03,17400,66.62735748291016,64.85848999023438,66.62735748291016,63.67924880981445,64.25169372558594
2000-02-02,8900,66.0377426147461,66.0377426147461,67.80660247802734,64.85848999023438,65.41991424560547
2000-02-01,13300,70.75472259521484,66.62735748291016,72.5235824584961,66.0377426147461,66.00401306152344
2000-01-31,23300,66.0377426147461,70.75472259521484,70.75472259521484,66.0377426147461,70.09275817871094
2000-01-28,10900,70.16509246826172,64.85848999023438,70.75472259521484,64.85848999023438,64.25169372558594
2000-01-27,12200,70.75472259521484,68.98584747314453,70.75472259521484,68.39623260498047,68.3404312133789
2000-01-26,32800,64.85848999023438,70.75472259521484,70.75472259521484,64.26886749267578,70.09275817871094
2000-01-25,15800,65.44811248779297,64.26886749267578,65.44811248779297,63.67924880981445,63.66758728027344
2000-01-24,34900,68.39623260498047,67.21697998046875,68.98584747314453,64.26886749267578,66.58811950683594
2000-01-21,25900,70.75472259521484,69.57546997070312,70.75472259521484,68.39623260498047,68.9245376586914
2000-01-20,13900,70.75472259521484,70.75472259521484,71.3443374633789,69.57546997070312,70.09275817871094
2000-01-19,13800,71.3443374633789,70.75472259521484,71.9339599609375,70.75472259521484,70.09275817871094
2000-01-18,12000,71.3443374633789,71.9339599609375,72.5235824584961,71.3443374633789,71.2609634399414
2000-01-14,4300,71.9339599609375,71.9339599609375,73.70282745361328,71.9339599609375,71.2609634399414
2000-01-13,9400,73.11321258544922,71.9339599609375,74.29244995117188,71.9339599609375,71.2609634399414
2000-01-12,12000,73.70282745361328,71.9339599609375,74.29244995117188,70.75472259521484,71.2609634399414
2000-01-11,10400,70.75472259521484,72.5235824584961,74.29244995117188,70.75472259521484,71.8450698852539
2000-01-10,16400,71.9339599609375,70.75472259521484,73.70282745361328,70.75472259521484,70.09275817871094
2000-01-07,13100,73.11321258544922,71.9339599609375,73.11321258544922,70.75472259521484,71.2609634399414
2000-01-06,6300,71.9339599609375,72.5235824584961,72.5235824584961,71.3443374633789,71.8450698852539
2000-01-05,14100,74.882080078125,71.3443374633789,74.882080078125,71.3443374633789,70.6768569946289
2000-01-04,16100,71.9339599609375,76.06131744384766,76.65093994140625,70.75472259521484,75.3497085571289
2000-01-03,19100,77.24057006835938,71.9339599609375,77.24057006835938,71.9339599609375,71.2609634399414
1999-12-31,19400,76.65093994140625,74.882080078125,76.65093994140625,73.70282745361328,74.18150329589844
1999-12-30,34500,74.882080078125,76.65093994140625,79.59906005859375,73.70282745361328,75.9338150024414
1999-12-29,49300,72.5235824584961,74.882080078125,78.41980743408203,70.75472259521484,74.18150329589844
1999-12-28,33100,71.3443374633789,72.5235824584961,77.83019256591797,70.75472259521484,71.8450698852539
1999-12-27,33000,70.75472259521484,71.9339599609375,73.11321258544922,68.39623260498047,71.2609634399414
1999-12-23,25000,74.29244995117188,73.11321258544922,75.4717025756836,71.9339599609375,72.42918395996094
1999-12-22,21700,74.29244995117188,73.70282745361328,75.4717025756836,71.9339599609375,73.0132827758789
1999-12-21,38500,76.65093994140625,75.4717025756836,76.65093994140625,71.3443374633789,74.76560974121094
1999-12-20,41600,70.75472259521484,76.65093994140625,80.18868255615234,69.57546997070312,75.9338150024414
1999-12-17,56100,75.4717025756836,70.75472259521484,75.4717025756836,69.57546997070312,70.09275817871094
1999-12-16,29600,76.65093994140625,75.4717025756836,77.24057006835938,75.4717025756836,74.76560974121094
1999-12-15,29700,80.7782974243164,78.41980743408203,81.367919921875,76.06131744384766,77.6861343383789
1999-12-14,23600,83.13678741455078,81.367919921875,83.13678741455078,78.41980743408203,80.6066665649414
1999-12-13,19400,82.54717254638672,82.54717254638672,83.7264175415039,81.95755004882812,81.77488708496094
1999-12-10,15800,83.13678741455078,83.7264175415039,84.9056625366211,82.54717254638672,82.94309997558594
1999-12-09,27500,84.9056625366211,83.13678741455078,85.49527740478516,83.13678741455078,82.3589859008789
1999-12-08,25600,88.44339752197266,86.08490753173828,90.80188751220703,85.49527740478516,85.2795181274414
1999-12-07,35500,86.08490753173828,88.44339752197266,88.44339752197266,84.3160400390625,87.6159439086914
1999-12-06,24700,90.80188751220703,87.85376739501953,90.80188751220703,87.26415252685547,87.03182983398438
1999-12-03,15400,92.57074737548828,91.39151000976562,92.57074737548828,89.62264251708984,90.5364761352539
1999-12-02,25400,92.57074737548828,93.75,93.75,89.62264251708984,92.8729019165039
1999-12-01,17900,97.2877426147461,92.57074737548828,97.2877426147461,91.98113250732422,91.70468139648438
1999-11-30,29400,94.3396224975586,96.69811248779297,97.2877426147461,93.1603775024414,95.7934341430664
1999-11-29,14800,94.3396224975586,94.3396224975586,94.3396224975586,91.98113250732422,93.4570083618164
1999-11-26,14600,91.98113250732422,94.3396224975586,94.3396224975586,91.98113250732422,93.4570083618164
1999-11-24,18600,94.3396224975586,93.75,94.92925262451172,91.98113250732422,92.8729019165039
1999-11-23,12200,95.51886749267578,94.92925262451172,96.10848999023438,94.3396224975586,94.04112243652344
1999-11-22,14500,94.92925262451172,95.51886749267578,97.87735748291016,94.92925262451172,94.6252212524414
1999-11-19,17200,97.87735748291016,99.05660247802734,100.82546997070312,96.69811248779297,98.1298599243164
1999-11-18,21600,95.51886749267578,98.46697998046875,99.05660247802734,94.92925262451172,97.5457534790039
1999-11-17,20600,95.51886749267578,94.92925262451172,99.05660247802734,94.92925262451172,94.04112243652344
1999-11-16,53000,94.92925262451172,96.10848999023438,96.69811248779297,94.3396224975586,95.2093276977539
1999-11-15,19500,98.46697998046875,98.46697998046875,100.82546997070312,97.2877426147461,97.5457534790039
1999-11-12,18200,103.1839599609375,100.23584747314453,103.7735824584961,99.64623260498047,99.29806518554688
1999-11-11,19300,110.84906005859375,103.7735824584961,111.43868255615234,102.5943374633789,102.80270385742188
1999-11-10,13000,112.617919921875,111.43868255615234,112.617919921875,110.25942993164062,110.3960952758789
1999-11-09,18800,112.0282974243164,112.0282974243164,112.0282974243164,107.90093994140625,110.98019409179688
1999-11-08,28900,109.08019256591797,112.0282974243164,112.617919921875,106.7217025756836,110.98019409179688
1999-11-05,37300,110.84906005859375,109.08019256591797,113.20755004882812,106.132080078125,108.0596694946289
1999-11-04,44200,103.1839599609375,109.08019256591797,109.08019256591797,103.1839599609375,108.0596694946289
1999-11-03,22000,100.82546997070312,102.00472259521484,103.7735824584961,99.05660247802734,101.0503921508789
1999-11-02,38800,100.23584747314453,100.23584747314453,103.7735824584961,97.2877426147461,99.29806518554688
1999-11-01,24100,97.87735748291016,97.87735748291016,101.41509246826172,97.2877426147461,96.9616470336914
1999-10-29,38200,97.2877426147461,97.2877426147461,100.23584747314453,94.3396224975586,96.37754821777344
1999-10-28,19800,99.64623260498047,96.69811248779297,99.64623260498047,96.69811248779297,95.7934341430664
1999-10-27,14500,99.05660247802734,99.05660247802734,99.05660247802734,96.10848999023438,98.1298599243164
1999-10-26,15600,101.41509246826172,98.46697998046875,101.41509246826172,97.2877426147461,97.5457534790039
1999-10-25,37800,102.00472259521484,102.5943374633789,102.5943374633789,95.51886749267578,101.63449096679688
1999-10-22,36900,99.05660247802734,100.82546997070312,101.41509246826172,96.69811248779297,99.88217163085938
1999-10-21,22900,100.82546997070312,100.82546997070312,102.5943374633789,97.87735748291016,99.88217163085938
1999-10-20,14000,100.23584747314453,100.82546997070312,101.41509246826172,99.05660247802734,99.88217163085938
1999-10-19,31600,100.82546997070312,102.5943374633789,104.36321258544922,95.51886749267578,101.63449096679688
1999-10-18,21400,100.82546997070312,98.46697998046875,103.1839599609375,95.51886749267578,97.5457534790039
1999-10-15,50400,96.10848999023438,101.41509246826172,103.1839599609375,94.92925262451172,100.46627807617188
1999-10-14,28100,95.51886749267578,102.5943374633789,103.1839599609375,95.51886749267578,101.63449096679688
1999-10-13,27100,103.7735824584961,96.10848999023438,104.36321258544922,96.10848999023438,95.2093276977539
1999-10-12,60900,105.54244995117188,100.82546997070312,107.31131744384766,97.87735748291016,99.88217163085938
1999-10-11,71200,112.0282974243164,104.36321258544922,112.0282974243164,102.5943374633789,103.3868179321289
1999-10-08,210800,103.7735824584961,113.20755004882812,117.33490753173828,102.00472259521484,112.1484146118164
1999-10-07,193500,84.9056625366211,101.41509246826172,103.1839599609375,84.3160400390625,100.46627807617188
1999-10-06,171500,91.39151000976562,82.54717254638672,93.75,81.95755004882812,81.77488708496094
1999-10-05,210900,94.92925262451172,90.2122573852539,97.2877426147461,89.62264251708984,89.36825561523438
1999-10-04,381900,117.92453002929688,94.3396224975586,119.10376739501953,93.1603775024414,93.4570083618164
1999-10-01,389700,127.35848999023438,113.20755004882812,134.4339599609375,113.20755004882812,112.1484146118164
1999-09-30,65200,195.7547149658203,172.16981506347656,196.34434509277344,171.58018493652344,170.5590362548828
1999-09-29,22700,201.65093994140625,197.52357482910156,202.24057006835938,191.03773498535156,195.67559814453125
1999-09-28,13500,204.00942993164062,202.24057006835938,204.00942993164062,198.7028350830078,200.3484649658203
1999-09-27,20100,199.882080078125,205.1886749267578,211.0849151611328,194.57546997070312,203.26898193359375
1999-09-24,31400,189.85848999023438,204.59906005859375,205.1886749267578,188.6792449951172,202.6848907470703
1999-09-23,36800,212.26414489746094,205.1886749267578,212.26414489746094,195.1650848388672,203.26898193359375
1999-09-22,42500,232.3113250732422,214.6226348876953,232.3113250732422,207.5471649169922,212.61468505859375
1999-09-21,25500,235.84906005859375,232.3113250732422,238.7971649169922,226.4150848388672,230.13787841796875
1999-09-20,47500,221.69810485839844,239.97642517089844,243.51414489746094,221.69810485839844,237.7312774658203
1999-09-17,16100,224.0565948486328,224.0565948486328,224.64622497558594,216.9811248779297,221.96038818359375
1999-09-16,18100,223.46697998046875,225.23585510253906,225.23585510253906,211.0849151611328,223.1286163330078
1999-09-15,38000,222.28773498535156,223.46697998046875,231.132080078125,222.28773498535156,221.37628173828125
1999-09-14,31300,214.6226348876953,220.5188751220703,225.23585510253906,208.1367950439453,218.4557647705078
1999-09-13,47100,201.65093994140625,214.6226348876953,224.0565948486328,201.65093994140625,212.61468505859375
1999-09-10,13000,204.00942993164062,199.882080078125,204.59906005859375,198.1132049560547,198.0120391845703
1999-09-09,10900,198.1132049560547,198.1132049560547,199.29244995117188,193.39622497558594,196.2597198486328
1999-09-08,14200,198.1132049560547,195.7547149658203,206.367919921875,195.7547149658203,193.9232940673828
1999-09-07,6400,191.6273651123047,191.6273651123047,193.98585510253906,187.5,189.8345489501953
1999-09-03,10200,191.03773498535156,189.85848999023438,196.9339599609375,186.91038513183594,188.0822296142578
1999-09-02,4800,186.91038513183594,189.85848999023438,190.44810485839844,183.96226501464844,188.0822296142578
1999-09-01,15800,181.01414489746094,188.6792449951172,190.44810485839844,181.01414489746094,186.9140167236328
1999-08-31,13200,191.03773498535156,191.6273651123047,195.7547149658203,182.78302001953125,189.8345489501953
1999-08-30,16200,196.34434509277344,190.44810485839844,204.00942993164062,189.85848999023438,188.66632080078125
1999-08-27,2900,204.00942993164062,197.52357482910156,205.77830505371094,197.52357482910156,195.67559814453125
1999-08-26,12600,202.24057006835938,201.65093994140625,202.83018493652344,196.9339599609375,199.76434326171875
1999-08-25,14300,212.26414489746094,204.59906005859375,212.85377502441406,202.83018493652344,202.6848907470703
1999-08-24,11500,211.67453002929688,211.0849151611328,215.80189514160156,211.0849151611328,209.1100616455078
1999-08-23,15700,212.26414489746094,214.03302001953125,221.10848999023438,211.67453002929688,212.03057861328125
1999-08-20,42300,226.4150848388672,214.6226348876953,230.54244995117188,214.03302001953125,212.61468505859375
1999-08-19,33400,216.9811248779297,224.0565948486328,228.77357482910156,205.1886749267578,221.96038818359375
1999-08-18,58700,191.6273651123047,214.6226348876953,220.5188751220703,186.3207550048828,212.61468505859375
1999-08-17,12300,177.47642517089844,191.6273651123047,192.21697998046875,177.47642517089844,189.8345489501953
1999-08-16,8000,179.2452850341797,178.0660400390625,182.1934051513672,177.47642517089844,176.4001007080078
1999-08-13,5400,179.2452850341797,179.8349151611328,180.42453002929688,176.8867950439453,178.15243530273438
1999-08-12,5800,174.52830505371094,175.117919921875,178.0660400390625,174.52830505371094,173.4795684814453
1999-08-11,12900,169.8113250732422,172.16981506347656,178.65565490722656,168.632080078125,170.5590362548828
1999-08-10,10600,183.3726348876953,174.52830505371094,184.55189514160156,171.58018493652344,172.8954620361328
1999-08-09,33200,170.99057006835938,184.55189514160156,195.1650848388672,170.40093994140625,182.8252716064453
1999-08-06,5900,170.40093994140625,170.40093994140625,171.58018493652344,168.632080078125,168.8067169189453
1999-08-05,8500,172.16981506347656,169.8113250732422,174.52830505371094,167.4528350830078,168.2226104736328
1999-08-04,12100,181.01414489746094,173.9386749267578,183.3726348876953,172.16981506347656,172.3113555908203
1999-08-03,24200,195.7547149658203,179.8349151611328,195.7547149658203,175.70755004882812,178.15243530273438
1999-08-02,25600,190.44810485839844,196.9339599609375,204.59906005859375,189.2688751220703,195.0915069580078
1999-07-30,16100,191.03773498535156,189.2688751220703,191.03773498535156,188.08961486816406,187.4981231689453
1999-07-29,32200,193.39622497558594,189.85848999023438,193.39622497558594,186.3207550048828,188.0822296142578
1999-07-28,93500,183.96226501464844,195.7547149658203,199.882080078125,176.8867950439453,193.9232940673828
1999-07-27,37600,207.5471649169922,209.90565490722656,211.0849151611328,204.00942993164062,207.94183349609375
1999-07-26,140100,240.5660400390625,202.83018493652344,240.5660400390625,187.5,200.93255615234375
1999-07-23,13000,248.8207550048828,247.64151000976562,264.15093994140625,247.64151000976562,245.32464599609375
1999-07-22,10200,244.6934051513672,246.46226501464844,251.7688751220703,244.6934051513672,244.15643310546875
1999-07-21,11100,246.46226501464844,244.6934051513672,248.2311248779297,242.92453002929688,242.40411376953125
1999-07-20,16200,245.8726348876953,244.6934051513672,251.1792449951172,241.15565490722656,242.40411376953125
1999-07-19,29700,247.64151000976562,248.8207550048828,249.41038513183594,237.02830505371094,246.49285888671875
1999-07-16,15700,254.1273651123047,250.0,254.1273651123047,248.8207550048828,247.66107177734375
1999-07-15,35700,264.7405700683594,254.1273651123047,264.7405700683594,245.28302001953125,251.74981689453125
1999-07-14,12100,264.15093994140625,264.15093994140625,265.3302001953125,260.61322021484375,261.67962646484375
1999-07-13,17900,270.63677978515625,264.15093994140625,270.63677978515625,262.9717102050781,261.67962646484375
1999-07-12,14700,264.7405700683594,264.15093994140625,265.3302001953125,262.382080078125,261.67962646484375
1999-07-09,13100,267.09906005859375,266.5094299316406,268.2782897949219,261.7924499511719,264.01605224609375
1999-07-08,14700,268.867919921875,265.9197998046875,271.2264099121094,265.3302001953125,263.4319152832031
1999-07-07,10900,271.2264099121094,270.04718017578125,275.9433898925781,268.2782897949219,267.52069091796875
1999-07-06,8900,270.04718017578125,271.2264099121094,277.7122497558594,270.04718017578125,268.68890380859375
1999-07-02,17600,275.353759765625,273.58489990234375,275.9433898925781,270.04718017578125,271.02532958984375
1999-07-01,16600,280.6603698730469,274.76416015625,280.6603698730469,270.04718017578125,272.19354248046875
1999-06-30,57400,264.7405700683594,285.3773498535156,288.91510009765625,264.15093994140625,282.7074279785156
1999-06-29,19400,264.15093994140625,264.15093994140625,266.5094299316406,264.15093994140625,261.67962646484375
1999-06-28,11400,273.58489990234375,266.5094299316406,273.58489990234375,266.5094299316406,264.01605224609375
1999-06-25,16700,271.8160400390625,272.9952697753906,275.353759765625,271.8160400390625,270.4411926269531
1999-06-24,13200,268.867919921875,270.04718017578125,271.8160400390625,268.867919921875,267.52069091796875
1999-06-23,14700,268.867919921875,270.04718017578125,271.8160400390625,267.09906005859375,267.52069091796875
1999-06-22,16800,266.5094299316406,268.2782897949219,271.8160400390625,266.5094299316406,265.7683410644531
1999-06-21,23200,264.15093994140625,265.9197998046875,268.867919921875,261.7924499511719,263.4319152832031
1999-06-18,41100,267.6886901855469,264.15093994140625,275.9433898925781,262.9717102050781,261.67962646484375
1999-06-17,31800,273.58489990234375,265.3302001953125,275.353759765625,259.4339599609375,262.84783935546875
1999-06-16,10300,273.58489990234375,271.8160400390625,274.76416015625,270.04718017578125,269.27301025390625
1999-06-15,14200,275.353759765625,272.4056701660156,275.353759765625,266.5094299316406,269.85711669921875
1999-06-14,18100,270.04718017578125,270.63677978515625,277.7122497558594,267.09906005859375,268.1047668457031
1999-06-11,25500,284.7877502441406,277.1226501464844,284.7877502441406,268.867919921875,274.52996826171875
1999-06-10,50000,271.2264099121094,281.25,291.2735900878906,259.4339599609375,278.61871337890625
1999-06-09,43000,285.3773498535156,272.4056701660156,294.8113098144531,265.9197998046875,269.85711669921875
1999-06-08,34100,297.1697998046875,283.01885986328125,297.1697998046875,276.53302001953125,280.3710021972656
1999-06-07,51700,262.382080078125,301.88677978515625,304.2452697753906,262.382080078125,299.0624084472656
1999-06-04,12900,267.6886901855469,262.9717102050781,269.4575500488281,262.382080078125,260.51141357421875
1999-06-03,8800,271.2264099121094,270.04718017578125,274.76416015625,266.5094299316406,267.52069091796875
1999-06-02,11200,277.7122497558594,272.9952697753906,278.3018798828125,265.3302001953125,270.4411926269531
1999-06-01,18200,273.58489990234375,275.353759765625,275.9433898925781,262.9717102050781,272.7776184082031
1999-05-28,15300,274.76416015625,274.76416015625,277.1226501464844,271.8160400390625,272.19354248046875
1999-05-27,28400,271.8160400390625,271.2264099121094,276.53302001953125,268.867919921875,268.68890380859375
1999-05-26,30200,266.5094299316406,271.8160400390625,278.3018798828125,266.5094299316406,269.27301025390625
1999-05-25,32100,268.2782897949219,264.15093994140625,273.58489990234375,261.20281982421875,261.67962646484375
1999-05-24,66400,287.146240234375,263.5613098144531,287.146240234375,259.4339599609375,261.0954895019531
1999-05-21,153700,285.3773498535156,287.73583984375,296.5802001953125,285.3773498535156,285.0438537597656
1999-05-20,43000,270.04718017578125,275.9433898925781,275.9433898925781,259.4339599609375,273.3617248535156
1999-05-19,80400,274.76416015625,268.867919921875,278.8915100097656,255.89622497558594,266.35247802734375
1999-05-18,84500,232.3113250732422,265.3302001953125,270.63677978515625,231.132080078125,262.84783935546875
1999-05-17,8200,228.77357482910156,227.59434509277344,228.77357482910156,218.16038513183594,225.4650421142578
1999-05-14,3600,222.8773651123047,225.23585510253906,227.59434509277344,220.5188751220703,223.1286163330078
1999-05-13,14900,240.5660400390625,224.0565948486328,240.5660400390625,220.5188751220703,221.96038818359375
1999-05-12,32900,239.97642517089844,238.20755004882812,244.6934051513672,230.54244995117188,235.97894287109375
1999-05-11,10300,237.02830505371094,231.132080078125,238.20755004882812,226.4150848388672,228.96966552734375
1999-05-10,17000,239.3867950439453,234.66981506347656,239.3867950439453,233.49057006835938,232.47430419921875
1999-05-07,39100,216.9811248779297,230.54244995117188,242.92453002929688,215.80189514160156,228.38555908203125
1999-05-06,9600,209.90565490722656,214.03302001953125,218.16038513183594,209.3160400390625,212.03057861328125
1999-05-05,5700,216.39151000976562,211.0849151611328,216.39151000976562,211.0849151611328,209.1100616455078
1999-05-04,5000,217.5707550048828,215.21226501464844,217.5707550048828,214.6226348876953,213.19879150390625
1999-05-03,8700,216.39151000976562,220.5188751220703,221.69810485839844,211.67453002929688,218.4557647705078
1999-04-30,7700,224.64622497558594,215.80189514160156,225.23585510253906,215.80189514160156,213.7829132080078
1999-04-29,8200,219.33961486816406,219.9292449951172,221.10848999023438,215.80189514160156,217.87164306640625
1999-04-28,9900,215.80189514160156,216.39151000976562,218.16038513183594,212.85377502441406,214.36700439453125
1999-04-27,37500,229.9528350830078,216.9811248779297,232.90093994140625,211.0849151611328,214.95111083984375
1999-04-26,10900,227.59434509277344,227.59434509277344,229.3632049560547,224.0565948486328,225.4650421142578
1999-04-23,9900,228.77357482910156,228.77357482910156,234.08018493652344,225.82546997070312,226.63323974609375
1999-04-22,6500,240.5660400390625,228.77357482910156,240.5660400390625,228.77357482910156,226.63323974609375
1999-04-21,19800,238.20755004882812,241.7452850341797,241.7452850341797,236.4386749267578,239.48358154296875
1999-04-20,14300,232.90093994140625,238.7971649169922,240.5660400390625,231.132080078125,236.56304931640625
1999-04-19,31000,244.10377502441406,232.3113250732422,244.10377502441406,232.3113250732422,230.13787841796875
1999-04-16,30700,226.4150848388672,239.3867950439453,242.92453002929688,225.23585510253906,237.14715576171875
1999-04-15,15600,232.3113250732422,225.82546997070312,232.3113250732422,225.23585510253906,223.71270751953125
1999-04-14,17900,228.77357482910156,229.9528350830078,232.90093994140625,227.59434509277344,227.80145263671875
1999-04-13,18200,224.0565948486328,229.3632049560547,230.54244995117188,224.0565948486328,227.21734619140625
1999-04-12,29200,218.16038513183594,228.1839599609375,232.3113250732422,218.16038513183594,226.04913330078125
1999-04-09,34400,247.64151000976562,229.9528350830078,247.64151000976562,227.59434509277344,227.80145263671875
1999-04-08,104100,224.64622497558594,237.617919921875,250.0,215.80189514160156,235.39483642578125
1999-04-07,153400,222.8773651123047,222.28773498535156,224.64622497558594,212.26414489746094,220.20806884765625
1999-04-06,22600,181.60377502441406,188.6792449951172,192.8065948486328,181.60377502441406,186.9140167236328
1999-04-05,20400,198.1132049560547,180.42453002929688,199.29244995117188,180.42453002929688,178.7365264892578
1999-04-01,20000,189.85848999023438,199.29244995117188,199.29244995117188,185.7311248779297,197.42791748046875
1999-03-31,38400,188.6792449951172,194.57546997070312,198.1132049560547,178.65565490722656,192.7550811767578
1999-03-30,65300,188.6792449951172,179.8349151611328,200.47169494628906,175.70755004882812,178.15243530273438
1999-03-29,61500,225.23585510253906,198.7028350830078,225.23585510253906,198.7028350830078,196.8438262939453
1999-03-26,151100,195.7547149658203,209.90565490722656,211.0849151611328,180.42453002929688,207.94183349609375
1999-03-25,301800,216.9811248779297,203.41981506347656,235.25942993164062,197.52357482910156,201.5166778564453
1999-03-24,477400,176.8867950439453,209.90565490722656,219.9292449951172,175.117919921875,207.94183349609375
1999-03-23,147000,135.6132049560547,160.96697998046875,162.73585510253906,131.48585510253906,159.4610137939453
1999-03-22,17200,129.71697998046875,129.71697998046875,133.2547149658203,127.94811248779297,128.50338745117188
1999-03-19,5100,129.71697998046875,128.53773498535156,132.07546997070312,128.53773498535156,127.33517456054688
1999-03-18,4500,132.07546997070312,130.3065948486328,132.07546997070312,129.71697998046875,129.0874786376953
1999-03-17,8200,127.35848999023438,132.07546997070312,132.07546997070312,127.35848999023438,130.83981323242188
1999-03-16,5900,130.89622497558594,127.35848999023438,131.48585510253906,127.35848999023438,126.16696166992188
1999-03-15,5300,132.6650848388672,132.07546997070312,132.6650848388672,130.3065948486328,130.83981323242188
1999-03-12,9600,132.07546997070312,130.3065948486328,135.02357482910156,129.71697998046875,129.0874786376953
1999-03-11,10300,138.5613250732422,132.07546997070312,139.15093994140625,132.07546997070312,130.83981323242188
1999-03-10,11900,139.15093994140625,137.382080078125,141.50942993164062,136.2028350830078,136.09677124023438
1999-03-09,9900,141.50942993164062,137.97169494628906,141.50942993164062,137.382080078125,136.6808624267578
1999-03-08,12900,137.382080078125,140.33018493652344,140.33018493652344,136.79244995117188,139.0172882080078
1999-03-05,7200,141.50942993164062,136.79244995117188,142.09906005859375,136.79244995117188,135.51266479492188
1999-03-04,6600,139.15093994140625,138.5613250732422,141.50942993164062,137.382080078125,137.26498413085938
1999-03-03,21700,142.09906005859375,138.5613250732422,143.27830505371094,136.2028350830078,137.26498413085938
1999-03-02,24000,140.33018493652344,141.50942993164062,147.40565490722656,140.33018493652344,140.1855010986328
1999-03-01,20900,135.6132049560547,137.97169494628906,140.33018493652344,135.02357482910156,136.6808624267578
1999-02-26,6900,137.382080078125,133.2547149658203,137.97169494628906,132.6650848388672,132.00802612304688
1999-02-25,9200,140.33018493652344,136.2028350830078,140.33018493652344,133.2547149658203,134.92855834960938
1999-02-24,18200,143.867919921875,139.15093994140625,145.6367950439453,138.5613250732422,137.8490753173828
1999-02-23,9800,150.35377502441406,144.45755004882812,151.53302001953125,142.6886749267578,143.10604858398438
1999-02-22,6500,146.22642517089844,150.9434051513672,150.9434051513672,146.22642517089844,149.53121948242188
1999-02-19,5200,145.6367950439453,146.22642517089844,146.8160400390625,143.867919921875,144.85836791992188
1999-02-18,3500,143.867919921875,143.27830505371094,144.45755004882812,142.6886749267578,141.93783569335938
1999-02-17,3700,145.0471649169922,143.867919921875,145.6367950439453,143.867919921875,142.5219268798828
1999-02-16,5200,143.867919921875,147.40565490722656,147.40565490722656,143.867919921875,146.0265655517578
1999-02-12,13400,146.22642517089844,141.50942993164062,146.8160400390625,141.50942993164062,140.1855010986328
1999-02-11,14000,148.5849151611328,148.5849151611328,148.5849151611328,143.867919921875,147.19479370117188
1999-02-10,9400,145.0471649169922,143.867919921875,146.22642517089844,143.867919921875,142.5219268798828
1999-02-09,16000,152.1226348876953,146.8160400390625,155.0707550048828,146.22642517089844,145.44247436523438
1999-02-08,11900,150.9434051513672,151.53302001953125,152.1226348876953,150.9434051513672,150.11532592773438
1999-02-05,11800,151.53302001953125,147.40565490722656,152.1226348876953,146.22642517089844,146.0265655517578
1999-02-04,16000,155.0707550048828,150.35377502441406,155.66038513183594,149.17453002929688,148.94711303710938
1999-02-03,11100,150.9434051513672,155.0707550048828,155.66038513183594,150.35377502441406,153.6199493408203
1999-02-02,14700,154.4811248779297,151.53302001953125,154.4811248779297,150.9434051513672,150.11532592773438
1999-02-01,11500,153.89151000976562,153.89151000976562,156.25,153.89151000976562,152.4517364501953
1999-01-29,18900,152.1226348876953,155.0707550048828,161.5565948486328,151.53302001953125,153.6199493408203
1999-01-28,28500,159.19810485839844,150.9434051513672,164.5047149658203,150.9434051513672,149.53121948242188
1999-01-27,8200,159.78773498535156,152.71226501464844,160.96697998046875,152.1226348876953,151.28353881835938
1999-01-26,17500,159.19810485839844,158.60848999023438,163.9150848388672,158.60848999023438,157.1245880126953
1999-01-25,7400,153.30189514160156,156.83961486816406,159.19810485839844,153.30189514160156,155.3722686767578
1999-01-22,27100,155.0707550048828,150.9434051513672,155.0707550048828,148.5849151611328,149.53121948242188
1999-01-21,28500,161.5565948486328,153.89151000976562,161.5565948486328,153.30189514160156,152.4517364501953
1999-01-20,12300,166.8632049560547,160.96697998046875,168.632080078125,160.3773651123047,159.4610137939453
1999-01-19,11000,172.75942993164062,165.09434509277344,173.34906005859375,165.09434509277344,163.54977416992188
1999-01-15,11600,168.632080078125,165.09434509277344,170.99057006835938,165.09434509277344,163.54977416992188
1999-01-14,6800,165.09434509277344,166.8632049560547,167.4528350830078,164.5047149658203,165.3020782470703
1999-01-13,22000,167.4528350830078,162.73585510253906,170.40093994140625,162.73585510253906,161.21334838867188
1999-01-12,18300,175.70755004882812,175.117919921875,175.70755004882812,170.40093994140625,173.4795684814453
1999-01-11,22000,181.01414489746094,174.52830505371094,188.08961486816406,172.75942993164062,172.8954620361328
1999-01-08,13900,179.8349151611328,178.65565490722656,182.1934051513672,176.8867950439453,176.9842071533203
1999-01-07,17700,182.78302001953125,175.70755004882812,183.3726348876953,174.52830505371094,174.0636749267578
1999-01-06,35600,170.99057006835938,183.96226501464844,188.08961486816406,170.99057006835938,182.2411651611328
1999-01-05,18900,160.3773651123047,166.8632049560547,172.16981506347656,157.4292449951172,165.3020782470703
1999-01-04,12500,162.73585510253906,159.78773498535156,162.73585510253906,151.53302001953125,158.2928009033203
1998-12-31,12800,147.9952850341797,154.4811248779297,155.0707550048828,147.9952850341797,153.0358428955078
1998-12-30,22900,147.40565490722656,147.9952850341797,151.53302001953125,146.8160400390625,146.61068725585938
1998-12-29,15400,152.1226348876953,149.76414489746094,154.4811248779297,148.5849151611328,148.3629913330078
1998-12-28,11500,155.66038513183594,151.53302001953125,156.83961486816406,151.53302001953125,150.11532592773438
1998-12-24,3100,158.60848999023438,159.19810485839844,159.19810485839844,156.25,157.7086944580078
1998-12-23,11500,151.53302001953125,156.25,157.4292449951172,151.53302001953125,154.7881622314453
1998-12-22,8200,159.78773498535156,153.89151000976562,159.78773498535156,152.1226348876953,152.4517364501953
1998-12-21,9400,161.5565948486328,159.78773498535156,162.14622497558594,154.4811248779297,158.2928009033203
1998-12-18,14700,159.78773498535156,161.5565948486328,166.27357482910156,150.35377502441406,160.0451202392578
1998-12-17,25500,150.35377502441406,159.19810485839844,162.73585510253906,148.5849151611328,157.7086944580078
1998-12-16,22100,149.17453002929688,149.76414489746094,158.60848999023438,146.22642517089844,148.3629913330078
1998-12-15,25300,145.6367950439453,147.9952850341797,152.71226501464844,144.45755004882812,146.61068725585938
1998-12-14,25200,152.71226501464844,142.6886749267578,152.71226501464844,140.91981506347656,141.3537139892578
1998-12-11,17900,161.5565948486328,153.30189514160156,161.5565948486328,152.71226501464844,151.86764526367188
1998-12-10,50600,169.8113250732422,160.3773651123047,172.75942993164062,158.0188751220703,158.87692260742188
1998-12-09,8800,181.01414489746094,179.8349151611328,182.78302001953125,176.2971649169922,178.15243530273438
1998-12-08,7600,181.60377502441406,179.8349151611328,181.60377502441406,174.52830505371094,178.15243530273438
1998-12-07,11200,177.47642517089844,181.01414489746094,181.01414489746094,176.2971649169922,179.3206329345703
1998-12-04,13600,180.42453002929688,179.8349151611328,181.60377502441406,176.8867950439453,178.15243530273438
1998-12-03,18000,177.47642517089844,177.47642517089844,182.78302001953125,173.9386749267578,175.81600952148438
1998-12-02,12200,188.08961486816406,179.2452850341797,188.6792449951172,178.65565490722656,177.5683135986328
1998-12-01,9400,192.21697998046875,188.6792449951172,192.21697998046875,186.3207550048828,186.9140167236328
1998-11-30,4300,199.29244995117188,194.57546997070312,201.65093994140625,194.57546997070312,192.7550811767578
1998-11-27,3300,193.39622497558594,200.47169494628906,201.65093994140625,193.39622497558594,198.59613037109375
1998-11-25,8200,199.29244995117188,196.9339599609375,199.29244995117188,195.7547149658203,195.0915069580078
1998-11-24,9900,205.77830505371094,199.29244995117188,205.77830505371094,199.29244995117188,197.42791748046875
1998-11-23,8300,210.4952850341797,208.1367950439453,214.03302001953125,207.5471649169922,206.1895294189453
1998-11-20,8500,202.24057006835938,209.3160400390625,210.4952850341797,198.1132049560547,207.3577423095703
1998-11-19,8700,205.77830505371094,204.59906005859375,206.95755004882812,204.00942993164062,202.6848907470703
1998-11-18,5700,210.4952850341797,205.77830505371094,212.26414489746094,205.77830505371094,203.8531036376953
1998-11-17,9600,213.4434051513672,210.4952850341797,213.4434051513672,205.1886749267578,208.5259552001953
1998-11-16,10400,205.1886749267578,211.0849151611328,219.33961486816406,205.1886749267578,209.1100616455078
1998-11-13,8900,199.29244995117188,204.59906005859375,206.367919921875,199.29244995117188,202.6848907470703
1998-11-12,19800,209.90565490722656,196.34434509277344,209.90565490722656,191.03773498535156,194.5074005126953
1998-11-11,9800,228.77357482910156,209.90565490722656,232.3113250732422,208.1367950439453,207.94183349609375
1998-11-10,20900,231.132080078125,224.0565948486328,234.08018493652344,214.6226348876953,221.96038818359375
1998-11-09,19700,234.66981506347656,233.49057006835938,245.28302001953125,231.132080078125,231.30609130859375
1998-11-06,38600,224.0565948486328,229.3632049560547,249.41038513183594,222.28773498535156,227.21734619140625
1998-11-05,28300,193.39622497558594,222.8773651123047,225.82546997070312,193.39622497558594,220.7921905517578
1998-11-04,29700,191.03773498535156,196.9339599609375,212.26414489746094,191.03773498535156,195.0915069580078
1998-11-03,14200,189.85848999023438,190.44810485839844,192.8065948486328,188.6792449951172,188.66632080078125
1998-11-02,17400,180.42453002929688,187.5,187.5,178.65565490722656,185.7458038330078
1998-10-30,28500,173.34906005859375,178.65565490722656,182.78302001953125,173.34906005859375,176.9842071533203
1998-10-29,22900,171.58018493652344,173.34906005859375,173.9386749267578,165.6839599609375,171.7272491455078
1998-10-28,33700,181.60377502441406,173.9386749267578,195.7547149658203,173.34906005859375,172.3113555908203
1998-10-27,19100,182.78302001953125,179.2452850341797,183.3726348876953,174.52830505371094,177.5683135986328
1998-10-26,13900,183.3726348876953,182.1934051513672,186.3207550048828,181.01414489746094,180.48886108398438
1998-10-23,37700,180.42453002929688,176.2971649169922,182.78302001953125,170.99057006835938,174.6477813720703
1998-10-22,22100,182.1934051513672,178.0660400390625,182.1934051513672,176.8867950439453,176.4001007080078
1998-10-21,35800,175.70755004882812,180.42453002929688,183.96226501464844,172.75942993164062,178.7365264892578
1998-10-20,57300,166.27357482910156,167.4528350830078,181.60377502441406,163.9150848388672,165.88619995117188
1998-10-19,43100,142.09906005859375,157.4292449951172,158.60848999023438,142.09906005859375,155.9563751220703
1998-10-16,169300,126.17925262451172,139.74057006835938,143.867919921875,126.17925262451172,138.43319702148438
1998-10-15,43900,122.64151000976562,125.0,125.0,119.69339752197266,123.83053588867188
1998-10-14,44900,126.17925262451172,120.87264251708984,126.76886749267578,119.10376739501953,119.74179077148438
1998-10-13,12100,129.1273651123047,125.0,129.71697998046875,125.0,123.83053588867188
1998-10-12,29100,127.94811248779297,129.1273651123047,130.89622497558594,126.76886749267578,127.9192886352539
1998-10-09,18400,122.05188751220703,121.4622573852539,125.0,120.28302001953125,120.32588958740234
1998-10-08,34300,123.23113250732422,117.92453002929688,123.23113250732422,113.20755004882812,116.82125854492188
1998-10-07,38400,137.97169494628906,124.4103775024414,139.74057006835938,123.23113250732422,123.24642944335938
1998-10-06,55800,152.1226348876953,136.79244995117188,155.0707550048828,135.6132049560547,135.51266479492188
1998-10-05,88400,149.76414489746094,147.40565490722656,150.9434051513672,138.5613250732422,146.0265655517578
1998-10-02,245900,169.8113250732422,145.6367950439453,171.58018493652344,143.27830505371094,144.27426147460938
1998-10-01,23700,297.7594299316406,262.382080078125,297.7594299316406,248.2311248779297,259.92730712890625
1998-09-30,5900,320.16510009765625,300.117919921875,320.16510009765625,300.117919921875,297.3100891113281
1998-09-29,4200,318.396240234375,321.3443298339844,323.70281982421875,311.9103698730469,318.3379211425781
1998-09-28,6300,300.7075500488281,317.8066101074219,317.8066101074219,300.7075500488281,314.83331298828125
1998-09-25,5000,298.34906005859375,308.9622497558594,308.9622497558594,298.34906005859375,306.0716857910156
1998-09-24,16400,299.5282897949219,297.7594299316406,304.2452697753906,297.1697998046875,294.9736633300781
1998-09-23,13200,293.0424499511719,298.9386901855469,305.4245300292969,292.45281982421875,296.14190673828125
1998-09-22,4500,292.45281982421875,291.2735900878906,294.8113098144531,289.5047302246094,288.54852294921875
1998-09-21,4800,294.8113098144531,291.86322021484375,294.8113098144531,287.146240234375,289.13262939453125
1998-09-18,7200,298.9386901855469,295.9905700683594,306.603759765625,292.45281982421875,293.22137451171875
1998-09-17,29200,287.73583984375,301.29718017578125,304.2452697753906,284.1981201171875,298.47833251953125
1998-09-16,30200,337.853759765625,320.7547302246094,337.853759765625,317.21697998046875,317.75384521484375
1998-09-15,12900,344.92926025390625,337.853759765625,344.92926025390625,333.7264099121094,334.6929016113281
1998-09-14,6700,344.3396301269531,344.3396301269531,360.84906005859375,344.3396301269531,341.1180725097656
1998-09-11,7500,329.59906005859375,337.853759765625,338.4433898925781,328.4197998046875,334.6929016113281
1998-09-10,20300,332.54718017578125,329.0094299316406,333.13677978515625,319.5754699707031,325.9313049316406
1998-09-09,13000,375.5896301269531,341.3915100097656,377.3584899902344,338.4433898925781,338.1975402832031
1998-09-08,9400,368.51416015625,375.0,378.5377502441406,368.51416015625,371.4916076660156
1998-09-04,1500,373.82073974609375,370.28302001953125,376.17926025390625,369.103759765625,366.8187561035156
1998-09-03,18600,363.79718017578125,371.4622497558594,375.0,356.132080078125,367.9869384765625
1998-09-02,5900,356.132080078125,365.5660400390625,377.3584899902344,354.95281982421875,362.1459045410156
1998-09-01,16700,341.98114013671875,358.4905700683594,359.6697998046875,341.98114013671875,355.1366271972656
1998-08-31,6700,345.51885986328125,340.2122497558594,347.2877502441406,337.26416015625,337.0293273925781
1998-08-28,17600,351.41510009765625,345.51885986328125,356.132080078125,331.367919921875,342.2862854003906
1998-08-27,16900,357.90093994140625,350.8254699707031,357.90093994140625,331.367919921875,347.5432434082031
1998-08-26,9100,367.33489990234375,360.2594299316406,367.33489990234375,353.7735900878906,356.8889465332031
1998-08-25,5800,376.17926025390625,373.82073974609375,383.2547302246094,373.82073974609375,370.3233642578125
1998-08-24,12200,381.48583984375,377.3584899902344,383.2547302246094,367.9245300292969,373.8280334472656
1998-08-21,4800,389.7405700683594,381.48583984375,389.7405700683594,379.71697998046875,377.9167785644531
1998-08-20,10300,408.01885986328125,393.2782897949219,408.01885986328125,388.5613098144531,389.598876953125
1998-08-19,3500,418.632080078125,405.6603698730469,419.8113098144531,404.48114013671875,401.8651123046875
1998-08-18,4500,412.146240234375,418.0424499511719,423.9386901855469,412.146240234375,414.13134765625
1998-08-17,4600,396.8160400390625,412.73583984375,413.91510009765625,396.8160400390625,408.8743896484375
1998-08-14,11100,414.5047302246094,398.58489990234375,418.632080078125,390.3302001953125,394.8558349609375
1998-08-13,15200,431.603759765625,412.146240234375,433.9622497558594,401.53302001953125,408.2903137207031
1998-08-12,15400,416.86322021484375,432.1933898925781,438.0896301269531,416.86322021484375,428.14990234375
1998-08-11,9900,424.5282897949219,418.632080078125,425.7075500488281,410.96697998046875,414.7154846191406
1998-08-10,4100,430.4245300292969,424.5282897949219,430.4245300292969,424.5282897949219,420.5565185546875
1998-08-07,3300,429.83489990234375,430.4245300292969,435.1415100097656,428.6556701660156,426.3975830078125
1998-08-06,6700,413.91510009765625,429.2452697753906,436.32073974609375,413.91510009765625,425.2293701171875
1998-08-05,11700,426.88677978515625,419.2217102050781,430.4245300292969,416.2735900878906,415.2995910644531
1998-08-04,27500,448.11322021484375,424.5282897949219,448.11322021484375,419.8113098144531,420.5565185546875
1998-08-03,16900,466.3915100097656,447.5235900878906,466.98114013671875,447.5235900878906,443.336669921875
1998-07-31,13400,475.23583984375,468.1603698730469,475.23583984375,457.54718017578125,463.7803955078125
1998-07-30,12000,488.2075500488281,475.23583984375,494.103759765625,472.8773498535156,470.7896728515625
1998-07-29,24900,483.4905700683594,488.2075500488281,490.5660400390625,482.3113098144531,483.6400146484375
1998-07-28,9700,485.2594299316406,480.5424499511719,495.28302001953125,474.646240234375,476.046630859375
1998-07-27,12700,507.0754699707031,486.4386901855469,507.0754699707031,481.132080078125,481.8876953125
1998-07-24,9900,510.0235900878906,507.0754699707031,510.0235900878906,506.48583984375,502.3314208984375
1998-07-23,4500,510.0235900878906,510.0235900878906,510.61322021484375,509.4339599609375,505.251953125
1998-07-22,16500,514.1509399414062,511.7924499511719,514.1509399414062,505.896240234375,507.0042724609375
1998-07-21,3000,512.9716796875,514.1509399414062,517.6886596679688,512.9716796875,509.3406982421875
1998-07-20,5400,512.9716796875,513.5613403320312,515.3302001953125,511.7924499511719,508.756591796875
1998-07-17,3000,511.7924499511719,512.9716796875,512.9716796875,510.0235900878906,508.1724548339844
1998-07-16,4300,509.4339599609375,511.20281982421875,515.3302001953125,509.4339599609375,506.4201354980469
1998-07-15,5500,490.5660400390625,501.17926025390625,501.17926025390625,490.5660400390625,496.4903564453125
1998-07-14,2700,479.95281982421875,488.2075500488281,488.2075500488281,479.95281982421875,483.6400146484375
1998-07-13,2000,481.132080078125,479.95281982421875,481.132080078125,478.7735900878906,475.4625244140625
1998-07-10,1800,469.92926025390625,481.132080078125,484.6697998046875,469.92926025390625,476.6307373046875
1998-07-09,1500,477.5943298339844,471.1084899902344,478.7735900878906,470.51885986328125,466.700927734375
1998-07-08,1600,484.6697998046875,479.95281982421875,485.2594299316406,478.7735900878906,475.4625244140625
1998-07-07,4600,479.95281982421875,486.4386901855469,487.617919921875,473.46697998046875,481.8876953125
1998-07-06,7900,477.5943298339844,481.132080078125,482.3113098144531,476.41510009765625,476.6307373046875
1998-07-02,1900,477.5943298339844,477.5943298339844,478.1839599609375,475.8254699707031,473.1260986328125
1998-07-01,4500,484.6697998046875,479.36322021484375,484.6697998046875,475.23583984375,474.87841796875
1998-06-30,6700,476.41510009765625,484.6697998046875,484.6697998046875,476.41510009765625,480.1353759765625
1998-06-29,6700,485.2594299316406,474.646240234375,485.2594299316406,474.0566101074219,470.20556640625
1998-06-26,4500,470.51885986328125,484.6697998046875,487.0282897949219,469.92926025390625,480.1353759765625
1998-06-25,2900,469.92926025390625,468.1603698730469,474.0566101074219,466.98114013671875,463.7803955078125
1998-06-24,7400,462.26416015625,471.1084899902344,471.1084899902344,461.08489990234375,466.700927734375
1998-06-23,4700,457.54718017578125,462.26416015625,462.26416015625,457.54718017578125,457.9393310546875
1998-06-22,7800,455.1886901855469,458.7264099121094,463.4433898925781,454.0094299316406,454.4346923828125
1998-06-19,8900,449.882080078125,455.1886901855469,456.9575500488281,449.882080078125,450.9300842285156
1998-06-18,9100,458.7264099121094,449.882080078125,458.7264099121094,448.11322021484375,445.673095703125
1998-06-17,13200,449.2924499511719,457.54718017578125,462.26416015625,449.2924499511719,453.2665100097656
1998-06-16,4300,449.882080078125,449.882080078125,452.8302001953125,445.7547302246094,445.673095703125
1998-06-15,6600,463.4433898925781,448.70281982421875,463.4433898925781,447.5235900878906,444.5048828125
1998-06-12,8700,473.46697998046875,465.8018798828125,474.0566101074219,465.8018798828125,461.4439697265625
1998-06-11,6900,487.0282897949219,474.646240234375,487.0282897949219,471.6981201171875,470.20556640625
1998-06-10,13600,492.9245300292969,488.2075500488281,492.9245300292969,486.4386901855469,483.6400146484375
1998-06-09,7200,507.66510009765625,493.51416015625,507.66510009765625,492.9245300292969,488.89697265625
1998-06-08,4400,501.17926025390625,507.66510009765625,514.1509399414062,501.17926025390625,502.91552734375
1998-06-05,5000,501.17926025390625,501.17926025390625,501.17926025390625,495.28302001953125,496.4903564453125
1998-06-04,3600,508.2547302246094,503.5377502441406,508.8443298339844,503.5377502441406,498.8267822265625
1998-06-03,8800,496.4622497558594,511.7924499511719,514.1509399414062,495.8726501464844,507.0042724609375
1998-06-02,18800,499.4103698730469,497.6415100097656,499.4103698730469,476.41510009765625,492.9857177734375
1998-06-01,4300,501.17926025390625,499.4103698730469,503.5377502441406,498.82073974609375,494.738037109375
1998-05-29,3300,504.71697998046875,499.4103698730469,510.61322021484375,499.4103698730469,494.738037109375
1998-05-28,2100,500.5896301269531,505.3066101074219,505.896240234375,497.6415100097656,500.5791015625
1998-05-27,11300,512.382080078125,500.5896301269531,512.382080078125,497.6415100097656,495.90625
1998-05-26,2500,510.61322021484375,511.7924499511719,516.5094604492188,510.61322021484375,507.0042724609375
1998-05-22,800,516.5094604492188,510.61322021484375,516.5094604492188,508.2547302246094,505.8360595703125
1998-05-21,400,520.0471801757812,515.9197998046875,521.2264404296875,515.3302001953125,511.0929870605469
1998-05-20,1100,524.1744995117188,518.867919921875,524.1744995117188,517.6886596679688,514.0135498046875
1998-05-19,5000,511.7924499511719,524.76416015625,524.76416015625,510.0235900878906,519.8546142578125
1998-05-18,2200,507.0754699707031,509.4339599609375,510.61322021484375,505.896240234375,504.6678466796875
1998-05-15,2000,500.5896301269531,504.71697998046875,505.896240234375,500.0,499.9949951171875
1998-05-14,1300,505.896240234375,501.76885986328125,507.66510009765625,500.5896301269531,497.074462890625
1998-05-13,5200,501.17926025390625,507.0754699707031,507.0754699707031,500.0,502.3314208984375
1998-05-12,3700,505.3066101074219,505.896240234375,505.896240234375,498.82073974609375,501.1632080078125
1998-05-11,1000,513.5613403320312,505.3066101074219,513.5613403320312,504.71697998046875,500.5791015625
1998-05-08,3300,496.4622497558594,514.7405395507812,516.5094604492188,495.28302001953125,509.9247741699219
1998-05-07,2100,490.5660400390625,498.23114013671875,500.0,490.5660400390625,493.56982421875
1998-05-06,10200,491.7452697753906,491.1556701660156,491.7452697753906,488.79718017578125,486.560546875
1998-05-05,4300,498.23114013671875,492.9245300292969,498.23114013671875,490.5660400390625,488.3128662109375
1998-05-04,1900,490.5660400390625,500.5896301269531,503.5377502441406,490.5660400390625,495.90625
1998-05-01,2900,494.103759765625,488.2075500488281,494.103759765625,481.132080078125,483.6400146484375
1998-04-30,3700,484.6697998046875,494.6933898925781,495.28302001953125,483.4905700683594,490.065185546875
1998-04-29,2300,483.4905700683594,484.6697998046875,487.0282897949219,481.132080078125,480.1353759765625
1998-04-28,7000,481.132080078125,483.4905700683594,490.5660400390625,479.95281982421875,478.9671630859375
1998-04-27,8100,497.6415100097656,471.6981201171875,497.6415100097656,467.57073974609375,467.2850341796875
1998-04-24,700,507.0754699707031,500.5896301269531,507.0754699707031,498.82073974609375,495.90625
1998-04-23,3600,515.3302001953125,509.4339599609375,515.3302001953125,507.0754699707031,504.6678466796875
1998-04-22,5000,528.3018798828125,516.5094604492188,531.839599609375,516.5094604492188,511.6771545410156
1998-04-21,5400,518.2783203125,528.8914794921875,530.660400390625,518.2783203125,523.9432983398438
1998-04-20,7900,508.2547302246094,518.2783203125,518.2783203125,507.66510009765625,513.429443359375
1998-04-17,11200,503.5377502441406,509.4339599609375,509.4339599609375,502.3584899902344,504.6678466796875
1998-04-16,3600,491.7452697753906,504.71697998046875,504.71697998046875,491.7452697753906,499.9949951171875
1998-04-15,19900,487.0282897949219,492.9245300292969,493.51416015625,487.0282897949219,488.3128662109375
1998-04-14,1400,482.90093994140625,488.2075500488281,489.38677978515625,481.132080078125,483.6400146484375
1998-04-13,1200,486.4386901855469,484.6697998046875,486.4386901855469,482.90093994140625,480.1353759765625
1998-04-09,3800,482.90093994140625,487.0282897949219,488.79718017578125,479.36322021484375,482.4718017578125
1998-04-08,6300,490.5660400390625,480.5424499511719,490.5660400390625,478.1839599609375,476.046630859375
1998-04-07,8000,496.4622497558594,491.7452697753906,496.4622497558594,488.79718017578125,487.1446228027344
1998-04-06,25400,498.82073974609375,495.28302001953125,498.82073974609375,490.5660400390625,490.6492919921875
1998-04-03,6600,493.51416015625,497.6415100097656,500.0,493.51416015625,492.9857177734375
1998-04-02,6200,481.132080078125,493.51416015625,495.28302001953125,481.132080078125,488.89697265625
1998-04-01,9100,474.0566101074219,478.7735900878906,480.5424499511719,471.6981201171875,474.2943115234375
1998-03-31,4000,469.3396301269531,469.3396301269531,474.0566101074219,466.98114013671875,464.9486083984375
1998-03-30,4800,472.2877502441406,469.3396301269531,472.2877502441406,464.6226501464844,464.9486083984375
1998-03-27,10300,476.41510009765625,474.646240234375,476.41510009765625,471.6981201171875,470.20556640625
1998-03-26,5600,484.0802001953125,474.0566101074219,484.0802001953125,466.3915100097656,469.6214599609375
1998-03-25,3800,483.4905700683594,483.4905700683594,489.38677978515625,483.4905700683594,478.9671630859375
1998-03-24,4500,477.0047302246094,479.95281982421875,479.95281982421875,470.51885986328125,475.4625244140625
1998-03-23,4800,487.0282897949219,478.1839599609375,487.0282897949219,477.5943298339844,473.710205078125
1998-03-20,5400,488.2075500488281,488.2075500488281,489.38677978515625,484.6697998046875,483.6400146484375
1998-03-19,13800,487.0282897949219,488.79718017578125,490.5660400390625,484.6697998046875,484.22412109375
1998-03-18,4700,487.0282897949219,485.2594299316406,495.28302001953125,483.4905700683594,480.719482421875
1998-03-17,5700,474.0566101074219,484.6697998046875,484.6697998046875,474.0566101074219,480.1353759765625
1998-03-16,7700,468.1603698730469,474.0566101074219,477.5943298339844,468.1603698730469,469.6214599609375
1998-03-13,3300,466.98114013671875,468.1603698730469,469.3396301269531,464.6226501464844,463.7803955078125
1998-03-12,10900,463.4433898925781,466.98114013671875,471.1084899902344,463.4433898925781,462.6121826171875
1998-03-11,6600,455.1886901855469,461.6745300292969,462.853759765625,454.0094299316406,457.355224609375
1998-03-10,14200,448.70281982421875,457.54718017578125,463.4433898925781,448.70281982421875,453.2665100097656
1998-03-09,6700,457.54718017578125,448.70281982421875,459.9056701660156,448.70281982421875,444.5048828125
1998-03-06,8300,442.8066101074219,458.13677978515625,458.13677978515625,442.8066101074219,453.8505859375
1998-03-05,10200,436.9103698730469,441.6273498535156,442.8066101074219,435.1415100097656,437.49560546875
1998-03-04,9300,432.78302001953125,438.67926025390625,442.21697998046875,432.78302001953125,434.5751037597656
1998-03-03,10000,415.6839599609375,432.78302001953125,433.9622497558594,415.0943298339844,428.7340087890625
1998-03-02,20400,442.8066101074219,418.0424499511719,442.8066101074219,413.91510009765625,414.13134765625
1998-02-27,1000,446.9339599609375,442.8066101074219,446.9339599609375,442.21697998046875,438.6638488769531
1998-02-26,1900,445.16510009765625,446.3443298339844,449.2924499511719,443.396240234375,442.16845703125
1998-02-25,5800,435.73114013671875,443.396240234375,445.7547302246094,435.73114013671875,439.2479553222656
1998-02-24,4800,441.0377502441406,436.32073974609375,446.3443298339844,435.1415100097656,432.2386474609375
1998-02-23,8400,451.65093994140625,442.21697998046875,451.65093994140625,441.0377502441406,438.0797119140625
1998-02-20,17200,433.3726501464844,452.8302001953125,452.8302001953125,431.603759765625,448.5936584472656
1998-02-19,12900,425.7075500488281,435.1415100097656,437.5,425.117919921875,431.0704345703125
1998-02-18,5500,414.5047302246094,419.2217102050781,421.5802001953125,413.3254699707031,415.2995910644531
1998-02-17,5800,410.3773498535156,413.3254699707031,417.45281982421875,408.6084899902344,409.45849609375
1998-02-13,10500,393.867919921875,405.07073974609375,410.3773498535156,390.3302001953125,401.281005859375
1998-02-12,13800,386.20281982421875,393.867919921875,393.867919921875,384.4339599609375,390.1830139160156
1998-02-11,9500,393.2782897949219,388.5613098144531,393.2782897949219,379.1273498535156,384.926025390625
1998-02-10,11100,405.6603698730469,392.6886901855469,406.25,389.15093994140625,389.0148010253906
1998-02-09,2200,416.2735900878906,408.01885986328125,416.86322021484375,408.01885986328125,404.2015380859375
1998-02-06,5000,415.6839599609375,417.45281982421875,417.45281982421875,415.0943298339844,413.5472412109375
1998-02-05,12900,415.0943298339844,416.2735900878906,419.2217102050781,410.3773498535156,412.3790588378906
1998-02-04,6200,410.3773498535156,415.0943298339844,415.0943298339844,408.01885986328125,411.2108154296875
1998-02-03,6500,413.3254699707031,411.5566101074219,413.91510009765625,408.01885986328125,407.7062072753906
1998-02-02,19900,404.48114013671875,413.3254699707031,419.8113098144531,404.48114013671875,409.45849609375
1998-01-30,13600,395.04718017578125,399.76416015625,401.53302001953125,393.867919921875,396.0240783691406
1998-01-29,11500,397.4056701660156,395.63677978515625,400.9433898925781,395.04718017578125,391.935302734375
1998-01-28,20200,390.3302001953125,398.58489990234375,400.9433898925781,390.3302001953125,394.8558349609375
1998-01-27,14200,382.0754699707031,387.9717102050781,391.5094299316406,382.0754699707031,384.3419494628906
1998-01-26,15900,373.82073974609375,382.0754699707031,382.0754699707031,373.82073974609375,378.5008850097656
1998-01-23,9700,366.7452697753906,374.4103698730469,375.0,360.84906005859375,370.9075012207031
1998-01-22,35300,368.51416015625,370.28302001953125,379.71697998046875,365.5660400390625,366.8187561035156
1998-01-21,24600,367.9245300292969,368.51416015625,372.6415100097656,367.9245300292969,365.0664367675781
1998-01-20,6000,359.6697998046875,365.5660400390625,365.5660400390625,359.6697998046875,362.1459045410156
1998-01-16,16300,350.23583984375,357.3113098144531,359.6697998046875,350.23583984375,353.9684143066406
1998-01-15,15700,346.6981201171875,350.23583984375,350.23583984375,345.51885986328125,346.9591369628906
1998-01-14,18200,345.51885986328125,344.3396301269531,345.51885986328125,343.1603698730469,341.1180725097656
1998-01-13,8000,339.03302001953125,345.51885986328125,349.0566101074219,339.03302001953125,342.2862854003906
1998-01-12,3100,335.4952697753906,337.853759765625,339.6226501464844,332.54718017578125,334.6929016113281
1998-01-09,13000,320.7547302246094,335.4952697753906,336.6745300292969,320.7547302246094,332.3564758300781
1998-01-08,5800,320.7547302246094,320.7547302246094,323.11322021484375,319.5754699707031,317.75384521484375
1998-01-07,6600,317.21697998046875,323.11322021484375,323.11322021484375,316.0377502441406,320.09027099609375
1998-01-06,30000,325.4717102050781,317.21697998046875,325.4717102050781,306.603759765625,314.2491760253906
1998-01-05,5200,331.9575500488281,325.4717102050781,336.08489990234375,325.4717102050781,322.42669677734375
1998-01-02,1100,333.7264099121094,331.9575500488281,333.7264099121094,331.367919921875,328.8518371582031
1997-12-31,4200,336.08489990234375,333.13677978515625,338.4433898925781,333.13677978515625,330.0200500488281
1997-12-30,5000,346.1084899902344,334.9056701660156,346.1084899902344,334.9056701660156,331.77239990234375
1997-12-29,4600,331.367919921875,343.75,346.84552001953125,331.367919921875,340.5339660644531
1997-12-26,700,333.7264099121094,331.367919921875,334.3160400390625,330.7782897949219,328.2677307128906
1997-12-24,2200,333.13677978515625,334.9056701660156,334.9056701660156,330.1886901855469,331.77239990234375
1997-12-23,2500,338.4433898925781,333.13677978515625,341.98114013671875,333.13677978515625,330.0200500488281
1997-12-22,5600,330.7782897949219,336.08489990234375,337.26416015625,329.59906005859375,332.9405822753906
1997-12-19,16500,336.08489990234375,331.51531982421875,336.6745300292969,323.11322021484375,328.41375732421875
1997-12-18,15000,353.7735900878906,339.6226501464844,353.7735900878906,333.7264099121094,336.4452209472656
1997-12-17,6100,350.8254699707031,354.95281982421875,360.84906005859375,350.23583984375,351.6319885253906
1997-12-16,11600,342.57073974609375,349.646240234375,363.2075500488281,342.57073974609375,346.37506103515625
1997-12-15,5100,350.23583984375,343.1603698730469,352.0047302246094,340.8018798828125,339.9498596191406
1997-12-12,6300,345.51885986328125,349.0566101074219,350.23583984375,343.1603698730469,345.7909240722656
1997-12-11,31500,354.95281982421875,343.75,354.95281982421875,337.26416015625,340.5339660644531
1997-12-10,5700,375.0,369.103759765625,376.17926025390625,366.7452697753906,365.6505126953125
1997-12-09,9900,384.4339599609375,373.82073974609375,384.4339599609375,373.82073974609375,370.3233642578125
1997-12-08,18500,375.5896301269531,376.17926025390625,380.896240234375,358.4905700683594,372.6598205566406
1997-12-05,38600,360.84906005859375,376.76885986328125,376.76885986328125,338.4433898925781,373.2439270019531
1997-12-04,28700,383.2547302246094,364.38677978515625,383.2547302246094,362.0282897949219,360.9776916503906
1997-12-03,35200,382.0754699707031,385.0235900878906,402.1226501464844,378.5377502441406,381.4214172363281
1997-12-02,20300,377.3584899902344,386.7924499511719,386.7924499511719,377.3584899902344,383.1737365722656
1997-12-01,10300,360.84906005859375,366.1556701660156,367.9245300292969,360.84906005859375,362.7300109863281
1997-11-28,3500,358.4905700683594,358.4905700683594,362.0282897949219,358.4905700683594,355.1366271972656
1997-11-26,15400,347.8773498535156,357.3113098144531,358.4905700683594,347.8773498535156,353.9684143066406
1997-11-25,7000,337.853759765625,345.51885986328125,348.46697998046875,336.6745300292969,342.2862854003906
1997-11-24,6100,323.11322021484375,333.13677978515625,338.4433898925781,323.11322021484375,330.0200500488281
1997-11-21,12600,320.7547302246094,325.4717102050781,325.4717102050781,318.396240234375,322.42669677734375
1997-11-20,12900,320.7547302246094,319.5754699707031,324.2924499511719,318.396240234375,316.5856018066406
1997-11-19,19300,312.5,320.16510009765625,321.9339599609375,311.32073974609375,317.16973876953125
1997-11-18,24600,329.59906005859375,312.5,329.59906005859375,311.9103698730469,309.5763244628906
1997-11-17,8200,334.9056701660156,329.0094299316406,334.9056701660156,326.65093994140625,325.9313049316406
1997-11-14,13000,335.4952697753906,334.9056701660156,337.26416015625,333.13677978515625,331.77239990234375
1997-11-13,9400,337.26416015625,335.4952697753906,340.8018798828125,330.1886901855469,332.3564758300781
1997-11-12,6800,344.3396301269531,336.6745300292969,345.51885986328125,334.9056701660156,333.5246887207031
1997-11-11,3500,345.51885986328125,344.3396301269531,349.0566101074219,343.1603698730469,341.1180725097656
1997-11-10,6500,355.5424499511719,348.46697998046875,358.4905700683594,348.46697998046875,345.2068176269531
1997-11-07,4600,362.0282897949219,355.5424499511719,364.38677978515625,354.95281982421875,352.2160949707031
1997-11-06,5000,363.79718017578125,364.9764099121094,369.103759765625,363.79718017578125,361.5617980957031
1997-11-05,6100,350.8254699707031,363.2075500488281,367.33489990234375,350.8254699707031,359.8094787597656
1997-11-04,9800,344.3396301269531,351.41510009765625,353.1839599609375,344.3396301269531,348.1273498535156
1997-11-03,35100,327.8302001953125,343.1603698730469,343.1603698730469,325.4717102050781,339.9498596191406
1997-10-31,5000,356.132080078125,346.6981201171875,360.84906005859375,346.6981201171875,343.4544982910156
1997-10-30,7700,358.4905700683594,353.7735900878906,367.9245300292969,353.1839599609375,350.4637756347656
1997-10-29,17500,389.7405700683594,358.4905700683594,392.6886901855469,358.4905700683594,355.1366271972656
1997-10-28,12300,363.2075500488281,390.9197998046875,392.6886901855469,360.84906005859375,387.262451171875
1997-10-27,3500,400.9433898925781,376.17926025390625,400.9433898925781,376.17926025390625,372.6598205566406
1997-10-24,17500,386.7924499511719,401.53302001953125,410.3773498535156,386.7924499511719,397.7763977050781
1997-10-23,9300,399.76416015625,387.382080078125,399.76416015625,384.4339599609375,383.7578430175781
1997-10-22,5300,412.73583984375,411.5566101074219,412.73583984375,410.3773498535156,407.7062072753906
1997-10-21,4400,409.1981201171875,412.73583984375,412.73583984375,408.01885986328125,408.8743896484375
1997-10-20,9500,404.48114013671875,408.01885986328125,416.2735900878906,404.48114013671875,404.2015380859375
1997-10-17,6900,410.3773498535156,404.48114013671875,410.3773498535156,399.1745300292969,400.6969299316406
1997-10-16,4400,417.45281982421875,411.5566101074219,417.45281982421875,411.5566101074219,407.7062072753906
1997-10-15,4900,415.0943298339844,417.45281982421875,418.632080078125,410.3773498535156,413.5472412109375
1997-10-14,15100,426.29718017578125,416.2735900878906,426.29718017578125,416.2735900878906,412.3790588378906
1997-10-13,3100,429.83489990234375,424.5282897949219,430.4245300292969,424.5282897949219,420.5565185546875
1997-10-10,3500,429.2452697753906,429.2452697753906,432.78302001953125,428.0660400390625,425.2293701171875
1997-10-09,8200,426.88677978515625,431.603759765625,431.603759765625,425.7075500488281,427.5657958984375
1997-10-08,4000,428.6556701660156,427.4764099121094,428.6556701660156,425.7075500488281,423.47705078125
1997-10-07,8200,425.117919921875,428.0660400390625,430.4245300292969,424.5282897949219,424.0611572265625
1997-10-06,6700,431.603759765625,425.117919921875,431.603759765625,422.7594299316406,421.140625
1997-10-03,19000,451.0613098144531,431.603759765625,451.0613098144531,424.5282897949219,427.5657958984375
1997-10-02,4600,462.26416015625,453.4197998046875,462.26416015625,452.8302001953125,449.177734375
1997-10-01,3800,467.57073974609375,462.26416015625,467.57073974609375,462.26416015625,457.9393310546875
1997-09-30,6300,468.1603698730469,467.57073974609375,471.1084899902344,466.98114013671875,463.1962890625
1997-09-29,2900,464.6226501464844,466.98114013671875,468.75,463.4433898925781,462.6121826171875
1997-09-26,4900,457.54718017578125,465.8018798828125,467.57073974609375,457.54718017578125,461.4439697265625
1997-09-25,1800,462.26416015625,458.7264099121094,464.03302001953125,458.7264099121094,454.4346923828125
1997-09-24,3700,466.98114013671875,462.26416015625,471.6981201171875,462.26416015625,457.9393310546875
1997-09-23,9100,462.26416015625,465.8018798828125,465.8018798828125,461.08489990234375,461.4439697265625
1997-09-22,4500,464.6226501464844,459.9056701660156,465.8018798828125,459.9056701660156,455.6029052734375
1997-09-19,14800,462.853759765625,462.26416015625,469.3396301269531,459.9056701660156,457.9393310546875
1997-09-18,109000,469.3396301269531,462.853759765625,469.3396301269531,444.5754699707031,458.5234375
1997-09-17,3400,497.6415100097656,497.0518798828125,498.23114013671875,496.4622497558594,492.401611328125
1997-09-16,6400,494.103759765625,497.6415100097656,501.17926025390625,493.51416015625,492.9857177734375
1997-09-15,2700,494.103759765625,492.9245300292969,494.103759765625,492.9245300292969,488.3128662109375
1997-09-12,2800,498.82073974609375,494.6933898925781,499.4103698730469,494.103759765625,490.065185546875
1997-09-11,2400,495.28302001953125,497.6415100097656,497.6415100097656,490.5660400390625,492.9857177734375
1997-09-10,3000,501.76885986328125,495.8726501464844,501.76885986328125,495.28302001953125,491.2333984375
1997-09-09,4300,496.4622497558594,501.76885986328125,501.76885986328125,495.28302001953125,497.074462890625
1997-09-08,9200,485.84906005859375,497.6415100097656,498.82073974609375,485.84906005859375,492.9857177734375
1997-09-05,14900,481.132080078125,485.84906005859375,485.84906005859375,470.51885986328125,481.3035888671875
1997-09-04,9000,485.2594299316406,478.7735900878906,485.2594299316406,476.41510009765625,474.2943115234375
1997-09-03,12100,470.51885986328125,484.6697998046875,485.84906005859375,470.51885986328125,480.1353759765625
1997-09-02,9200,458.7264099121094,469.3396301269531,469.92926025390625,458.7264099121094,464.9486083984375
1997-08-29,1000,459.9056701660156,458.7264099121094,459.9056701660156,455.7782897949219,454.4346923828125
1997-08-28,3400,462.853759765625,459.9056701660156,463.4433898925781,457.54718017578125,455.6029052734375
1997-08-27,2900,466.98114013671875,462.26416015625,466.98114013671875,457.54718017578125,457.9393310546875
1997-08-26,1900,477.5943298339844,466.98114013671875,477.5943298339844,466.98114013671875,462.6121826171875
1997-08-25,5000,472.8773498535156,477.5943298339844,483.4905700683594,471.6981201171875,473.1260986328125
1997-08-22,3600,471.6981201171875,471.6981201171875,477.5943298339844,468.1603698730469,467.2850341796875
1997-08-21,4800,483.4905700683594,475.8254699707031,487.0282897949219,475.23583984375,471.373779296875
1997-08-20,2100,487.0282897949219,483.4905700683594,487.0282897949219,482.3113098144531,478.9671630859375
1997-08-19,6200,482.90093994140625,485.84906005859375,492.9245300292969,482.90093994140625,481.3035888671875
1997-08-18,8900,501.17926025390625,481.7217102050781,501.17926025390625,481.7217102050781,477.21484375
1997-08-15,7600,504.71697998046875,501.17926025390625,507.66510009765625,500.0,496.4903564453125
1997-08-14,4000,496.4622497558594,504.71697998046875,504.71697998046875,496.4622497558594,499.9949951171875
1997-08-13,4800,495.8726501464844,495.8726501464844,495.8726501464844,489.38677978515625,491.2333984375
1997-08-12,2300,497.6415100097656,495.28302001953125,500.0,495.28302001953125,490.6492919921875
1997-08-11,7300,500.0,497.6415100097656,500.5896301269531,495.8726501464844,492.9857177734375
1997-08-08,3100,508.2547302246094,500.0,508.2547302246094,498.23114013671875,495.3221435546875
1997-08-07,2100,502.3584899902344,508.2547302246094,508.2547302246094,501.17926025390625,503.4996337890625
1997-08-06,5800,495.28302001953125,502.3584899902344,502.3584899902344,495.28302001953125,497.6585693359375
1997-08-05,3400,489.9764099121094,494.6933898925781,495.28302001953125,489.38677978515625,490.065185546875
1997-08-04,6000,491.1556701660156,488.79718017578125,491.1556701660156,487.0282897949219,484.22412109375
1997-08-01,5100,503.5377502441406,492.33489990234375,503.5377502441406,490.5660400390625,487.728759765625
1997-07-31,15900,517.6886596679688,505.896240234375,523.5848999023438,505.3066101074219,501.1632080078125
1997-07-30,17400,490.5660400390625,510.61322021484375,510.61322021484375,490.5660400390625,505.8360595703125
1997-07-29,900,477.5943298339844,474.0566101074219,478.1839599609375,474.0566101074219,469.6214599609375
1997-07-28,4600,466.98114013671875,478.7735900878906,481.132080078125,466.98114013671875,474.2943115234375
1997-07-25,5500,477.5943298339844,466.98114013671875,477.5943298339844,465.8018798828125,462.6121826171875
1997-07-24,7000,459.9056701660156,477.0047302246094,477.0047302246094,458.7264099121094,472.5419921875
1997-07-23,6700,436.32073974609375,458.13677978515625,458.13677978515625,436.32073974609375,453.8505859375
1997-07-22,2700,433.9622497558594,436.32073974609375,437.5,431.603759765625,432.2386474609375
1997-07-21,2000,428.0660400390625,434.5518798828125,436.32073974609375,426.88677978515625,430.486328125
1997-07-18,3700,436.32073974609375,428.0660400390625,436.32073974609375,425.7075500488281,424.0611572265625
1997-07-17,7500,451.0613098144531,438.67926025390625,452.2405700683594,438.67926025390625,434.5751037597656
1997-07-16,2700,452.8302001953125,452.2405700683594,455.7782897949219,450.4717102050781,448.009521484375
1997-07-15,3400,448.70281982421875,453.4197998046875,457.54718017578125,447.5235900878906,449.177734375
1997-07-14,4700,448.11322021484375,449.2924499511719,449.2924499511719,443.396240234375,445.0889892578125
1997-07-11,3000,457.54718017578125,450.4717102050781,459.3160400390625,450.4717102050781,446.2572326660156
1997-07-10,10000,472.8773498535156,455.1886901855469,472.8773498535156,452.8302001953125,450.9300842285156
1997-07-09,2700,483.4905700683594,473.46697998046875,483.4905700683594,472.2877502441406,469.037353515625
1997-07-08,10100,487.0282897949219,483.4905700683594,487.0282897949219,482.3113098144531,478.9671630859375
1997-07-07,15400,485.2594299316406,487.0282897949219,487.0282897949219,481.132080078125,482.4718017578125
1997-07-03,3600,479.95281982421875,482.90093994140625,488.2075500488281,479.95281982421875,478.383056640625
1997-07-02,2800,469.3396301269531,477.5943298339844,478.7735900878906,466.3915100097656,473.1260986328125
1997-07-01,5700,488.2075500488281,466.98114013671875,488.2075500488281,466.3915100097656,462.6121826171875
1997-06-30,24700,490.5660400390625,488.79718017578125,495.28302001953125,482.3113098144531,484.22412109375
1997-06-27,7400,452.2405700683594,477.0047302246094,477.0047302246094,452.2405700683594,472.5419921875
1997-06-26,4300,435.1415100097656,448.70281982421875,448.70281982421875,435.1415100097656,444.5048828125
1997-06-25,2900,437.5,435.1415100097656,442.8066101074219,433.9622497558594,431.0704345703125
1997-06-24,11500,443.396240234375,437.5,443.396240234375,426.88677978515625,433.4068603515625
1997-06-23,4100,446.9339599609375,443.396240234375,449.2924499511719,443.396240234375,439.2479553222656
1997-06-20,6500,431.603759765625,446.9339599609375,449.2924499511719,431.603759765625,442.7525634765625
1997-06-19,8300,410.3773498535156,422.1697998046875,422.1697998046875,409.1981201171875,418.2200927734375
1997-06-18,3400,408.01885986328125,410.3773498535156,411.5566101074219,408.01885986328125,406.5379638671875
1997-06-17,8100,402.1226501464844,410.3773498535156,410.3773498535156,396.2264099121094,406.5379638671875
1997-06-16,2300,404.48114013671875,404.48114013671875,404.48114013671875,403.3018798828125,400.6969299316406
1997-06-13,4200,413.91510009765625,406.8396301269531,417.45281982421875,405.6603698730469,403.0333557128906
1997-06-12,8300,411.5566101074219,415.0943298339844,419.8113098144531,408.01885986328125,411.2108154296875
1997-06-11,3000,400.9433898925781,409.1981201171875,409.1981201171875,400.9433898925781,405.3697814941406
1997-06-10,3700,397.4056701660156,400.9433898925781,400.9433898925781,397.4056701660156,397.1922607421875
1997-06-09,4000,398.58489990234375,398.58489990234375,398.58489990234375,396.2264099121094,394.8558349609375
1997-06-06,8200,389.15093994140625,397.4056701660156,400.9433898925781,389.15093994140625,393.6876525878906
1997-06-05,8500,378.5377502441406,389.15093994140625,389.15093994140625,378.5377502441406,385.5101623535156
1997-06-04,12200,373.82073974609375,377.3584899902344,377.3584899902344,371.4622497558594,373.8280334472656
1997-06-03,1100,378.5377502441406,375.0,378.5377502441406,375.0,371.4916076660156
1997-06-02,1900,384.4339599609375,379.71697998046875,384.4339599609375,379.71697998046875,376.1644592285156
1997-05-30,1900,385.61322021484375,384.4339599609375,386.7924499511719,383.2547302246094,380.8373107910156
1997-05-29,2900,389.15093994140625,384.4339599609375,389.15093994140625,384.4339599609375,380.8373107910156
1997-05-28,5900,387.9717102050781,387.9717102050781,395.04718017578125,387.9717102050781,384.3419494628906
1997-05-27,6500,375.0,389.15093994140625,390.3302001953125,375.0,385.5101623535156
1997-05-23,2700,371.4622497558594,376.17926025390625,376.17926025390625,371.4622497558594,372.6598205566406
1997-05-22,7100,376.17926025390625,370.28302001953125,376.17926025390625,369.103759765625,366.8187561035156
1997-05-21,4300,373.82073974609375,375.0,376.17926025390625,373.82073974609375,371.4916076660156
1997-05-20,1900,366.7452697753906,372.6415100097656,375.0,366.7452697753906,369.1551818847656
1997-05-19,1800,366.7452697753906,367.9245300292969,367.9245300292969,364.38677978515625,364.4823303222656
1997-05-16,2500,373.82073974609375,367.9245300292969,375.0,367.9245300292969,364.4823303222656
1997-05-15,5300,379.71697998046875,376.17926025390625,379.71697998046875,373.82073974609375,372.6598205566406
1997-05-14,4800,378.5377502441406,379.71697998046875,379.71697998046875,377.3584899902344,376.1644592285156
1997-05-13,3800,367.9245300292969,373.82073974609375,376.17926025390625,367.9245300292969,370.3233642578125
1997-05-12,2800,359.6697998046875,367.9245300292969,367.9245300292969,359.6697998046875,364.4823303222656
1997-05-09,10300,372.6415100097656,359.6697998046875,372.6415100097656,354.95281982421875,356.3048400878906
1997-05-08,7200,377.3584899902344,373.82073974609375,378.5377502441406,373.82073974609375,370.3233642578125
1997-05-07,4600,378.5377502441406,379.71697998046875,382.0754699707031,378.5377502441406,376.1644592285156
1997-05-06,9200,379.71697998046875,378.5377502441406,382.0754699707031,378.5377502441406,374.9962463378906
1997-05-05,5200,373.82073974609375,384.4339599609375,384.4339599609375,373.82073974609375,380.8373107910156
1997-05-02,8800,369.103759765625,373.82073974609375,378.5377502441406,369.103759765625,370.3233642578125
1997-05-01,10800,349.0566101074219,370.28302001953125,370.28302001953125,349.0566101074219,366.8187561035156
1997-04-30,4300,344.3396301269531,346.6981201171875,349.0566101074219,344.3396301269531,343.4544982910156
1997-04-29,4600,347.8773498535156,345.51885986328125,350.23583984375,343.1603698730469,342.2862854003906
1997-04-28,5500,341.98114013671875,346.6981201171875,350.23583984375,341.98114013671875,343.4544982910156
1997-04-25,3100,334.9056701660156,340.8018798828125,340.8018798828125,332.54718017578125,337.6134338378906
1997-04-24,13400,317.21697998046875,332.54718017578125,337.26416015625,317.21697998046875,329.43597412109375
1997-04-23,4100,324.2924499511719,313.67926025390625,324.2924499511719,313.67926025390625,310.74456787109375
1997-04-22,12800,329.0094299316406,324.2924499511719,330.1886901855469,324.2924499511719,321.2584533691406
1997-04-21,2100,332.54718017578125,330.1886901855469,332.54718017578125,329.0094299316406,327.09954833984375
1997-04-18,4500,319.5754699707031,332.54718017578125,332.54718017578125,318.396240234375,329.43597412109375
1997-04-17,8800,327.8302001953125,318.396240234375,327.8302001953125,318.396240234375,315.41741943359375
1997-04-16,7300,333.7264099121094,327.8302001953125,333.7264099121094,325.4717102050781,324.76312255859375
1997-04-15,8000,332.54718017578125,333.7264099121094,337.26416015625,332.54718017578125,330.6041564941406
1997-04-14,8400,323.11322021484375,330.1886901855469,330.1886901855469,320.7547302246094,327.09954833984375
1997-04-11,8900,329.0094299316406,321.9339599609375,329.0094299316406,320.7547302246094,318.9220275878906
1997-04-10,3500,336.08489990234375,329.0094299316406,336.08489990234375,327.8302001953125,325.9313049316406
1997-04-09,5300,334.9056701660156,334.9056701660156,341.98114013671875,334.9056701660156,331.77239990234375
1997-04-08,6700,332.54718017578125,333.7264099121094,339.6226501464844,332.54718017578125,330.6041564941406
1997-04-07,6600,331.367919921875,331.367919921875,334.9056701660156,331.367919921875,328.2677307128906
1997-04-04,16700,319.5754699707031,329.0094299316406,329.0094299316406,319.5754699707031,325.9313049316406
1997-04-03,10200,343.1603698730469,319.5754699707031,343.1603698730469,318.396240234375,316.5856018066406
1997-04-02,11900,356.132080078125,343.1603698730469,357.3113098144531,343.1603698730469,339.9498596191406
1997-04-01,23000,359.6697998046875,351.41510009765625,363.2075500488281,349.0566101074219,348.1273498535156
1997-03-31,20000,377.3584899902344,359.6697998046875,377.3584899902344,359.6697998046875,356.3048400878906
1997-03-27,8900,378.5377502441406,377.3584899902344,380.896240234375,373.82073974609375,373.8280334472656
1997-03-26,6400,380.896240234375,377.3584899902344,380.896240234375,376.17926025390625,373.8280334472656
1997-03-25,2300,377.3584899902344,378.5377502441406,379.71697998046875,377.3584899902344,374.9962463378906
1997-03-24,3000,378.5377502441406,377.3584899902344,378.5377502441406,375.0,373.8280334472656
1997-03-21,4100,377.3584899902344,377.3584899902344,380.896240234375,376.17926025390625,373.8280334472656
1997-03-20,6900,367.9245300292969,372.6415100097656,375.0,367.9245300292969,369.1551818847656
1997-03-19,14900,372.6415100097656,367.9245300292969,372.6415100097656,363.2075500488281,364.4823303222656
1997-03-18,1800,386.7924499511719,382.0754699707031,386.7924499511719,382.0754699707031,378.5008850097656
1997-03-17,1400,387.9717102050781,385.61322021484375,389.15093994140625,385.61322021484375,382.0055236816406
1997-03-14,4800,390.3302001953125,390.3302001953125,390.3302001953125,384.4339599609375,386.6783752441406
1997-03-13,2700,391.5094299316406,389.15093994140625,392.6886901855469,389.15093994140625,385.5101623535156
1997-03-12,2700,398.58489990234375,390.3302001953125,398.58489990234375,390.3302001953125,386.6783752441406
1997-03-11,5200,392.6886901855469,399.76416015625,402.1226501464844,392.6886901855469,396.0240783691406
1997-03-10,4800,390.3302001953125,392.6886901855469,393.867919921875,390.3302001953125,389.0148010253906
1997-03-07,7400,378.5377502441406,390.3302001953125,396.2264099121094,377.3584899902344,386.6783752441406
1997-03-06,3500,378.5377502441406,377.3584899902344,379.71697998046875,377.3584899902344,373.8280334472656
1997-03-05,19600,378.5377502441406,379.71697998046875,380.896240234375,377.3584899902344,376.1644592285156
1997-03-04,21800,379.71697998046875,379.71697998046875,380.896240234375,378.5377502441406,376.1644592285156
1997-03-03,29800,369.103759765625,377.3584899902344,379.71697998046875,369.103759765625,373.8280334472656
1997-02-28,3100,363.2075500488281,366.7452697753906,367.9245300292969,360.84906005859375,363.3141174316406
1997-02-27,3100,365.5660400390625,363.2075500488281,369.103759765625,363.2075500488281,359.8094787597656
1997-02-26,8000,376.17926025390625,366.7452697753906,376.17926025390625,365.5660400390625,363.3141174316406
1997-02-25,5900,371.4622497558594,377.3584899902344,377.3584899902344,370.28302001953125,373.8280334472656
1997-02-24,11100,366.7452697753906,371.4622497558594,375.0,366.7452697753906,367.9869384765625
1997-02-21,26200,350.23583984375,367.9245300292969,369.103759765625,349.0566101074219,364.4823303222656
1997-02-20,8000,347.8773498535156,350.23583984375,351.41510009765625,345.51885986328125,346.9591369628906
1997-02-19,10500,351.41510009765625,349.0566101074219,351.41510009765625,346.6981201171875,345.7909240722656
1997-02-18,4300,356.132080078125,352.5943298339844,357.3113098144531,349.0566101074219,349.2955627441406
1997-02-14,10100,351.41510009765625,357.3113098144531,357.3113098144531,346.6981201171875,353.9684143066406
1997-02-13,25700,334.9056701660156,351.41510009765625,352.5943298339844,334.9056701660156,348.1273498535156
1997-02-12,11000,332.54718017578125,336.08489990234375,337.26416015625,329.0094299316406,332.9405822753906
1997-02-11,6800,330.1886901855469,333.7264099121094,334.9056701660156,327.8302001953125,330.6041564941406
1997-02-10,13600,320.7547302246094,329.0094299316406,330.1886901855469,319.5754699707031,325.9313049316406
1997-02-07,13500,304.2452697753906,321.9339599609375,323.11322021484375,304.2452697753906,318.9220275878906
1997-02-06,4600,294.8113098144531,305.4245300292969,305.4245300292969,294.8113098144531,302.56707763671875
1997-02-05,7600,298.34906005859375,294.8113098144531,299.5282897949219,294.8113098144531,292.0531311035156
1997-02-04,3200,299.5282897949219,299.5282897949219,299.5282897949219,295.9905700683594,296.7259826660156
1997-02-03,8200,299.5282897949219,301.88677978515625,301.88677978515625,292.45281982421875,299.0624084472656
1997-01-31,18300,316.0377502441406,301.88677978515625,321.9339599609375,300.7075500488281,299.0624084472656
1997-01-30,8100,307.78302001953125,306.603759765625,312.5,306.603759765625,303.7352600097656
1997-01-29,11100,305.4245300292969,306.603759765625,307.78302001953125,305.4245300292969,303.7352600097656
1997-01-28,4400,305.4245300292969,307.78302001953125,310.1415100097656,305.4245300292969,304.9034729003906
1997-01-27,5300,304.2452697753906,305.4245300292969,306.603759765625,303.0660400390625,302.56707763671875
1997-01-24,6300,311.32073974609375,304.2452697753906,311.32073974609375,304.2452697753906,301.3988342285156
1997-01-23,11100,301.88677978515625,312.5,318.396240234375,301.88677978515625,309.5763244628906
1997-01-22,3600,304.2452697753906,301.88677978515625,304.2452697753906,300.7075500488281,299.0624084472656
1997-01-21,4700,305.4245300292969,303.0660400390625,305.4245300292969,299.5282897949219,300.23065185546875
1997-01-20,2800,300.7075500488281,303.0660400390625,304.2452697753906,300.7075500488281,300.23065185546875
1997-01-17,3900,310.1415100097656,299.5282897949219,310.1415100097656,299.5282897949219,296.7259826660156
1997-01-16,7000,319.5754699707031,311.32073974609375,319.5754699707031,311.32073974609375,308.4081115722656
1997-01-15,8200,311.32073974609375,317.21697998046875,317.21697998046875,311.32073974609375,314.2491760253906
1997-01-14,11800,308.9622497558594,311.32073974609375,312.5,307.78302001953125,308.4081115722656
1997-01-13,6000,300.7075500488281,303.0660400390625,303.0660400390625,299.5282897949219,300.23065185546875
1997-01-10,6700,293.632080078125,300.7075500488281,300.7075500488281,291.2735900878906,297.89422607421875
1997-01-09,15900,291.2735900878906,295.9905700683594,295.9905700683594,288.91510009765625,293.22137451171875
1997-01-08,11500,280.6603698730469,293.632080078125,293.632080078125,280.6603698730469,290.88494873046875
1997-01-07,9400,279.48114013671875,279.48114013671875,280.6603698730469,278.3018798828125,276.86639404296875
1997-01-06,12400,280.6603698730469,280.6603698730469,280.6603698730469,278.3018798828125,278.0345764160156
1997-01-03,1800,280.6603698730469,280.6603698730469,280.6603698730469,279.48114013671875,278.0345764160156
1997-01-02,6800,281.8396301269531,280.6603698730469,281.8396301269531,275.9433898925781,278.0345764160156
1996-12-31,4500,279.48114013671875,281.8396301269531,281.8396301269531,279.48114013671875,279.20281982421875
1996-12-30,6400,285.3773498535156,280.6603698730469,285.3773498535156,280.6603698730469,278.0345764160156
1996-12-27,8400,286.5566101074219,285.3773498535156,286.5566101074219,279.48114013671875,282.7074279785156
1996-12-26,8500,287.73583984375,287.73583984375,290.0943298339844,286.5566101074219,285.0438537597656
1996-12-24,1100,292.45281982421875,292.45281982421875,292.45281982421875,291.2735900878906,289.7167053222656
1996-12-23,4400,291.2735900878906,292.45281982421875,293.632080078125,291.2735900878906,289.7167053222656
1996-12-20,11000,291.2735900878906,292.45281982421875,292.45281982421875,290.0943298339844,289.7167053222656
1996-12-19,16000,283.01885986328125,291.2735900878906,291.2735900878906,283.01885986328125,288.54852294921875
1996-12-18,2300,284.1981201171875,283.01885986328125,284.1981201171875,281.8396301269531,280.3710021972656
1996-12-17,8500,278.3018798828125,286.5566101074219,286.5566101074219,278.3018798828125,283.87567138671875
1996-12-16,5000,274.76416015625,277.1226501464844,278.3018798828125,274.76416015625,274.52996826171875
1996-12-13,16200,271.2264099121094,273.58489990234375,273.58489990234375,266.5094299316406,271.02532958984375
1996-12-12,3000,272.4056701660156,270.04718017578125,272.4056701660156,270.04718017578125,267.52069091796875
1996-12-11,12200,274.76416015625,271.2264099121094,274.76416015625,270.04718017578125,268.68890380859375
1996-12-10,7300,281.8396301269531,277.1226501464844,283.01885986328125,274.76416015625,274.52996826171875
1996-12-09,3100,283.01885986328125,283.01885986328125,284.1981201171875,281.8396301269531,280.3710021972656
1996-12-06,6800,278.3018798828125,283.01885986328125,285.3773498535156,274.76416015625,280.3710021972656
1996-12-05,11600,292.45281982421875,285.3773498535156,293.632080078125,283.01885986328125,282.7074279785156
1996-12-04,8400,283.01885986328125,290.0943298339844,290.0943298339844,283.01885986328125,287.3802795410156
1996-12-03,7300,280.6603698730469,284.1981201171875,284.1981201171875,278.3018798828125,281.53924560546875
1996-12-02,35400,288.91510009765625,278.3018798828125,288.91510009765625,268.867919921875,275.6981506347656
1996-11-29,1400,292.45281982421875,291.2735900878906,292.45281982421875,291.2735900878906,288.54852294921875
1996-11-27,5500,291.2735900878906,290.0943298339844,291.2735900878906,285.3773498535156,287.3802795410156
1996-11-26,18300,300.7075500488281,291.2735900878906,303.0660400390625,290.0943298339844,288.54852294921875
1996-11-25,24500,279.48114013671875,288.91510009765625,288.91510009765625,277.1226501464844,286.21209716796875
1996-11-22,18100,288.91510009765625,271.2264099121094,288.91510009765625,270.04718017578125,268.68890380859375
1996-11-21,31000,293.632080078125,288.91510009765625,294.8113098144531,287.73583984375,286.21209716796875
1996-11-20,53500,316.0377502441406,284.1981201171875,316.0377502441406,284.1981201171875,281.53924560546875
1996-11-19,12000,330.1886901855469,317.21697998046875,330.1886901855469,313.67926025390625,314.2491760253906
1996-11-18,8200,320.7547302246094,330.1886901855469,330.1886901855469,320.7547302246094,327.09954833984375
1996-11-15,3900,320.7547302246094,323.11322021484375,323.11322021484375,320.7547302246094,320.09027099609375
1996-11-14,4100,324.2924499511719,319.5754699707031,324.2924499511719,316.0377502441406,316.5856018066406
1996-11-13,4800,330.1886901855469,323.11322021484375,330.1886901855469,323.11322021484375,320.09027099609375
1996-11-12,6200,340.8018798828125,330.1886901855469,340.8018798828125,329.0094299316406,327.09954833984375
1996-11-11,1900,340.8018798828125,340.8018798828125,341.98114013671875,339.6226501464844,337.6134338378906
1996-11-08,1300,343.1603698730469,343.1603698730469,343.1603698730469,338.4433898925781,339.9498596191406
1996-11-07,2200,339.6226501464844,343.1603698730469,343.1603698730469,339.6226501464844,339.9498596191406
1996-11-06,3900,340.8018798828125,341.98114013671875,341.98114013671875,338.4433898925781,338.7816467285156
1996-11-05,6100,340.8018798828125,341.98114013671875,344.3396301269531,340.8018798828125,338.7816467285156
1996-11-04,5300,341.98114013671875,340.8018798828125,341.98114013671875,339.6226501464844,337.6134338378906
1996-11-01,8200,341.98114013671875,341.98114013671875,341.98114013671875,337.26416015625,338.7816467285156
1996-10-31,8900,330.1886901855469,344.3396301269531,344.3396301269531,326.65093994140625,341.1180725097656
1996-10-30,9300,321.9339599609375,327.8302001953125,331.367919921875,321.9339599609375,324.76312255859375
1996-10-29,20500,323.11322021484375,321.9339599609375,324.2924499511719,319.5754699707031,318.9220275878906
1996-10-28,7600,314.8584899902344,314.8584899902344,316.0377502441406,313.67926025390625,311.9127502441406
1996-10-25,7400,314.8584899902344,313.67926025390625,314.8584899902344,312.5,310.74456787109375
1996-10-24,17800,320.7547302246094,316.0377502441406,320.7547302246094,313.67926025390625,313.08099365234375
1996-10-23,18500,327.8302001953125,320.7547302246094,329.0094299316406,319.5754699707031,317.75384521484375
1996-10-22,17400,325.4717102050781,327.8302001953125,327.8302001953125,325.4717102050781,324.76312255859375
1996-10-21,7900,325.4717102050781,327.8302001953125,330.1886901855469,324.2924499511719,324.76312255859375
1996-10-18,7200,313.67926025390625,324.2924499511719,324.2924499511719,312.5,321.2584533691406
1996-10-17,5900,307.78302001953125,313.67926025390625,314.8584899902344,306.603759765625,310.74456787109375
1996-10-16,8800,303.0660400390625,306.603759765625,306.603759765625,300.7075500488281,303.7352600097656
1996-10-15,14800,299.5282897949219,300.7075500488281,303.0660400390625,299.5282897949219,297.89422607421875
1996-10-14,1200,299.5282897949219,298.34906005859375,299.5282897949219,297.1697998046875,295.55780029296875
1996-10-11,11200,300.7075500488281,299.5282897949219,300.7075500488281,298.34906005859375,296.7259826660156
1996-10-10,2100,300.7075500488281,300.7075500488281,301.88677978515625,300.7075500488281,297.89422607421875
1996-10-09,4400,298.34906005859375,301.88677978515625,301.88677978515625,297.1697998046875,299.0624084472656
1996-10-08,8900,298.34906005859375,300.7075500488281,303.0660400390625,297.1697998046875,297.89422607421875
1996-10-07,2400,297.1697998046875,297.1697998046875,298.34906005859375,295.9905700683594,294.3895568847656
1996-10-04,4000,297.1697998046875,298.34906005859375,300.7075500488281,295.9905700683594,295.55780029296875
1996-10-03,2300,297.1697998046875,297.1697998046875,298.34906005859375,294.8113098144531,294.3895568847656
1996-10-02,2500,297.1697998046875,294.8113098144531,297.1697998046875,294.8113098144531,292.0531311035156
1996-10-01,4200,291.2735900878906,294.8113098144531,294.8113098144531,290.0943298339844,292.0531311035156
1996-09-30,4500,291.2735900878906,292.45281982421875,293.632080078125,291.2735900878906,289.7167053222656
1996-09-27,2600,293.632080078125,292.45281982421875,293.632080078125,290.0943298339844,289.7167053222656
1996-09-26,5700,287.73583984375,293.632080078125,293.632080078125,286.5566101074219,290.88494873046875
1996-09-25,3900,283.01885986328125,285.3773498535156,286.5566101074219,283.01885986328125,282.7074279785156
1996-09-24,6900,280.6603698730469,285.3773498535156,286.5566101074219,280.6603698730469,282.7074279785156
1996-09-23,1500,283.01885986328125,281.8396301269531,283.01885986328125,280.6603698730469,279.20281982421875
1996-09-20,6300,281.8396301269531,281.8396301269531,283.01885986328125,280.6603698730469,279.20281982421875
1996-09-19,2000,281.8396301269531,281.8396301269531,283.01885986328125,280.6603698730469,279.20281982421875
1996-09-18,1800,285.3773498535156,283.01885986328125,285.3773498535156,281.8396301269531,280.3710021972656
1996-09-17,5100,280.6603698730469,285.3773498535156,287.73583984375,280.6603698730469,282.7074279785156
1996-09-16,9900,292.45281982421875,280.6603698730469,293.632080078125,280.6603698730469,278.0345764160156
1996-09-13,5300,294.8113098144531,292.45281982421875,297.1697998046875,291.2735900878906,289.7167053222656
1996-09-12,7000,290.0943298339844,292.45281982421875,294.8113098144531,290.0943298339844,289.7167053222656
1996-09-11,4500,286.5566101074219,287.73583984375,288.91510009765625,284.1981201171875,285.0438537597656
1996-09-10,8400,285.3773498535156,286.5566101074219,288.91510009765625,284.1981201171875,283.87567138671875
1996-09-09,5300,280.6603698730469,285.3773498535156,285.3773498535156,279.48114013671875,282.7074279785156
1996-09-06,2400,279.48114013671875,280.6603698730469,280.6603698730469,278.3018798828125,278.0345764160156
1996-09-05,1500,279.48114013671875,279.48114013671875,280.6603698730469,278.3018798828125,276.86639404296875
1996-09-04,2800,278.3018798828125,280.6603698730469,280.6603698730469,278.3018798828125,278.0345764160156
1996-09-03,3500,278.3018798828125,279.48114013671875,279.48114013671875,278.3018798828125,276.86639404296875
1996-08-30,2300,281.8396301269531,280.6603698730469,281.8396301269531,279.48114013671875,278.0345764160156
1996-08-29,5200,279.48114013671875,280.6603698730469,283.01885986328125,278.3018798828125,278.0345764160156
1996-08-28,3900,279.48114013671875,280.6603698730469,280.6603698730469,278.3018798828125,278.0345764160156
1996-08-27,3700,278.3018798828125,277.1226501464844,279.48114013671875,277.1226501464844,274.52996826171875
1996-08-26,1600,277.1226501464844,275.9433898925781,277.1226501464844,275.9433898925781,273.3617248535156
1996-08-23,3300,278.3018798828125,278.3018798828125,278.3018798828125,277.1226501464844,275.6981506347656
1996-08-22,3200,278.3018798828125,278.3018798828125,278.3018798828125,277.1226501464844,275.6981506347656
1996-08-21,1600,278.3018798828125,277.1226501464844,278.3018798828125,277.1226501464844,274.52996826171875
1996-08-20,2300,279.48114013671875,279.48114013671875,279.48114013671875,277.1226501464844,276.86639404296875
1996-08-19,7000,271.2264099121094,279.48114013671875,280.6603698730469,271.2264099121094,276.86639404296875
1996-08-16,2700,270.04718017578125,273.58489990234375,273.58489990234375,270.04718017578125,271.02532958984375
1996-08-15,1800,268.867919921875,270.04718017578125,271.2264099121094,268.867919921875,267.52069091796875
1996-08-14,1200,267.6886901855469,270.04718017578125,270.04718017578125,267.6886901855469,267.52069091796875
1996-08-13,2600,271.2264099121094,267.6886901855469,272.4056701660156,267.6886901855469,265.18426513671875
1996-08-12,1600,268.867919921875,272.4056701660156,272.4056701660156,268.867919921875,269.85711669921875
1996-08-09,2000,270.04718017578125,270.04718017578125,271.2264099121094,270.04718017578125,267.52069091796875
1996-08-08,1000,270.04718017578125,270.04718017578125,271.2264099121094,268.867919921875,267.52069091796875
1996-08-07,2900,270.04718017578125,271.2264099121094,272.4056701660156,268.867919921875,268.68890380859375
1996-08-06,1800,268.867919921875,271.2264099121094,271.2264099121094,267.6886901855469,268.68890380859375
1996-08-05,1900,271.2264099121094,268.867919921875,272.4056701660156,268.867919921875,266.35247802734375
1996-08-02,5800,273.58489990234375,271.2264099121094,273.58489990234375,270.04718017578125,268.68890380859375
1996-08-01,6000,266.5094299316406,268.867919921875,271.2264099121094,265.3302001953125,266.35247802734375
1996-07-31,4500,266.5094299316406,266.5094299316406,267.6886901855469,264.15093994140625,264.01605224609375
1996-07-30,15100,259.4339599609375,265.3302001953125,266.5094299316406,259.4339599609375,262.84783935546875
1996-07-29,1100,250.0,250.0,251.1792449951172,250.0,247.66107177734375
1996-07-26,1400,247.64151000976562,248.8207550048828,248.8207550048828,246.46226501464844,246.49285888671875
1996-07-25,2700,246.46226501464844,246.46226501464844,247.64151000976562,246.46226501464844,244.15643310546875
1996-07-24,1900,246.46226501464844,245.28302001953125,246.46226501464844,244.10377502441406,242.98822021484375
1996-07-23,3400,250.0,248.8207550048828,253.53773498535156,248.8207550048828,246.49285888671875
1996-07-22,3700,251.1792449951172,248.8207550048828,251.1792449951172,248.8207550048828,246.49285888671875
1996-07-19,5000,254.71697998046875,250.0,254.71697998046875,250.0,247.66107177734375
1996-07-18,15200,234.66981506347656,257.0754699707031,257.0754699707031,234.66981506347656,254.67034912109375
1996-07-17,4700,226.4150848388672,234.66981506347656,234.66981506347656,226.4150848388672,232.47430419921875
1996-07-16,9600,225.23585510253906,221.69810485839844,225.23585510253906,212.26414489746094,219.62396240234375
1996-07-15,8900,239.3867950439453,224.0565948486328,239.3867950439453,224.0565948486328,221.96038818359375
1996-07-12,4900,244.10377502441406,239.3867950439453,245.28302001953125,239.3867950439453,237.14715576171875
1996-07-11,3900,247.64151000976562,245.28302001953125,247.64151000976562,241.7452850341797,242.98822021484375
1996-07-10,11600,244.10377502441406,247.64151000976562,247.64151000976562,241.7452850341797,245.32464599609375
1996-07-09,9800,248.8207550048828,244.10377502441406,250.0,244.10377502441406,241.82000732421875
1996-07-08,12200,259.4339599609375,250.0,260.61322021484375,248.8207550048828,247.66107177734375
1996-07-05,3600,267.6886901855469,260.61322021484375,267.6886901855469,258.2547302246094,258.17498779296875
1996-07-03,900,270.04718017578125,270.04718017578125,270.04718017578125,268.867919921875,267.52069091796875
1996-07-02,2700,272.4056701660156,268.867919921875,272.4056701660156,267.6886901855469,266.35247802734375
1996-07-01,3700,273.58489990234375,271.2264099121094,273.58489990234375,271.2264099121094,268.68890380859375
1996-06-28,6900,270.04718017578125,274.76416015625,275.9433898925781,270.04718017578125,272.19354248046875
1996-06-27,7400,268.867919921875,272.4056701660156,272.4056701660156,267.6886901855469,269.85711669921875
1996-06-26,4100,272.4056701660156,267.6886901855469,272.4056701660156,265.3302001953125,265.18426513671875
1996-06-25,1400,270.04718017578125,272.4056701660156,272.4056701660156,270.04718017578125,269.85711669921875
1996-06-24,6200,270.04718017578125,271.2264099121094,272.4056701660156,266.5094299316406,268.68890380859375
1996-06-21,3600,267.6886901855469,270.04718017578125,270.04718017578125,267.6886901855469,267.52069091796875
1996-06-20,1100,271.2264099121094,268.867919921875,271.2264099121094,268.867919921875,266.35247802734375
1996-06-19,1500,273.58489990234375,271.2264099121094,273.58489990234375,270.04718017578125,268.68890380859375
1996-06-18,1600,274.76416015625,272.4056701660156,275.9433898925781,272.4056701660156,269.85711669921875
1996-06-17,4400,277.1226501464844,275.9433898925781,279.48114013671875,275.9433898925781,273.3617248535156
1996-06-14,2700,270.04718017578125,277.1226501464844,277.1226501464844,270.04718017578125,274.52996826171875
1996-06-13,4100,268.867919921875,270.04718017578125,270.04718017578125,267.6886901855469,267.52069091796875
1996-06-12,2600,266.5094299316406,268.867919921875,270.04718017578125,266.5094299316406,266.35247802734375
1996-06-11,2700,266.5094299316406,266.5094299316406,268.867919921875,266.5094299316406,264.01605224609375
1996-06-10,1700,271.2264099121094,266.5094299316406,271.2264099121094,266.5094299316406,264.01605224609375
1996-06-07,7500,268.867919921875,270.04718017578125,270.04718017578125,265.3302001953125,267.52069091796875
1996-06-06,6600,273.58489990234375,273.58489990234375,275.9433898925781,272.4056701660156,271.02532958984375
1996-06-05,4000,279.48114013671875,274.76416015625,279.48114013671875,273.58489990234375,272.19354248046875
1996-06-04,3700,283.01885986328125,279.48114013671875,284.1981201171875,278.3018798828125,276.86639404296875
1996-06-03,16700,293.632080078125,285.3773498535156,293.632080078125,281.8396301269531,282.7074279785156
1996-05-31,25100,287.73583984375,295.9905700683594,295.9905700683594,285.3773498535156,293.22137451171875
1996-05-30,23200,279.48114013671875,290.0943298339844,291.2735900878906,278.3018798828125,287.3802795410156
1996-05-29,14400,274.76416015625,279.48114013671875,280.6603698730469,272.4056701660156,276.86639404296875
1996-05-28,8300,277.1226501464844,273.58489990234375,277.1226501464844,268.867919921875,271.02532958984375
1996-05-24,8800,275.9433898925781,277.1226501464844,277.1226501464844,271.2264099121094,274.52996826171875
1996-05-23,33600,268.867919921875,273.58489990234375,278.3018798828125,267.6886901855469,271.02532958984375
1996-05-22,17800,262.9717102050781,266.5094299316406,266.5094299316406,259.4339599609375,264.01605224609375
1996-05-21,16200,258.2547302246094,261.7924499511719,261.7924499511719,257.0754699707031,259.34320068359375
1996-05-20,6400,260.61322021484375,258.2547302246094,261.7924499511719,258.2547302246094,255.8385772705078
1996-05-17,11100,253.53773498535156,259.4339599609375,260.61322021484375,253.53773498535156,257.00677490234375
1996-05-16,6500,247.64151000976562,253.53773498535156,254.71697998046875,247.64151000976562,251.16571044921875
1996-05-15,7500,245.28302001953125,248.8207550048828,248.8207550048828,244.10377502441406,246.49285888671875
1996-05-14,7300,245.28302001953125,245.28302001953125,248.8207550048828,244.10377502441406,242.98822021484375
1996-05-13,8500,247.64151000976562,244.10377502441406,250.0,244.10377502441406,241.82000732421875
1996-05-10,5600,239.3867950439453,242.92453002929688,244.10377502441406,239.3867950439453,240.65179443359375
1996-05-09,1600,235.84906005859375,237.02830505371094,237.02830505371094,235.84906005859375,234.81072998046875
1996-05-08,10500,233.49057006835938,235.84906005859375,235.84906005859375,232.3113250732422,233.64251708984375
1996-05-07,23200,244.10377502441406,233.49057006835938,244.10377502441406,231.132080078125,231.30609130859375
1996-05-06,14100,247.64151000976562,244.10377502441406,248.8207550048828,244.10377502441406,241.82000732421875
1996-05-03,16800,252.35848999023438,248.8207550048828,253.53773498535156,248.8207550048828,246.49285888671875
1996-05-02,8500,253.53773498535156,253.53773498535156,255.89622497558594,252.35848999023438,251.16571044921875
1996-05-01,3100,254.71697998046875,255.89622497558594,257.0754699707031,254.71697998046875,253.50213623046875
1996-04-30,11100,255.89622497558594,254.71697998046875,257.0754699707031,252.35848999023438,252.33392333984375
1996-04-29,4900,255.89622497558594,253.53773498535156,255.89622497558594,252.35848999023438,251.16571044921875
1996-04-26,6100,261.7924499511719,257.0754699707031,261.7924499511719,255.89622497558594,254.67034912109375
1996-04-25,14500,259.4339599609375,259.4339599609375,264.15093994140625,259.4339599609375,257.00677490234375
1996-04-24,9600,251.1792449951172,254.71697998046875,258.2547302246094,250.0,252.33392333984375
1996-04-23,3700,248.8207550048828,251.1792449951172,252.35848999023438,248.8207550048828,248.82928466796875
1996-04-22,2000,248.8207550048828,248.8207550048828,251.1792449951172,248.8207550048828,246.49285888671875
1996-04-19,8400,246.46226501464844,250.0,250.0,245.28302001953125,247.66107177734375
1996-04-18,8200,244.10377502441406,247.64151000976562,247.64151000976562,242.92453002929688,245.32464599609375
1996-04-17,7900,247.64151000976562,246.46226501464844,247.64151000976562,241.7452850341797,244.15643310546875
1996-04-16,12400,247.64151000976562,248.8207550048828,251.1792449951172,247.64151000976562,246.49285888671875
1996-04-15,10800,245.28302001953125,247.64151000976562,248.8207550048828,241.7452850341797,245.32464599609375
1996-04-12,3500,242.92453002929688,238.20755004882812,244.10377502441406,238.20755004882812,235.97894287109375
1996-04-11,5300,242.92453002929688,242.92453002929688,245.28302001953125,239.3867950439453,240.65179443359375
1996-04-10,26400,242.92453002929688,242.92453002929688,245.28302001953125,240.5660400390625,240.65179443359375
1996-04-09,12900,252.35848999023438,245.28302001953125,252.35848999023438,241.7452850341797,242.98822021484375
1996-04-08,7800,259.4339599609375,252.35848999023438,259.4339599609375,252.35848999023438,249.99749755859375
1996-04-04,12500,262.9717102050781,261.7924499511719,265.3302001953125,260.61322021484375,259.34320068359375
1996-04-03,8600,264.15093994140625,262.9717102050781,266.5094299316406,262.9717102050781,260.51141357421875
1996-04-02,10900,261.7924499511719,265.3302001953125,265.3302001953125,260.61322021484375,262.84783935546875
1996-04-01,8000,262.9717102050781,264.15093994140625,264.15093994140625,259.4339599609375,261.67962646484375
1996-03-29,21000,258.2547302246094,259.4339599609375,265.3302001953125,258.2547302246094,257.00677490234375
1996-03-28,9400,259.4339599609375,259.4339599609375,259.4339599609375,258.2547302246094,257.00677490234375
1996-03-27,20200,260.61322021484375,259.4339599609375,260.61322021484375,257.0754699707031,257.00677490234375
1996-03-26,27400,265.3302001953125,264.15093994140625,267.6886901855469,261.7924499511719,261.67962646484375
1996-03-25,61000,267.6886901855469,264.15093994140625,268.867919921875,261.7924499511719,261.67962646484375
1996-03-22,37700,250.0,255.89622497558594,257.0754699707031,250.0,253.50213623046875
1996-03-21,30300,247.64151000976562,250.0,251.1792449951172,246.46226501464844,247.66107177734375
1996-03-20,6400,246.46226501464844,247.64151000976562,248.8207550048828,246.46226501464844,245.32464599609375
1996-03-19,15000,240.5660400390625,246.46226501464844,246.46226501464844,240.5660400390625,244.15643310546875
1996-03-18,20100,240.5660400390625,240.5660400390625,241.7452850341797,238.20755004882812,238.31536865234375
1996-03-15,10500,241.7452850341797,240.5660400390625,241.7452850341797,240.5660400390625,238.31536865234375
1996-03-14,8200,242.92453002929688,241.7452850341797,245.28302001953125,240.5660400390625,239.48358154296875
1996-03-13,7700,241.7452850341797,241.7452850341797,245.28302001953125,240.5660400390625,239.48358154296875
1996-03-12,11700,242.92453002929688,240.5660400390625,242.92453002929688,240.5660400390625,238.31536865234375
1996-03-11,36400,247.64151000976562,244.10377502441406,252.35848999023438,233.49057006835938,241.82000732421875
1996-03-08,31500,258.2547302246094,248.8207550048828,258.2547302246094,246.46226501464844,246.49285888671875
1996-03-07,35800,262.9717102050781,262.9717102050781,265.3302001953125,261.7924499511719,260.51141357421875
1996-03-06,19100,264.15093994140625,264.15093994140625,266.5094299316406,261.7924499511719,261.67962646484375
1996-03-05,58500,264.15093994140625,264.15093994140625,264.15093994140625,260.61322021484375,261.67962646484375
1996-03-04,53200,266.5094299316406,262.9717102050781,266.5094299316406,262.9717102050781,260.51141357421875
1996-03-01,112200,265.3302001953125,266.5094299316406,270.04718017578125,262.9717102050781,264.01605224609375
1996-02-29,843200,257.0754699707031,260.61322021484375,279.48114013671875,255.89622497558594,258.17498779296875
