date,volume,open,close,high,low,adjclose
2019-04-18,960600,35.02000045776367,36.06999969482422,36.209999084472656,33.459999084472656,36.06999969482422
2019-04-17,1251600,38.029998779296875,35.060001373291016,38.029998779296875,34.720001220703125,35.060001373291016
2019-04-16,706300,37.90999984741211,37.849998474121094,38.470001220703125,37.02000045776367,37.849998474121094
2019-04-15,492800,37.84000015258789,37.720001220703125,38.040000915527344,37.13999938964844,37.720001220703125
2019-04-12,548400,38.380001068115234,37.7599983215332,38.54999923706055,37.119998931884766,37.7599983215332
2019-04-11,331500,38.88999938964844,38.20000076293945,38.88999938964844,38.02000045776367,38.20000076293945
2019-04-10,327800,38.099998474121094,38.61000061035156,39.040000915527344,38.0,38.61000061035156
2019-04-09,401100,38.810001373291016,38.11000061035156,39.099998474121094,38.04999923706055,38.11000061035156
2019-04-08,282600,38.939998626708984,38.869998931884766,39.150001525878906,38.33000183105469,38.869998931884766
2019-04-05,482800,38.369998931884766,38.79999923706055,39.08000183105469,37.970001220703125,38.79999923706055
2019-04-04,504900,36.97999954223633,38.27000045776367,38.529998779296875,36.97999954223633,38.27000045776367
2019-04-03,675400,36.779998779296875,36.959999084472656,37.599998474121094,36.630001068115234,36.959999084472656
2019-04-02,618200,35.779998779296875,36.47999954223633,36.650001525878906,35.58000183105469,36.47999954223633
2019-04-01,661300,35.33000183105469,35.66999816894531,35.689998626708984,34.5,35.66999816894531
2019-03-29,645800,34.68000030517578,35.040000915527344,35.709999084472656,34.459999084472656,35.040000915527344
2019-03-28,530000,34.0,34.310001373291016,34.38999938964844,32.900001525878906,34.310001373291016
2019-03-27,469500,34.220001220703125,34.380001068115234,34.810001373291016,33.689998626708984,34.380001068115234
2019-03-26,422300,34.5,34.209999084472656,34.83000183105469,33.939998626708984,34.209999084472656
2019-03-25,641100,35.630001068115234,34.279998779296875,35.66999816894531,33.93000030517578,34.279998779296875
2019-03-22,772100,37.72999954223633,35.65999984741211,38.380001068115234,35.630001068115234,35.65999984741211
2019-03-21,522900,37.81999969482422,37.790000915527344,38.560001373291016,37.65999984741211,37.790000915527344
2019-03-20,550400,38.0099983215332,38.040000915527344,38.61000061035156,37.34000015258789,38.040000915527344
2019-03-19,440600,38.619998931884766,38.02000045776367,38.84000015258789,37.72999954223633,38.02000045776367
2019-03-18,469300,38.0099983215332,38.369998931884766,38.869998931884766,37.95000076293945,38.369998931884766
2019-03-15,702300,37.810001373291016,38.0,38.65999984741211,37.7400016784668,38.0
2019-03-14,540100,38.47999954223633,37.7400016784668,38.900001525878906,37.599998474121094,37.7400016784668
2019-03-13,354500,38.560001373291016,38.5,38.90999984741211,38.29999923706055,38.5
2019-03-12,318600,38.91999816894531,38.2599983215332,39.099998474121094,38.0,38.2599983215332
2019-03-11,465300,37.81999969482422,38.939998626708984,39.09000015258789,37.279998779296875,38.939998626708984
2019-03-08,450600,37.279998779296875,37.61000061035156,38.060001373291016,37.09000015258789,37.61000061035156
2019-03-07,450900,37.59000015258789,37.470001220703125,38.279998779296875,37.06999969482422,37.470001220703125
2019-03-06,747100,39.279998779296875,37.630001068115234,39.47999954223633,37.45000076293945,37.630001068115234
2019-03-05,473400,39.029998779296875,39.5099983215332,39.97999954223633,38.31999969482422,39.5099983215332
2019-03-04,779100,41.279998779296875,39.02000045776367,41.61000061035156,38.630001068115234,39.02000045776367
2019-03-01,529000,40.869998931884766,41.130001068115234,42.290000915527344,40.720001220703125,41.130001068115234
2019-02-28,788200,41.7400016784668,40.84000015258789,41.900001525878906,40.5,40.84000015258789
2019-02-27,1776400,39.4900016784668,41.9900016784668,43.04999923706055,39.060001373291016,41.9900016784668
2019-02-26,837700,37.20000076293945,36.880001068115234,37.58000183105469,36.630001068115234,36.880001068115234
2019-02-25,917000,37.31999969482422,37.209999084472656,37.779998779296875,36.59000015258789,37.209999084472656
2019-02-22,945900,36.65999984741211,36.75,37.119998931884766,35.900001525878906,36.75
2019-02-21,383100,37.72999954223633,36.630001068115234,37.97999954223633,36.5,36.630001068115234
2019-02-20,512100,38.099998474121094,37.65999984741211,38.5099983215332,37.29999923706055,37.65999984741211
2019-02-19,475100,39.029998779296875,38.09000015258789,39.20000076293945,37.959999084472656,38.09000015258789
2019-02-15,860300,38.54999923706055,39.099998474121094,39.400001525878906,38.29999923706055,39.099998474121094
2019-02-14,419200,37.88999938964844,38.2400016784668,38.34000015258789,37.619998931884766,38.2400016784668
2019-02-13,477400,38.36000061035156,37.88999938964844,38.72999954223633,37.220001220703125,37.88999938964844
2019-02-12,339200,37.65999984741211,38.2400016784668,38.5,37.349998474121094,38.2400016784668
2019-02-11,398500,37.7599983215332,37.470001220703125,38.349998474121094,37.119998931884766,37.470001220703125
2019-02-08,257900,37.619998931884766,37.45000076293945,37.619998931884766,36.97999954223633,37.45000076293945
2019-02-07,273100,38.25,37.81999969482422,38.5,37.290000915527344,37.81999969482422
2019-02-06,295100,38.31999969482422,38.380001068115234,38.91999816894531,37.83000183105469,38.380001068115234
2019-02-05,772500,36.88999938964844,38.189998626708984,39.15999984741211,36.630001068115234,38.189998626708984
2019-02-04,683300,37.790000915527344,36.880001068115234,37.869998931884766,36.59000015258789,36.880001068115234
2019-02-01,867400,38.0,37.689998626708984,38.0,35.88999938964844,37.689998626708984
2019-01-31,490800,37.41999816894531,38.130001068115234,38.58000183105469,37.25,38.130001068115234
2019-01-30,471600,36.790000915527344,37.099998474121094,37.970001220703125,36.290000915527344,37.099998474121094
2019-01-29,426300,36.45000076293945,36.7599983215332,37.040000915527344,35.70000076293945,36.7599983215332
2019-01-28,670500,36.29999923706055,36.150001525878906,36.33000183105469,35.25,36.150001525878906
2019-01-25,566800,36.349998474121094,36.34000015258789,36.4900016784668,35.470001220703125,36.34000015258789
2019-01-24,433400,37.0099983215332,36.08000183105469,37.099998474121094,35.810001373291016,36.08000183105469
2019-01-23,483900,37.90999984741211,37.0,38.400001525878906,36.52000045776367,37.0
2019-01-22,513600,37.970001220703125,37.619998931884766,38.150001525878906,36.869998931884766,37.619998931884766
2019-01-18,481800,37.16999816894531,38.04999923706055,38.06999969482422,36.369998931884766,38.04999923706055
2019-01-17,507600,37.43000030517578,37.15999984741211,38.09000015258789,36.77000045776367,37.15999984741211
2019-01-16,589000,37.849998474121094,37.41999816894531,38.31999969482422,36.36000061035156,37.41999816894531
2019-01-15,489400,37.119998931884766,37.83000183105469,38.209999084472656,36.5,37.83000183105469
2019-01-14,515300,37.41999816894531,36.90999984741211,37.86000061035156,36.650001525878906,36.90999984741211
2019-01-11,624500,35.939998626708984,37.720001220703125,38.0,35.79999923706055,37.720001220703125
2019-01-10,365800,35.900001525878906,35.95000076293945,36.540000915527344,35.290000915527344,35.95000076293945
2019-01-09,689800,35.4900016784668,35.959999084472656,36.61000061035156,34.959999084472656,35.959999084472656
2019-01-08,624900,35.209999084472656,35.38999938964844,35.65999984741211,34.36000061035156,35.38999938964844
2019-01-07,612100,34.47999954223633,34.900001525878906,35.9900016784668,33.7599983215332,34.900001525878906
2019-01-04,507600,32.97999954223633,34.34000015258789,34.849998474121094,32.599998474121094,34.34000015258789
2019-01-03,554400,32.720001220703125,32.79999923706055,34.0,32.290000915527344,32.79999923706055
2019-01-02,433900,32.599998474121094,32.77000045776367,33.18000030517578,32.2400016784668,32.77000045776367
2018-12-31,391600,32.720001220703125,33.220001220703125,33.25,32.119998931884766,33.220001220703125
2018-12-28,437100,32.66999816894531,32.36000061035156,33.0,31.860000610351562,32.36000061035156
2018-12-27,416300,31.889999389648438,32.56999969482422,32.650001525878906,31.0,32.56999969482422
2018-12-26,523500,30.8700008392334,32.369998931884766,32.45000076293945,30.510000228881836,32.369998931884766
2018-12-24,368800,30.770000457763672,30.84000015258789,31.65999984741211,30.049999237060547,30.84000015258789
2018-12-21,1064400,32.84000015258789,31.0,33.029998779296875,30.920000076293945,31.0
2018-12-20,793100,33.220001220703125,32.849998474121094,34.75,31.889999389648438,32.849998474121094
2018-12-19,589500,35.20000076293945,33.349998474121094,35.93000030517578,33.189998626708984,33.349998474121094
2018-12-18,871200,36.099998474121094,35.0,36.84000015258789,34.709999084472656,35.0
2018-12-17,763400,36.0,35.81999969482422,37.650001525878906,35.43000030517578,35.81999969482422
2018-12-14,1020500,35.400001525878906,35.7599983215332,37.27000045776367,35.15999984741211,35.7599983215332
2018-12-13,584600,37.18000030517578,35.599998474121094,37.459999084472656,35.529998779296875,35.599998474121094
2018-12-12,445300,37.97999954223633,37.20000076293945,38.0,37.060001373291016,37.20000076293945
2018-12-11,813100,38.150001525878906,36.97999954223633,38.79999923706055,36.65999984741211,36.97999954223633
2018-12-10,941600,37.34000015258789,37.90999984741211,38.40999984741211,36.470001220703125,37.90999984741211
2018-12-07,1788600,40.66999816894531,36.529998779296875,40.959999084472656,36.0,36.529998779296875
2018-12-06,2278400,40.0,40.540000915527344,40.93000030517578,38.75,40.540000915527344
2018-12-04,862200,48.4900016784668,46.0099983215332,49.22999954223633,45.970001220703125,46.0099983215332
2018-12-03,647900,48.13999938964844,48.86000061035156,49.25,46.95000076293945,48.86000061035156
2018-11-30,954700,45.099998474121094,47.41999816894531,47.439998626708984,44.58000183105469,47.41999816894531
2018-11-29,341100,45.20000076293945,44.75,45.599998474121094,44.5,44.75
2018-11-28,533600,43.77000045776367,45.15999984741211,45.349998474121094,43.18000030517578,45.15999984741211
2018-11-27,355900,43.04999923706055,43.5099983215332,43.630001068115234,42.29999923706055,43.5099983215332
2018-11-26,319300,43.45000076293945,43.5,43.880001068115234,42.470001220703125,43.5
2018-11-23,226500,42.560001373291016,42.81999969482422,43.439998626708984,42.209999084472656,42.81999969482422
2018-11-21,299400,42.119998931884766,42.779998779296875,43.15999984741211,41.41999816894531,42.779998779296875
2018-11-20,228000,41.810001373291016,42.2400016784668,42.9900016784668,41.459999084472656,42.2400016784668
2018-11-19,230400,43.9900016784668,42.310001373291016,44.13999938964844,42.029998779296875,42.310001373291016
2018-11-16,558700,42.84000015258789,43.93000030517578,44.029998779296875,42.13999938964844,43.93000030517578
2018-11-15,511300,43.029998779296875,43.11000061035156,43.869998931884766,42.279998779296875,43.11000061035156
2018-11-14,429600,45.33000183105469,43.060001373291016,45.5,42.84000015258789,43.060001373291016
2018-11-13,399600,44.790000915527344,45.11000061035156,45.90999984741211,44.33000183105469,45.11000061035156
2018-11-12,345500,44.93000030517578,44.70000076293945,45.25,44.13999938964844,44.70000076293945
2018-11-09,418500,45.459999084472656,45.27000045776367,45.81999969482422,44.880001068115234,45.27000045776367
2018-11-08,541700,45.189998626708984,45.560001373291016,46.150001525878906,44.619998931884766,45.560001373291016
2018-11-07,1109000,44.0,45.189998626708984,46.18000030517578,41.959999084472656,45.189998626708984
2018-11-06,1175000,41.77000045776367,41.650001525878906,42.09000015258789,39.66999816894531,41.650001525878906
2018-11-05,1671600,46.4900016784668,41.70000076293945,47.15999984741211,41.310001373291016,41.70000076293945
2018-11-02,786300,47.599998474121094,46.5099983215332,48.400001525878906,46.16999816894531,46.5099983215332
2018-11-01,530200,47.84000015258789,47.349998474121094,48.31999969482422,47.290000915527344,47.349998474121094
2018-10-31,501500,48.09000015258789,47.560001373291016,48.709999084472656,47.54999923706055,47.560001373291016
2018-10-30,409900,46.540000915527344,47.40999984741211,47.84000015258789,46.209999084472656,47.40999984741211
2018-10-29,377700,47.97999954223633,46.54999923706055,48.79999923706055,45.77000045776367,46.54999923706055
2018-10-26,263300,47.22999954223633,47.380001068115234,47.86000061035156,46.400001525878906,47.380001068115234
2018-10-25,367500,45.720001220703125,47.77000045776367,48.31999969482422,45.0099983215332,47.77000045776367
2018-10-24,503200,47.41999816894531,45.779998779296875,48.13999938964844,45.599998474121094,45.779998779296875
2018-10-23,516600,47.88999938964844,47.34000015258789,48.11000061035156,46.400001525878906,47.34000015258789
2018-10-22,341200,48.40999984741211,48.34000015258789,49.029998779296875,47.689998626708984,48.34000015258789
2018-10-19,405900,48.56999969482422,48.20000076293945,48.790000915527344,47.900001525878906,48.20000076293945
2018-10-18,361100,48.79999923706055,47.90999984741211,49.470001220703125,47.689998626708984,47.90999984741211
2018-10-17,509700,48.38999938964844,48.58000183105469,48.689998626708984,46.90999984741211,48.58000183105469
2018-10-16,576700,46.720001220703125,48.310001373291016,48.47999954223633,45.9900016784668,48.310001373291016
2018-10-15,434900,47.41999816894531,46.66999816894531,47.70000076293945,46.20000076293945,46.66999816894531
2018-10-12,423800,48.70000076293945,47.43000030517578,48.79999923706055,46.810001373291016,47.43000030517578
2018-10-11,1049400,46.119998931884766,47.599998474121094,48.38999938964844,46.08000183105469,47.599998474121094
2018-10-10,537800,47.15999984741211,46.5,47.58000183105469,46.09000015258789,46.5
2018-10-09,399400,46.81999969482422,47.16999816894531,47.869998931884766,46.59000015258789,47.16999816894531
2018-10-08,315900,47.869998931884766,46.9900016784668,48.189998626708984,46.5099983215332,46.9900016784668
2018-10-05,386700,48.459999084472656,48.0099983215332,49.209999084472656,47.630001068115234,48.0099983215332
2018-10-04,912000,49.4900016784668,47.95000076293945,49.4900016784668,47.61000061035156,47.95000076293945
2018-10-03,306900,49.06999969482422,49.5099983215332,49.65999984741211,47.810001373291016,49.5099983215332
2018-10-02,505800,49.18000030517578,48.650001525878906,49.47999954223633,47.63999938964844,48.650001525878906
2018-10-01,418600,50.779998779296875,49.09000015258789,51.380001068115234,48.939998626708984,49.09000015258789
2018-09-28,519000,50.04999923706055,50.349998474121094,50.900001525878906,49.5099983215332,50.349998474121094
2018-09-27,323300,49.650001525878906,49.95000076293945,50.45000076293945,49.099998474121094,49.95000076293945
2018-09-26,585500,49.54999923706055,49.5,50.25,48.45000076293945,49.5
2018-09-25,406000,49.650001525878906,49.349998474121094,50.349998474121094,48.79999923706055,49.349998474121094
2018-09-24,401100,48.900001525878906,49.5,49.849998474121094,48.54999923706055,49.5
2018-09-21,1025700,50.25,48.900001525878906,50.5,48.54999923706055,48.900001525878906
2018-09-20,793200,47.95000076293945,49.900001525878906,50.349998474121094,47.900001525878906,49.900001525878906
2018-09-19,590000,46.75,47.900001525878906,48.20000076293945,46.349998474121094,47.900001525878906
2018-09-18,648200,46.599998474121094,46.900001525878906,48.25,45.90999984741211,46.900001525878906
2018-09-17,444800,47.70000076293945,46.0,47.79999923706055,45.849998474121094,46.0
2018-09-14,595600,48.650001525878906,48.04999923706055,48.79999923706055,46.70000076293945,48.04999923706055
2018-09-13,414600,49.29999923706055,48.849998474121094,49.54999923706055,48.099998474121094,48.849998474121094
2018-09-12,537300,48.900001525878906,49.150001525878906,49.5,47.75,49.150001525878906
2018-09-11,580800,47.599998474121094,48.79999923706055,49.25,47.20000076293945,48.79999923706055
2018-09-10,1256100,48.349998474121094,47.849998474121094,49.0,47.29999923706055,47.849998474121094
2018-09-07,879300,45.849998474121094,48.20000076293945,48.279998779296875,45.79999923706055,48.20000076293945
2018-09-06,836200,45.5,45.79999923706055,46.16999816894531,45.099998474121094,45.79999923706055
2018-09-05,1018300,43.900001525878906,45.29999923706055,45.79999923706055,43.599998474121094,45.29999923706055
2018-09-04,750000,43.95000076293945,43.95000076293945,44.18000030517578,43.0,43.95000076293945
2018-08-31,586900,43.25,44.29999923706055,44.400001525878906,42.459999084472656,44.29999923706055
2018-08-30,632200,45.150001525878906,43.5,45.25,43.349998474121094,43.5
2018-08-29,392700,45.150001525878906,45.45000076293945,45.75,44.150001525878906,45.45000076293945
2018-08-28,610100,45.0,44.95000076293945,45.400001525878906,43.79999923706055,44.95000076293945
2018-08-27,443700,44.849998474121094,44.75,44.93000030517578,44.29999923706055,44.75
2018-08-24,400100,44.79999923706055,44.54999923706055,45.38999938964844,44.400001525878906,44.54999923706055
2018-08-23,500700,44.45000076293945,44.849998474121094,45.650001525878906,44.0,44.849998474121094
2018-08-22,397300,44.099998474121094,44.650001525878906,45.04999923706055,43.95000076293945,44.650001525878906
2018-08-21,631100,44.70000076293945,44.349998474121094,45.04999923706055,43.900001525878906,44.349998474121094
2018-08-20,483100,44.79999923706055,44.400001525878906,45.33000183105469,44.20000076293945,44.400001525878906
2018-08-17,1092800,43.150001525878906,44.79999923706055,45.099998474121094,43.150001525878906,44.79999923706055
2018-08-16,1011700,43.29999923706055,43.5,44.099998474121094,43.099998474121094,43.5
2018-08-15,791000,42.79999923706055,43.25,43.349998474121094,42.04999923706055,43.25
2018-08-14,1598000,43.400001525878906,42.70000076293945,44.0,41.79999923706055,42.70000076293945
2018-08-13,1675500,46.0,43.5,46.34000015258789,43.29999923706055,43.5
2018-08-10,1497600,48.0,46.150001525878906,49.04999923706055,45.599998474121094,46.150001525878906
2018-08-09,1711600,48.650001525878906,48.099998474121094,48.849998474121094,46.720001220703125,48.099998474121094
2018-08-08,2530800,52.95000076293945,48.70000076293945,55.5,45.25,48.70000076293945
2018-08-07,787400,52.95000076293945,53.349998474121094,54.70000076293945,52.75,53.349998474121094
2018-08-06,846200,52.900001525878906,53.0,54.04999923706055,52.25,53.0
2018-08-03,716100,54.25,52.75,55.45000076293945,52.54999923706055,52.75
2018-08-02,697400,53.29999923706055,54.29999923706055,55.5,53.150001525878906,54.29999923706055
2018-08-01,555800,52.95000076293945,53.29999923706055,54.75,52.75,53.29999923706055
2018-07-31,499600,53.29999923706055,52.95000076293945,54.45000076293945,52.47999954223633,52.95000076293945
2018-07-30,950800,53.25,52.95000076293945,53.75,52.599998474121094,52.95000076293945
2018-07-27,475400,53.5,53.45000076293945,54.0,53.04999923706055,53.45000076293945
2018-07-26,419700,54.29999923706055,53.349998474121094,54.52000045776367,52.95000076293945,53.349998474121094
2018-07-25,572100,54.150001525878906,54.54999923706055,54.650001525878906,52.29999923706055,54.54999923706055
2018-07-24,714600,55.900001525878906,54.400001525878906,56.400001525878906,54.29999923706055,54.400001525878906
2018-07-23,624800,54.849998474121094,55.349998474121094,56.349998474121094,54.66999816894531,55.349998474121094
2018-07-20,367900,54.29999923706055,54.880001068115234,55.04999923706055,53.900001525878906,54.880001068115234
2018-07-19,421700,54.5,54.25,54.599998474121094,53.25,54.25
2018-07-18,472100,53.599998474121094,54.70000076293945,54.70000076293945,52.70000076293945,54.70000076293945
2018-07-17,470100,52.849998474121094,53.54999923706055,53.75,52.20000076293945,53.54999923706055
2018-07-16,356300,51.95000076293945,52.70000076293945,52.95000076293945,51.95000076293945,52.70000076293945
2018-07-13,449000,53.650001525878906,51.70000076293945,53.79999923706055,51.5,51.70000076293945
2018-07-12,526000,53.45000076293945,53.650001525878906,53.9900016784668,52.099998474121094,53.650001525878906
2018-07-11,495100,52.650001525878906,52.95000076293945,54.25,52.349998474121094,52.95000076293945
2018-07-10,423600,52.45000076293945,52.70000076293945,52.79999923706055,51.75,52.70000076293945
2018-07-09,877200,52.5,52.099998474121094,52.599998474121094,49.75,52.099998474121094
2018-07-06,691100,50.900001525878906,52.400001525878906,52.95000076293945,50.02000045776367,52.400001525878906
2018-07-05,1232900,53.70000076293945,51.20000076293945,54.0,49.900001525878906,51.20000076293945
2018-07-03,832500,56.54999923706055,53.400001525878906,56.70000076293945,53.099998474121094,53.400001525878906
2018-07-02,942300,59.650001525878906,56.54999923706055,59.75,55.900001525878906,56.54999923706055
2018-06-29,1258700,58.95000076293945,59.849998474121094,61.25,58.45000076293945,59.849998474121094
2018-06-28,738200,58.0,58.349998474121094,60.04999923706055,57.70000076293945,58.349998474121094
2018-06-27,961300,57.29999923706055,58.150001525878906,59.45000076293945,57.29999923706055,58.150001525878906
2018-06-26,692600,56.650001525878906,57.400001525878906,58.150001525878906,56.20000076293945,57.400001525878906
2018-06-25,535000,56.599998474121094,56.650001525878906,57.25,55.400001525878906,56.650001525878906
2018-06-22,1064300,58.150001525878906,57.04999923706055,58.849998474121094,55.650001525878906,57.04999923706055
2018-06-21,1863600,58.849998474121094,58.349998474121094,61.099998474121094,56.95000076293945,58.349998474121094
2018-06-20,1562900,55.70000076293945,58.04999923706055,58.54999923706055,55.58000183105469,58.04999923706055
2018-06-19,643700,54.04999923706055,55.20000076293945,55.25,53.70000076293945,55.20000076293945
2018-06-18,522600,54.79999923706055,54.150001525878906,54.900001525878906,53.900001525878906,54.150001525878906
2018-06-15,908100,53.650001525878906,54.95000076293945,55.099998474121094,53.150001525878906,54.95000076293945
2018-06-14,566700,54.45000076293945,53.75,54.68000030517578,53.099998474121094,53.75
2018-06-13,466700,54.25,54.04999923706055,54.70000076293945,53.650001525878906,54.04999923706055
2018-06-12,486000,55.0,54.0,55.849998474121094,53.5,54.0
2018-06-11,638700,54.04999923706055,54.70000076293945,55.54999923706055,53.650001525878906,54.70000076293945
2018-06-08,722100,54.29999923706055,54.0,55.45000076293945,53.880001068115234,54.0
2018-06-07,597700,55.0,54.20000076293945,55.150001525878906,53.29999923706055,54.20000076293945
2018-06-06,631700,55.04999923706055,54.70000076293945,56.20000076293945,54.54999923706055,54.70000076293945
2018-06-05,856000,58.29999923706055,55.150001525878906,58.54999923706055,55.0,55.150001525878906
2018-06-04,805100,58.0,58.04999923706055,58.939998626708984,56.54999923706055,58.04999923706055
2018-06-01,766200,56.54999923706055,57.70000076293945,57.75,56.25,57.70000076293945
2018-05-31,732900,57.5,56.349998474121094,57.9900016784668,56.25,56.349998474121094
2018-05-30,573400,56.400001525878906,57.349998474121094,57.54999923706055,56.20000076293945,57.349998474121094
2018-05-29,684500,56.75,56.04999923706055,57.900001525878906,55.0,56.04999923706055
2018-05-25,746700,56.0,57.25,58.0,55.79999923706055,57.25
2018-05-24,589200,55.150001525878906,55.650001525878906,55.75,54.70000076293945,55.650001525878906
2018-05-23,907100,54.54999923706055,54.95000076293945,55.75,54.099998474121094,54.95000076293945
2018-05-22,669800,54.900001525878906,54.54999923706055,55.25,53.849998474121094,54.54999923706055
2018-05-21,1144200,56.04999923706055,55.0,56.099998474121094,52.95000076293945,55.0
2018-05-18,964200,56.75,56.099998474121094,56.75,55.29999923706055,56.099998474121094
2018-05-17,1135900,58.45000076293945,56.5,58.79999923706055,55.95000076293945,56.5
2018-05-16,731500,58.29999923706055,58.349998474121094,59.04999923706055,57.29999923706055,58.349998474121094
2018-05-15,1127900,56.400001525878906,58.099998474121094,58.5,56.04999923706055,58.099998474121094
2018-05-14,1408600,57.45000076293945,57.150001525878906,57.689998626708984,54.900001525878906,57.150001525878906
2018-05-11,2699900,50.70000076293945,57.04999923706055,57.95000076293945,50.70000076293945,57.04999923706055
2018-05-10,1155100,48.29999923706055,49.900001525878906,51.099998474121094,47.54999923706055,49.900001525878906
2018-05-09,1419800,50.29999923706055,47.95000076293945,50.29999923706055,46.599998474121094,47.95000076293945
2018-05-08,647200,45.20000076293945,44.650001525878906,45.349998474121094,43.79999923706055,44.650001525878906
2018-05-07,799400,45.849998474121094,45.099998474121094,46.04999923706055,44.849998474121094,45.099998474121094
2018-05-04,594300,46.099998474121094,45.849998474121094,46.099998474121094,45.599998474121094,45.849998474121094
2018-05-03,420100,46.79999923706055,46.150001525878906,47.0,45.849998474121094,46.150001525878906
2018-05-02,467400,46.79999923706055,46.849998474121094,47.70000076293945,46.75,46.849998474121094
2018-05-01,601700,46.900001525878906,46.95000076293945,47.29999923706055,46.349998474121094,46.95000076293945
2018-04-30,308200,48.0,46.900001525878906,48.060001373291016,46.79999923706055,46.900001525878906
2018-04-27,277200,47.650001525878906,47.70000076293945,48.04999923706055,46.45000076293945,47.70000076293945
2018-04-26,421300,47.45000076293945,47.599998474121094,48.04999923706055,46.599998474121094,47.599998474121094
2018-04-25,634500,46.79999923706055,47.349998474121094,47.70000076293945,46.400001525878906,47.349998474121094
2018-04-24,1206400,47.75,46.75,48.5,46.45000076293945,46.75
2018-04-23,682000,48.75,47.5,48.900001525878906,47.04999923706055,47.5
2018-04-20,603300,48.70000076293945,48.5,49.45000076293945,47.5099983215332,48.5
2018-04-19,814800,47.75,48.849998474121094,49.75,47.54999923706055,48.849998474121094
2018-04-18,961300,46.70000076293945,48.04999923706055,48.650001525878906,46.29999923706055,48.04999923706055
2018-04-17,617200,45.79999923706055,46.349998474121094,46.54999923706055,45.08000183105469,46.349998474121094
2018-04-16,683700,45.75,45.29999923706055,45.95000076293945,45.04999923706055,45.29999923706055
2018-04-13,400900,46.0,45.25,46.20000076293945,45.04999923706055,45.25
2018-04-12,443300,45.70000076293945,46.04999923706055,46.45000076293945,44.95000076293945,46.04999923706055
2018-04-11,404700,45.70000076293945,45.650001525878906,46.29999923706055,45.20000076293945,45.650001525878906
2018-04-10,771600,45.650001525878906,45.79999923706055,46.349998474121094,45.29999923706055,45.79999923706055
2018-04-09,517400,44.5,45.349998474121094,45.95000076293945,44.5,45.349998474121094
2018-04-06,523800,45.099998474121094,44.099998474121094,45.279998779296875,43.529998779296875,44.099998474121094
2018-04-05,579700,45.599998474121094,45.29999923706055,46.0,45.0,45.29999923706055
2018-04-04,420900,44.5,45.5,45.75,44.0,45.5
2018-04-03,830500,44.400001525878906,45.20000076293945,45.43000030517578,43.849998474121094,45.20000076293945
2018-04-02,503900,45.599998474121094,44.150001525878906,45.599998474121094,44.099998474121094,44.150001525878906
2018-03-29,486800,46.099998474121094,45.79999923706055,46.45000076293945,45.20000076293945,45.79999923706055
2018-03-28,730300,44.900001525878906,45.79999923706055,47.0,44.900001525878906,45.79999923706055
2018-03-27,549300,45.20000076293945,45.150001525878906,45.75,44.75,45.150001525878906
2018-03-26,483700,44.79999923706055,44.900001525878906,45.65999984741211,43.779998779296875,44.900001525878906
2018-03-23,654600,44.25,44.45000076293945,45.79999923706055,43.75,44.45000076293945
2018-03-22,437000,43.75,44.04999923706055,44.849998474121094,43.650001525878906,44.04999923706055
2018-03-21,341800,45.150001525878906,44.04999923706055,45.349998474121094,43.900001525878906,44.04999923706055
2018-03-20,808500,44.75,45.349998474121094,45.54999923706055,43.849998474121094,45.349998474121094
2018-03-19,460200,44.54999923706055,44.599998474121094,44.70000076293945,43.22999954223633,44.599998474121094
2018-03-16,1097400,43.25,44.70000076293945,45.04999923706055,43.150001525878906,44.70000076293945
2018-03-15,1800800,43.45000076293945,43.18000030517578,44.599998474121094,42.54999923706055,43.18000030517578
2018-03-14,1780200,40.29999923706055,43.150001525878906,43.599998474121094,39.54999923706055,43.150001525878906
2018-03-13,636100,45.150001525878906,44.900001525878906,45.380001068115234,44.0,44.900001525878906
2018-03-12,976000,45.150001525878906,45.150001525878906,45.380001068115234,44.0,45.150001525878906
2018-03-09,778300,43.95000076293945,44.849998474121094,45.20000076293945,43.70000076293945,44.849998474121094
2018-03-08,465300,43.0,44.099998474121094,44.099998474121094,42.54999923706055,44.099998474121094
2018-03-07,612200,41.400001525878906,43.04999923706055,43.150001525878906,41.29999923706055,43.04999923706055
2018-03-06,537600,41.099998474121094,41.70000076293945,41.79999923706055,40.70000076293945,41.70000076293945
2018-03-05,513100,39.599998474121094,41.29999923706055,41.5,39.29999923706055,41.29999923706055
2018-03-02,366200,38.599998474121094,39.650001525878906,39.75,38.400001525878906,39.650001525878906
2018-03-01,783100,38.849998474121094,38.75,39.75,38.20000076293945,38.75
2018-02-28,1012600,38.849998474121094,38.900001525878906,40.599998474121094,38.099998474121094,38.900001525878906
2018-02-27,759600,38.95000076293945,38.099998474121094,39.29999923706055,37.29999923706055,38.099998474121094
2018-02-26,475900,39.45000076293945,38.900001525878906,40.04999923706055,38.75,38.900001525878906
2018-02-23,291100,38.54999923706055,39.400001525878906,39.70000076293945,38.150001525878906,39.400001525878906
2018-02-22,354100,38.29999923706055,38.45000076293945,39.0,37.79999923706055,38.45000076293945
2018-02-21,408800,37.25,38.099998474121094,39.04999923706055,37.25,38.099998474121094
2018-02-20,459900,38.099998474121094,37.25,38.45000076293945,37.16999816894531,37.25
2018-02-16,448400,39.20000076293945,38.349998474121094,39.79999923706055,37.849998474121094,38.349998474121094
2018-02-15,332500,39.599998474121094,39.150001525878906,39.70000076293945,38.650001525878906,39.150001525878906
2018-02-14,383900,37.900001525878906,39.400001525878906,39.900001525878906,37.900001525878906,39.400001525878906
2018-02-13,306300,38.54999923706055,38.099998474121094,38.54999923706055,37.83000183105469,38.099998474121094
2018-02-12,433100,37.54999923706055,38.650001525878906,39.33000183105469,36.849998474121094,38.650001525878906
2018-02-09,797000,37.400001525878906,37.20000076293945,37.79999923706055,34.900001525878906,37.20000076293945
2018-02-08,1000400,38.099998474121094,37.150001525878906,39.45000076293945,37.099998474121094,37.150001525878906
2018-02-07,467700,37.5,38.099998474121094,38.599998474121094,37.400001525878906,38.099998474121094
2018-02-06,897400,36.5,37.29999923706055,38.0,35.75,37.29999923706055
2018-02-05,877700,38.75,38.400001525878906,39.45000076293945,37.349998474121094,38.400001525878906
2018-02-02,517600,40.29999923706055,39.150001525878906,40.900001525878906,39.04999923706055,39.150001525878906
2018-02-01,599300,39.400001525878906,40.70000076293945,41.33000183105469,39.29999923706055,40.70000076293945
2018-01-31,823300,40.5,39.04999923706055,41.04999923706055,38.400001525878906,39.04999923706055
2018-01-30,890500,40.5,40.25,40.66999816894531,39.70000076293945,40.25
2018-01-29,506200,41.349998474121094,41.04999923706055,41.75,40.95000076293945,41.04999923706055
2018-01-26,873400,42.5,41.45000076293945,42.599998474121094,40.349998474121094,41.45000076293945
2018-01-25,490300,43.45000076293945,43.0,43.5099983215332,42.599998474121094,43.0
2018-01-24,865900,44.849998474121094,43.150001525878906,45.0,41.36000061035156,43.150001525878906
2018-01-23,827400,44.599998474121094,44.70000076293945,46.0,44.29999923706055,44.70000076293945
2018-01-22,2073900,46.70000076293945,44.25,48.650001525878906,43.349998474121094,44.25
2018-01-19,1233700,43.849998474121094,46.900001525878906,47.5,43.15999984741211,46.900001525878906
2018-01-18,904600,46.04999923706055,43.54999923706055,46.04999923706055,43.29999923706055,43.54999923706055
2018-01-17,1677200,42.849998474121094,46.5,47.25,42.79999923706055,46.5
2018-01-16,746500,44.400001525878906,42.75,44.45000076293945,42.45000076293945,42.75
2018-01-12,468700,44.900001525878906,44.150001525878906,45.45000076293945,43.900001525878906,44.150001525878906
2018-01-11,483200,43.599998474121094,44.75,44.79999923706055,43.04999923706055,44.75
2018-01-10,434400,42.349998474121094,43.650001525878906,43.72999954223633,41.650001525878906,43.650001525878906
2018-01-09,744300,41.25,42.70000076293945,43.0,40.95000076293945,42.70000076293945
2018-01-08,647000,41.95000076293945,40.95000076293945,42.0,39.75,40.95000076293945
2018-01-05,708200,40.20000076293945,41.5,41.75,39.900001525878906,41.5
2018-01-04,625600,41.849998474121094,39.75,41.849998474121094,39.5,39.75
2018-01-03,496000,40.75,41.70000076293945,41.95000076293945,40.5,41.70000076293945
2018-01-02,539500,40.29999923706055,40.45000076293945,41.20000076293945,39.83000183105469,40.45000076293945
2017-12-29,344800,40.79999923706055,39.849998474121094,41.150001525878906,39.79999923706055,39.849998474121094
2017-12-28,722800,39.29999923706055,40.79999923706055,41.20000076293945,38.95000076293945,40.79999923706055
2017-12-27,231300,38.95000076293945,38.70000076293945,39.470001220703125,38.54999923706055,38.70000076293945
2017-12-26,365100,38.849998474121094,38.95000076293945,39.25,38.400001525878906,38.95000076293945
2017-12-22,318200,38.79999923706055,38.849998474121094,39.029998779296875,38.400001525878906,38.849998474121094
2017-12-21,388300,38.04999923706055,38.650001525878906,38.849998474121094,37.70000076293945,38.650001525878906
2017-12-20,229200,38.5,38.04999923706055,38.5,38.0,38.04999923706055
2017-12-19,329200,38.75,38.0,39.29999923706055,37.95000076293945,38.0
2017-12-18,443200,40.0,38.79999923706055,40.20000076293945,38.58000183105469,38.79999923706055
2017-12-15,933200,38.650001525878906,39.650001525878906,39.900001525878906,38.0,39.650001525878906
2017-12-14,375800,40.04999923706055,38.599998474121094,40.20000076293945,38.400001525878906,38.599998474121094
2017-12-13,505800,38.29999923706055,40.0,40.5,38.279998779296875,40.0
2017-12-12,328600,38.04999923706055,38.150001525878906,38.79999923706055,37.5,38.150001525878906
2017-12-11,351500,38.150001525878906,37.95000076293945,38.5,37.650001525878906,37.95000076293945
2017-12-08,227300,37.79999923706055,38.150001525878906,38.29999923706055,37.34000015258789,38.150001525878906
2017-12-07,627500,36.5,37.54999923706055,37.650001525878906,36.099998474121094,37.54999923706055
2017-12-06,277500,37.04999923706055,36.45000076293945,37.40999984741211,36.45000076293945,36.45000076293945
2017-12-05,380200,37.25,37.099998474121094,37.75,36.54999923706055,37.099998474121094
2017-12-04,464800,38.849998474121094,37.150001525878906,39.349998474121094,37.04999923706055,37.150001525878906
2017-12-01,511400,37.849998474121094,37.20000076293945,37.900001525878906,36.400001525878906,37.20000076293945
2017-11-30,433800,38.04999923706055,37.79999923706055,38.400001525878906,37.650001525878906,37.79999923706055
2017-11-29,324500,39.099998474121094,37.849998474121094,39.25,37.5099983215332,37.849998474121094
2017-11-28,391000,39.20000076293945,39.150001525878906,39.75,38.70000076293945,39.150001525878906
2017-11-27,433900,39.650001525878906,38.900001525878906,39.79999923706055,38.79999923706055,38.900001525878906
2017-11-24,117800,39.25,39.5,39.75,38.79999923706055,39.5
2017-11-22,241100,38.75,39.04999923706055,39.400001525878906,38.650001525878906,39.04999923706055
2017-11-21,365800,38.400001525878906,38.70000076293945,38.75,37.5099983215332,38.70000076293945
2017-11-20,401800,38.349998474121094,38.099998474121094,38.849998474121094,38.04999923706055,38.099998474121094
2017-11-17,459700,38.099998474121094,38.0,38.650001525878906,37.810001373291016,38.0
2017-11-16,456500,37.75,37.900001525878906,38.400001525878906,37.25,37.900001525878906
2017-11-15,351700,37.0,37.599998474121094,37.75,36.54999923706055,37.599998474121094
2017-11-14,545200,37.599998474121094,37.20000076293945,37.650001525878906,36.650001525878906,37.20000076293945
2017-11-13,441200,37.0,37.79999923706055,38.25,36.54999923706055,37.79999923706055
2017-11-10,458200,36.599998474121094,37.25,38.25,36.400001525878906,37.25
2017-11-09,545400,36.5,36.54999923706055,36.880001068115234,35.95000076293945,36.54999923706055
2017-11-08,727800,37.79999923706055,36.900001525878906,38.0,35.91999816894531,36.900001525878906
2017-11-07,2740900,38.0,36.400001525878906,38.0,33.29999923706055,36.400001525878906
2017-11-06,632200,42.25,41.099998474121094,43.150001525878906,41.0,41.099998474121094
2017-11-03,347100,41.650001525878906,42.04999923706055,42.150001525878906,41.20000076293945,42.04999923706055
2017-11-02,264800,41.79999923706055,41.5,41.79999923706055,41.0,41.5
2017-11-01,495400,41.650001525878906,41.95000076293945,42.0,40.75,41.95000076293945
2017-10-31,330000,41.04999923706055,41.599998474121094,41.900001525878906,40.5099983215332,41.599998474121094
2017-10-30,313100,41.25,40.900001525878906,41.849998474121094,40.20000076293945,40.900001525878906
2017-10-27,373600,39.849998474121094,41.25,41.45000076293945,39.70000076293945,41.25
2017-10-26,413200,41.349998474121094,39.849998474121094,41.400001525878906,39.630001068115234,39.849998474121094
2017-10-25,276900,41.45000076293945,41.5,41.900001525878906,40.79999923706055,41.5
2017-10-24,324800,41.70000076293945,41.54999923706055,42.20000076293945,41.25,41.54999923706055
2017-10-23,249400,41.849998474121094,41.400001525878906,42.04999923706055,40.95000076293945,41.400001525878906
2017-10-20,420500,42.849998474121094,41.849998474121094,43.25,41.79999923706055,41.849998474121094
2017-10-19,703000,41.650001525878906,42.599998474121094,42.79999923706055,40.36000061035156,42.599998474121094
2017-10-18,236600,41.349998474121094,41.25,41.54999923706055,40.79999923706055,41.25
2017-10-17,249400,41.25,41.04999923706055,41.25,40.75,41.04999923706055
2017-10-16,332600,41.599998474121094,41.20000076293945,42.150001525878906,40.849998474121094,41.20000076293945
2017-10-13,371300,41.25,41.349998474121094,41.70000076293945,40.880001068115234,41.349998474121094
2017-10-12,247500,41.29999923706055,41.29999923706055,41.68000030517578,41.04999923706055,41.29999923706055
2017-10-11,334200,41.150001525878906,41.20000076293945,41.70000076293945,41.04999923706055,41.20000076293945
2017-10-10,305400,41.45000076293945,41.099998474121094,41.45000076293945,40.709999084472656,41.099998474121094
2017-10-09,437900,42.20000076293945,41.150001525878906,42.45000076293945,40.95000076293945,41.150001525878906
2017-10-06,539100,41.5,42.400001525878906,42.400001525878906,41.349998474121094,42.400001525878906
2017-10-05,583600,41.400001525878906,41.75,41.849998474121094,40.95000076293945,41.75
2017-10-04,354500,41.150001525878906,41.349998474121094,41.650001525878906,40.79999923706055,41.349998474121094
2017-10-03,594900,41.0,41.099998474121094,41.20000076293945,39.900001525878906,41.099998474121094
2017-10-02,692900,40.349998474121094,40.900001525878906,41.0,40.0,40.900001525878906
2017-09-29,843100,39.45000076293945,40.0,40.20000076293945,39.349998474121094,40.0
2017-09-28,638500,38.79999923706055,39.29999923706055,39.29999923706055,37.95000076293945,39.29999923706055
2017-09-27,627100,37.95000076293945,39.04999923706055,39.349998474121094,37.459999084472656,39.04999923706055
2017-09-26,528200,39.04999923706055,37.70000076293945,39.099998474121094,37.54999923706055,37.70000076293945
2017-09-25,653100,38.849998474121094,39.099998474121094,39.599998474121094,38.5,39.099998474121094
2017-09-22,670400,39.349998474121094,39.0,39.630001068115234,38.79999923706055,39.0
2017-09-21,1555300,36.29999923706055,39.400001525878906,39.75,36.15999984741211,39.400001525878906
2017-09-20,2358500,38.70000076293945,36.75,38.959999084472656,36.5,36.75
2017-09-19,6101200,44.70000076293945,38.04999923706055,45.790000915527344,37.220001220703125,38.04999923706055
2017-09-18,650700,49.25,49.650001525878906,50.04999923706055,48.880001068115234,49.650001525878906
2017-09-15,1026000,48.650001525878906,49.04999923706055,49.18000030517578,46.900001525878906,49.04999923706055
2017-09-14,841800,47.900001525878906,48.849998474121094,50.0,47.70000076293945,48.849998474121094
2017-09-13,651600,48.150001525878906,47.900001525878906,48.95000076293945,47.709999084472656,47.900001525878906
2017-09-12,361800,48.29999923706055,48.349998474121094,48.5,47.79999923706055,48.349998474121094
2017-09-11,494500,49.04999923706055,48.20000076293945,49.790000915527344,47.900001525878906,48.20000076293945
2017-09-08,806000,47.650001525878906,48.599998474121094,49.95000076293945,47.650001525878906,48.599998474121094
2017-09-07,834400,46.849998474121094,47.79999923706055,48.04999923706055,45.849998474121094,47.79999923706055
2017-09-06,484700,47.25,46.75,47.900001525878906,45.900001525878906,46.75
2017-09-05,455300,47.099998474121094,47.04999923706055,47.75,46.5,47.04999923706055
2017-09-01,787700,46.0,47.400001525878906,47.5,45.75,47.400001525878906
2017-08-31,835200,43.70000076293945,45.79999923706055,46.400001525878906,43.650001525878906,45.79999923706055
2017-08-30,488200,43.79999923706055,43.54999923706055,44.599998474121094,43.54999923706055,43.54999923706055
2017-08-29,633000,44.099998474121094,43.75,44.40999984741211,43.099998474121094,43.75
2017-08-28,859300,44.25,44.75,44.849998474121094,43.650001525878906,44.75
2017-08-25,578300,45.150001525878906,43.95000076293945,45.20000076293945,43.900001525878906,43.95000076293945
2017-08-24,458900,45.29999923706055,45.0,46.02000045776367,44.349998474121094,45.0
2017-08-23,575200,46.0,45.0,46.150001525878906,44.900001525878906,45.0
2017-08-22,650300,44.099998474121094,46.29999923706055,46.54999923706055,44.099998474121094,46.29999923706055
2017-08-21,445800,43.25,43.95000076293945,44.130001068115234,43.25,43.95000076293945
2017-08-18,626100,43.29999923706055,43.20000076293945,43.849998474121094,42.810001373291016,43.20000076293945
2017-08-17,812400,45.900001525878906,43.5,46.349998474121094,43.5,43.5
2017-08-16,1128100,44.75,45.650001525878906,46.45000076293945,44.099998474121094,45.650001525878906
2017-08-15,749200,42.95000076293945,44.29999923706055,44.43000030517578,42.349998474121094,44.29999923706055
2017-08-14,513200,41.650001525878906,42.70000076293945,42.849998474121094,41.29999923706055,42.70000076293945
2017-08-11,794200,40.70000076293945,41.400001525878906,41.75,40.0,41.400001525878906
2017-08-10,487800,41.0,40.349998474121094,42.099998474121094,40.25,40.349998474121094
2017-08-09,397100,41.45000076293945,41.20000076293945,41.75,40.75,41.20000076293945
2017-08-08,358800,42.150001525878906,41.70000076293945,42.45000076293945,41.45000076293945,41.70000076293945
2017-08-07,474600,41.20000076293945,42.099998474121094,42.43000030517578,41.20000076293945,42.099998474121094
2017-08-04,661600,41.79999923706055,41.04999923706055,41.79999923706055,40.349998474121094,41.04999923706055
2017-08-03,1060200,42.95000076293945,41.70000076293945,42.95000076293945,40.70000076293945,41.70000076293945
2017-08-02,604100,40.70000076293945,40.599998474121094,41.349998474121094,39.54999923706055,40.599998474121094
2017-08-01,465400,40.45000076293945,40.45000076293945,40.95000076293945,40.25,40.45000076293945
2017-07-31,626300,41.04999923706055,40.45000076293945,41.5,40.400001525878906,40.45000076293945
2017-07-28,579900,40.900001525878906,41.0,41.349998474121094,40.77000045776367,41.0
2017-07-27,513200,42.25,41.099998474121094,43.0,41.0,41.099998474121094
2017-07-26,363500,42.75,42.20000076293945,42.810001373291016,41.79999923706055,42.20000076293945
2017-07-25,410900,43.45000076293945,42.79999923706055,43.900001525878906,42.75,42.79999923706055
2017-07-24,395300,42.29999923706055,43.5,43.5,42.25,43.5
2017-07-21,424100,42.650001525878906,42.20000076293945,42.900001525878906,42.0,42.20000076293945
2017-07-20,526500,43.45000076293945,42.29999923706055,43.66999816894531,41.79999923706055,42.29999923706055
2017-07-19,785500,43.599998474121094,43.54999923706055,44.0,42.900001525878906,43.54999923706055
2017-07-18,1012900,42.04999923706055,43.04999923706055,43.75,41.95000076293945,43.04999923706055
2017-07-17,1366900,42.79999923706055,41.95000076293945,43.2400016784668,40.209999084472656,41.95000076293945
2017-07-14,368400,44.04999923706055,44.25,44.45000076293945,43.599998474121094,44.25
2017-07-13,564000,44.349998474121094,44.04999923706055,44.72999954223633,43.0,44.04999923706055
2017-07-12,381100,44.5,44.400001525878906,44.900001525878906,44.380001068115234,44.400001525878906
2017-07-11,491300,43.20000076293945,44.04999923706055,44.349998474121094,43.20000076293945,44.04999923706055
2017-07-10,509400,43.20000076293945,43.349998474121094,43.779998779296875,42.79999923706055,43.349998474121094
2017-07-07,452000,43.04999923706055,43.150001525878906,43.22999954223633,42.79999923706055,43.150001525878906
2017-07-06,652000,42.099998474121094,42.849998474121094,42.95000076293945,40.900001525878906,42.849998474121094
2017-07-05,790000,44.04999923706055,42.75,44.130001068115234,42.650001525878906,42.75
2017-07-03,181100,43.25,43.599998474121094,43.70000076293945,42.79999923706055,43.599998474121094
2017-06-30,355300,42.75,43.099998474121094,43.47999954223633,42.349998474121094,43.099998474121094
2017-06-29,668500,43.0,42.79999923706055,43.150001525878906,42.45000076293945,42.79999923706055
2017-06-28,950900,42.849998474121094,43.20000076293945,43.75,42.150001525878906,43.20000076293945
2017-06-27,733500,43.849998474121094,41.849998474121094,43.849998474121094,41.5099983215332,41.849998474121094
2017-06-26,309600,44.349998474121094,44.099998474121094,44.529998779296875,43.45000076293945,44.099998474121094
2017-06-23,686200,43.849998474121094,44.150001525878906,44.95000076293945,43.400001525878906,44.150001525878906
2017-06-22,543700,42.599998474121094,43.650001525878906,43.650001525878906,42.599998474121094,43.650001525878906
2017-06-21,606300,41.400001525878906,42.75,42.849998474121094,41.400001525878906,42.75
2017-06-20,734100,40.349998474121094,41.400001525878906,41.5,39.95000076293945,41.400001525878906
2017-06-19,848200,39.0,40.25,40.25,38.45000076293945,40.25
2017-06-16,1266100,38.849998474121094,38.650001525878906,39.25,38.20000076293945,38.650001525878906
2017-06-15,444500,38.29999923706055,39.150001525878906,39.25,38.04999923706055,39.150001525878906
2017-06-14,504100,38.75,38.849998474121094,38.95000076293945,37.75,38.849998474121094
2017-06-13,340300,38.70000076293945,38.599998474121094,39.22999954223633,38.5,38.599998474121094
2017-06-12,616300,38.849998474121094,38.54999923706055,39.150001525878906,37.900001525878906,38.54999923706055
2017-06-09,797100,41.0,38.849998474121094,41.349998474121094,38.29999923706055,38.849998474121094
2017-06-08,554600,40.45000076293945,41.04999923706055,41.150001525878906,39.66999816894531,41.04999923706055
2017-06-07,578300,39.75,40.45000076293945,40.849998474121094,39.599998474121094,40.45000076293945
2017-06-06,411300,38.849998474121094,39.650001525878906,39.97999954223633,38.619998931884766,39.650001525878906
2017-06-05,786300,40.20000076293945,39.04999923706055,41.20000076293945,38.54999923706055,39.04999923706055
2017-06-02,1068800,39.20000076293945,40.04999923706055,40.20000076293945,38.70000076293945,40.04999923706055
2017-06-01,1468000,38.400001525878906,38.75,39.20000076293945,37.849998474121094,38.75
2017-05-31,1910200,36.54999923706055,37.599998474121094,38.599998474121094,35.849998474121094,37.599998474121094
2017-05-30,707300,36.0,35.400001525878906,36.400001525878906,34.900001525878906,35.400001525878906
2017-05-26,821500,34.349998474121094,35.75,36.04999923706055,34.349998474121094,35.75
2017-05-25,474600,34.75,34.150001525878906,35.349998474121094,34.150001525878906,34.150001525878906
2017-05-24,532200,34.5,34.54999923706055,34.95000076293945,34.0,34.54999923706055
2017-05-23,416200,34.349998474121094,34.54999923706055,34.599998474121094,33.849998474121094,34.54999923706055
2017-05-22,568700,33.849998474121094,34.150001525878906,34.349998474121094,33.70000076293945,34.150001525878906
2017-05-19,610200,33.75,33.70000076293945,34.130001068115234,33.310001373291016,33.70000076293945
2017-05-18,409100,32.900001525878906,33.650001525878906,33.900001525878906,32.79999923706055,33.650001525878906
2017-05-17,461300,32.900001525878906,32.95000076293945,33.22999954223633,32.650001525878906,32.95000076293945
2017-05-16,418100,32.79999923706055,33.54999923706055,33.54999923706055,32.5,33.54999923706055
2017-05-15,400600,33.400001525878906,32.650001525878906,33.70000076293945,32.650001525878906,32.650001525878906
2017-05-12,432600,33.400001525878906,33.25,33.650001525878906,32.849998474121094,33.25
2017-05-11,645900,32.0,33.400001525878906,34.20000076293945,32.0,33.400001525878906
2017-05-10,1471100,30.950000762939453,31.899999618530273,32.400001525878906,29.950000762939453,31.899999618530273
2017-05-09,1011400,31.899999618530273,32.900001525878906,33.0,31.40999984741211,32.900001525878906
2017-05-08,767200,31.75,31.899999618530273,32.54999923706055,31.010000228881836,31.899999618530273
2017-05-05,617200,32.5,32.04999923706055,32.5,31.950000762939453,32.04999923706055
2017-05-04,355600,32.70000076293945,32.25,32.849998474121094,32.150001525878906,32.25
2017-05-03,480500,33.29999923706055,32.75,33.41999816894531,32.29999923706055,32.75
2017-05-02,408500,33.79999923706055,33.25,34.04999923706055,32.79999923706055,33.25
2017-05-01,517200,32.54999923706055,33.650001525878906,33.779998779296875,32.54999923706055,33.650001525878906
2017-04-28,374800,33.29999923706055,32.599998474121094,33.29999923706055,32.099998474121094,32.599998474121094
2017-04-27,352800,33.349998474121094,33.20000076293945,33.349998474121094,32.650001525878906,33.20000076293945
2017-04-26,462200,33.0,33.25,33.650001525878906,32.849998474121094,33.25
2017-04-25,457300,32.599998474121094,32.95000076293945,33.029998779296875,32.349998474121094,32.95000076293945
2017-04-24,380600,32.54999923706055,32.400001525878906,32.95000076293945,32.099998474121094,32.400001525878906
2017-04-21,366400,32.70000076293945,32.150001525878906,33.04999923706055,31.739999771118164,32.150001525878906
2017-04-20,294100,32.650001525878906,32.75,33.150001525878906,32.04999923706055,32.75
2017-04-19,659400,32.04999923706055,32.45000076293945,32.650001525878906,31.850000381469727,32.45000076293945
2017-04-18,549200,31.25,31.850000381469727,32.5,31.049999237060547,31.850000381469727
2017-04-17,288400,31.049999237060547,31.25,31.299999237060547,30.760000228881836,31.25
2017-04-13,253400,31.25,31.049999237060547,31.75,30.899999618530273,31.049999237060547
2017-04-12,279200,31.200000762939453,31.350000381469727,31.5,30.799999237060547,31.350000381469727
2017-04-11,320300,31.200000762939453,31.18000030517578,31.5,31.0,31.18000030517578
2017-04-10,417500,31.149999618530273,31.299999237060547,31.600000381469727,30.790000915527344,31.299999237060547
2017-04-07,600900,30.0,31.200000762939453,31.399999618530273,29.860000610351562,31.200000762939453
2017-04-06,524600,30.600000381469727,30.200000762939453,30.700000762939453,29.549999237060547,30.200000762939453
2017-04-05,664500,30.950000762939453,30.149999618530273,31.350000381469727,29.959999084472656,30.149999618530273
2017-04-04,684800,31.450000762939453,30.899999618530273,31.950000762939453,30.700000762939453,30.899999618530273
2017-04-03,730000,31.799999237060547,31.25,31.899999618530273,30.75,31.25
2017-03-31,679200,31.299999237060547,31.299999237060547,32.0,30.920000076293945,31.299999237060547
2017-03-30,605000,30.75,31.25,31.600000381469727,30.5,31.25
2017-03-29,456600,30.850000381469727,30.75,31.43000030517578,30.709999084472656,30.75
2017-03-28,446300,30.899999618530273,30.850000381469727,31.350000381469727,30.25,30.850000381469727
2017-03-27,904400,29.75,30.799999237060547,31.329999923706055,29.56999969482422,30.799999237060547
2017-03-24,770000,28.649999618530273,29.950000762939453,30.200000762939453,28.459999084472656,29.950000762939453
2017-03-23,512200,28.350000381469727,28.399999618530273,28.549999237060547,27.799999237060547,28.399999618530273
2017-03-22,305900,28.5,28.450000762939453,28.75,28.049999237060547,28.450000762939453
2017-03-21,672800,29.450000762939453,28.450000762939453,29.5,28.149999618530273,28.450000762939453
2017-03-20,631000,28.899999618530273,29.899999618530273,29.950000762939453,28.729999542236328,29.899999618530273
2017-03-17,903500,27.850000381469727,28.899999618530273,29.0,27.850000381469727,28.899999618530273
2017-03-16,348500,28.5,27.950000762939453,28.649999618530273,27.799999237060547,27.950000762939453
2017-03-15,725300,27.399999618530273,28.5,28.649999618530273,27.200000762939453,28.5
2017-03-14,317200,27.5,27.350000381469727,27.600000381469727,26.850000381469727,27.350000381469727
2017-03-13,714000,26.25,27.549999237060547,28.0,26.239999771118164,27.549999237060547
2017-03-10,893100,27.350000381469727,26.350000381469727,27.450000762939453,26.0,26.350000381469727
2017-03-09,594300,27.850000381469727,27.350000381469727,28.079999923706055,27.049999237060547,27.350000381469727
2017-03-08,1021900,26.549999237060547,27.799999237060547,28.5,26.399999618530273,27.799999237060547
2017-03-07,2946700,29.450000762939453,26.399999618530273,29.450000762939453,25.0,26.399999618530273
2017-03-06,899900,29.049999237060547,29.75,30.3700008392334,28.450000762939453,29.75
2017-03-03,1001000,27.5,28.75,29.549999237060547,27.5,28.75
2017-03-02,1249600,26.100000381469727,27.399999618530273,28.0,26.049999237060547,27.399999618530273
2017-03-01,648000,26.100000381469727,26.0,26.75,24.920000076293945,26.0
2017-02-28,457400,26.600000381469727,25.700000762939453,26.850000381469727,25.549999237060547,25.700000762939453
2017-02-27,478900,25.350000381469727,26.649999618530273,26.809999465942383,25.149999618530273,26.649999618530273
2017-02-24,231200,24.950000762939453,25.299999237060547,25.549999237060547,24.950000762939453,25.299999237060547
2017-02-23,398000,25.100000381469727,25.350000381469727,25.350000381469727,24.649999618530273,25.350000381469727
2017-02-22,302300,25.75,25.100000381469727,26.030000686645508,25.030000686645508,25.100000381469727
2017-02-21,445000,26.299999237060547,25.850000381469727,26.799999237060547,25.399999618530273,25.850000381469727
2017-02-17,363600,26.149999618530273,26.100000381469727,26.450000762939453,25.649999618530273,26.100000381469727
2017-02-16,363400,26.549999237060547,26.200000762939453,26.75,25.600000381469727,26.200000762939453
2017-02-15,316600,26.350000381469727,26.600000381469727,26.75,26.200000762939453,26.600000381469727
2017-02-14,364200,26.299999237060547,26.399999618530273,26.649999618530273,26.0,26.399999618530273
2017-02-13,430700,25.899999618530273,26.200000762939453,26.299999237060547,25.899999618530273,26.200000762939453
2017-02-10,347200,25.75,25.799999237060547,26.0,25.549999237060547,25.799999237060547
2017-02-09,376600,25.200000762939453,25.75,25.75,25.0,25.75
2017-02-08,371700,24.549999237060547,25.200000762939453,25.25,24.049999237060547,25.200000762939453
2017-02-07,412700,25.100000381469727,24.649999618530273,25.299999237060547,24.5,24.649999618530273
2017-02-06,614700,26.549999237060547,25.0,26.579999923706055,25.0,25.0
2017-02-03,443100,26.25,26.75,26.780000686645508,25.350000381469727,26.75
2017-02-02,431800,26.549999237060547,26.049999237060547,26.75,25.600000381469727,26.049999237060547
2017-02-01,546900,27.200000762939453,26.700000762939453,27.950000762939453,26.600000381469727,26.700000762939453
2017-01-31,479000,25.25,27.049999237060547,27.200000762939453,25.049999237060547,27.049999237060547
2017-01-30,302400,25.75,25.450000762939453,25.90999984741211,25.25,25.450000762939453
2017-01-27,274000,26.100000381469727,26.0,26.200000762939453,25.649999618530273,26.0
2017-01-26,324600,25.899999618530273,26.0,26.299999237060547,25.729999542236328,26.0
2017-01-25,474600,25.0,25.899999618530273,26.100000381469727,24.899999618530273,25.899999618530273
2017-01-24,423300,24.600000381469727,24.8799991607666,24.899999618530273,23.700000762939453,24.8799991607666
2017-01-23,625000,23.450000762939453,24.700000762939453,25.299999237060547,23.399999618530273,24.700000762939453
2017-01-20,340800,23.549999237060547,23.450000762939453,23.799999237060547,23.100000381469727,23.450000762939453
2017-01-19,494100,23.850000381469727,23.5,24.25,23.450000762939453,23.5
2017-01-18,272200,24.0,24.100000381469727,24.200000762939453,23.6299991607666,24.100000381469727
2017-01-17,563800,24.799999237060547,23.799999237060547,24.899999618530273,23.100000381469727,23.799999237060547
2017-01-13,349300,24.950000762939453,25.100000381469727,25.440000534057617,24.850000381469727,25.100000381469727
2017-01-12,509200,25.0,24.899999618530273,25.399999618530273,24.479999542236328,24.899999618530273
2017-01-11,736500,25.950000762939453,25.200000762939453,26.200000762939453,24.399999618530273,25.200000762939453
2017-01-10,719400,26.649999618530273,26.100000381469727,27.0,26.0,26.100000381469727
2017-01-09,524500,27.149999618530273,26.600000381469727,27.149999618530273,26.5,26.600000381469727
2017-01-06,292800,27.299999237060547,26.899999618530273,27.329999923706055,26.799999237060547,26.899999618530273
2017-01-05,484500,27.299999237060547,27.100000381469727,27.5,26.850000381469727,27.100000381469727
2017-01-04,704000,25.899999618530273,27.299999237060547,27.399999618530273,25.899999618530273,27.299999237060547
2017-01-03,398600,25.450000762939453,25.950000762939453,26.149999618530273,25.25,25.950000762939453
2016-12-30,351000,25.549999237060547,25.25,25.8799991607666,25.200000762939453,25.25
2016-12-29,249300,25.049999237060547,25.350000381469727,25.450000762939453,25.030000686645508,25.350000381469727
2016-12-28,235200,25.850000381469727,25.049999237060547,25.899999618530273,25.0,25.049999237060547
2016-12-27,250100,25.649999618530273,25.700000762939453,25.950000762939453,25.399999618530273,25.700000762939453
2016-12-23,267800,24.950000762939453,25.600000381469727,25.639999389648438,24.799999237060547,25.600000381469727
2016-12-22,598300,25.350000381469727,24.899999618530273,25.600000381469727,24.25,24.899999618530273
2016-12-21,413000,26.25,25.450000762939453,26.399999618530273,25.299999237060547,25.450000762939453
2016-12-20,735300,25.75,26.100000381469727,27.049999237060547,25.649999618530273,26.100000381469727
2016-12-19,1277300,23.950000762939453,25.649999618530273,27.100000381469727,23.950000762939453,25.649999618530273
2016-12-16,1273500,23.850000381469727,23.75,24.399999618530273,23.700000762939453,23.75
2016-12-15,412600,22.850000381469727,23.649999618530273,23.75,22.700000762939453,23.649999618530273
2016-12-14,336000,23.200000762939453,22.799999237060547,23.200000762939453,22.25,22.799999237060547
2016-12-13,477300,23.5,23.149999618530273,24.5,23.0,23.149999618530273
2016-12-12,461900,22.850000381469727,23.200000762939453,23.5,22.850000381469727,23.200000762939453
2016-12-09,649800,22.5,23.0,23.200000762939453,22.450000762939453,23.0
2016-12-08,392000,22.299999237060547,22.299999237060547,22.399999618530273,21.600000381469727,22.299999237060547
2016-12-07,610700,22.5,22.450000762939453,22.850000381469727,21.850000381469727,22.450000762939453
2016-12-06,416900,22.450000762939453,22.950000762939453,22.950000762939453,21.799999237060547,22.950000762939453
2016-12-05,312300,21.649999618530273,22.200000762939453,22.299999237060547,21.5,22.200000762939453
2016-12-02,276600,21.25,21.799999237060547,21.799999237060547,20.700000762939453,21.799999237060547
2016-12-01,515500,21.600000381469727,21.149999618530273,21.600000381469727,20.549999237060547,21.149999618530273
2016-11-30,411100,22.25,21.549999237060547,22.450000762939453,21.040000915527344,21.549999237060547
2016-11-29,568600,21.700000762939453,22.25,22.579999923706055,21.200000762939453,22.25
2016-11-28,508500,22.549999237060547,21.649999618530273,22.799999237060547,21.399999618530273,21.649999618530273
2016-11-25,210900,22.5,22.700000762939453,22.790000915527344,21.75,22.700000762939453
2016-11-23,364900,20.899999618530273,22.25,22.25,20.600000381469727,22.25
2016-11-22,505600,22.0,21.299999237060547,22.049999237060547,20.700000762939453,21.299999237060547
2016-11-21,523600,22.100000381469727,22.25,22.299999237060547,21.200000762939453,22.25
2016-11-18,1203900,24.700000762939453,22.25,24.700000762939453,22.100000381469727,22.25
2016-11-17,421600,23.5,24.700000762939453,24.75,23.5,24.700000762939453
2016-11-16,459100,23.950000762939453,23.6299991607666,24.100000381469727,23.299999237060547,23.6299991607666
2016-11-15,671000,23.850000381469727,24.0,24.549999237060547,23.299999237060547,24.0
2016-11-14,1089800,21.600000381469727,23.899999618530273,23.950000762939453,21.299999237060547,23.899999618530273
2016-11-11,1268500,20.350000381469727,21.600000381469727,22.049999237060547,20.329999923706055,21.600000381469727
2016-11-10,809900,20.600000381469727,20.5,21.200000762939453,19.950000762939453,20.5
2016-11-09,1186300,19.850000381469727,20.25,21.5,19.549999237060547,20.25
2016-11-08,494600,18.399999618530273,18.950000762939453,19.149999618530273,18.25,18.950000762939453
2016-11-07,705400,18.299999237060547,18.700000762939453,18.850000381469727,18.25,18.700000762939453
2016-11-04,979200,17.950000762939453,17.850000381469727,18.0,17.25,17.850000381469727
2016-11-03,839900,19.799999237060547,18.100000381469727,20.049999237060547,18.0,18.100000381469727
2016-11-02,259300,20.200000762939453,19.75,20.5,19.729999542236328,19.75
2016-11-01,404500,19.899999618530273,20.200000762939453,20.399999618530273,19.799999237060547,20.200000762939453
2016-10-31,612900,20.450000762939453,19.799999237060547,20.799999237060547,19.700000762939453,19.799999237060547
2016-10-28,404800,20.200000762939453,20.600000381469727,20.700000762939453,19.90999984741211,20.600000381469727
2016-10-27,341900,20.75,20.350000381469727,21.049999237060547,20.25,20.350000381469727
2016-10-26,306000,21.049999237060547,20.649999618530273,21.25,20.399999618530273,20.649999618530273
2016-10-25,282700,20.649999618530273,21.049999237060547,21.290000915527344,20.530000686645508,21.049999237060547
2016-10-24,308200,21.049999237060547,20.649999618530273,21.200000762939453,20.6299991607666,20.649999618530273
2016-10-21,264800,20.799999237060547,20.829999923706055,21.1200008392334,20.450000762939453,20.829999923706055
2016-10-20,341600,20.600000381469727,20.8799991607666,21.06999969482422,20.459999084472656,20.8799991607666
2016-10-19,463600,20.709999084472656,20.709999084472656,20.989999771118164,20.559999465942383,20.709999084472656
2016-10-18,563200,20.860000610351562,20.6200008392334,21.110000610351562,20.459999084472656,20.6200008392334
2016-10-17,583100,20.719999313354492,20.690000534057617,21.239999771118164,20.639999389648438,20.690000534057617
2016-10-14,1031800,22.020000457763672,20.809999465942383,22.170000076293945,20.6200008392334,20.809999465942383
2016-10-13,1025900,21.079999923706055,21.959999084472656,22.280000686645508,21.0,21.959999084472656
2016-10-12,1356700,22.760000228881836,21.540000915527344,23.239999771118164,21.440000534057617,21.540000915527344
2016-10-11,2454400,26.15999984741211,23.0,26.190000534057617,22.510000228881836,23.0
2016-10-10,417600,24.040000915527344,24.690000534057617,24.860000610351562,24.020000457763672,24.690000534057617
2016-10-07,504000,23.8700008392334,23.780000686645508,23.989999771118164,23.3799991607666,23.780000686645508
2016-10-06,600800,24.1200008392334,23.84000015258789,24.209999084472656,23.43000030517578,23.84000015258789
2016-10-05,496900,23.520000457763672,24.18000030517578,24.360000610351562,23.520000457763672,24.18000030517578
2016-10-04,494000,23.639999389648438,23.520000457763672,24.010000228881836,23.350000381469727,23.520000457763672
2016-10-03,1051000,24.43000030517578,23.75,24.43000030517578,22.690000534057617,23.75
2016-09-30,436700,24.729999542236328,24.729999542236328,25.079999923706055,24.5,24.729999542236328
2016-09-29,757300,26.559999465942383,24.6299991607666,26.68000030517578,24.31999969482422,24.6299991607666
2016-09-28,561400,26.579999923706055,26.68000030517578,26.84000015258789,26.0,26.68000030517578
2016-09-27,627900,25.8799991607666,26.579999923706055,26.639999389648438,25.760000228881836,26.579999923706055
2016-09-26,486600,26.170000076293945,25.860000610351562,26.299999237060547,25.700000762939453,25.860000610351562
2016-09-23,511200,26.020000457763672,26.170000076293945,26.229999542236328,25.639999389648438,26.170000076293945
2016-09-22,736100,26.18000030517578,26.020000457763672,26.360000610351562,25.670000076293945,26.020000457763672
2016-09-21,694500,25.34000015258789,26.110000610351562,26.139999389648438,25.34000015258789,26.110000610351562
2016-09-20,652200,25.139999389648438,25.34000015258789,26.079999923706055,25.0,25.34000015258789
2016-09-19,1281200,25.469999313354492,24.90999984741211,26.299999237060547,24.829999923706055,24.90999984741211
2016-09-16,3535800,24.399999618530273,25.09000015258789,25.479999542236328,24.1200008392334,25.09000015258789
2016-09-15,1114700,22.649999618530273,24.200000762939453,24.209999084472656,22.549999237060547,24.200000762939453
2016-09-14,558600,22.34000015258789,22.56999969482422,22.68000030517578,22.229999542236328,22.56999969482422
2016-09-13,521800,22.59000015258789,22.18000030517578,22.75,21.84000015258789,22.18000030517578
2016-09-12,607000,21.510000228881836,22.549999237060547,22.579999923706055,20.799999237060547,22.549999237060547
2016-09-09,643900,22.489999771118164,21.700000762939453,22.59000015258789,21.700000762939453,21.700000762939453
2016-09-08,566700,22.59000015258789,22.649999618530273,22.780000686645508,22.3799991607666,22.649999618530273
2016-09-07,409500,22.190000534057617,22.510000228881836,22.6299991607666,22.020000457763672,22.510000228881836
2016-09-06,492800,22.110000610351562,22.190000534057617,22.600000381469727,21.799999237060547,22.190000534057617
2016-09-02,315100,22.09000015258789,21.969999313354492,22.09000015258789,21.700000762939453,21.969999313354492
2016-09-01,490600,21.469999313354492,22.030000686645508,22.1200008392334,21.3700008392334,22.030000686645508
2016-08-31,365300,21.899999618530273,21.3799991607666,21.969999313354492,21.170000076293945,21.3799991607666
2016-08-30,334500,21.780000686645508,21.8700008392334,22.139999389648438,21.639999389648438,21.8700008392334
2016-08-29,286600,22.09000015258789,21.829999923706055,22.09000015258789,21.469999313354492,21.829999923706055
2016-08-26,521500,21.459999084472656,22.06999969482422,22.110000610351562,21.3700008392334,22.06999969482422
2016-08-25,663100,21.860000610351562,21.350000381469727,22.25,20.920000076293945,21.350000381469727
2016-08-24,472200,22.809999465942383,21.860000610351562,23.18000030517578,21.729999542236328,21.860000610351562
2016-08-23,337900,22.280000686645508,22.75,22.84000015258789,22.18000030517578,22.75
2016-08-22,593300,22.280000686645508,22.239999771118164,22.469999313354492,22.09000015258789,22.239999771118164
2016-08-19,689100,22.09000015258789,22.1299991607666,22.68000030517578,21.8799991607666,22.1299991607666
2016-08-18,689400,22.049999237060547,22.09000015258789,22.18000030517578,21.68000030517578,22.09000015258789
2016-08-17,308000,22.459999084472656,22.110000610351562,22.940000534057617,22.030000686645508,22.110000610351562
2016-08-16,361300,22.600000381469727,22.299999237060547,22.809999465942383,22.260000228881836,22.299999237060547
2016-08-15,301100,22.690000534057617,22.700000762939453,23.030000686645508,22.579999923706055,22.700000762939453
2016-08-12,547800,23.280000686645508,22.68000030517578,23.309999465942383,22.579999923706055,22.68000030517578
2016-08-11,483200,22.780000686645508,23.350000381469727,23.479999542236328,22.530000686645508,23.350000381469727
2016-08-10,287200,23.290000915527344,22.729999542236328,23.329999923706055,22.56999969482422,22.729999542236328
2016-08-09,335700,22.959999084472656,23.18000030517578,23.420000076293945,22.75,23.18000030517578
2016-08-08,456800,23.06999969482422,23.200000762939453,23.399999618530273,22.90999984741211,23.200000762939453
2016-08-05,420200,22.510000228881836,23.110000610351562,23.219999313354492,22.260000228881836,23.110000610351562
2016-08-04,655600,23.440000534057617,22.31999969482422,23.5,22.290000915527344,22.31999969482422
2016-08-03,1126600,23.979999542236328,22.920000076293945,24.0,22.1299991607666,22.920000076293945
2016-08-02,577800,22.219999313354492,22.260000228881836,22.59000015258789,21.940000534057617,22.260000228881836
2016-08-01,668900,22.18000030517578,22.219999313354492,22.579999923706055,21.809999465942383,22.219999313354492
2016-07-29,742400,22.489999771118164,22.219999313354492,22.690000534057617,21.8799991607666,22.219999313354492
2016-07-28,500300,22.049999237060547,22.530000686645508,22.700000762939453,21.719999313354492,22.530000686645508
2016-07-27,370600,21.469999313354492,22.06999969482422,22.219999313354492,21.06999969482422,22.06999969482422
2016-07-26,240300,21.389999389648438,21.3700008392334,21.649999618530273,21.09000015258789,21.3700008392334
2016-07-25,447200,21.030000686645508,21.5,21.600000381469727,20.780000686645508,21.5
2016-07-22,211100,20.959999084472656,21.030000686645508,21.209999084472656,20.84000015258789,21.030000686645508
2016-07-21,465000,20.729999542236328,21.0,21.100000381469727,20.65999984741211,21.0
2016-07-20,444900,21.100000381469727,20.649999618530273,21.100000381469727,20.34000015258789,20.649999618530273
2016-07-19,405400,20.860000610351562,20.950000762939453,21.219999313354492,20.5,20.950000762939453
2016-07-18,978500,20.270000457763672,20.770000457763672,21.170000076293945,20.260000228881836,20.770000457763672
2016-07-15,328000,22.020000457763672,21.84000015258789,22.1299991607666,21.0,21.84000015258789
2016-07-14,352100,21.700000762939453,21.850000381469727,22.0,21.299999237060547,21.850000381469727
2016-07-13,343000,21.59000015258789,21.649999618530273,21.889999389648438,21.520000457763672,21.649999618530273
2016-07-12,476000,21.860000610351562,21.600000381469727,21.940000534057617,21.43000030517578,21.600000381469727
2016-07-11,321300,21.229999542236328,21.639999389648438,21.670000076293945,21.219999313354492,21.639999389648438
2016-07-08,516600,20.809999465942383,21.110000610351562,21.200000762939453,20.510000228881836,21.110000610351562
2016-07-07,936500,21.809999465942383,20.600000381469727,21.959999084472656,20.530000686645508,20.600000381469727
2016-07-06,595000,20.6200008392334,21.579999923706055,21.639999389648438,20.510000228881836,21.579999923706055
2016-07-05,360600,20.68000030517578,20.549999237060547,20.799999237060547,20.280000686645508,20.549999237060547
2016-07-01,323500,20.450000762939453,20.639999389648438,20.690000534057617,20.190000534057617,20.639999389648438
2016-06-30,972400,19.959999084472656,20.3700008392334,20.3799991607666,19.399999618530273,20.3700008392334
2016-06-29,572300,19.290000915527344,19.850000381469727,19.940000534057617,19.1200008392334,19.850000381469727
2016-06-28,425500,18.350000381469727,19.059999465942383,19.139999389648438,18.25,19.059999465942383
2016-06-27,606800,18.399999618530273,18.049999237060547,18.649999618530273,17.860000610351562,18.049999237060547
2016-06-24,2080000,18.350000381469727,18.440000534057617,18.860000610351562,17.93000030517578,18.440000534057617
2016-06-23,497800,19.100000381469727,19.1200008392334,19.15999984741211,18.610000610351562,19.1200008392334
2016-06-22,451800,18.280000686645508,18.8799991607666,19.209999084472656,18.280000686645508,18.8799991607666
2016-06-21,440900,18.34000015258789,18.34000015258789,18.399999618530273,17.8700008392334,18.34000015258789
2016-06-20,820300,17.93000030517578,18.309999465942383,18.6200008392334,17.510000228881836,18.309999465942383
2016-06-17,977400,18.440000534057617,17.81999969482422,18.959999084472656,17.760000228881836,17.81999969482422
2016-06-16,317200,18.450000762939453,18.520000457763672,18.610000610351562,18.219999313354492,18.520000457763672
2016-06-15,274500,18.690000534057617,18.56999969482422,18.93000030517578,18.280000686645508,18.56999969482422
2016-06-14,529100,18.739999771118164,18.549999237060547,18.969999313354492,18.270000457763672,18.549999237060547
2016-06-13,644700,19.3700008392334,18.700000762939453,19.639999389648438,18.579999923706055,18.700000762939453
2016-06-10,452000,19.350000381469727,19.389999389648438,19.670000076293945,19.0,19.389999389648438
2016-06-09,391100,19.110000610351562,19.610000610351562,19.81999969482422,19.110000610351562,19.610000610351562
2016-06-08,359000,19.600000381469727,19.610000610351562,19.829999923706055,19.309999465942383,19.610000610351562
2016-06-07,501200,19.540000915527344,19.600000381469727,19.739999771118164,19.200000762939453,19.600000381469727
2016-06-06,429800,19.5,19.649999618530273,19.850000381469727,19.270000457763672,19.649999618530273
2016-06-03,412700,19.739999771118164,19.530000686645508,19.860000610351562,19.31999969482422,19.530000686645508
2016-06-02,397800,19.719999313354492,19.739999771118164,19.969999313354492,19.479999542236328,19.739999771118164
2016-06-01,366400,19.440000534057617,19.6200008392334,19.700000762939453,19.09000015258789,19.6200008392334
2016-05-31,486400,19.15999984741211,19.510000228881836,19.68000030517578,18.979999542236328,19.510000228881836
2016-05-27,472700,18.850000381469727,19.149999618530273,19.440000534057617,18.809999465942383,19.149999618530273
2016-05-26,479300,19.049999237060547,18.780000686645508,19.270000457763672,18.56999969482422,18.780000686645508
2016-05-25,531400,18.899999618530273,18.969999313354492,19.100000381469727,18.549999237060547,18.969999313354492
2016-05-24,431200,18.440000534057617,18.850000381469727,18.93000030517578,18.40999984741211,18.850000381469727
2016-05-23,456800,18.09000015258789,18.40999984741211,18.540000915527344,17.979999542236328,18.40999984741211
2016-05-20,386500,17.559999465942383,17.969999313354492,18.079999923706055,17.389999389648438,17.969999313354492
2016-05-19,265700,17.209999084472656,17.56999969482422,17.65999984741211,17.0,17.56999969482422
2016-05-18,428700,17.610000610351562,17.40999984741211,17.850000381469727,17.290000915527344,17.40999984741211
2016-05-17,724900,17.799999237060547,17.75,18.020000457763672,17.510000228881836,17.75
2016-05-16,892100,17.25,17.670000076293945,17.760000228881836,16.610000610351562,17.670000076293945
2016-05-13,1027200,16.149999618530273,17.280000686645508,17.469999313354492,15.989999771118164,17.280000686645508
2016-05-12,577200,16.34000015258789,16.270000457763672,16.549999237060547,15.930000305175781,16.270000457763672
2016-05-11,479600,16.1299991607666,16.18000030517578,16.790000915527344,16.1299991607666,16.18000030517578
2016-05-10,447300,16.170000076293945,16.25,16.600000381469727,15.779999732971191,16.25
2016-05-09,479900,15.479999542236328,15.920000076293945,16.100000381469727,15.199999809265137,15.920000076293945
2016-05-06,1218100,15.619999885559082,15.119999885559082,16.0,14.140000343322754,15.119999885559082
2016-05-05,525800,16.06999969482422,15.630000114440918,16.239999771118164,15.489999771118164,15.630000114440918
2016-05-04,803100,15.84000015258789,15.899999618530273,16.049999237060547,15.279999732971191,15.899999618530273
2016-05-03,381000,16.770000457763672,16.540000915527344,16.93000030517578,16.43000030517578,16.540000915527344
2016-05-02,563800,17.15999984741211,16.8700008392334,17.15999984741211,16.34000015258789,16.8700008392334
2016-04-29,479100,17.020000457763672,17.15999984741211,17.200000762939453,16.799999237060547,17.15999984741211
2016-04-28,523500,17.06999969482422,17.170000076293945,17.489999771118164,16.81999969482422,17.170000076293945
2016-04-27,355700,17.170000076293945,17.079999923706055,17.389999389648438,16.8700008392334,17.079999923706055
2016-04-26,482200,17.559999465942383,17.209999084472656,17.56999969482422,16.8799991607666,17.209999084472656
2016-04-25,539900,17.81999969482422,17.549999237060547,17.90999984741211,17.309999465942383,17.549999237060547
2016-04-22,615600,17.219999313354492,17.809999465942383,17.81999969482422,17.219999313354492,17.809999465942383
2016-04-21,711300,16.5,17.15999984741211,17.170000076293945,16.40999984741211,17.15999984741211
2016-04-20,449000,16.40999984741211,16.579999923706055,16.790000915527344,16.239999771118164,16.579999923706055
2016-04-19,486600,17.030000686645508,16.299999237060547,17.100000381469727,15.989999771118164,16.299999237060547
2016-04-18,1074500,16.18000030517578,16.770000457763672,16.899999618530273,16.1200008392334,16.770000457763672
2016-04-15,402300,16.31999969482422,16.31999969482422,16.510000228881836,15.920000076293945,16.31999969482422
2016-04-14,282900,16.549999237060547,16.3700008392334,16.6299991607666,16.190000534057617,16.3700008392334
2016-04-13,698100,16.700000762939453,16.540000915527344,16.739999771118164,16.290000915527344,16.540000915527344
2016-04-12,438700,16.559999465942383,16.579999923706055,16.8700008392334,16.34000015258789,16.579999923706055
2016-04-11,546100,16.8799991607666,16.549999237060547,16.93000030517578,16.190000534057617,16.549999237060547
2016-04-08,476800,16.93000030517578,16.719999313354492,17.149999618530273,16.510000228881836,16.719999313354492
2016-04-07,799500,16.670000076293945,16.719999313354492,17.1200008392334,16.489999771118164,16.719999313354492
2016-04-06,549300,16.200000762939453,16.690000534057617,16.799999237060547,16.190000534057617,16.690000534057617
2016-04-05,495300,16.110000610351562,16.18000030517578,16.200000762939453,15.869999885559082,16.18000030517578
2016-04-04,689100,16.260000228881836,16.219999313354492,16.600000381469727,15.970000267028809,16.219999313354492
2016-04-01,848400,15.199999809265137,16.209999084472656,16.329999923706055,14.930000305175781,16.209999084472656
2016-03-31,897900,15.109999656677246,15.25,15.510000228881836,15.0,15.25
2016-03-30,637400,15.699999809265137,15.029999732971191,15.710000038146973,14.819999694824219,15.029999732971191
2016-03-29,1163700,14.020000457763672,15.470000267028809,15.510000228881836,13.920000076293945,15.470000267028809
2016-03-28,522300,14.5600004196167,14.119999885559082,14.630000114440918,13.930000305175781,14.119999885559082
2016-03-24,497900,14.670000076293945,14.399999618530273,14.770000457763672,14.15999984741211,14.399999618530273
2016-03-23,613400,15.020000457763672,14.670000076293945,15.220000267028809,14.670000076293945,14.670000076293945
2016-03-22,649300,14.720000267028809,15.0,15.109999656677246,14.619999885559082,15.0
2016-03-21,528800,14.0600004196167,14.720000267028809,14.75,14.020000457763672,14.720000267028809
2016-03-18,1240600,13.979999542236328,14.09000015258789,14.34000015258789,13.430000305175781,14.09000015258789
2016-03-17,730800,14.510000228881836,13.890000343322754,14.789999961853027,13.420000076293945,13.890000343322754
2016-03-16,342100,14.529999732971191,14.529999732971191,15.020000457763672,14.380000114440918,14.529999732971191
2016-03-15,676300,15.359999656677246,14.59000015258789,15.539999961853027,14.300000190734863,14.59000015258789
2016-03-14,575100,15.479999542236328,15.5,15.800000190734863,15.359999656677246,15.5
2016-03-11,782200,15.510000228881836,15.649999618530273,15.869999885559082,15.380000114440918,15.649999618530273
2016-03-10,1282900,15.4399995803833,15.369999885559082,15.989999771118164,15.229999542236328,15.369999885559082
2016-03-09,1381600,14.649999618530273,15.210000038146973,15.770000457763672,14.25,15.210000038146973
2016-03-08,1240300,14.8100004196167,14.649999618530273,15.15999984741211,14.600000381469727,14.649999618530273
2016-03-07,1238200,14.270000457763672,14.850000381469727,15.069999694824219,14.039999961853027,14.850000381469727
2016-03-04,1652900,14.0,14.380000114440918,14.75,13.59000015258789,14.380000114440918
2016-03-03,1551900,14.039999961853027,13.989999771118164,14.949999809265137,13.229999542236328,13.989999771118164
2016-03-02,753300,12.850000381469727,13.369999885559082,13.640000343322754,12.800000190734863,13.369999885559082
2016-03-01,879100,12.720000267028809,12.979999542236328,13.119999885559082,12.149999618530273,12.979999542236328
2016-02-29,765500,13.220000267028809,12.539999961853027,13.5,12.529999732971191,12.539999961853027
2016-02-26,447800,13.3100004196167,13.25,13.569999694824219,13.0,13.25
2016-02-25,515200,13.569999694824219,13.1899995803833,13.609999656677246,12.800000190734863,13.1899995803833
2016-02-24,397800,13.130000114440918,13.529999732971191,13.699999809265137,12.920000076293945,13.529999732971191
2016-02-23,437400,13.420000076293945,13.350000381469727,13.760000228881836,13.149999618530273,13.350000381469727
2016-02-22,589800,13.890000343322754,13.619999885559082,13.90999984741211,13.399999618530273,13.619999885559082
2016-02-19,562200,13.010000228881836,13.640000343322754,13.789999961853027,12.75,13.640000343322754
2016-02-18,598200,13.319999694824219,13.119999885559082,13.319999694824219,12.84000015258789,13.119999885559082
2016-02-17,567000,13.239999771118164,13.350000381469727,13.710000038146973,12.829999923706055,13.350000381469727
2016-02-16,559200,13.039999961853027,13.140000343322754,13.260000228881836,12.729999542236328,13.140000343322754
2016-02-12,640300,12.460000038146973,12.84000015258789,12.859999656677246,12.050000190734863,12.84000015258789
2016-02-11,614900,12.170000076293945,12.359999656677246,12.479999542236328,11.979999542236328,12.359999656677246
2016-02-10,911100,12.3100004196167,12.479999542236328,13.270000457763672,12.199999809265137,12.479999542236328
2016-02-09,1210800,12.15999984741211,12.130000114440918,12.9399995803833,11.829999923706055,12.130000114440918
2016-02-08,2999200,12.239999771118164,12.539999961853027,13.9399995803833,11.789999961853027,12.539999961853027
2016-02-05,4673800,10.079999923706055,12.130000114440918,14.59000015258789,9.510000228881836,12.130000114440918
2016-02-04,756200,10.520000457763672,10.130000114440918,10.789999961853027,9.829999923706055,10.130000114440918
2016-02-03,362200,10.84000015258789,10.600000381469727,10.84000015258789,10.100000381469727,10.600000381469727
2016-02-02,407300,11.119999885559082,10.729999542236328,11.119999885559082,10.600000381469727,10.729999542236328
2016-02-01,525300,11.229999542236328,11.270000457763672,11.600000381469727,10.779999732971191,11.270000457763672
2016-01-29,818900,10.5600004196167,11.34000015258789,11.5,10.420000076293945,11.34000015258789
2016-01-28,611600,11.15999984741211,10.600000381469727,11.25,10.319999694824219,10.600000381469727
2016-01-27,431800,11.699999809265137,11.039999961853027,11.979999542236328,10.789999961853027,11.039999961853027
2016-01-26,394200,11.970000267028809,11.75,12.010000228881836,11.319999694824219,11.75
2016-01-25,479700,12.350000381469727,11.920000076293945,12.850000381469727,11.869999885559082,11.920000076293945
2016-01-22,498000,12.020000457763672,12.470000267028809,12.489999771118164,11.75,12.470000267028809
2016-01-21,550000,12.270000457763672,11.75,12.489999771118164,11.729999542236328,11.75
2016-01-20,968400,10.920000076293945,12.289999961853027,12.579999923706055,10.75,12.289999961853027
2016-01-19,758300,11.520000457763672,11.140000343322754,11.850000381469727,10.890000343322754,11.140000343322754
2016-01-15,652000,10.920000076293945,11.289999961853027,11.329999923706055,10.470000267028809,11.289999961853027
2016-01-14,526100,11.069999694824219,11.34000015258789,11.529999732971191,10.460000038146973,11.34000015258789
2016-01-13,749000,11.34000015258789,10.869999885559082,11.760000228881836,10.710000038146973,10.869999885559082
2016-01-12,711600,11.489999771118164,11.479999542236328,11.819999694824219,11.1899995803833,11.479999542236328
2016-01-11,1581500,11.819999694824219,11.25,11.829999923706055,10.75,11.25
2016-01-08,930800,12.90999984741211,11.6899995803833,12.90999984741211,11.609999656677246,11.6899995803833
2016-01-07,819900,12.390000343322754,12.779999732971191,12.84000015258789,12.220000267028809,12.779999732971191
2016-01-06,614300,13.319999694824219,12.699999809265137,13.319999694824219,12.59000015258789,12.699999809265137
2016-01-05,596000,13.229999542236328,13.430000305175781,13.890000343322754,12.949999809265137,13.430000305175781
2016-01-04,766900,13.15999984741211,13.140000343322754,13.4399995803833,12.899999618530273,13.140000343322754
2015-12-31,623100,13.65999984741211,13.4399995803833,13.739999771118164,13.390000343322754,13.4399995803833
2015-12-30,345200,13.510000228881836,13.6899995803833,13.789999961853027,13.399999618530273,13.6899995803833
2015-12-29,802700,13.760000228881836,13.470000267028809,14.0,13.260000228881836,13.470000267028809
2015-12-28,714800,13.84000015258789,14.0,14.140000343322754,13.430000305175781,14.0
2015-12-24,223500,14.279999732971191,14.140000343322754,14.300000190734863,14.020000457763672,14.140000343322754
2015-12-23,531800,14.25,14.329999923706055,14.5,13.970000267028809,14.329999923706055
2015-12-22,519900,14.220000267028809,14.100000381469727,14.369999885559082,13.779999732971191,14.100000381469727
2015-12-21,563000,14.220000267028809,14.220000267028809,14.359999656677246,13.800000190734863,14.220000267028809
2015-12-18,1823000,13.729999542236328,14.130000114440918,14.4399995803833,13.0,14.130000114440918
2015-12-17,650600,13.8100004196167,13.84000015258789,14.0600004196167,13.359999656677246,13.84000015258789
2015-12-16,719700,13.489999771118164,13.649999618530273,13.789999961853027,13.270000457763672,13.649999618530273
2015-12-15,822800,12.930000305175781,13.25,13.40999984741211,12.890000343322754,13.25
2015-12-14,1032800,13.069999694824219,12.779999732971191,13.319999694824219,12.539999961853027,12.779999732971191
2015-12-11,1352600,14.0,13.170000076293945,14.1899995803833,12.949999809265137,13.170000076293945
2015-12-10,906100,14.630000114440918,14.239999771118164,14.859999656677246,14.140000343322754,14.239999771118164
2015-12-09,632600,14.800000190734863,14.59000015258789,14.899999618530273,14.300000190734863,14.59000015258789
2015-12-08,652100,14.050000190734863,14.819999694824219,14.9399995803833,14.010000228881836,14.819999694824219
2015-12-07,964200,14.649999618530273,14.4399995803833,14.850000381469727,14.119999885559082,14.4399995803833
2015-12-04,1990300,14.970000267028809,14.579999923706055,15.0,14.010000228881836,14.579999923706055
2015-12-03,627200,16.110000610351562,15.449999809265137,16.190000534057617,15.140000343322754,15.449999809265137
2015-12-02,560900,16.6299991607666,16.260000228881836,16.90999984741211,16.219999313354492,16.260000228881836
2015-12-01,593300,16.3700008392334,16.709999084472656,16.790000915527344,16.239999771118164,16.709999084472656
2015-11-30,500000,16.780000686645508,16.15999984741211,16.790000915527344,15.720000267028809,16.15999984741211
2015-11-27,245600,16.3799991607666,16.65999984741211,16.799999237060547,16.15999984741211,16.65999984741211
2015-11-25,542100,16.219999313354492,16.3700008392334,16.68000030517578,16.219999313354492,16.3700008392334
2015-11-24,840400,15.319999694824219,16.290000915527344,16.43000030517578,15.239999771118164,16.290000915527344
2015-11-23,1086500,15.579999923706055,15.329999923706055,15.84000015258789,15.140000343322754,15.329999923706055
2015-11-20,732800,15.970000267028809,15.449999809265137,15.970000267028809,15.4399995803833,15.449999809265137
2015-11-19,671900,16.6299991607666,15.970000267028809,16.6299991607666,15.789999961853027,15.970000267028809
2015-11-18,771000,16.700000762939453,16.510000228881836,16.799999237060547,16.149999618530273,16.510000228881836
2015-11-17,827500,16.010000228881836,16.68000030517578,16.850000381469727,15.9399995803833,16.68000030517578
2015-11-16,667300,16.09000015258789,16.110000610351562,16.399999618530273,15.84000015258789,16.110000610351562
2015-11-13,941300,16.260000228881836,16.200000762939453,16.81999969482422,15.970000267028809,16.200000762939453
2015-11-12,2574400,16.290000915527344,16.31999969482422,16.420000076293945,13.760000228881836,16.31999969482422
2015-11-11,624100,18.860000610351562,17.59000015258789,18.950000762939453,17.56999969482422,17.59000015258789
2015-11-10,667500,18.149999618530273,18.860000610351562,19.219999313354492,18.049999237060547,18.860000610351562
2015-11-09,667600,18.110000610351562,18.270000457763672,18.549999237060547,18.020000457763672,18.270000457763672
2015-11-06,602900,17.6200008392334,18.110000610351562,18.299999237060547,17.079999923706055,18.110000610351562
2015-11-05,632700,18.18000030517578,17.780000686645508,18.260000228881836,17.1200008392334,17.780000686645508
2015-11-04,1220100,18.8799991607666,18.260000228881836,20.389999389648438,17.780000686645508,18.260000228881836
2015-11-03,795000,17.290000915527344,17.780000686645508,18.219999313354492,16.850000381469727,17.780000686645508
2015-11-02,732300,16.5,17.219999313354492,17.549999237060547,16.440000534057617,17.219999313354492
2015-10-30,552200,16.600000381469727,16.5,17.06999969482422,16.209999084472656,16.5
2015-10-29,456600,16.889999389648438,16.530000686645508,17.600000381469727,16.469999313354492,16.530000686645508
2015-10-28,835100,16.049999237060547,16.90999984741211,17.139999389648438,15.600000381469727,16.90999984741211
2015-10-27,388400,15.680000305175781,15.699999809265137,16.059999465942383,15.420000076293945,15.699999809265137
2015-10-26,418200,15.880000114440918,15.59000015258789,16.360000610351562,15.359999656677246,15.59000015258789
2015-10-23,625600,15.4399995803833,15.970000267028809,16.31999969482422,15.399999618530273,15.970000267028809
2015-10-22,625900,15.859999656677246,15.270000457763672,15.859999656677246,14.800000190734863,15.270000457763672
2015-10-21,805100,15.8100004196167,15.8100004196167,16.049999237060547,15.050000190734863,15.8100004196167
2015-10-20,787600,17.40999984741211,15.789999961853027,17.459999084472656,15.640000343322754,15.789999961853027
2015-10-19,780300,16.270000457763672,17.3799991607666,17.799999237060547,16.010000228881836,17.3799991607666
2015-10-16,977600,16.309999465942383,16.309999465942383,16.450000762939453,15.770000457763672,16.309999465942383
2015-10-15,1432100,14.260000228881836,16.209999084472656,16.389999389648438,13.970000267028809,16.209999084472656
2015-10-14,645200,14.6899995803833,13.9399995803833,15.199999809265137,13.729999542236328,13.9399995803833
2015-10-13,970600,14.550000190734863,14.6899995803833,15.239999771118164,14.430000305175781,14.6899995803833
2015-10-12,664100,14.569999694824219,14.609999656677246,14.789999961853027,14.050000190734863,14.609999656677246
2015-10-09,496300,14.380000114440918,14.479999542236328,14.930000305175781,14.170000076293945,14.479999542236328
2015-10-08,802500,14.470000267028809,14.319999694824219,14.520000457763672,13.789999961853027,14.319999694824219
2015-10-07,1033600,13.819999694824219,14.470000267028809,14.6899995803833,13.170000076293945,14.470000267028809
2015-10-06,598100,14.90999984741211,13.770000457763672,15.09000015258789,13.5,13.770000457763672
2015-10-05,774500,15.449999809265137,15.010000228881836,15.579999923706055,14.579999923706055,15.010000228881836
2015-10-02,984500,13.989999771118164,15.329999923706055,15.649999618530273,13.859999656677246,15.329999923706055
2015-10-01,889900,14.199999809265137,14.149999618530273,14.359999656677246,13.529999732971191,14.149999618530273
2015-09-30,943700,14.0,14.029999732971191,14.180000305175781,13.430000305175781,14.029999732971191
2015-09-29,1447600,14.59000015258789,13.619999885559082,15.180000305175781,13.319999694824219,13.619999885559082
2015-09-28,1360300,16.559999465942383,14.510000228881836,16.739999771118164,14.140000343322754,14.510000228881836
2015-09-25,883200,18.3799991607666,16.56999969482422,18.40999984741211,16.290000915527344,16.56999969482422
2015-09-24,748200,19.059999465942383,18.209999084472656,19.1299991607666,17.690000534057617,18.209999084472656
2015-09-23,641400,19.40999984741211,19.170000076293945,19.6200008392334,19.079999923706055,19.170000076293945
2015-09-22,823700,18.959999084472656,19.270000457763672,20.079999923706055,18.75,19.270000457763672
2015-09-21,726700,21.3799991607666,19.450000762939453,21.3799991607666,19.31999969482422,19.450000762939453
2015-09-18,4079000,20.829999923706055,20.969999313354492,21.649999618530273,20.350000381469727,20.969999313354492
2015-09-17,1008600,20.3700008392334,21.139999389648438,21.31999969482422,20.15999984741211,21.139999389648438
2015-09-16,615000,20.299999237060547,20.450000762939453,20.520000457763672,19.649999618530273,20.450000762939453
2015-09-15,486800,20.209999084472656,20.219999313354492,20.5,20.030000686645508,20.219999313354492
2015-09-14,1139500,20.15999984741211,20.15999984741211,21.0,19.809999465942383,20.15999984741211
2015-09-11,687000,19.420000076293945,20.200000762939453,20.25,19.299999237060547,20.200000762939453
2015-09-10,657300,18.700000762939453,19.450000762939453,19.489999771118164,18.6200008392334,19.450000762939453
2015-09-09,870800,20.100000381469727,18.729999542236328,20.100000381469727,18.489999771118164,18.729999542236328
2015-09-08,632100,19.989999771118164,19.959999084472656,20.0,19.209999084472656,19.959999084472656
2015-09-04,691100,19.520000457763672,19.6200008392334,20.110000610351562,18.959999084472656,19.6200008392334
2015-09-03,972700,19.959999084472656,19.65999984741211,20.459999084472656,19.170000076293945,19.65999984741211
2015-09-02,1069400,19.049999237060547,19.75,19.770000457763672,18.229999542236328,19.75
2015-09-01,1455500,17.639999389648438,18.829999923706055,19.09000015258789,17.56999969482422,18.829999923706055
2015-08-31,795600,17.610000610351562,18.149999618530273,18.219999313354492,17.510000228881836,18.149999618530273
2015-08-28,681200,17.489999771118164,17.799999237060547,17.959999084472656,17.299999237060547,17.799999237060547
2015-08-27,816500,16.6299991607666,17.520000457763672,17.520000457763672,16.510000228881836,17.520000457763672
2015-08-26,661000,16.1200008392334,16.479999542236328,16.56999969482422,15.680000305175781,16.479999542236328
2015-08-25,802000,16.270000457763672,15.739999771118164,16.270000457763672,15.520000457763672,15.739999771118164
2015-08-24,838200,15.630000114440918,15.390000343322754,16.329999923706055,14.529999732971191,15.390000343322754
2015-08-21,911100,16.489999771118164,16.729999542236328,17.200000762939453,16.110000610351562,16.729999542236328
2015-08-20,779600,18.149999618530273,16.770000457763672,18.579999923706055,16.56999969482422,16.770000457763672
2015-08-19,866500,17.299999237060547,18.40999984741211,18.579999923706055,17.110000610351562,18.40999984741211
2015-08-18,615900,18.399999618530273,17.450000762939453,18.459999084472656,17.3799991607666,17.450000762939453
2015-08-17,695500,17.309999465942383,18.3700008392334,18.559999465942383,17.06999969482422,18.3700008392334
2015-08-14,888300,17.350000381469727,17.440000534057617,17.540000915527344,16.520000457763672,17.440000534057617
2015-08-13,524500,17.829999923706055,17.43000030517578,18.270000457763672,17.389999389648438,17.43000030517578
2015-08-12,588700,17.6299991607666,18.059999465942383,18.34000015258789,17.350000381469727,18.059999465942383
2015-08-11,641500,17.809999465942383,17.739999771118164,18.290000915527344,17.600000381469727,17.739999771118164
2015-08-10,765300,17.690000534057617,17.84000015258789,18.1299991607666,17.329999923706055,17.84000015258789
2015-08-07,1019300,18.399999618530273,17.600000381469727,18.59000015258789,16.8799991607666,17.600000381469727
2015-08-06,1134800,18.510000228881836,18.540000915527344,19.84000015258789,18.309999465942383,18.540000915527344
2015-08-05,2546100,22.34000015258789,19.219999313354492,23.299999237060547,19.010000228881836,19.219999313354492
2015-08-04,688000,21.190000534057617,21.260000228881836,21.510000228881836,21.0,21.260000228881836
2015-08-03,803600,21.34000015258789,21.100000381469727,22.06999969482422,20.6200008392334,21.100000381469727
2015-07-31,747200,20.520000457763672,21.209999084472656,21.540000915527344,20.360000610351562,21.209999084472656
2015-07-30,690100,20.309999465942383,20.399999618530273,20.75,19.600000381469727,20.399999618530273
2015-07-29,908700,21.290000915527344,20.450000762939453,21.5,20.079999923706055,20.450000762939453
2015-07-28,927600,20.18000030517578,21.190000534057617,21.239999771118164,19.93000030517578,21.190000534057617
2015-07-27,556300,20.030000686645508,20.020000457763672,20.290000915527344,19.649999618530273,20.020000457763672
2015-07-24,683700,19.8700008392334,20.110000610351562,20.450000762939453,19.780000686645508,20.110000610351562
2015-07-23,496700,20.149999618530273,19.979999542236328,20.59000015258789,19.860000610351562,19.979999542236328
2015-07-22,557600,19.68000030517578,20.1299991607666,20.1299991607666,19.43000030517578,20.1299991607666
2015-07-21,526400,19.600000381469727,19.8799991607666,19.889999389648438,19.209999084472656,19.8799991607666
2015-07-20,929600,20.270000457763672,19.530000686645508,20.8700008392334,19.170000076293945,19.530000686645508
2015-07-17,763000,20.0,20.149999618530273,20.559999465942383,19.65999984741211,20.149999618530273
2015-07-16,887400,19.329999923706055,20.0,20.6200008392334,19.299999237060547,20.0
2015-07-15,976000,19.15999984741211,19.200000762939453,19.829999923706055,19.079999923706055,19.200000762939453
2015-07-14,840100,19.040000915527344,19.1200008392334,19.239999771118164,18.68000030517578,19.1200008392334
2015-07-13,1531800,18.280000686645508,18.920000076293945,19.549999237060547,18.270000457763672,18.920000076293945
2015-07-10,1045700,16.489999771118164,18.06999969482422,18.200000762939453,16.40999984741211,18.06999969482422
2015-07-09,886100,17.350000381469727,16.809999465942383,17.6200008392334,16.739999771118164,16.809999465942383
2015-07-08,1419400,17.549999237060547,17.219999313354492,17.81999969482422,17.149999618530273,17.219999313354492
2015-07-07,1126500,17.239999771118164,17.65999984741211,17.850000381469727,16.979999542236328,17.65999984741211
2015-07-06,666000,16.59000015258789,17.299999237060547,17.360000610351562,16.40999984741211,17.299999237060547
2015-07-02,534200,17.010000228881836,16.75,17.049999237060547,16.670000076293945,16.75
2015-07-01,973700,17.1299991607666,16.959999084472656,17.479999542236328,16.809999465942383,16.959999084472656
2015-06-30,1017400,16.5,16.979999542236328,16.989999771118164,16.489999771118164,16.979999542236328
2015-06-29,628100,16.43000030517578,16.329999923706055,16.899999618530273,16.25,16.329999923706055
2015-06-26,1095600,16.959999084472656,16.649999618530273,17.040000915527344,16.5,16.649999618530273
2015-06-25,638600,16.920000076293945,17.010000228881836,17.200000762939453,16.780000686645508,17.010000228881836
2015-06-24,934700,16.65999984741211,16.8700008392334,17.219999313354492,16.510000228881836,16.8700008392334
2015-06-23,744900,16.700000762939453,16.739999771118164,16.790000915527344,16.350000381469727,16.739999771118164
2015-06-22,902700,16.530000686645508,16.760000228881836,16.799999237060547,16.299999237060547,16.760000228881836
2015-06-19,1387100,17.15999984741211,16.59000015258789,17.15999984741211,16.299999237060547,16.59000015258789
2015-06-18,4055100,16.469999313354492,17.09000015258789,17.440000534057617,16.0,17.09000015258789
2015-06-17,2303200,16.899999618530273,16.010000228881836,17.200000762939453,15.920000076293945,16.010000228881836
2015-06-16,3308700,16.530000686645508,16.899999618530273,17.420000076293945,15.609999656677246,16.899999618530273
2015-06-15,1608200,18.030000686645508,18.3700008392334,18.549999237060547,17.56999969482422,18.3700008392334
2015-06-12,3291500,16.579999923706055,18.100000381469727,18.329999923706055,16.3799991607666,18.100000381469727
2015-06-11,1386500,15.890000343322754,16.229999542236328,16.549999237060547,15.800000190734863,16.229999542236328
2015-06-10,4232500,16.049999237060547,15.899999618530273,16.239999771118164,15.529999732971191,15.899999618530273
2015-06-09,2243900,15.819999694824219,16.020000457763672,16.18000030517578,15.430000305175781,16.020000457763672
2015-06-08,1189400,15.399999618530273,15.699999809265137,15.930000305175781,15.390000343322754,15.699999809265137
2015-06-05,1850400,15.229999542236328,15.430000305175781,15.600000381469727,15.15999984741211,15.430000305175781
2015-06-04,834700,14.420000076293945,14.630000114440918,15.109999656677246,14.390000343322754,14.630000114440918
2015-06-03,797200,14.729999542236328,14.59000015258789,14.800000190734863,14.4399995803833,14.59000015258789
2015-06-02,1393700,14.039999961853027,14.539999961853027,14.8100004196167,13.880000114440918,14.539999961853027
2015-06-01,826600,14.380000114440918,14.0,14.460000038146973,13.510000228881836,14.0
2015-05-29,1246100,13.489999771118164,14.220000267028809,14.279999732971191,13.329999923706055,14.220000267028809
2015-05-28,648000,13.449999809265137,13.479999542236328,13.619999885559082,13.350000381469727,13.479999542236328
2015-05-27,891500,13.25,13.510000228881836,13.510000228881836,13.100000381469727,13.510000228881836
2015-05-26,610600,13.539999961853027,13.199999809265137,13.539999961853027,13.1899995803833,13.199999809265137
2015-05-22,860900,13.260000228881836,13.4399995803833,13.520000457763672,13.229999542236328,13.4399995803833
2015-05-21,3100900,13.180000305175781,13.260000228881836,13.5,13.0,13.260000228881836
2015-05-20,1009900,13.329999923706055,13.25,13.329999923706055,13.149999618530273,13.25
2015-05-19,465600,13.180000305175781,13.199999809265137,13.420000076293945,13.069999694824219,13.199999809265137
2015-05-18,645900,13.119999885559082,13.149999618530273,13.34000015258789,13.0,13.149999618530273
2015-05-15,334800,13.390000343322754,13.130000114440918,13.390000343322754,13.109999656677246,13.130000114440918
2015-05-14,1428700,13.329999923706055,13.420000076293945,13.5,13.149999618530273,13.420000076293945
2015-05-13,962800,13.319999694824219,13.25,13.4399995803833,13.09000015258789,13.25
2015-05-12,647800,13.109999656677246,13.229999542236328,13.449999809265137,13.010000228881836,13.229999542236328
2015-05-11,480800,13.220000267028809,13.15999984741211,13.369999885559082,13.050000190734863,13.15999984741211
2015-05-08,588300,13.220000267028809,13.170000076293945,13.34000015258789,12.720000267028809,13.170000076293945
2015-05-07,715900,12.430000305175781,13.0,13.270000457763672,12.319999694824219,13.0
2015-05-06,1126100,12.09000015258789,12.3100004196167,12.359999656677246,11.109999656677246,12.3100004196167
2015-05-05,491100,13.140000343322754,12.539999961853027,13.140000343322754,12.460000038146973,12.539999961853027
2015-05-04,683900,12.670000076293945,13.25,13.369999885559082,12.670000076293945,13.25
2015-05-01,685500,12.899999618530273,12.819999694824219,13.15999984741211,12.520000457763672,12.819999694824219
2015-04-30,697900,13.109999656677246,12.800000190734863,13.25,12.720000267028809,12.800000190734863
2015-04-29,562600,13.210000038146973,13.170000076293945,13.34000015258789,12.960000038146973,13.170000076293945
2015-04-28,475200,13.079999923706055,13.239999771118164,13.350000381469727,12.569999694824219,13.239999771118164
2015-04-27,993500,13.84000015258789,13.050000190734863,13.84000015258789,12.800000190734863,13.050000190734863
2015-04-24,295800,13.970000267028809,13.760000228881836,14.069999694824219,13.65999984741211,13.760000228881836
2015-04-23,304400,13.680000305175781,13.9399995803833,13.970000267028809,13.5,13.9399995803833
2015-04-22,301700,13.8100004196167,13.670000076293945,13.890000343322754,13.479999542236328,13.670000076293945
2015-04-21,576700,13.510000228881836,13.770000457763672,13.899999618530273,13.449999809265137,13.770000457763672
2015-04-20,482500,13.520000457763672,13.40999984741211,13.630000114440918,13.270000457763672,13.40999984741211
2015-04-17,573100,13.380000114440918,13.470000267028809,13.539999961853027,13.329999923706055,13.470000267028809
2015-04-16,692000,13.569999694824219,13.489999771118164,13.680000305175781,13.260000228881836,13.489999771118164
2015-04-15,494300,13.329999923706055,13.489999771118164,13.640000343322754,13.220000267028809,13.489999771118164
2015-04-14,568000,13.119999885559082,13.1899995803833,13.319999694824219,13.069999694824219,13.1899995803833
2015-04-13,698900,12.960000038146973,13.069999694824219,13.180000305175781,12.680000305175781,13.069999694824219
2015-04-10,855900,12.5600004196167,12.84000015258789,12.9399995803833,12.40999984741211,12.84000015258789
2015-04-09,326900,12.550000190734863,12.5,12.59000015258789,12.1899995803833,12.5
2015-04-08,444100,12.5,12.529999732971191,12.699999809265137,12.4399995803833,12.529999732971191
2015-04-07,678100,12.229999542236328,12.489999771118164,12.550000190734863,12.229999542236328,12.489999771118164
2015-04-06,292300,12.300000190734863,12.199999809265137,12.489999771118164,12.170000076293945,12.199999809265137
2015-04-02,637000,12.800000190734863,12.40999984741211,12.930000305175781,12.239999771118164,12.40999984741211
2015-04-01,1383700,12.100000381469727,12.760000228881836,13.039999961853027,11.84000015258789,12.760000228881836
2015-03-31,815100,11.720000267028809,12.09000015258789,12.380000114440918,11.529999732971191,12.09000015258789
2015-03-30,487400,11.899999618530273,11.760000228881836,12.239999771118164,11.640000343322754,11.760000228881836
2015-03-27,972100,11.369999885559082,11.779999732971191,11.850000381469727,11.319999694824219,11.779999732971191
2015-03-26,798400,10.420000076293945,11.319999694824219,11.4399995803833,10.279999732971191,11.319999694824219
2015-03-25,794700,11.680000305175781,10.670000076293945,11.890000343322754,10.600000381469727,10.670000076293945
2015-03-24,1642500,11.5,11.579999923706055,12.109999656677246,11.220000267028809,11.579999923706055
2015-03-23,460000,11.319999694824219,11.460000038146973,11.529999732971191,11.199999809265137,11.460000038146973
2015-03-20,609200,11.510000228881836,11.350000381469727,11.699999809265137,11.270000457763672,11.350000381469727
2015-03-19,740800,11.1899995803833,11.460000038146973,11.6899995803833,11.140000343322754,11.460000038146973
2015-03-18,407900,11.079999923706055,11.199999809265137,11.369999885559082,11.020000457763672,11.199999809265137
2015-03-17,561500,11.15999984741211,11.079999923706055,11.399999618530273,11.020000457763672,11.079999923706055
2015-03-16,846300,11.789999961853027,11.170000076293945,11.9399995803833,11.0600004196167,11.170000076293945
2015-03-13,1713800,11.40999984741211,11.770000457763672,11.829999923706055,11.229999542236328,11.770000457763672
2015-03-12,1560600,11.220000267028809,11.40999984741211,11.449999809265137,10.989999771118164,11.40999984741211
2015-03-11,4622600,10.479999542236328,11.0,11.399999618530273,10.399999618530273,11.0
2015-03-10,814700,9.829999923706055,9.930000305175781,9.979999542236328,9.65999984741211,9.930000305175781
2015-03-09,576000,9.760000228881836,9.899999618530273,9.930000305175781,9.520000457763672,9.899999618530273
2015-03-06,413900,9.819999694824219,9.789999961853027,10.0,9.529999732971191,9.789999961853027
2015-03-05,602500,9.5600004196167,9.890000343322754,9.989999771118164,9.470000267028809,9.890000343322754
2015-03-04,650100,9.069999694824219,9.460000038146973,9.770000457763672,9.050000190734863,9.460000038146973
2015-03-03,430000,9.210000038146973,9.130000114440918,9.350000381469727,9.0,9.130000114440918
2015-03-02,361900,9.0,9.260000228881836,9.380000114440918,8.899999618530273,9.260000228881836
2015-02-27,264200,9.210000038146973,8.989999771118164,9.210000038146973,8.800000190734863,8.989999771118164
2015-02-26,262200,9.300000190734863,9.180000305175781,9.359999656677246,9.149999618530273,9.180000305175781
2015-02-25,373100,8.84000015258789,9.34000015258789,9.350000381469727,8.630000114440918,9.34000015258789
2015-02-24,301000,8.710000038146973,8.800000190734863,8.930000305175781,8.680000305175781,8.800000190734863
2015-02-23,194100,8.670000076293945,8.75,8.84000015258789,8.59000015258789,8.75
2015-02-20,170800,8.609999656677246,8.670000076293945,8.739999771118164,8.5,8.670000076293945
2015-02-19,208100,8.829999923706055,8.59000015258789,8.890000343322754,8.579999923706055,8.59000015258789
2015-02-18,98700,8.739999771118164,8.819999694824219,8.920000076293945,8.609999656677246,8.819999694824219
2015-02-17,156400,8.829999923706055,8.739999771118164,9.039999961853027,8.640000343322754,8.739999771118164
2015-02-13,315700,8.59000015258789,8.800000190734863,8.899999618530273,8.399999618530273,8.800000190734863
2015-02-12,229100,8.550000190734863,8.579999923706055,8.609999656677246,8.319999694824219,8.579999923706055
2015-02-11,155500,8.630000114440918,8.510000228881836,8.760000228881836,8.430000305175781,8.510000228881836
2015-02-10,208100,8.449999809265137,8.640000343322754,8.800000190734863,8.430000305175781,8.640000343322754
2015-02-09,135800,8.5,8.369999885559082,8.75,8.359999656677246,8.369999885559082
2015-02-06,104000,8.779999732971191,8.5,8.789999961853027,8.5,8.5
2015-02-05,259100,8.520000457763672,8.760000228881836,8.829999923706055,8.520000457763672,8.760000228881836
2015-02-04,227500,8.510000228881836,8.470000267028809,8.579999923706055,8.199999809265137,8.470000267028809
2015-02-03,162900,8.4399995803833,8.569999694824219,8.619999885559082,8.279999732971191,8.569999694824219
2015-02-02,224200,8.510000228881836,8.4399995803833,8.569999694824219,8.300000190734863,8.4399995803833
2015-01-30,277000,8.789999961853027,8.5,8.949999809265137,8.449999809265137,8.5
2015-01-29,162300,8.65999984741211,8.819999694824219,8.869999885559082,8.600000381469727,8.819999694824219
2015-01-28,302900,8.65999984741211,8.670000076293945,8.859999656677246,8.550000190734863,8.670000076293945
2015-01-27,204000,8.369999885559082,8.630000114440918,8.75,8.369999885559082,8.630000114440918
2015-01-26,286700,8.609999656677246,8.479999542236328,8.770000457763672,8.359999656677246,8.479999542236328
2015-01-23,157900,8.529999732971191,8.569999694824219,8.680000305175781,8.460000038146973,8.569999694824219
2015-01-22,408000,8.520000457763672,8.539999961853027,8.739999771118164,8.25,8.539999961853027
2015-01-21,253800,8.9399995803833,8.520000457763672,9.140000343322754,8.479999542236328,8.520000457763672
2015-01-20,235900,9.149999618530273,9.0,9.199999809265137,8.859999656677246,9.0
2015-01-16,322200,8.699999809265137,9.039999961853027,9.100000381469727,8.699999809265137,9.039999961853027
2015-01-15,574900,8.970000267028809,8.680000305175781,9.25,8.5,8.680000305175781
2015-01-14,576800,8.680000305175781,8.979999542236328,9.199999809265137,8.680000305175781,8.979999542236328
2015-01-13,306400,8.800000190734863,8.75,9.020000457763672,8.699999809265137,8.75
2015-01-12,295300,8.739999771118164,8.710000038146973,9.020000457763672,8.579999923706055,8.710000038146973
2015-01-09,238000,8.729999542236328,8.760000228881836,8.970000267028809,8.520000457763672,8.760000228881836
2015-01-08,392400,8.449999809265137,8.720000267028809,8.819999694824219,8.390000343322754,8.720000267028809
2015-01-07,210700,8.220000267028809,8.40999984741211,8.539999961853027,8.130000114440918,8.40999984741211
2015-01-06,443000,8.220000267028809,8.180000305175781,8.449999809265137,7.96999979019165,8.180000305175781
2015-01-05,536900,8.180000305175781,8.220000267028809,8.40999984741211,8.050000190734863,8.220000267028809
2015-01-02,210700,8.369999885559082,8.220000267028809,8.430000305175781,8.170000076293945,8.220000267028809
2014-12-31,356300,8.149999618530273,8.300000190734863,8.449999809265137,8.149999618530273,8.300000190734863
2014-12-30,411700,8.3100004196167,8.140000343322754,8.369999885559082,8.050000190734863,8.140000343322754
2014-12-29,290200,8.680000305175781,8.350000381469727,8.720000267028809,8.220000267028809,8.350000381469727
2014-12-26,173200,8.520000457763672,8.649999618530273,8.65999984741211,8.449999809265137,8.649999618530273
2014-12-24,223200,8.359999656677246,8.520000457763672,8.699999809265137,8.34000015258789,8.520000457763672
2014-12-23,429900,8.880000114440918,8.369999885559082,8.899999618530273,8.34000015258789,8.369999885559082
2014-12-22,408900,8.960000038146973,8.859999656677246,9.050000190734863,8.779999732971191,8.859999656677246
2014-12-19,551500,8.920000076293945,8.90999984741211,8.989999771118164,8.800000190734863,8.90999984741211
2014-12-18,696600,8.829999923706055,8.9399995803833,9.039999961853027,8.75,8.9399995803833
2014-12-17,346100,8.720000267028809,8.739999771118164,8.779999732971191,8.649999618530273,8.739999771118164
2014-12-16,554800,8.619999885559082,8.720000267028809,8.8100004196167,8.59000015258789,8.720000267028809
2014-12-15,515200,8.75,8.640000343322754,8.859999656677246,8.609999656677246,8.640000343322754
2014-12-12,369100,8.600000381469727,8.720000267028809,8.84000015258789,8.529999732971191,8.720000267028809
2014-12-11,433100,8.710000038146973,8.699999809265137,8.9399995803833,8.609999656677246,8.699999809265137
2014-12-10,355800,8.789999961853027,8.720000267028809,8.84000015258789,8.710000038146973,8.720000267028809
2014-12-09,461300,8.75,8.800000190734863,8.899999618530273,8.630000114440918,8.800000190734863
2014-12-08,505900,8.9399995803833,8.829999923706055,9.020000457763672,8.529999732971191,8.829999923706055
2014-12-05,398600,8.949999809265137,8.949999809265137,9.109999656677246,8.899999618530273,8.949999809265137
2014-12-04,619500,9.210000038146973,8.899999618530273,9.4399995803833,8.869999885559082,8.899999618530273
2014-12-03,1106100,8.9399995803833,9.489999771118164,9.529999732971191,8.899999618530273,9.489999771118164
2014-12-02,347000,8.819999694824219,8.949999809265137,9.020000457763672,8.710000038146973,8.949999809265137
2014-12-01,199700,8.819999694824219,8.789999961853027,8.899999618530273,8.710000038146973,8.789999961853027
2014-11-28,140600,8.920000076293945,8.859999656677246,9.09000015258789,8.84000015258789,8.859999656677246
2014-11-26,179100,8.859999656677246,8.9399995803833,9.0,8.859999656677246,8.9399995803833
2014-11-25,331400,8.9399995803833,8.899999618530273,9.0,8.859999656677246,8.899999618530273
2014-11-24,663900,8.9399995803833,8.930000305175781,9.079999923706055,8.800000190734863,8.930000305175781
2014-11-21,431200,9.09000015258789,8.880000114440918,9.100000381469727,8.850000381469727,8.880000114440918
2014-11-20,594900,8.760000228881836,8.979999542236328,9.140000343322754,8.699999809265137,8.979999542236328
2014-11-19,326700,9.0,8.789999961853027,9.100000381469727,8.640000343322754,8.789999961853027
2014-11-18,880600,8.270000457763672,9.069999694824219,9.09000015258789,8.270000457763672,9.069999694824219
2014-11-17,262300,8.479999542236328,8.260000228881836,8.59000015258789,8.25,8.260000228881836
2014-11-14,363700,8.479999542236328,8.470000267028809,8.600000381469727,8.319999694824219,8.470000267028809
2014-11-13,435500,8.470000267028809,8.489999771118164,8.699999809265137,8.399999618530273,8.489999771118164
2014-11-12,1220600,8.470000267028809,8.399999618530273,8.619999885559082,8.119999885559082,8.399999618530273
2014-11-11,556600,8.069999694824219,7.909999847412109,8.15999984741211,7.809999942779541,7.909999847412109
2014-11-10,369200,7.849999904632568,8.069999694824219,8.199999809265137,7.739999771118164,8.069999694824219
2014-11-07,393700,8.029999732971191,7.840000152587891,8.029999732971191,7.639999866485596,7.840000152587891
2014-11-06,351800,7.889999866485596,8.020000457763672,8.09000015258789,7.78000020980835,8.020000457763672
2014-11-05,262700,7.889999866485596,7.860000133514404,8.170000076293945,7.760000228881836,7.860000133514404
2014-11-04,130800,7.849999904632568,7.829999923706055,7.909999847412109,7.78000020980835,7.829999923706055
2014-11-03,139400,8.069999694824219,7.900000095367432,8.069999694824219,7.849999904632568,7.900000095367432
2014-10-31,208600,8.239999771118164,8.029999732971191,8.279999732971191,7.960000038146973,8.029999732971191
2014-10-30,239100,7.639999866485596,8.050000190734863,8.130000114440918,7.630000114440918,8.050000190734863
2014-10-29,411200,7.880000114440918,7.699999809265137,8.079999923706055,7.539999961853027,7.699999809265137
2014-10-28,244100,7.610000133514404,7.849999904632568,7.889999866485596,7.460000038146973,7.849999904632568
2014-10-27,163800,7.460000038146973,7.579999923706055,7.619999885559082,7.309999942779541,7.579999923706055
2014-10-24,268200,7.460000038146973,7.510000228881836,7.630000114440918,7.420000076293945,7.510000228881836
2014-10-23,483100,7.96999979019165,7.489999771118164,8.130000114440918,7.449999809265137,7.489999771118164
2014-10-22,193600,7.820000171661377,7.840000152587891,7.989999771118164,7.679999828338623,7.840000152587891
2014-10-21,602300,7.840000152587891,7.800000190734863,7.920000076293945,7.340000152587891,7.800000190734863
2014-10-20,186700,7.849999904632568,7.789999961853027,8.039999961853027,7.739999771118164,7.789999961853027
2014-10-17,280600,8.479999542236328,7.880000114440918,8.479999542236328,7.849999904632568,7.880000114440918
2014-10-16,271200,8.029999732971191,8.390000343322754,8.449999809265137,8.029999732971191,8.390000343322754
2014-10-15,326700,7.679999828338623,8.15999984741211,8.180000305175781,7.53000020980835,8.15999984741211
2014-10-14,368900,8.029999732971191,7.789999961853027,8.199999809265137,7.679999828338623,7.789999961853027
2014-10-13,280000,8.15999984741211,7.929999828338623,8.319999694824219,7.900000095367432,7.929999828338623
2014-10-10,277400,8.390000343322754,8.170000076293945,8.529999732971191,8.15999984741211,8.170000076293945
2014-10-09,401500,8.350000381469727,8.40999984741211,8.449999809265137,8.229999542236328,8.40999984741211
2014-10-08,385000,8.279999732971191,8.380000114440918,8.399999618530273,8.0,8.380000114440918
2014-10-07,251700,8.520000457763672,8.300000190734863,8.5600004196167,8.300000190734863,8.300000190734863
2014-10-06,446500,8.760000228881836,8.600000381469727,8.869999885559082,8.479999542236328,8.600000381469727
2014-10-03,426700,8.6899995803833,8.729999542236328,8.989999771118164,8.539999961853027,8.729999542236328
2014-10-02,402300,8.350000381469727,8.579999923706055,8.649999618530273,8.239999771118164,8.579999923706055
2014-10-01,368600,8.729999542236328,8.369999885559082,8.729999542236328,8.260000228881836,8.369999885559082
2014-09-30,548300,8.850000381469727,8.6899995803833,8.850000381469727,8.619999885559082,8.6899995803833
2014-09-29,714400,8.210000038146973,8.84000015258789,8.850000381469727,8.199999809265137,8.84000015258789
2014-09-26,390000,8.34000015258789,8.3100004196167,8.380000114440918,8.149999618530273,8.3100004196167
2014-09-25,367400,8.399999618530273,8.300000190734863,8.520000457763672,8.180000305175781,8.300000190734863
2014-09-24,529700,8.25,8.399999618530273,8.430000305175781,8.140000343322754,8.399999618530273
2014-09-23,696700,8.300000190734863,8.25,8.5600004196167,8.109999656677246,8.25
2014-09-22,281300,8.149999618530273,7.989999771118164,8.149999618530273,7.980000019073486,7.989999771118164
2014-09-19,472800,8.430000305175781,8.1899995803833,8.479999542236328,8.149999618530273,8.1899995803833
2014-09-18,236300,8.4399995803833,8.40999984741211,8.550000190734863,8.390000343322754,8.40999984741211
2014-09-17,291600,8.239999771118164,8.430000305175781,8.609999656677246,8.239999771118164,8.430000305175781
2014-09-16,248800,8.130000114440918,8.25,8.289999961853027,7.940000057220459,8.25
2014-09-15,251600,8.25,8.130000114440918,8.399999618530273,8.100000381469727,8.130000114440918
2014-09-12,426500,8.529999732971191,8.279999732971191,8.529999732971191,8.15999984741211,8.279999732971191
2014-09-11,254300,8.65999984741211,8.529999732971191,8.770000457763672,8.449999809265137,8.529999732971191
2014-09-10,618800,8.59000015258789,8.75,8.899999618530273,8.489999771118164,8.75
2014-09-09,242200,8.460000038146973,8.430000305175781,8.550000190734863,8.399999618530273,8.430000305175781
2014-09-08,277900,8.369999885559082,8.449999809265137,8.489999771118164,8.329999923706055,8.449999809265137
2014-09-05,316100,8.380000114440918,8.399999618530273,8.430000305175781,8.25,8.399999618530273
2014-09-04,559100,8.779999732971191,8.359999656677246,8.859999656677246,8.350000381469727,8.359999656677246
2014-09-03,365900,8.949999809265137,8.739999771118164,9.069999694824219,8.699999809265137,8.739999771118164
2014-09-02,440200,9.109999656677246,8.9399995803833,9.180000305175781,8.869999885559082,8.9399995803833
2014-08-29,457500,8.829999923706055,9.0600004196167,9.09000015258789,8.800000190734863,9.0600004196167
2014-08-28,646300,8.9399995803833,8.8100004196167,9.039999961853027,8.779999732971191,8.8100004196167
2014-08-27,203100,8.949999809265137,8.960000038146973,9.050000190734863,8.890000343322754,8.960000038146973
2014-08-26,712400,8.850000381469727,8.960000038146973,9.199999809265137,8.850000381469727,8.960000038146973
2014-08-25,368200,9.069999694824219,8.850000381469727,9.100000381469727,8.800000190734863,8.850000381469727
2014-08-22,442000,8.59000015258789,8.989999771118164,9.039999961853027,8.489999771118164,8.989999771118164
2014-08-21,349800,8.949999809265137,8.59000015258789,9.010000228881836,8.5600004196167,8.59000015258789
2014-08-20,351700,8.899999618530273,8.850000381469727,9.020000457763672,8.84000015258789,8.850000381469727
2014-08-19,521800,9.0,8.960000038146973,9.09000015258789,8.859999656677246,8.960000038146973
2014-08-18,487200,9.039999961853027,9.010000228881836,9.210000038146973,8.920000076293945,9.010000228881836
2014-08-15,675200,9.40999984741211,9.0,9.600000381469727,8.880000114440918,9.0
2014-08-14,717400,9.6899995803833,9.300000190734863,9.779999732971191,9.229999542236328,9.300000190734863
2014-08-13,665300,9.119999885559082,9.390000343322754,9.5,8.9399995803833,9.390000343322754
2014-08-12,1177500,9.5,9.069999694824219,9.510000228881836,8.760000228881836,9.069999694824219
2014-08-11,484700,8.520000457763672,8.329999923706055,8.600000381469727,8.09000015258789,8.329999923706055
2014-08-08,352800,8.170000076293945,8.479999542236328,8.5,8.09000015258789,8.479999542236328
2014-08-07,503100,8.390000343322754,8.149999618530273,8.550000190734863,8.109999656677246,8.149999618530273
2014-08-06,228400,8.359999656677246,8.359999656677246,8.539999961853027,8.279999732971191,8.359999656677246
2014-08-05,279100,8.539999961853027,8.430000305175781,8.710000038146973,8.289999961853027,8.430000305175781
2014-08-04,232100,8.609999656677246,8.579999923706055,8.84000015258789,8.420000076293945,8.579999923706055
2014-08-01,214600,8.640000343322754,8.5600004196167,8.819999694824219,8.380000114440918,8.5600004196167
2014-07-31,255900,8.9399995803833,8.65999984741211,9.0,8.600000381469727,8.65999984741211
2014-07-30,214600,8.920000076293945,9.0600004196167,9.119999885559082,8.850000381469727,9.0600004196167
2014-07-29,220200,8.970000267028809,8.850000381469727,9.039999961853027,8.779999732971191,8.850000381469727
2014-07-28,331100,8.920000076293945,8.970000267028809,9.09000015258789,8.720000267028809,8.970000267028809
2014-07-25,320800,9.149999618530273,8.9399995803833,9.289999961853027,8.920000076293945,8.9399995803833
2014-07-24,220700,9.25,9.180000305175781,9.539999961853027,9.119999885559082,9.180000305175781
2014-07-23,1710300,9.199999809265137,9.229999542236328,9.289999961853027,9.0,9.229999542236328
2014-07-22,426200,9.199999809265137,9.119999885559082,9.329999923706055,9.09000015258789,9.119999885559082
2014-07-21,634300,9.199999809265137,9.199999809265137,9.239999771118164,9.069999694824219,9.199999809265137
2014-07-18,474300,9.25,9.25,9.359999656677246,9.15999984741211,9.25
2014-07-17,537400,9.479999542236328,9.279999732971191,9.729999542236328,9.229999542236328,9.279999732971191
2014-07-16,639100,10.25,9.5,10.25,9.449999809265137,9.5
2014-07-15,387400,10.720000267028809,10.069999694824219,10.84000015258789,10.050000190734863,10.069999694824219
2014-07-14,281900,10.649999618530273,10.760000228881836,10.960000038146973,10.5,10.760000228881836
2014-07-11,155600,10.600000381469727,10.520000457763672,10.989999771118164,10.4399995803833,10.520000457763672
2014-07-10,222900,10.460000038146973,10.640000343322754,11.029999732971191,10.4399995803833,10.640000343322754
2014-07-09,246000,10.699999809265137,10.779999732971191,10.819999694824219,10.449999809265137,10.779999732971191
2014-07-08,494000,10.510000228881836,10.699999809265137,10.850000381469727,10.229999542236328,10.699999809265137
2014-07-07,298400,11.020000457763672,10.380000114440918,11.170000076293945,10.350000381469727,10.380000114440918
2014-07-03,177400,11.199999809265137,11.109999656677246,11.199999809265137,10.890000343322754,11.109999656677246
2014-07-02,779300,11.420000076293945,11.130000114440918,11.470000267028809,11.0600004196167,11.130000114440918
2014-07-01,448300,10.949999809265137,10.989999771118164,11.15999984741211,10.829999923706055,10.989999771118164
2014-06-30,459000,10.8100004196167,10.949999809265137,11.199999809265137,10.8100004196167,10.949999809265137
2014-06-27,1601100,10.5600004196167,10.850000381469727,10.9399995803833,10.489999771118164,10.850000381469727
2014-06-26,270700,10.65999984741211,10.640000343322754,10.800000190734863,10.600000381469727,10.640000343322754
2014-06-25,401700,10.470000267028809,10.65999984741211,10.789999961853027,10.3100004196167,10.65999984741211
2014-06-24,543200,10.729999542236328,10.539999961853027,10.90999984741211,10.4399995803833,10.539999961853027
2014-06-23,365300,10.760000228881836,10.739999771118164,10.989999771118164,10.600000381469727,10.739999771118164
2014-06-20,530200,10.640000343322754,10.720000267028809,10.729999542236328,10.569999694824219,10.720000267028809
2014-06-19,227400,10.75,10.579999923706055,10.75,10.399999618530273,10.579999923706055
2014-06-18,438900,10.65999984741211,10.720000267028809,10.850000381469727,10.460000038146973,10.720000267028809
2014-06-17,614500,10.489999771118164,10.6899995803833,10.9399995803833,10.329999923706055,10.6899995803833
2014-06-16,699600,10.3100004196167,10.460000038146973,10.680000305175781,9.989999771118164,10.460000038146973
2014-06-13,847500,9.890000343322754,10.229999542236328,10.40999984741211,9.729999542236328,10.229999542236328
2014-06-12,346200,9.710000038146973,9.829999923706055,9.970000267028809,9.649999618530273,9.829999923706055
2014-06-11,264100,9.640000343322754,9.720000267028809,9.890000343322754,9.479999542236328,9.720000267028809
2014-06-10,240300,9.520000457763672,9.729999542236328,9.739999771118164,9.479999542236328,9.729999542236328
2014-06-09,277800,9.350000381469727,9.5600004196167,9.630000114440918,9.279999732971191,9.5600004196167
2014-06-06,235600,9.210000038146973,9.319999694824219,9.350000381469727,9.140000343322754,9.319999694824219
2014-06-05,260900,8.979999542236328,9.199999809265137,9.260000228881836,8.899999618530273,9.199999809265137
2014-06-04,491000,8.5600004196167,8.989999771118164,9.09000015258789,8.5600004196167,8.989999771118164
2014-06-03,431900,8.65999984741211,8.609999656677246,8.850000381469727,8.5,8.609999656677246
2014-06-02,271100,8.970000267028809,8.710000038146973,8.970000267028809,8.569999694824219,8.710000038146973
2014-05-30,439000,8.829999923706055,8.90999984741211,8.970000267028809,8.819999694824219,8.90999984741211
2014-05-29,453400,8.619999885559082,8.880000114440918,9.0,8.619999885559082,8.880000114440918
2014-05-28,228900,8.670000076293945,8.630000114440918,8.779999732971191,8.430000305175781,8.630000114440918
2014-05-27,609400,8.739999771118164,8.649999618530273,8.9399995803833,8.550000190734863,8.649999618530273
2014-05-23,560400,8.539999961853027,8.699999809265137,8.960000038146973,8.449999809265137,8.699999809265137
2014-05-22,519700,8.829999923706055,8.520000457763672,8.890000343322754,8.5,8.520000457763672
2014-05-21,642400,8.800000190734863,8.75,9.15999984741211,8.739999771118164,8.75
2014-05-20,673400,8.489999771118164,8.829999923706055,9.039999961853027,8.229999542236328,8.829999923706055
2014-05-19,882700,8.170000076293945,8.489999771118164,8.760000228881836,8.119999885559082,8.489999771118164
2014-05-16,590900,8.0,8.229999542236328,8.329999923706055,7.929999828338623,8.229999542236328
2014-05-15,402000,7.949999809265137,8.0600004196167,8.079999923706055,7.5,8.0600004196167
2014-05-14,621000,7.599999904632568,7.940000057220459,8.0600004196167,7.579999923706055,7.940000057220459
2014-05-13,381300,7.320000171661377,7.800000190734863,7.869999885559082,7.090000152587891,7.800000190734863
2014-05-12,410600,7.800000190734863,7.570000171661377,7.960000038146973,7.510000228881836,7.570000171661377
2014-05-09,422300,7.199999809265137,7.730000019073486,7.800000190734863,7.150000095367432,7.730000019073486
2014-05-08,236100,7.639999866485596,7.320000171661377,7.789999961853027,7.300000190734863,7.320000171661377
2014-05-07,282700,7.679999828338623,7.630000114440918,7.760000228881836,7.409999847412109,7.630000114440918
2014-05-06,192400,7.940000057220459,7.699999809265137,7.989999771118164,7.659999847412109,7.699999809265137
2014-05-05,272000,7.940000057220459,7.980000019073486,8.039999961853027,7.820000171661377,7.980000019073486
2014-05-02,239900,8.15999984741211,8.0,8.15999984741211,7.989999771118164,8.0
2014-05-01,299300,8.15999984741211,8.170000076293945,8.380000114440918,8.010000228881836,8.170000076293945
2014-04-30,500900,7.519999980926514,8.210000038146973,8.210000038146973,7.420000076293945,8.210000038146973
2014-04-29,414700,7.579999923706055,7.570000171661377,7.820000171661377,7.460000038146973,7.570000171661377
2014-04-28,422300,7.670000076293945,7.570000171661377,7.760000228881836,7.260000228881836,7.570000171661377
2014-04-25,311500,7.940000057220459,7.679999828338623,7.940000057220459,7.670000076293945,7.679999828338623
2014-04-24,323200,8.140000343322754,8.0,8.140000343322754,7.730000019073486,8.0
2014-04-23,522900,8.34000015258789,8.0600004196167,8.460000038146973,7.880000114440918,8.0600004196167
2014-04-22,532200,8.579999923706055,8.380000114440918,8.859999656677246,8.34000015258789,8.380000114440918
2014-04-21,340400,8.260000228881836,8.609999656677246,8.630000114440918,8.15999984741211,8.609999656677246
2014-04-17,253400,8.140000343322754,8.260000228881836,8.479999542236328,8.020000457763672,8.260000228881836
2014-04-16,255300,7.949999809265137,8.1899995803833,8.210000038146973,7.769999980926514,8.1899995803833
2014-04-15,454800,7.809999942779541,7.920000076293945,7.920000076293945,7.28000020980835,7.920000076293945
2014-04-14,343200,8.0,7.809999942779541,8.1899995803833,7.630000114440918,7.809999942779541
2014-04-11,694200,8.390000343322754,7.929999828338623,8.5600004196167,7.820000171661377,7.929999828338623
2014-04-10,344600,8.880000114440918,8.470000267028809,9.010000228881836,8.350000381469727,8.470000267028809
2014-04-09,339300,8.770000457763672,8.859999656677246,9.050000190734863,8.770000457763672,8.859999656677246
2014-04-08,479900,8.949999809265137,8.770000457763672,9.0600004196167,8.6899995803833,8.770000457763672
2014-04-07,651100,9.270000457763672,8.84000015258789,9.479999542236328,8.789999961853027,8.84000015258789
2014-04-04,505900,9.640000343322754,9.319999694824219,9.680000305175781,9.100000381469727,9.319999694824219
2014-04-03,611300,9.720000267028809,9.5600004196167,9.760000228881836,9.239999771118164,9.5600004196167
2014-04-02,642000,9.609999656677246,9.760000228881836,9.890000343322754,9.550000190734863,9.760000228881836
2014-04-01,774400,8.960000038146973,9.550000190734863,9.649999618530273,8.84000015258789,9.550000190734863
2014-03-31,838800,8.600000381469727,8.9399995803833,9.09000015258789,8.579999923706055,8.9399995803833
2014-03-28,688900,8.470000267028809,8.550000190734863,8.760000228881836,8.40999984741211,8.550000190734863
2014-03-27,485600,8.529999732971191,8.5,8.800000190734863,8.300000190734863,8.5
2014-03-26,536200,8.720000267028809,8.489999771118164,8.8100004196167,8.449999809265137,8.489999771118164
2014-03-25,485800,8.649999618530273,8.640000343322754,8.989999771118164,8.399999618530273,8.640000343322754
2014-03-24,701400,9.15999984741211,8.630000114440918,9.15999984741211,8.539999961853027,8.630000114440918
2014-03-21,427300,9.609999656677246,9.109999656677246,9.65999984741211,9.109999656677246,9.109999656677246
2014-03-20,365600,9.680000305175781,9.609999656677246,9.880000114440918,9.550000190734863,9.609999656677246
2014-03-19,448200,9.979999542236328,9.739999771118164,10.100000381469727,9.649999618530273,9.739999771118164
2014-03-18,652600,9.9399995803833,10.010000228881836,10.109999656677246,9.800000190734863,10.010000228881836
2014-03-17,454900,10.170000076293945,9.899999618530273,10.210000038146973,9.770000457763672,9.899999618530273
2014-03-14,977100,9.90999984741211,10.069999694824219,10.15999984741211,9.6899995803833,10.069999694824219
2014-03-13,1294200,9.210000038146973,9.760000228881836,10.100000381469727,8.850000381469727,9.760000228881836
2014-03-12,1014300,8.829999923706055,9.149999618530273,9.380000114440918,8.529999732971191,9.149999618530273
2014-03-11,376300,9.1899995803833,8.890000343322754,9.34000015258789,8.850000381469727,8.890000343322754
2014-03-10,379200,9.180000305175781,9.199999809265137,9.369999885559082,9.069999694824219,9.199999809265137
2014-03-07,1647300,9.760000228881836,9.180000305175781,9.920000076293945,8.899999618530273,9.180000305175781
2014-03-06,307300,10.020000457763672,9.739999771118164,10.119999885559082,9.65999984741211,9.739999771118164
2014-03-05,823800,10.270000457763672,10.020000457763672,10.550000190734863,9.9399995803833,10.020000457763672
2014-03-04,829600,10.130000114440918,10.25,10.520000457763672,10.119999885559082,10.25
2014-03-03,310100,9.979999542236328,10.050000190734863,10.1899995803833,9.630000114440918,10.050000190734863
2014-02-28,405200,10.279999732971191,10.039999961853027,10.300000190734863,10.0,10.039999961853027
2014-02-27,806600,9.9399995803833,10.260000228881836,10.350000381469727,9.890000343322754,10.260000228881836
2014-02-26,255300,9.989999771118164,9.979999542236328,10.149999618530273,9.84000015258789,9.979999542236328
2014-02-25,844400,9.899999618530273,10.010000228881836,10.199999809265137,9.899999618530273,10.010000228881836
2014-02-24,546600,9.989999771118164,9.930000305175781,10.050000190734863,9.850000381469727,9.930000305175781
2014-02-21,332500,9.369999885559082,9.84000015258789,9.869999885559082,9.369999885559082,9.84000015258789
2014-02-20,338100,9.109999656677246,9.390000343322754,9.470000267028809,9.050000190734863,9.390000343322754
2014-02-19,306800,9.15999984741211,9.140000343322754,9.34000015258789,9.130000114440918,9.140000343322754
2014-02-18,395400,9.0,9.1899995803833,9.260000228881836,8.979999542236328,9.1899995803833
2014-02-14,354100,9.210000038146973,9.0,9.239999771118164,8.800000190734863,9.0
2014-02-13,438000,9.239999771118164,9.210000038146973,9.270000457763672,9.109999656677246,9.210000038146973
2014-02-12,281500,9.25,9.229999542236328,9.390000343322754,9.180000305175781,9.229999542236328
2014-02-11,464300,9.229999542236328,9.270000457763672,9.40999984741211,9.130000114440918,9.270000457763672
2014-02-10,601800,9.4399995803833,9.229999542236328,9.6899995803833,9.100000381469727,9.229999542236328
2014-02-07,503200,9.1899995803833,9.460000038146973,9.489999771118164,9.130000114440918,9.460000038146973
2014-02-06,416100,9.529999732971191,9.199999809265137,9.579999923706055,9.1899995803833,9.199999809265137
2014-02-05,239400,9.449999809265137,9.489999771118164,9.520000457763672,9.289999961853027,9.489999771118164
2014-02-04,247500,9.40999984741211,9.479999542236328,9.520000457763672,9.260000228881836,9.479999542236328
2014-02-03,308000,10.0,9.40999984741211,10.020000457763672,9.369999885559082,9.40999984741211
2014-01-31,461900,9.680000305175781,9.770000457763672,9.869999885559082,9.5,9.770000457763672
2014-01-30,693800,9.960000038146973,9.789999961853027,10.199999809265137,9.720000267028809,9.789999961853027
2014-01-29,980400,9.699999809265137,9.949999809265137,10.119999885559082,9.25,9.949999809265137
2014-01-28,458300,9.479999542236328,9.739999771118164,9.800000190734863,9.319999694824219,9.739999771118164
2014-01-27,1135600,9.25,9.4399995803833,10.050000190734863,8.899999618530273,9.4399995803833
2014-01-24,530800,9.510000228881836,9.140000343322754,9.649999618530273,9.09000015258789,9.140000343322754
2014-01-23,433200,9.579999923706055,9.5600004196167,9.609999656677246,9.25,9.5600004196167
2014-01-22,1453700,9.220000267028809,9.640000343322754,9.75,9.15999984741211,9.640000343322754
2014-01-21,1126300,8.479999542236328,9.239999771118164,9.399999618530273,8.420000076293945,9.239999771118164
2014-01-17,334100,8.399999618530273,8.470000267028809,8.479999542236328,8.1899995803833,8.470000267028809
2014-01-16,325400,8.260000228881836,8.399999618530273,8.420000076293945,8.25,8.399999618530273
2014-01-15,286000,8.239999771118164,8.300000190734863,8.350000381469727,8.15999984741211,8.300000190734863
2014-01-14,532200,8.039999961853027,8.220000267028809,8.300000190734863,8.039999961853027,8.220000267028809
2014-01-13,492300,8.329999923706055,8.039999961853027,8.510000228881836,8.0,8.039999961853027
2014-01-10,448400,8.220000267028809,8.380000114440918,8.399999618530273,8.100000381469727,8.380000114440918
2014-01-09,407000,8.270000457763672,8.1899995803833,8.399999618530273,8.109999656677246,8.1899995803833
2014-01-08,426100,8.149999618530273,8.3100004196167,8.34000015258789,8.109999656677246,8.3100004196167
2014-01-07,376800,8.1899995803833,8.199999809265137,8.289999961853027,8.149999618530273,8.199999809265137
2014-01-06,484000,8.1899995803833,8.109999656677246,8.1899995803833,7.900000095367432,8.109999656677246
2014-01-03,755900,8.0,8.050000190734863,8.1899995803833,7.710000038146973,8.050000190734863
2014-01-02,559700,7.510000228881836,7.650000095367432,7.75,7.360000133514404,7.650000095367432
2013-12-31,540000,7.699999809265137,7.539999961853027,7.730000019073486,7.5,7.539999961853027
2013-12-30,501000,7.960000038146973,7.75,8.039999961853027,7.659999847412109,7.75
2013-12-27,902900,7.949999809265137,7.960000038146973,8.100000381469727,7.550000190734863,7.960000038146973
2013-12-26,1527400,8.359999656677246,7.949999809265137,8.359999656677246,7.659999847412109,7.949999809265137
2013-12-24,6644900,8.819999694824219,8.380000114440918,9.050000190734863,8.119999885559082,8.380000114440918
2013-12-23,776800,6.849999904632568,7.400000095367432,7.449999809265137,6.849999904632568,7.400000095367432
2013-12-20,526000,6.789999961853027,6.849999904632568,6.949999809265137,6.699999809265137,6.849999904632568
2013-12-19,335800,6.880000114440918,6.75,6.900000095367432,6.519999980926514,6.75
2013-12-18,327200,7.03000020980835,6.869999885559082,7.139999866485596,6.820000171661377,6.869999885559082
2013-12-17,265500,6.840000152587891,6.989999771118164,7.03000020980835,6.699999809265137,6.989999771118164
2013-12-16,265200,6.650000095367432,6.820000171661377,6.960000038146973,6.650000095367432,6.820000171661377
2013-12-13,294700,6.630000114440918,6.659999847412109,6.800000190734863,6.559999942779541,6.659999847412109
2013-12-12,287700,6.769999980926514,6.650000095367432,6.820000171661377,6.619999885559082,6.650000095367432
2013-12-11,296600,7.010000228881836,6.769999980926514,7.070000171661377,6.760000228881836,6.769999980926514
2013-12-10,243500,6.980000019073486,6.989999771118164,7.050000190734863,6.829999923706055,6.989999771118164
2013-12-09,210700,7.210000038146973,7.0,7.25,6.989999771118164,7.0
2013-12-06,417600,7.269999980926514,7.230000019073486,7.5,7.139999866485596,7.230000019073486
2013-12-05,510400,7.110000133514404,7.269999980926514,7.309999942779541,6.920000076293945,7.269999980926514
2013-12-04,619900,6.829999923706055,7.139999866485596,7.289999961853027,6.769999980926514,7.139999866485596
2013-12-03,418100,7.039999961853027,6.949999809265137,7.099999904632568,6.869999885559082,6.949999809265137
2013-12-02,347400,7.25,7.059999942779541,7.25,7.03000020980835,7.059999942779541
2013-11-29,496700,7.150000095367432,7.230000019073486,7.349999904632568,7.039999961853027,7.230000019073486
2013-11-27,433200,7.179999828338623,7.150000095367432,7.210000038146973,7.039999961853027,7.150000095367432
2013-11-26,582900,7.25,7.170000076293945,7.400000095367432,7.110000133514404,7.170000076293945
2013-11-25,658200,6.949999809265137,7.210000038146973,7.28000020980835,6.880000114440918,7.210000038146973
2013-11-22,321200,7.050000190734863,6.949999809265137,7.150000095367432,6.860000133514404,6.949999809265137
2013-11-21,364900,7.0,7.070000171661377,7.079999923706055,6.889999866485596,7.070000171661377
2013-11-20,1255600,6.829999923706055,6.949999809265137,7.03000020980835,6.78000020980835,6.949999809265137
2013-11-19,265800,6.929999828338623,6.840000152587891,7.059999942779541,6.75,6.840000152587891
2013-11-18,303700,7.150000095367432,6.920000076293945,7.179999828338623,6.860000133514404,6.920000076293945
2013-11-15,576800,7.050000190734863,7.119999885559082,7.239999771118164,7.0,7.119999885559082
2013-11-14,884200,7.440000057220459,7.090000152587891,7.489999771118164,6.869999885559082,7.090000152587891
2013-11-13,1299500,6.579999923706055,7.5,7.5,6.5,7.5
2013-11-12,559300,6.849999904632568,6.900000095367432,7.019999980926514,6.650000095367432,6.900000095367432
2013-11-11,468900,6.960000038146973,6.849999904632568,7.039999961853027,6.670000076293945,6.849999904632568
2013-11-08,746100,6.679999828338623,6.980000019073486,7.0,6.5,6.980000019073486
2013-11-07,606500,6.699999809265137,6.699999809265137,6.789999961853027,6.519999980926514,6.699999809265137
2013-11-06,2735300,6.880000114440918,6.659999847412109,6.989999771118164,6.119999885559082,6.659999847412109
2013-11-05,317800,6.849999904632568,6.880000114440918,7.0,6.699999809265137,6.880000114440918
2013-11-04,462200,7.070000171661377,6.880000114440918,7.179999828338623,6.760000228881836,6.880000114440918
2013-11-01,364400,7.159999847412109,7.010000228881836,7.199999809265137,6.820000171661377,7.010000228881836
2013-10-31,455500,6.840000152587891,7.070000171661377,7.099999904632568,6.619999885559082,7.070000171661377
2013-10-30,615000,7.179999828338623,6.860000133514404,7.210000038146973,6.760000228881836,6.860000133514404
2013-10-29,514800,6.610000133514404,6.679999828338623,6.880000114440918,6.559999942779541,6.679999828338623
2013-10-28,227100,6.440000057220459,6.599999904632568,6.639999866485596,6.309999942779541,6.599999904632568
2013-10-25,323700,6.440000057220459,6.449999809265137,6.5,6.260000228881836,6.449999809265137
2013-10-24,517500,6.090000152587891,6.420000076293945,6.449999809265137,6.050000190734863,6.420000076293945
2013-10-23,587500,6.150000095367432,6.050000190734863,6.300000190734863,5.949999809265137,6.050000190734863
2013-10-22,734200,6.360000133514404,6.170000076293945,6.360000133514404,5.840000152587891,6.170000076293945
2013-10-21,472100,6.670000076293945,6.369999885559082,6.670000076293945,6.25,6.369999885559082
2013-10-18,326800,6.579999923706055,6.690000057220459,6.71999979019165,6.440000057220459,6.690000057220459
2013-10-17,398300,6.840000152587891,6.550000190734863,6.840000152587891,6.460000038146973,6.550000190734863
2013-10-16,270600,6.71999979019165,6.699999809265137,6.889999866485596,6.690000057220459,6.699999809265137
2013-10-15,323400,6.920000076293945,6.71999979019165,7.050000190734863,6.710000038146973,6.71999979019165
2013-10-14,359700,6.949999809265137,6.920000076293945,6.980000019073486,6.800000190734863,6.920000076293945
2013-10-11,367100,7.070000171661377,6.960000038146973,7.070000171661377,6.869999885559082,6.960000038146973
2013-10-10,284200,7.019999980926514,7.059999942779541,7.159999847412109,6.929999828338623,7.059999942779541
2013-10-09,551100,7.190000057220459,6.989999771118164,7.25,6.96999979019165,6.989999771118164
2013-10-08,389100,7.25,7.210000038146973,7.349999904632568,7.03000020980835,7.210000038146973
2013-10-07,198300,7.21999979019165,7.230000019073486,7.360000133514404,7.150000095367432,7.230000019073486
2013-10-04,222200,7.079999923706055,7.25,7.320000171661377,7.079999923706055,7.25
2013-10-03,256000,7.019999980926514,7.099999904632568,7.130000114440918,6.860000133514404,7.099999904632568
2013-10-02,486900,7.309999942779541,7.03000020980835,7.389999866485596,6.989999771118164,7.03000020980835
2013-10-01,285000,7.329999923706055,7.340000152587891,7.429999828338623,7.139999866485596,7.340000152587891
2013-09-30,438100,7.420000076293945,7.329999923706055,7.449999809265137,7.170000076293945,7.329999923706055
2013-09-27,501000,7.460000038146973,7.449999809265137,7.590000152587891,7.309999942779541,7.449999809265137
2013-09-26,668500,7.449999809265137,7.460000038146973,7.599999904632568,7.320000171661377,7.460000038146973
2013-09-25,1440100,7.150000095367432,7.409999847412109,7.699999809265137,7.130000114440918,7.409999847412109
2013-09-24,603600,7.019999980926514,7.130000114440918,7.21999979019165,6.800000190734863,7.130000114440918
2013-09-23,725400,6.860000133514404,7.010000228881836,7.039999961853027,6.860000133514404,7.010000228881836
2013-09-20,1194200,6.849999904632568,6.849999904632568,7.03000020980835,6.599999904632568,6.849999904632568
2013-09-19,754300,6.559999942779541,6.869999885559082,6.900000095367432,6.550000190734863,6.869999885559082
2013-09-18,546000,6.5,6.579999923706055,6.659999847412109,6.449999809265137,6.579999923706055
2013-09-17,350200,6.559999942779541,6.489999771118164,6.639999866485596,6.46999979019165,6.489999771118164
2013-09-16,288500,6.599999904632568,6.559999942779541,6.710000038146973,6.510000228881836,6.559999942779541
2013-09-13,235500,6.610000133514404,6.619999885559082,6.679999828338623,6.550000190734863,6.619999885559082
2013-09-12,202400,6.690000057220459,6.579999923706055,6.840000152587891,6.559999942779541,6.579999923706055
2013-09-11,451200,6.710000038146973,6.650000095367432,6.75,6.599999904632568,6.650000095367432
2013-09-10,390800,6.880000114440918,6.71999979019165,7.0,6.630000114440918,6.71999979019165
2013-09-09,410700,6.670000076293945,6.829999923706055,6.900000095367432,6.599999904632568,6.829999923706055
2013-09-06,188500,6.690000057220459,6.670000076293945,6.710000038146973,6.599999904632568,6.670000076293945
2013-09-05,403900,6.510000228881836,6.650000095367432,6.699999809265137,6.449999809265137,6.650000095367432
2013-09-04,506100,6.599999904632568,6.53000020980835,6.639999866485596,6.400000095367432,6.53000020980835
2013-09-03,432900,6.690000057220459,6.630000114440918,6.71999979019165,6.599999904632568,6.630000114440918
2013-08-30,484900,6.650000095367432,6.619999885559082,6.670000076293945,6.46999979019165,6.619999885559082
2013-08-29,626000,6.690000057220459,6.610000133514404,6.789999961853027,6.5,6.610000133514404
2013-08-28,514500,6.690000057220459,6.71999979019165,6.860000133514404,6.690000057220459,6.71999979019165
2013-08-27,713300,6.849999904632568,6.710000038146973,6.960000038146973,6.659999847412109,6.710000038146973
2013-08-26,630900,7.0,6.920000076293945,7.079999923706055,6.869999885559082,6.920000076293945
2013-08-23,979100,6.849999904632568,6.989999771118164,7.050000190734863,6.809999942779541,6.989999771118164
2013-08-22,429200,6.690000057220459,6.659999847412109,6.75,6.630000114440918,6.659999847412109
2013-08-21,1279400,6.880000114440918,6.710000038146973,6.889999866485596,6.510000228881836,6.710000038146973
2013-08-20,1968400,6.949999809265137,6.730000019073486,7.199999809265137,6.610000133514404,6.730000019073486
2013-08-19,11208700,8.380000114440918,6.900000095367432,8.399999618530273,6.789999961853027,6.900000095367432
2013-08-16,166700,6.659999847412109,6.639999866485596,6.789999961853027,6.599999904632568,6.639999866485596
2013-08-15,206300,6.869999885559082,6.650000095367432,6.869999885559082,6.579999923706055,6.650000095367432
2013-08-14,894800,6.360000133514404,6.920000076293945,7.389999866485596,6.099999904632568,6.920000076293945
2013-08-13,152100,6.519999980926514,6.239999771118164,6.539999961853027,6.210000038146973,6.239999771118164
2013-08-12,119100,6.570000171661377,6.480000019073486,6.630000114440918,6.409999847412109,6.480000019073486
2013-08-09,137100,6.599999904632568,6.5,6.610000133514404,6.460000038146973,6.5
2013-08-08,277200,6.559999942779541,6.610000133514404,6.739999771118164,6.400000095367432,6.610000133514404
2013-08-07,470800,6.599999904632568,6.579999923706055,6.679999828338623,6.550000190734863,6.579999923706055
2013-08-06,199200,6.699999809265137,6.619999885559082,6.710000038146973,6.460000038146973,6.619999885559082
2013-08-05,91400,6.659999847412109,6.690000057220459,6.699999809265137,6.590000152587891,6.690000057220459
2013-08-02,218400,6.78000020980835,6.630000114440918,6.869999885559082,6.550000190734863,6.630000114440918
2013-08-01,303600,6.869999885559082,6.809999942779541,6.920000076293945,6.75,6.809999942779541
2013-07-31,658300,6.75,6.849999904632568,6.900000095367432,6.690000057220459,6.849999904632568
2013-07-30,636500,6.900000095367432,6.75,7.079999923706055,6.690000057220459,6.75
2013-07-29,200000,6.820000171661377,6.869999885559082,7.179999828338623,6.699999809265137,6.869999885559082
2013-07-26,338000,7.050000190734863,6.840000152587891,7.090000152587891,6.820000171661377,6.840000152587891
2013-07-25,361500,6.829999923706055,6.949999809265137,7.099999904632568,6.78000020980835,6.949999809265137
2013-07-24,280400,6.570000171661377,6.829999923706055,6.849999904632568,6.550000190734863,6.829999923706055
2013-07-23,91000,6.559999942779541,6.539999961853027,6.570000171661377,6.480000019073486,6.539999961853027
2013-07-22,103700,6.46999979019165,6.539999961853027,6.570000171661377,6.389999866485596,6.539999961853027
2013-07-19,182700,6.599999904632568,6.510000228881836,6.71999979019165,6.460000038146973,6.510000228881836
2013-07-18,346300,6.5,6.590000152587891,6.670000076293945,6.449999809265137,6.590000152587891
2013-07-17,153300,6.539999961853027,6.519999980926514,6.590000152587891,6.46999979019165,6.519999980926514
2013-07-16,136200,6.5,6.539999961853027,6.610000133514404,6.429999828338623,6.539999961853027
2013-07-15,222100,6.550000190734863,6.539999961853027,6.639999866485596,6.400000095367432,6.539999961853027
2013-07-12,564100,6.610000133514404,6.53000020980835,6.800000190734863,6.349999904632568,6.53000020980835
2013-07-11,419300,6.710000038146973,6.599999904632568,6.710000038146973,6.349999904632568,6.599999904632568
2013-07-10,171500,6.380000114440918,6.659999847412109,6.710000038146973,6.320000171661377,6.659999847412109
2013-07-09,82500,6.510000228881836,6.429999828338623,6.510000228881836,6.320000171661377,6.429999828338623
2013-07-08,117100,6.659999847412109,6.5,6.71999979019165,6.480000019073486,6.5
2013-07-05,77200,6.730000019073486,6.679999828338623,6.739999771118164,6.550000190734863,6.679999828338623
2013-07-03,64700,6.550000190734863,6.639999866485596,6.639999866485596,6.449999809265137,6.639999866485596
2013-07-02,139700,6.489999771118164,6.579999923706055,6.690000057220459,6.380000114440918,6.579999923706055
2013-07-01,162400,6.429999828338623,6.400000095367432,6.510000228881836,6.309999942779541,6.400000095367432
2013-06-28,1377800,6.400000095367432,6.429999828338623,6.480000019073486,6.320000171661377,6.429999828338623
2013-06-27,201100,6.269999980926514,6.369999885559082,6.380000114440918,6.159999847412109,6.369999885559082
2013-06-26,188700,6.409999847412109,6.269999980926514,6.409999847412109,6.190000057220459,6.269999980926514
2013-06-25,142800,6.5,6.400000095367432,6.5,6.239999771118164,6.400000095367432
2013-06-24,209500,6.480000019073486,6.510000228881836,6.510000228881836,6.170000076293945,6.510000228881836
2013-06-21,409100,6.5,6.440000057220459,6.539999961853027,6.099999904632568,6.440000057220459
2013-06-20,323500,6.630000114440918,6.440000057220459,6.639999866485596,6.269999980926514,6.440000057220459
2013-06-19,154300,6.639999866485596,6.710000038146973,6.78000020980835,6.590000152587891,6.710000038146973
2013-06-18,354900,6.610000133514404,6.670000076293945,6.78000020980835,6.5,6.670000076293945
2013-06-17,234200,6.480000019073486,6.650000095367432,6.690000057220459,6.269999980926514,6.650000095367432
2013-06-14,144400,6.429999828338623,6.309999942779541,6.449999809265137,6.300000190734863,6.309999942779541
2013-06-13,151200,6.53000020980835,6.480000019073486,6.619999885559082,6.400000095367432,6.480000019073486
2013-06-12,344800,6.800000190734863,6.579999923706055,6.829999923706055,6.510000228881836,6.579999923706055
2013-06-11,142000,6.800000190734863,6.800000190734863,6.860000133514404,6.75,6.800000190734863
2013-06-10,516700,7.199999809265137,6.849999904632568,7.199999809265137,6.619999885559082,6.849999904632568
2013-06-07,242900,6.849999904632568,6.820000171661377,6.949999809265137,6.75,6.820000171661377
2013-06-06,311000,6.900000095367432,6.789999961853027,6.989999771118164,6.699999809265137,6.789999961853027
2013-06-05,468300,7.059999942779541,6.960000038146973,7.079999923706055,6.659999847412109,6.960000038146973
2013-06-04,1036200,6.96999979019165,7.090000152587891,7.090000152587891,6.949999809265137,7.090000152587891
2013-06-03,288900,6.949999809265137,7.0,7.090000152587891,6.900000095367432,7.0
2013-05-31,817100,6.949999809265137,6.909999847412109,6.949999809265137,6.710000038146973,6.909999847412109
2013-05-30,394000,7.0,6.900000095367432,7.099999904632568,6.75,6.900000095367432
2013-05-29,694900,6.809999942779541,6.96999979019165,7.019999980926514,6.800000190734863,6.96999979019165
2013-05-28,1865500,6.949999809265137,6.869999885559082,7.079999923706055,6.75,6.869999885559082
2013-05-24,900000,6.639999866485596,6.860000133514404,6.900000095367432,6.559999942779541,6.860000133514404
2013-05-23,1116000,6.5,6.650000095367432,6.659999847412109,6.199999809265137,6.650000095367432
2013-05-22,3643100,6.340000152587891,6.599999904632568,7.079999923706055,6.260000228881836,6.599999904632568
2013-05-21,728400,6.21999979019165,6.300000190734863,6.449999809265137,6.159999847412109,6.300000190734863
2013-05-20,1306200,6.099999904632568,6.260000228881836,6.429999828338623,6.039999961853027,6.260000228881836
2013-05-17,927600,6.039999961853027,6.0,6.090000152587891,5.809999942779541,6.0
2013-05-16,996900,5.480000019073486,5.840000152587891,5.949999809265137,5.440000057220459,5.840000152587891
2013-05-15,1516400,5.340000152587891,5.480000019073486,5.880000114440918,5.340000152587891,5.480000019073486
2013-05-14,1534900,5.199999809265137,5.389999866485596,5.440000057220459,4.940000057220459,5.389999866485596
2013-05-13,659900,5.090000152587891,5.119999885559082,5.289999961853027,4.960000038146973,5.119999885559082
2013-05-10,440500,5.170000076293945,4.900000095367432,5.230000019073486,4.849999904632568,4.900000095367432
2013-05-09,381700,5.349999904632568,5.150000095367432,5.449999809265137,5.130000114440918,5.150000095367432
2013-05-08,645500,5.429999828338623,5.400000095367432,5.489999771118164,5.119999885559082,5.400000095367432
2013-05-07,1051400,5.550000190734863,5.5,5.679999828338623,5.159999847412109,5.5
2013-05-06,848100,5.309999942779541,5.119999885559082,5.360000133514404,5.03000020980835,5.119999885559082
2013-05-03,1299500,5.349999904632568,5.150000095367432,5.349999904632568,5.010000228881836,5.150000095367432
2013-05-02,124100,5.0,5.090000152587891,5.130000114440918,5.0,5.090000152587891
2013-05-01,152800,5.090000152587891,4.989999771118164,5.150000095367432,4.920000076293945,4.989999771118164
2013-04-30,333300,5.150000095367432,5.139999866485596,5.170000076293945,5.0,5.139999866485596
2013-04-29,700200,5.050000190734863,5.150000095367432,5.150000095367432,4.949999809265137,5.150000095367432
2013-04-26,2245800,4.679999828338623,4.949999809265137,5.059999942779541,4.610000133514404,4.949999809265137
2013-04-25,1934300,4.5,4.510000228881836,4.869999885559082,4.449999809265137,4.510000228881836
2013-04-24,59600,5.230000019073486,5.190000057220459,5.230000019073486,5.119999885559082,5.190000057220459
2013-04-23,176300,5.199999809265137,5.230000019073486,5.269999980926514,5.110000133514404,5.230000019073486
2013-04-22,178200,5.300000190734863,5.199999809265137,5.300000190734863,5.150000095367432,5.199999809265137
2013-04-19,111400,5.320000171661377,5.300000190734863,5.329999923706055,5.090000152587891,5.300000190734863
2013-04-18,170600,5.199999809265137,5.260000228881836,5.300000190734863,5.090000152587891,5.260000228881836
2013-04-17,232300,5.28000020980835,5.199999809265137,5.349999904632568,5.090000152587891,5.199999809265137
2013-04-16,110500,5.329999923706055,5.320000171661377,5.329999923706055,5.090000152587891,5.320000171661377
2013-04-15,142100,5.289999961853027,5.269999980926514,5.369999885559082,5.179999828338623,5.269999980926514
2013-04-12,247800,5.340000152587891,5.349999904632568,5.46999979019165,5.21999979019165,5.349999904632568
2013-04-11,150700,5.320000171661377,5.400000095367432,5.420000076293945,5.230000019073486,5.400000095367432
2013-04-10,216700,5.340000152587891,5.349999904632568,5.369999885559082,5.289999961853027,5.349999904632568
2013-04-09,210500,5.400000095367432,5.340000152587891,5.510000228881836,5.269999980926514,5.340000152587891
2013-04-08,96900,5.449999809265137,5.409999847412109,5.5,5.050000190734863,5.409999847412109
2013-04-05,117100,5.0,5.449999809265137,5.510000228881836,5.0,5.449999809265137
2013-04-04,105300,5.139999866485596,5.059999942779541,5.21999979019165,5.0,5.059999942779541
2013-04-03,108700,5.320000171661377,5.170000076293945,5.389999866485596,5.110000133514404,5.170000076293945
2013-04-02,54700,5.340000152587891,5.329999923706055,5.460000038146973,5.300000190734863,5.329999923706055
2013-04-01,155200,5.650000095367432,5.340000152587891,5.650000095367432,5.269999980926514,5.340000152587891
2013-03-28,140400,5.599999904632568,5.619999885559082,5.789999961853027,5.429999828338623,5.619999885559082
2013-03-27,170500,5.71999979019165,5.619999885559082,5.840000152587891,5.480000019073486,5.619999885559082
2013-03-26,533900,5.860000133514404,5.559999942779541,5.920000076293945,5.309999942779541,5.559999942779541
2013-03-25,614500,5.869999885559082,5.880000114440918,6.289999961853027,5.800000190734863,5.880000114440918
2013-03-22,547000,5.53000020980835,5.820000171661377,5.900000095367432,5.449999809265137,5.820000171661377
2013-03-21,375900,5.5,5.550000190734863,5.699999809265137,5.360000133514404,5.550000190734863
2013-03-20,589100,5.159999847412109,5.5,5.610000133514404,5.010000228881836,5.5
2013-03-19,745400,5.050000190734863,4.989999771118164,5.239999771118164,4.900000095367432,4.989999771118164
2013-03-18,1118300,5.699999809265137,5.0,5.699999809265137,4.96999979019165,5.0
2013-03-15,1313200,6.809999942779541,5.539999961853027,7.039999961853027,5.519999980926514,5.539999961853027
2013-03-14,201700,7.139999866485596,6.900000095367432,7.210000038146973,6.769999980926514,6.900000095367432
2013-03-13,64500,7.349999904632568,7.159999847412109,7.349999904632568,7.110000133514404,7.159999847412109
2013-03-12,124100,7.630000114440918,7.329999923706055,7.659999847412109,7.150000095367432,7.329999923706055
2013-03-11,251900,7.809999942779541,7.659999847412109,7.989999771118164,7.559999942779541,7.659999847412109
2013-03-08,380200,7.880000114440918,7.849999904632568,8.0600004196167,7.75,7.849999904632568
2013-03-07,207300,7.730000019073486,7.869999885559082,7.869999885559082,7.610000133514404,7.869999885559082
2013-03-06,115200,7.699999809265137,7.78000020980835,7.809999942779541,7.599999904632568,7.78000020980835
2013-03-05,259600,7.710000038146973,7.730000019073486,7.880000114440918,7.610000133514404,7.730000019073486
2013-03-04,36800,7.400000095367432,7.480000019073486,7.650000095367432,7.380000114440918,7.480000019073486
2013-03-01,89900,7.579999923706055,7.449999809265137,7.579999923706055,7.409999847412109,7.449999809265137
2013-02-28,68000,7.590000152587891,7.659999847412109,7.699999809265137,7.570000171661377,7.659999847412109
2013-02-27,235200,7.519999980926514,7.650000095367432,7.789999961853027,7.440000057220459,7.650000095367432
2013-02-26,135000,7.46999979019165,7.519999980926514,7.53000020980835,7.320000171661377,7.519999980926514
2013-02-25,203200,7.380000114440918,7.46999979019165,7.539999961853027,7.309999942779541,7.46999979019165
2013-02-22,362700,7.420000076293945,7.400000095367432,7.630000114440918,7.300000190734863,7.400000095367432
2013-02-21,210900,7.480000019073486,7.389999866485596,7.489999771118164,7.369999885559082,7.389999866485596
2013-02-20,231700,7.460000038146973,7.460000038146973,7.519999980926514,7.420000076293945,7.460000038146973
2013-02-19,336400,7.449999809265137,7.460000038146973,7.539999961853027,7.400000095367432,7.460000038146973
2013-02-15,77500,7.440000057220459,7.5,7.679999828338623,7.440000057220459,7.5
2013-02-14,99800,7.480000019073486,7.559999942779541,7.610000133514404,7.309999942779541,7.559999942779541
2013-02-13,253800,7.53000020980835,7.519999980926514,7.679999828338623,7.460000038146973,7.519999980926514
2013-02-12,351200,7.510000228881836,7.519999980926514,7.650000095367432,7.380000114440918,7.519999980926514
2013-02-11,171000,7.449999809265137,7.650000095367432,7.679999828338623,7.380000114440918,7.650000095367432
2013-02-08,60400,7.610000133514404,7.46999979019165,7.659999847412109,7.449999809265137,7.46999979019165
2013-02-07,96000,7.840000152587891,7.619999885559082,7.880000114440918,7.619999885559082,7.619999885559082
2013-02-06,117100,7.800000190734863,7.889999866485596,7.989999771118164,7.78000020980835,7.889999866485596
2013-02-05,116800,7.849999904632568,7.900000095367432,8.039999961853027,7.710000038146973,7.900000095367432
2013-02-04,97700,7.760000228881836,7.860000133514404,8.039999961853027,7.699999809265137,7.860000133514404
2013-02-01,231300,7.989999771118164,7.760000228881836,7.989999771118164,7.679999828338623,7.760000228881836
2013-01-31,108100,7.699999809265137,7.670000076293945,7.889999866485596,7.619999885559082,7.670000076293945
2013-01-30,290100,7.510000228881836,7.699999809265137,8.079999923706055,7.489999771118164,7.699999809265137
2013-01-29,91200,7.71999979019165,7.539999961853027,7.71999979019165,7.400000095367432,7.539999961853027
2013-01-28,188800,7.480000019073486,7.699999809265137,7.75,7.400000095367432,7.699999809265137
2013-01-25,109900,7.429999828338623,7.480000019073486,7.690000057220459,7.400000095367432,7.480000019073486
2013-01-24,178200,7.539999961853027,7.429999828338623,7.670000076293945,7.349999904632568,7.429999828338623
2013-01-23,147600,7.769999980926514,7.579999923706055,7.789999961853027,7.53000020980835,7.579999923706055
2013-01-22,211800,7.349999904632568,7.730000019073486,7.789999961853027,7.25,7.730000019073486
2013-01-18,178100,7.090000152587891,7.349999904632568,7.389999866485596,7.010000228881836,7.349999904632568
2013-01-17,43700,7.110000133514404,7.139999866485596,7.199999809265137,7.039999961853027,7.139999866485596
2013-01-16,317600,7.260000228881836,7.110000133514404,7.389999866485596,7.099999904632568,7.110000133514404
2013-01-15,179700,7.059999942779541,7.25,7.289999961853027,7.059999942779541,7.25
2013-01-14,93000,7.0,7.159999847412109,7.179999828338623,7.0,7.159999847412109
2013-01-11,68100,7.110000133514404,7.079999923706055,7.159999847412109,7.050000190734863,7.079999923706055
2013-01-10,78400,7.300000190734863,7.170000076293945,7.300000190734863,6.929999828338623,7.170000076293945
2013-01-09,67900,7.170000076293945,7.309999942779541,7.360000133514404,7.130000114440918,7.309999942779541
2013-01-08,49500,7.130000114440918,7.179999828338623,7.28000020980835,7.070000171661377,7.179999828338623
2013-01-07,46100,7.21999979019165,7.170000076293945,7.289999961853027,7.110000133514404,7.170000076293945
2013-01-04,115500,7.21999979019165,7.21999979019165,7.320000171661377,7.130000114440918,7.21999979019165
2013-01-03,231900,7.320000171661377,7.150000095367432,7.329999923706055,7.130000114440918,7.150000095367432
2013-01-02,150300,7.389999866485596,7.289999961853027,7.449999809265137,7.050000190734863,7.289999961853027
2012-12-31,115200,7.210000038146973,7.170000076293945,7.239999771118164,7.050000190734863,7.170000076293945
2012-12-28,81800,7.199999809265137,7.110000133514404,7.210000038146973,6.989999771118164,7.110000133514404
2012-12-27,264300,7.46999979019165,7.159999847412109,7.46999979019165,7.050000190734863,7.159999847412109
2012-12-26,201400,7.25,7.130000114440918,7.25,6.940000057220459,7.130000114440918
2012-12-24,45300,7.139999866485596,7.300000190734863,7.300000190734863,6.909999847412109,7.300000190734863
2012-12-21,461000,7.300000190734863,7.110000133514404,7.300000190734863,6.900000095367432,7.110000133514404
2012-12-20,247500,7.46999979019165,7.260000228881836,7.46999979019165,7.199999809265137,7.260000228881836
2012-12-19,270000,7.449999809265137,7.199999809265137,7.46999979019165,7.079999923706055,7.199999809265137
2012-12-18,494600,7.199999809265137,7.389999866485596,7.519999980926514,6.809999942779541,7.389999866485596
2012-12-17,439200,7.440000057220459,6.909999847412109,7.440000057220459,6.75,6.909999847412109
2012-12-14,252300,7.210000038146973,7.409999847412109,7.570000171661377,6.840000152587891,7.409999847412109
2012-12-13,274000,7.5,7.190000057220459,7.75,7.0,7.190000057220459
2012-12-12,102100,7.78000020980835,7.78000020980835,7.949999809265137,7.659999847412109,7.78000020980835
2012-12-11,230400,7.949999809265137,7.769999980926514,8.0,7.619999885559082,7.769999980926514
2012-12-10,317900,7.789999961853027,7.929999828338623,8.010000228881836,7.610000133514404,7.929999828338623
2012-12-07,199000,7.889999866485596,7.809999942779541,7.900000095367432,7.679999828338623,7.809999942779541
2012-12-06,196900,7.960000038146973,7.860000133514404,7.960000038146973,7.800000190734863,7.860000133514404
2012-12-05,264400,8.149999618530273,7.829999923706055,8.149999618530273,7.800000190734863,7.829999923706055
2012-12-04,157300,8.140000343322754,7.880000114440918,8.140000343322754,7.849999904632568,7.880000114440918
2012-12-03,353900,8.149999618530273,8.0,8.229999542236328,7.75,8.0
2012-11-30,5493400,8.25,7.989999771118164,8.380000114440918,7.800000190734863,7.989999771118164
2012-11-29,146800,11.119999885559082,9.829999923706055,11.140000343322754,9.8100004196167,9.829999923706055
2012-11-28,60500,11.0,10.960000038146973,11.180000305175781,10.720000267028809,10.960000038146973
2012-11-27,110300,11.489999771118164,10.970000267028809,11.800000190734863,10.619999885559082,10.970000267028809
2012-11-26,130600,11.779999732971191,11.390000343322754,12.180000305175781,11.25,11.390000343322754
2012-11-23,130300,11.569999694824219,12.050000190734863,12.649999618530273,11.520000457763672,12.050000190734863
2012-11-21,134600,12.75,11.59000015258789,13.0,11.369999885559082,11.59000015258789
2012-11-20,53900,12.5,12.720000267028809,12.819999694824219,12.34000015258789,12.720000267028809
2012-11-19,112300,12.640000343322754,12.579999923706055,12.800000190734863,11.930000305175781,12.579999923706055
2012-11-16,424900,12.5,12.229999542236328,12.5,11.819999694824219,12.229999542236328
2012-11-15,68000,11.680000305175781,12.649999618530273,12.649999618530273,11.300000190734863,12.649999618530273
2012-11-14,60800,12.550000190734863,11.539999961853027,12.550000190734863,11.350000381469727,11.539999961853027
2012-11-13,48300,12.579999923706055,12.649999618530273,12.649999618530273,12.319999694824219,12.649999618530273
2012-11-12,143100,12.039999961853027,12.649999618530273,12.699999809265137,11.520000457763672,12.649999618530273
2012-11-09,47200,11.979999542236328,12.1899995803833,12.300000190734863,11.699999809265137,12.1899995803833
2012-11-08,43600,11.970000267028809,12.0,12.399999618530273,11.15999984741211,12.0
2012-11-07,41200,12.359999656677246,11.949999809265137,12.40999984741211,11.680000305175781,11.949999809265137
2012-11-06,49900,12.0,12.489999771118164,12.720000267028809,11.899999618530273,12.489999771118164
2012-11-05,68900,11.829999923706055,12.0,12.800000190734863,11.489999771118164,12.0
2012-11-02,13900,11.710000038146973,11.550000190734863,11.880000114440918,11.149999618530273,11.550000190734863
2012-11-01,25100,11.859999656677246,11.670000076293945,11.859999656677246,11.140000343322754,11.670000076293945
2012-10-31,49300,10.859999656677246,11.470000267028809,11.5,10.800000190734863,11.470000267028809
2012-10-26,32000,11.529999732971191,10.949999809265137,11.890000343322754,10.949999809265137,10.949999809265137
2012-10-25,52000,11.489999771118164,11.539999961853027,11.649999618530273,10.869999885559082,11.539999961853027
2012-10-24,73400,12.289999961853027,11.430000305175781,12.300000190734863,11.100000381469727,11.430000305175781
2012-10-23,93200,12.720000267028809,12.270000457763672,13.079999923706055,11.800000190734863,12.270000457763672
2012-10-22,328900,14.899999618530273,12.90999984741211,14.979999542236328,12.5,12.90999984741211
2012-10-19,51600,12.829999923706055,12.970000267028809,13.350000381469727,12.649999618530273,12.970000267028809
2012-10-18,81900,13.25,12.829999923706055,13.25,12.020000457763672,12.829999923706055
2012-10-17,44300,12.649999618530273,13.229999542236328,13.40999984741211,12.649999618530273,13.229999542236328
2012-10-16,35300,13.210000038146973,12.65999984741211,13.210000038146973,12.539999961853027,12.65999984741211
2012-10-15,28600,13.069999694824219,12.960000038146973,13.069999694824219,12.84000015258789,12.960000038146973
2012-10-12,43000,12.90999984741211,12.880000114440918,13.25,12.720000267028809,12.880000114440918
2012-10-11,34800,12.989999771118164,12.869999885559082,13.199999809265137,12.510000228881836,12.869999885559082
2012-10-10,26600,12.699999809265137,12.680000305175781,13.199999809265137,12.609999656677246,12.680000305175781
2012-10-09,11200,12.949999809265137,12.770000457763672,12.949999809265137,12.550000190734863,12.770000457763672
2012-10-08,73200,12.989999771118164,12.84000015258789,13.010000228881836,12.550000190734863,12.84000015258789
2012-10-05,39900,13.029999732971191,12.850000381469727,13.029999732971191,12.670000076293945,12.850000381469727
2012-10-04,65900,11.899999618530273,12.600000381469727,12.84000015258789,11.829999923706055,12.600000381469727
2012-10-03,86700,11.640000343322754,11.8100004196167,12.710000038146973,11.640000343322754,11.8100004196167
2012-10-02,26400,11.729999542236328,11.710000038146973,11.800000190734863,11.350000381469727,11.710000038146973
2012-10-01,21600,11.6899995803833,11.739999771118164,11.75,11.229999542236328,11.739999771118164
2012-09-28,58100,11.1899995803833,11.550000190734863,11.649999618530273,11.180000305175781,11.550000190734863
2012-09-27,26300,11.329999923706055,11.350000381469727,11.430000305175781,11.180000305175781,11.350000381469727
2012-09-26,42300,11.170000076293945,11.40999984741211,11.640000343322754,11.0,11.40999984741211
2012-09-25,106300,10.989999771118164,11.170000076293945,11.819999694824219,10.5,11.170000076293945
2012-09-24,40800,11.380000114440918,11.0600004196167,11.380000114440918,10.850000381469727,11.0600004196167
2012-09-21,118400,9.75,11.579999923706055,11.579999923706055,9.59000015258789,11.579999923706055
2012-09-20,93500,10.699999809265137,9.770000457763672,10.899999618530273,9.640000343322754,9.770000457763672
2012-09-19,43700,11.029999732971191,10.609999656677246,11.039999961853027,10.5,10.609999656677246
2012-09-18,39100,11.210000038146973,10.960000038146973,11.210000038146973,10.699999809265137,10.960000038146973
2012-09-17,29800,11.350000381469727,11.300000190734863,11.699999809265137,11.020000457763672,11.300000190734863
2012-09-14,43100,11.640000343322754,11.430000305175781,11.680000305175781,11.399999618530273,11.430000305175781
2012-09-13,24500,11.75,11.649999618530273,11.819999694824219,11.600000381469727,11.649999618530273
2012-09-12,19400,11.819999694824219,11.760000228881836,11.949999809265137,11.529999732971191,11.760000228881836
2012-09-11,16800,11.869999885559082,11.859999656677246,11.960000038146973,11.739999771118164,11.859999656677246
2012-09-10,62900,12.100000381469727,11.850000381469727,12.149999618530273,11.5,11.850000381469727
2012-09-07,20500,12.260000228881836,12.130000114440918,12.40999984741211,11.920000076293945,12.130000114440918
2012-09-06,27900,12.399999618530273,12.300000190734863,12.850000381469727,12.119999885559082,12.300000190734863
2012-09-05,7000,12.170000076293945,12.329999923706055,12.470000267028809,12.039999961853027,12.329999923706055
2012-09-04,15100,12.1899995803833,12.199999809265137,12.25,12.109999656677246,12.199999809265137
2012-08-31,14600,12.279999732971191,12.279999732971191,12.479999542236328,12.100000381469727,12.279999732971191
2012-08-30,7000,12.239999771118164,12.289999961853027,12.470000267028809,12.010000228881836,12.289999961853027
2012-08-29,19600,12.34000015258789,12.369999885559082,12.569999694824219,12.229999542236328,12.369999885559082
2012-08-28,61300,11.720000267028809,12.25,12.75,11.720000267028809,12.25
2012-08-27,35800,11.5,11.779999732971191,11.850000381469727,11.369999885559082,11.779999732971191
2012-08-24,53900,11.850000381469727,11.380000114440918,11.850000381469727,11.210000038146973,11.380000114440918
2012-08-23,19400,12.0600004196167,11.869999885559082,12.180000305175781,11.869999885559082,11.869999885559082
2012-08-22,16500,12.180000305175781,12.350000381469727,12.399999618530273,12.020000457763672,12.350000381469727
2012-08-21,17400,12.350000381469727,12.359999656677246,12.649999618530273,11.899999618530273,12.359999656677246
2012-08-20,13800,12.270000457763672,12.350000381469727,12.520000457763672,12.140000343322754,12.350000381469727
2012-08-17,35600,12.539999961853027,12.380000114440918,12.640000343322754,11.869999885559082,12.380000114440918
2012-08-16,11400,12.90999984741211,12.5,12.949999809265137,12.369999885559082,12.5
2012-08-15,20500,12.5,12.819999694824219,12.84000015258789,12.09000015258789,12.819999694824219
2012-08-14,54000,13.199999809265137,12.470000267028809,13.3100004196167,12.1899995803833,12.470000267028809
2012-08-13,71900,12.25,13.229999542236328,13.449999809265137,11.600000381469727,13.229999542236328
2012-08-10,28500,13.050000190734863,12.479999542236328,13.510000228881836,12.180000305175781,12.479999542236328
2012-08-09,37700,12.239999771118164,12.920000076293945,13.199999809265137,12.239999771118164,12.920000076293945
2012-08-08,16600,12.289999961853027,12.550000190734863,12.619999885559082,12.289999961853027,12.550000190734863
2012-08-07,40700,11.8100004196167,12.25,12.699999809265137,11.8100004196167,12.25
2012-08-06,15000,11.760000228881836,11.779999732971191,11.899999618530273,11.640000343322754,11.779999732971191
2012-08-03,20200,11.5,11.8100004196167,11.930000305175781,11.5,11.8100004196167
2012-08-02,49700,11.979999542236328,11.3100004196167,12.300000190734863,11.170000076293945,11.3100004196167
2012-08-01,31200,12.350000381469727,11.979999542236328,12.720000267028809,11.779999732971191,11.979999542236328
2012-07-31,35900,12.970000267028809,12.229999542236328,13.350000381469727,12.229999542236328,12.229999542236328
2012-07-30,45300,13.779999732971191,12.970000267028809,13.779999732971191,12.859999656677246,12.970000267028809
2012-07-27,78400,13.5,12.9399995803833,13.5,12.760000228881836,12.9399995803833
2012-07-26,65800,12.789999961853027,12.890000343322754,13.329999923706055,12.109999656677246,12.890000343322754
2012-07-25,127200,12.5,12.670000076293945,14.149999618530273,12.399999618530273,12.670000076293945
2012-07-24,113000,11.600000381469727,12.5,12.600000381469727,11.220000267028809,12.5
2012-07-23,148400,12.59000015258789,11.670000076293945,12.600000381469727,11.300000190734863,11.670000076293945
2012-07-20,233600,14.609999656677246,13.260000228881836,14.649999618530273,13.109999656677246,13.260000228881836
2012-07-19,517100,14.5,14.859999656677246,16.68000030517578,14.039999961853027,14.859999656677246
2012-07-18,621100,11.449999809265137,14.640000343322754,14.789999961853027,11.170000076293945,14.640000343322754
2012-07-17,77700,9.890000343322754,10.6899995803833,10.75,9.890000343322754,10.6899995803833
2012-07-16,121400,10.199999809265137,9.880000114440918,10.350000381469727,9.760000228881836,9.880000114440918
2012-07-13,156000,11.020000457763672,10.300000190734863,11.020000457763672,9.9399995803833,10.300000190734863
2012-07-12,133900,11.800000190734863,11.100000381469727,12.0600004196167,10.800000190734863,11.100000381469727
2012-07-11,190100,12.199999809265137,11.789999961853027,12.859999656677246,11.5,11.789999961853027
2012-07-10,145300,11.609999656677246,12.010000228881836,12.479999542236328,11.149999618530273,12.010000228881836
2012-07-09,415300,11.960000038146973,11.510000228881836,13.350000381469727,10.75,11.510000228881836
2012-07-06,725800,9.609999656677246,12.050000190734863,12.430000305175781,9.350000381469727,12.050000190734863
2012-07-05,123400,9.6899995803833,9.65999984741211,9.899999618530273,9.100000381469727,9.65999984741211
2012-07-03,75500,9.970000267028809,9.770000457763672,10.0,9.550000190734863,9.770000457763672
2012-07-02,208800,9.4399995803833,9.899999618530273,10.34000015258789,8.699999809265137,9.899999618530273
2012-06-29,269500,11.079999923706055,9.359999656677246,11.079999923706055,9.25,9.359999656677246
2012-06-28,443900,10.449999809265137,10.300000190734863,10.9399995803833,9.65999984741211,10.300000190734863
2012-06-27,1506800,13.199999809265137,11.479999542236328,15.199999809265137,10.979999542236328,11.479999542236328
2012-06-26,3501000,8.25,12.229999542236328,15.09000015258789,8.149999618530273,12.229999542236328
2012-06-25,80800,5.170000076293945,5.710000038146973,5.75,5.150000095367432,5.710000038146973
2012-06-22,496200,5.119999885559082,5.150000095367432,5.349999904632568,5.110000133514404,5.150000095367432
2012-06-21,61800,5.0,5.070000171661377,5.199999809265137,4.96999979019165,5.070000171661377
2012-06-20,45300,5.199999809265137,5.050000190734863,5.28000020980835,4.949999809265137,5.050000190734863
2012-06-19,46100,5.210000038146973,5.099999904632568,5.429999828338623,5.0,5.099999904632568
2012-06-18,51800,5.019999980926514,5.139999866485596,5.449999809265137,5.019999980926514,5.139999866485596
2012-06-15,51200,5.059999942779541,5.010000228881836,5.139999866485596,4.809999942779541,5.010000228881836
2012-06-14,23200,5.139999866485596,5.090000152587891,5.28000020980835,5.010000228881836,5.090000152587891
2012-06-13,25900,4.940000057220459,5.0,5.269999980926514,4.659999847412109,5.0
2012-06-12,51100,4.650000095367432,4.929999828338623,5.190000057220459,4.380000114440918,4.929999828338623
2012-06-11,37500,5.110000133514404,4.929999828338623,5.21999979019165,4.630000114440918,4.929999828338623
2012-06-08,49400,5.230000019073486,5.070000171661377,5.25,4.909999847412109,5.070000171661377
2012-06-07,18600,4.869999885559082,5.239999771118164,5.389999866485596,4.800000190734863,5.239999771118164
2012-06-06,8600,4.659999847412109,4.800000190734863,5.0,4.659999847412109,4.800000190734863
2012-06-05,34600,5.0,4.650000095367432,5.190000057220459,4.300000190734863,4.650000095367432
2012-06-04,17800,5.440000057220459,5.0,5.440000057220459,5.0,5.0
2012-06-01,23000,5.349999904632568,5.429999828338623,5.46999979019165,5.260000228881836,5.429999828338623
2012-05-31,41700,5.75,5.489999771118164,5.880000114440918,5.320000171661377,5.489999771118164
2012-05-30,53600,6.050000190734863,5.690000057220459,6.050000190734863,5.679999828338623,5.690000057220459
2012-05-29,162700,6.0,6.050000190734863,6.099999904632568,5.639999866485596,6.050000190734863
2012-05-25,6000,5.949999809265137,5.940000057220459,5.980000019073486,5.730000019073486,5.940000057220459
2012-05-24,35500,5.989999771118164,5.980000019073486,5.989999771118164,5.5,5.980000019073486
2012-05-23,11500,5.659999847412109,5.989999771118164,6.0,5.619999885559082,5.989999771118164
2012-05-22,5500,5.639999866485596,5.5,5.96999979019165,5.5,5.5
2012-05-21,9600,6.0,5.539999961853027,6.230000019073486,5.199999809265137,5.539999961853027
2012-05-18,77000,5.800000190734863,6.300000190734863,6.5,5.159999847412109,6.300000190734863
2012-05-17,20000,6.039999961853027,5.800000190734863,6.039999961853027,5.5,5.800000190734863
2012-05-16,27000,6.329999923706055,6.110000133514404,6.380000114440918,6.079999923706055,6.110000133514404
2012-05-15,15600,6.519999980926514,6.309999942779541,6.519999980926514,6.199999809265137,6.309999942779541
2012-05-14,13000,6.480000019073486,6.539999961853027,6.619999885559082,6.340000152587891,6.539999961853027
2012-05-11,7000,6.300000190734863,6.5,6.690000057220459,6.300000190734863,6.5
2012-05-10,8500,6.679999828338623,6.699999809265137,6.699999809265137,6.300000190734863,6.699999809265137
2012-05-09,65700,6.690000057220459,6.710000038146973,6.739999771118164,6.300000190734863,6.710000038146973
2012-05-08,37700,6.300000190734863,6.690000057220459,6.690000057220459,5.920000076293945,6.690000057220459
2012-05-07,51300,5.900000095367432,6.349999904632568,6.349999904632568,5.900000095367432,6.349999904632568
2012-05-04,26500,6.079999923706055,5.96999979019165,6.099999904632568,5.710000038146973,5.96999979019165
2012-05-03,99600,6.329999923706055,6.059999942779541,6.329999923706055,5.559999942779541,6.059999942779541
2012-05-02,55000,5.5,5.739999771118164,5.900000095367432,5.400000095367432,5.739999771118164
2012-05-01,676900,6.5,5.369999885559082,7.010000228881836,5.199999809265137,5.369999885559082
